-1.052040440247754664e-03
-1.052193022314193774e-03
-1.052090383856367148e-03
-1.050431277812885218e-03
1.030968613971112828e-02
-4.080968611640125622e-03
-3.942938721405485694e-03
-3.942346040078975947e-03
-1.496033689005436818e-04
-1.496180203202595975e-04
-1.494886928294523673e-04
-1.520564676977308270e-04
-1.518739477838434472e-04
-1.519083880403763846e-04
-1.520039788134902765e-04
-1.513345809837916053e-04
-1.515961050221322024e-04
-1.493039066212351182e-03
-1.494228920983419308e-03
-1.490169919115223989e-03
-1.489865772922054857e-03
-4.672968704346296999e-03
-4.674211276347164934e-03
-4.673470601008574386e-03
-4.672785555414169997e-03
-4.734389410017166358e-03
-4.734442054887255495e-03
-4.754518939450493205e-03
-4.757285065145777647e-03
-4.777791740526834280e-03
-3.570421477036124849e-03
-3.570288558414970101e-03
-3.574845012599393856e-03
-3.564170487761018826e-03
-3.564775905575341772e-03
-3.564919012417034575e-03
-3.564655155313766963e-03
-6.965547052063559945e-03
-6.965735003821796854e-03
-6.964170055193134347e-03
-6.965303672493315321e-03
-7.603720967065467212e-03
-7.233660781730688258e-03
4.418289256225374842e-03
4.461490474626105159e-03
-1.322912661404995402e-02
-1.323329721661910263e-02
-1.323384845442050414e-02
-1.323383746916648174e-02
-1.323383476530124066e-02
-1.322789418040332468e-02
-1.322802930671250314e-02
-1.322783960563519469e-02
-1.114941489582119138e-02
-9.291326044600332901e-03
-9.293670518900383135e-03
-9.290283994839665382e-03
-9.290836746517419295e-03
-9.290275149058099813e-03
-9.290598986224094316e-03
-9.301111065836373606e-03
-9.300277683123081562e-03
-9.233590947932055620e-03
-9.276198527551553913e-03
-1.158001126237810305e-02
-1.158008649538534024e-02
-1.158029918161771962e-02
-1.158045632102733778e-02
-1.163364900984833333e-02
-1.163488634830084530e-02
-1.163489844113030358e-02
-1.165035188029254001e-02
-1.165080448337370810e-02
-1.165387525143326587e-02
-1.165394182134568690e-02
-1.165414005804207669e-02
-1.165376200385277380e-02
-1.165101463261100471e-02
-1.164862525708383958e-02
-1.164879009598774988e-02
-1.164889446209593088e-02
-1.051172891576463569e-02
-1.051146543768612281e-02
-1.049581253109600938e-02
-1.067012730716846575e-02
-1.099671253118299913e-02
-1.105643246455761952e-02
-1.100041287540982383e-02
-1.100041125046354040e-02
-1.100023881785141926e-02
-1.100858126807892530e-02
-1.100891000003368335e-02
-1.100900118864476564e-02
-1.100962351748908073e-02
-1.102320998379166354e-02
-1.102654858262794649e-02
-1.102853631750594539e-02
-1.102844889837755783e-02
-1.102887094613320441e-02
-1.103805183126532058e-02
-1.103763430870079165e-02
-1.103808749682183912e-02
-1.103752616800723896e-02
-1.090402878849077925e-02
-1.090556977886945021e-02
-1.089513540959544634e-02
-1.089672333036227105e-02
-1.086949848551800601e-02
-1.086968220804902276e-02
-1.101403191164464918e-02
-1.101070658528512623e-02
-1.098924632732417236e-02
-1.098927520947274097e-02
-5.075556183342734388e-03
-5.074713293689838735e-03
-7.708733738907487011e-03
-7.538759045929106783e-03
-7.536293871910587465e-03
-7.536293328699652898e-03
-7.533642809924258853e-03
-7.562667690741738460e-03
-7.515183091706764511e-03
-7.345291950296968606e-04
-7.343688186386250960e-04
-7.333643692497434328e-04
-7.331762266377372115e-04
-5.547177005724705139e-04
-8.625561736682334397e-04
-8.624965000950165356e-04
-8.535497763630487148e-04
-8.541508212009841930e-04
-8.539500479010163998e-04
-8.515734378588679784e-04
4.241463903300128277e-03
6.795245975014049637e-03
6.794881950664406582e-03
6.787751350090504183e-03
6.801304756361988869e-03
6.800076015099920830e-03
6.800325430540278202e-03
6.800625465707202215e-03
6.819496092215667805e-03
6.818566819821453642e-03
6.824688637482368737e-03
6.824282686650010379e-03
6.824535067463034788e-03
6.784505006922554246e-03
6.784137794391762420e-03
6.784130436995984732e-03
6.786698653758628692e-03
6.787649871433190998e-03
6.787492380626290907e-03
6.787640376567769321e-03
6.786477363154488213e-03
6.786834065576946920e-03
6.787086140992742121e-03
6.783779965144025662e-03
4.922452249487701235e-03
4.399802428022369684e-03
4.399339877009000518e-03
4.400302571226795065e-03
4.400202164240140344e-03
4.400236275583568196e-03
4.399984049793212101e-03
4.400578998823801054e-03
4.400591967000262554e-03
4.400601218129889663e-03
4.400823041801481435e-03
4.402388976822089496e-03
4.391824993192807412e-03
-2.571803336290962201e-03
-2.571687036032857272e-03
-2.571685922694743297e-03
-2.571875111760619798e-03
-2.571962652640277444e-03
-2.572125019424108781e-03
5.043490594877140035e-03
5.043303954678495828e-03
5.042557331776961402e-03
5.052597660315930224e-03
5.051359621813999654e-03
5.050819041080698533e-03
5.051276479904606882e-03
5.050982402837273823e-03
5.051091638120277713e-03
5.049904303794408057e-03
5.054336131717432519e-03
5.051028372336929459e-03
5.051088987081103938e-03
5.051339347230250805e-03
5.055081269871788442e-03
4.993044427195740889e-03
4.990673633807518779e-03
4.989241144446500062e-03
3.125472931987431039e-03
3.125763723660824559e-03
3.126000768172720618e-03
4.785982861424590770e-03
2.229911713501269137e-03
2.108019951733620771e-03
2.107782869177086526e-03
2.102230685514318558e-03
2.102506160022621969e-03
2.100000291707443661e-03
2.099981649595434631e-03
2.099261816411489463e-03
2.098634796708260392e-03
3.013661298098948681e-03
2.965158577200394541e-03
2.965151626384946153e-03
2.966400167926745539e-03
3.331050400790508750e-03
3.331878916919796089e-03
3.331530328519747945e-03
3.383909945246030802e-03
3.384035338063993981e-03
3.383802486979294987e-03
3.383767014767923194e-03
3.383640860252626337e-03
3.391009379564131811e-03
3.390854265559460276e-03
3.390979559861115929e-03
3.391000889631216268e-03
3.390123208500779670e-03
3.483200657100902001e-03
-1.298351985557529009e-02
-1.299735639990396395e-02
-1.300181170131235915e-02
-1.293346119755733360e-02
-1.293267471921140561e-02
-1.294436393337713119e-02
-1.293600701080477658e-02
-1.293534577722904762e-02
-1.293097875031399939e-02
5.126993671498881501e-03
5.127963740486928858e-03
7.856885045268694259e-03
7.744827381590480703e-03
7.744767510371499894e-03
3.380238862694894941e-03
7.066134381493874642e-03
5.932346642601171727e-03
5.932603949666220497e-03
5.931607574345952941e-03
5.714557904638424383e-03
5.715126966798727073e-03
5.535686632669202349e-03
5.530586590153166449e-03
-3.845269810103408431e-02
-3.845239435344353224e-02
-3.845229619384509662e-02
-3.797043727948667957e-02
-3.797244400344339244e-02
-3.797251818195587075e-02
-3.797250137191686414e-02
2.064149736135328407e-03
2.064990814565237798e-03
2.065309780671286712e-03
2.059328974312616290e-03
2.055119000386214714e-03
2.055563960906724684e-03
2.055740037700940805e-03
2.055408397556855379e-03
2.047786899743548120e-03
2.047795682386601476e-03
-6.655029413415802265e-03
-6.654629780574739840e-03
-6.654926825140018189e-03
-6.337129917099325674e-03
1.489340843814462119e-03
1.491086504706507030e-03
7.394548287682874350e-05
7.329342210187102507e-05
7.214527926129991095e-05
7.441207288973979486e-05
7.449997888788877651e-05
5.692177952879450724e-05
-4.451175654390073573e-05
-1.147365916708013667e-05
-1.661981935092585877e-02
-9.543690131784155276e-03
-9.536695925201484417e-03
-9.541231369044465838e-03
-9.557139037983703941e-03
-9.557022943266157977e-03
-9.557641317288298466e-03
-9.557366572318558295e-03
-9.551864928613710420e-03
-9.569499774616763502e-03
-9.573241140867888230e-03
-1.855235486229091279e-03
-1.847998952526936018e-03
-1.788590986162825721e-03
-1.790761538772066980e-03
-6.121355441209730408e-03
-6.090564607011914391e-03
1.274502229707883717e-02
1.274539562724686173e-02
1.274877601258914313e-02
1.274878486218880211e-02
1.274863012001094080e-02
1.277990665240000094e-02
1.274522326677893225e-02
5.420309740777768011e-03
1.025822189521139079e-02
1.025049647041293213e-02
1.023841769475361194e-02
1.023647115779500148e-02
1.023998649597599592e-02
1.024000426716261715e-02
1.023985454736891371e-02
1.025133459075040256e-02
1.025257131996719535e-02
1.025186915593830073e-02
1.026006071842986388e-02
1.025998319363733390e-02
1.025944318630103193e-02
9.083274134372897046e-03
9.062173221792226702e-03
-1.752587266802611843e-02
-1.333550274525286544e-02
-2.242357084233873293e-03
-2.242012257110596526e-03
-2.242670629758062965e-03
-2.242199706309783505e-03
-2.242334984924846449e-03
-2.239995474432068985e-03
-1.843471031861558269e-03
-1.843493724893945735e-03
-1.843514146328304164e-03
-2.019089257311381357e-03
-1.172679766997292107e-03
-1.172673100400872023e-03
-1.117806360040015431e-03
-1.104174222066559236e-03
-1.103397547511434729e-03
-1.103912832809815113e-03
-2.110912526199113307e-02
5.008620889226526700e-03
2.131088783233176832e-03
-8.967569249621656566e-03
-8.933158445819891491e-03
-8.933799765879284552e-03
-9.472144645002280802e-03
-9.472204745080195151e-03
-2.778057051192975302e-02
-7.145649229024410125e-03
-7.111632777136777349e-03
5.560606409378528875e-02
5.561317934439970190e-02
9.111143388691598155e-05
9.111654721992043201e-05
9.172384261864276363e-05
9.232624878240638835e-05
9.267746627787338870e-05
3.544964642964506391e-02
3.537612503621370003e-02
3.537471069043170158e-02
3.028457044027322090e-02
3.024269612790245199e-02
3.024445071438720822e-02
3.024481496599913319e-02
-1.775101921495595564e-02
-1.775143067701530353e-02
-1.774982982021500524e-02
-1.793973817559781775e-02
-1.794092439485885093e-02
-1.798893661944168595e-02
-1.799117023364854920e-02
-1.799270119392802278e-02
1.651044790526107545e-02
1.650768874287501450e-02
1.650918573937374192e-02
1.650932530690799385e-02
1.650919524016079137e-02
1.650803352195305551e-02
1.650974063670210962e-02
1.650946733829398300e-02
1.741412542060439064e-02
1.741435526863667135e-02
1.741274378183968463e-02
1.748127052671290607e-02
1.748347648162628526e-02
1.747486193101174118e-02
1.747449310559124822e-02
8.174718611509727492e-03
8.215292884803796977e-03
8.227469960993948755e-03
8.227328335236447007e-03
8.227200766161811563e-03
8.227734514961466267e-03
8.227803377739737606e-03
8.227742802382313064e-03
8.226786148908114826e-03
1.002125740889778238e-02
9.883439260462754603e-03
9.961404873932331108e-03
9.944230000471005262e-03
9.937974548151365037e-03
9.937817514632000040e-03
9.938053723193175995e-03
9.938176210148768133e-03
9.937526055150964002e-03
9.941994823277934545e-03
9.263354715233386091e-03
9.263316464094570671e-03
-1.542290573143814333e-02
-1.542342838726646487e-02
-1.559414423229752225e-02
-1.560611793905627639e-02
-1.066755575284421970e-02
-1.066781494684867528e-02
-1.066964125776511882e-02
-6.381242814926994453e-03
9.870167411001233918e-04
9.870209067405107117e-04
9.510725935110616583e-04
-2.782659747155072678e-05
-1.959199877330611802e-05
-3.979631772707098447e-02
-3.981099003314383239e-02
-3.981708775580131143e-02
-3.979007904127566247e-02
-3.973539696823226441e-02
-1.161584312095845575e-02
-1.162573330313026662e-02
-1.162296332785747732e-02
-1.162128408014098668e-02
-1.162074520366643965e-02
-1.161760690481586887e-02
-1.161756967903207829e-02
-1.162298268583750703e-02
-1.163196261673680489e-02
-1.163201259309225820e-02
-1.163427038068238183e-02
-1.158558032369948372e-02
-1.158603972854376982e-02
-1.158679153663562909e-02
-1.158682323909672289e-02
-1.158669980878282955e-02
-1.158620410449205836e-02
-1.158649597436751597e-02
-1.139879959526619163e-02
-1.006434328726311771e-02
-9.926261421031140966e-03
-9.913767052411790598e-03
-9.917521416515213267e-03
-9.917481718212320038e-03
-9.906203641625747902e-03
-1.003746851217396548e-02
1.700939199083143904e-03
1.701560418407176058e-03
1.722375162216809811e-03
1.722398226147338687e-03
1.747703404152749652e-03
1.747495207583085438e-03
1.846912629803088186e-03
1.847273440129554301e-03
1.847696835521960663e-03
-5.891933525351601003e-03
-5.891783774698695214e-03
-5.889413092060580973e-03
-5.971721975365786549e-03
-5.979120503637965628e-03
-5.196317217958865142e-03
-5.196300361797314381e-03
-5.196571920539940805e-03
-5.196239686038659975e-03
-1.717610641092530421e-02
-1.717252912806084900e-02
-1.422841549019759379e-02
-1.420764677013758304e-02
-1.420590755953194013e-02
-1.423398744600764577e-02
1.474156002273907745e-03
1.474028909117330735e-03
1.480979236696153886e-03
1.480657137652041265e-03
1.482467170639538206e-03
1.462397514975865166e-03
1.462073499525033682e-03
2.525795794973912170e-03
2.526326078987584448e-03
2.526318105649506558e-03
2.526411656654383754e-03
2.524985614897238152e-03
2.522176658169734097e-03
2.494884036516045994e-03
2.495182556388570068e-03
2.495325500164204385e-03
2.495269823465030151e-03
2.495450959350253069e-03
2.493044670845128829e-03
2.493985389821515557e-03
2.494028155023459477e-03
2.494061073775472384e-03
2.495120168292371335e-03
2.495904719147767122e-03
2.496026142675531259e-03
2.510358790753430044e-03
2.509425262563825306e-03
2.509469834079819817e-03
1.350690402904818977e-03
1.350907175908385664e-03
1.355696978377032803e-03
1.355214157675071118e-03
1.992589674872179747e-03
1.992207895284534621e-03
1.997075531047472555e-03
1.962642411341631882e-03
1.969400627693422036e-03
1.946986638671777950e-03
1.961414443804590600e-03
2.029649602211238465e-03
2.029679394173587812e-03
5.945782602042540277e-02
5.945990843582547869e-02
6.383484524995377933e-04
6.129844665499992748e-04
6.130051312382549808e-04
6.134734384862285681e-04
6.135016694265237828e-04
6.134657617748275667e-04
6.128741885200322814e-04
6.128141292085946068e-04
6.155951673166672796e-04
6.112738494744388842e-04
6.109076145066024473e-04
6.114001565588623446e-04
6.113232272709318797e-04
-4.244721255824363340e-03
-5.389926368618550332e-05
3.480035677164606319e-03
3.482872411272600315e-03
4.670671251018015772e-03
4.677627254374834738e-03
4.680465678456932968e-03
4.680471861761936400e-03
4.683851253488703278e-03
4.682804797663790534e-03
4.613914311074986292e-03
4.662314506074810398e-03
4.316223685421674387e-03
4.282168920712211592e-03
1.563380888504383240e-02
1.568101898263385766e-02
1.567444215822787895e-02
-6.900965348642162239e-03
2.944366268909920283e-03
2.944485933882787232e-03
2.028619096293246549e-03
2.025160044964944769e-03
2.025208617655211828e-03
2.108025965082412773e-03
2.109963880128584886e-03
6.858151921166448506e-04
6.873487859542068337e-04
6.874492951088165315e-04
6.858416819282330337e-04
1.384424302543986593e-03
1.384382219329515461e-03
1.384321341505042550e-03
1.381055042883384950e-03
1.381008878031330126e-03
1.380674970159334082e-03
1.384171760870125381e-03
6.651538647115941803e-03
9.580842735576441394e-01
-2.303836176647333124e-03
-1.750916007278868194e-03
-1.047648823111343996e-02
-1.047674436380722010e-02
-1.047665314948188937e-02
-1.047664137637153298e-02
-1.047630394452749546e-02
-1.047675378059542695e-02
-1.047481634969659424e-02
-3.266237322948964406e-03
-3.265853395394025232e-03
-3.515597258823066791e-03
-3.515426910356541333e-03
-3.515031989997493330e-03
-3.515070066335408000e-03
4.909695269306012765e-03
4.909707561656140133e-03
4.907980538024526995e-03
4.921760794695965134e-03
4.922070391885613114e-03
4.921257667373774361e-03
4.921562890133633454e-03
2.277791471953401637e-03
4.910041988760976278e-03
4.911110163465300972e-03
4.911240901607109161e-03
4.911515343099272929e-03
4.911354230301853696e-03
4.911496987649282241e-03
4.908033592185281728e-03
4.911512673600584855e-03
4.903435951450490701e-03
4.902551201326509935e-03
4.903197756399978006e-03
4.903398694224320176e-03
4.903389748688580067e-03
4.903477573055157850e-03
4.903441486634437310e-03
4.903539910310309065e-03
-3.863813686635807904e-03
-1.471498605438321429e-02
-1.471498605438323164e-02
-1.472146837707385275e-02
-1.499778937676305574e-02
-1.499690658923017589e-02
-1.781538284210620882e-02
-1.781587932742702274e-02
-1.782541696538218756e-02
-1.781781806033130161e-02
-1.791372440451385536e-02
-1.778066999931122993e-02
-1.769360117223912551e-02
-1.747760741760774270e-02
-1.746953222349289028e-02
-1.747183220658734756e-02
-1.746486754620273779e-02
-8.635301186871793822e-03
-8.428482753394040891e-03
-8.466192974682687847e-03
-8.467000634026257411e-03
-8.466903043788227834e-03
-8.466353123053476509e-03
-1.310715628696919148e-02
