-1.538989083226683296e-03
-1.540026869959815886e-03
-1.538936438429460785e-03
-1.536803124055378597e-03
-1.556113766379810118e-03
-1.546417648237325380e-03
-1.546291770771720739e-03
-1.545995832053083429e-03
-1.538948258561771004e-03
-1.540302680676115202e-03
-1.539918045520106277e-03
-1.543261936357462035e-03
-1.544780447623685452e-03
-1.544750968627707456e-03
-1.544646548597942027e-03
-1.543931200003349075e-03
-1.545976057978130664e-03
-1.578103003336068589e-03
-1.577536364206907514e-03
-1.571309691387520920e-03
-1.564711080375684720e-03
-1.554488907567731608e-03
-1.554028149021702363e-03
-1.554179747420803785e-03
-1.571306448920297815e-03
-1.571889461784121717e-03
-1.576251213015291038e-03
-1.576024551732335688e-03
-1.576026857404526837e-03
-1.574829583634429226e-03
-1.590525367421822753e-03
-1.571840285939083955e-03
-1.572447908297493029e-03
-1.572405603065234712e-03
-1.576092914605622649e-03
-1.579619284427006458e-03
-1.579405573969192575e-03
-1.579416340482445776e-03
-1.579494926872442376e-03
-1.579558164081424016e-03
-1.582479313732678642e-03
-1.582571087607682675e-03
-1.582549411118839861e-03
-1.582962883854951075e-03
-1.590315304557305938e-03
-1.589618822017490208e-03
-1.582255812687316607e-03
-1.573695949634072938e-03
-2.003811618526324216e-03
-1.953474842663267905e-03
-1.969285364292343993e-03
-1.968547867358668140e-03
-1.982760737087784549e-03
-1.960693174643681359e-03
-1.962315476465133039e-03
-1.958048363391408971e-03
-1.960210591612666833e-03
-1.964111085280485086e-03
-2.007457355868675058e-03
-2.007617788729991644e-03
-2.010959754273091999e-03
-2.011000270060903095e-03
-2.010799752445331916e-03
-2.010958894418973970e-03
-2.010911583992737190e-03
-2.010705804696340596e-03
-2.009174419633330544e-03
-2.005319182891568842e-03
-2.079201069406572643e-03
-2.072566395483880098e-03
-2.079455477068623773e-03
-2.080496357877499591e-03
-1.585898196898814609e-03
-1.585428135351249360e-03
-1.589170178610183493e-03
5.714781870548832181e-03
5.711844961896448553e-03
5.711848742345862137e-03
7.226282013134138413e-03
7.224145796524032020e-03
7.227011246485793780e-03
7.227931338916684587e-03
7.226112514159157771e-03
7.236497321822537090e-03
7.237191497714066599e-03
7.237231428127873650e-03
6.824205794496034788e-03
6.823417336612037747e-03
1.069560156850376045e-02
1.069512970561436495e-02
1.069506132097730600e-02
1.069492363243966342e-02
1.069508889623962608e-02
1.069500770338045921e-02
1.069454873781310045e-02
1.069456547223301621e-02
1.069479804339045458e-02
1.069504921336732715e-02
1.094169118667540248e-02
1.091852826053388292e-02
3.083893077436662428e-03
3.080239618736372274e-03
3.633451979328813138e-03
3.621253149043192777e-03
3.621257027379182376e-03
3.626959248170059068e-03
3.629161775914385366e-03
3.629017820477805061e-03
3.629048411866341983e-03
3.627892983320919664e-03
3.627189191583916113e-03
3.626729850560475327e-03
3.632330064546501411e-03
3.628132656098649860e-03
3.627366228507904362e-03
3.629573211572429802e-03
3.641950784891876888e-03
3.643387092005187858e-03
3.643403085027660179e-03
-2.778010784720102294e-02
1.307300377347277720e-01
1.307353644544489990e-01
1.307343910482013094e-01
1.307521487820977046e-01
1.307343200833663566e-01
1.307568636617287838e-01
1.307565926622173691e-01
1.307569683259531823e-01
1.307570851359160236e-01
1.307404835337535598e-01
1.307421917797833566e-01
1.307058706873455711e-01
2.269804091673985943e-03
6.222017737723847114e-03
6.221957515052811347e-03
6.207495039028235878e-03
6.209027886891040418e-03
6.209438223726533243e-03
6.238759962740989332e-03
6.701586836515617020e-03
6.703071278422673487e-03
-2.189444624676136798e-03
-2.191380579642706813e-03
-2.191275417468108166e-03
-2.191215219537720298e-03
-2.191409764842401717e-03
-2.191612052440741754e-03
-2.191463954008346978e-03
-2.191931094146691138e-03
1.301474375895470079e-03
1.301471444530204972e-03
1.303229490425342630e-03
1.302906789498419707e-03
1.303279674127064787e-03
1.302957208655231968e-03
1.302850136660009626e-03
3.606391944222966765e-03
3.606236646786959137e-03
-1.153337722203775020e-03
-1.153332575268967413e-03
-1.153579142487617688e-03
-1.153553427160166917e-03
-1.150231725742859078e-03
-1.150216794349014429e-03
-1.149162806993534076e-03
-1.150254830993607987e-03
-1.150689670463608772e-03
-1.148686863375110662e-03
-1.144948687324003501e-03
-1.145941364442243891e-03
-1.146722793386282862e-03
-1.145835946221763916e-03
-1.150248643176692009e-03
-1.149030300046347030e-03
-1.148642433640790876e-03
-1.144048543708719263e-03
-1.148732719593591710e-03
-1.148702430117442457e-03
-1.149130600830416613e-03
-1.147110639696057857e-03
-1.145971437239959919e-03
-1.145823886021289564e-03
-1.146263451424606476e-03
-1.001780852592537878e-03
-1.002689482150802974e-03
-1.002663742927246407e-03
-1.011714410512150461e-03
-1.011129355853063530e-03
-1.011094348867677727e-03
-1.012427282144054419e-03
-1.390806740754729764e-02
-1.390379432450509524e-02
-1.070752194030635991e-02
-1.070756034509386112e-02
-1.070900957227300873e-02
-1.054152717265050346e-02
-5.378857086801983045e-03
-7.470184878668913175e-03
-7.467453303210754012e-03
-7.461261718730530235e-03
-7.901445845242743848e-03
-7.721338627305363370e-03
-5.998071901990356322e-03
-6.001849491859600864e-03
-5.997730262409241633e-03
-5.997563519930430333e-03
-5.997020655142805932e-03
-5.997720887961380427e-03
-5.997025792270360874e-03
-5.997134365689812951e-03
-5.997258224395471057e-03
-5.997094069267417879e-03
-6.000805515890540037e-03
-6.000736021657585885e-03
-5.995264346345693593e-03
-5.995188473047815582e-03
-5.995735116326532041e-03
-5.995507536329140567e-03
-6.004779449543314919e-03
-6.000972152733033936e-03
-6.000889154027408585e-03
-5.990120710262133649e-03
-5.990544947843246155e-03
-5.992120595459985224e-03
-5.991106708960886040e-03
-5.991356208030312359e-03
-5.990432154562203709e-03
-5.989632958959936575e-03
-5.989778899345848083e-03
-5.989733411649624667e-03
1.081848010438186394e-03
-1.135804605035454010e-02
-1.135886270829692540e-02
-1.135943737854477886e-02
-1.135842568342075413e-02
-1.135921979462465106e-02
-1.149951053936487319e-02
-1.149751700375231320e-02
-1.151894126037247140e-02
-1.151864260291572510e-02
-1.151862922414862572e-02
-1.151888815916714097e-02
-2.680096915162810678e-02
-2.680097290328118526e-02
-2.680215930200989874e-02
-2.680005294705140734e-02
-2.680011400850985243e-02
-2.680153896099407920e-02
-2.662217622889906030e-02
-2.662088562372556810e-02
-2.678327728383002315e-02
1.214433070401786489e-02
1.214398643794522940e-02
1.214394852331212964e-02
1.214387832473459022e-02
1.214370986415804626e-02
1.214386703289153588e-02
1.214421418105571943e-02
1.214387426856203267e-02
1.214401020813342738e-02
1.214405780688945606e-02
1.214416035829319826e-02
1.214377795834980546e-02
1.214355492027036770e-02
1.154264475056169734e-02
1.153188619710716206e-02
1.153177368138275788e-02
1.153659670809334403e-02
1.153653802747571164e-02
1.153654861267210292e-02
1.154024820724758142e-02
1.154057188709616683e-02
1.153630061704483296e-02
1.153584902483563088e-02
1.153601313147634665e-02
1.153605039180756811e-02
1.153559697678344445e-02
1.153528021105074998e-02
1.153629577168596362e-02
1.157242551176897692e-02
1.157273159014422272e-02
1.157295315913175679e-02
-8.938078456778443537e-02
-8.933205630041633760e-02
-8.933238262229585558e-02
-8.933274585156289471e-02
-8.931895520991738058e-02
-8.931898439136815027e-02
-8.930038272692722434e-02
-8.930098352777229853e-02
-8.929443603733325241e-02
-8.929753134705606388e-02
-8.929384129842274365e-02
-8.930015640254881926e-02
-8.929174871998188379e-02
-8.929310355340587535e-02
-8.929704481813841022e-02
-8.929691634930886357e-02
-8.949797130286629709e-02
-1.693834830282427428e-01
-1.693844897994911669e-01
-1.707223281155259842e-01
-1.707228273234895066e-01
-1.707214758742396365e-01
-1.707217604182349469e-01
-1.707215545903669751e-01
-1.707227389008746932e-01
-1.707221121254759721e-01
-1.707206966437621320e-01
-1.707249578330008177e-01
-1.707919490312349853e-01
-1.707912127088417886e-01
-1.707981316545648942e-01
1.444376215094119731e-01
1.444515127557926826e-01
1.444056152777480617e-01
1.444056152777478119e-01
1.441087447315073378e-01
1.441210846206552043e-01
1.441152847567370165e-01
1.441415889009209361e-01
1.402118336829712431e-01
-3.187926569434496298e-03
-3.187563175665150423e-03
2.622648427953472305e-02
2.623019968019571144e-02
2.622932163469204186e-02
2.625003900438280593e-02
2.623988314479276315e-02
2.624626667358556653e-02
2.624624093357579707e-02
2.624510378947061268e-02
2.624607676278310070e-02
2.623362208186693495e-02
2.623392933765704427e-02
2.623387334317362277e-02
2.623368751729344972e-02
2.623384043620169068e-02
4.096733336939775011e-02
4.096663825863985225e-02
4.096700848148007723e-02
4.096734207045197446e-02
4.096826584900276069e-02
4.096876141339826638e-02
4.073978179030595531e-02
4.068148025872439510e-02
4.068138611117297354e-02
4.068025522958900603e-02
4.079679885157268954e-02
4.084741674993431354e-02
4.084778226775112597e-02
5.738499560763061363e-02
5.738498951888200417e-02
5.738842633768467122e-02
5.737951260856989644e-02
5.738047019333164522e-02
