-1.847316184689592328e-02
-1.901197216617660571e-02
1.790566904585772770e-03
8.570579340643846508e-03
8.562518225344838141e-03
-2.303969404875341048e-04
-2.215312982118842946e-04
-2.219497501098634772e-04
-2.236480418313421120e-04
-2.275492397471002778e-04
-2.275407170239662769e-04
2.068263854638898933e-02
2.068220220551262103e-02
2.068273667746990674e-02
2.052547252475694917e-02
2.030504062531833867e-02
2.030514225895724278e-02
2.030526096406668271e-02
1.738248994922216711e-02
1.738317890141833147e-02
1.729878872433295023e-02
1.730879341201751673e-02
-4.426472945222192923e-03
-2.405414711494299057e-03
-1.126220709009094351e-01
-1.126305936098826871e-01
-1.126285232118977991e-01
-1.257113201151435489e-01
-1.257214602828658767e-01
-1.746424190462929626e-01
-1.746475213695327378e-01
-1.746485445189140673e-01
-1.745436197107828324e-01
-8.756684197472957079e-03
-6.613449070820119277e-03
-6.604778499168522873e-03
-1.724776452094723550e-02
-1.721986625704846618e-02
-1.721417899560651055e-02
-1.822164004745763927e-02
-1.823323291830134321e-02
-1.823417659848816652e-02
-5.419495549480789730e-03
-5.412574104927844916e-03
2.366820605301572442e-02
2.366611938521567815e-02
2.336929148917694585e-02
2.337739325080785691e-02
-1.309743567811374187e-01
-1.309225587500763011e-01
-1.135116497855537393e-01
7.562243021360826045e-02
-3.061640713155317980e-02
-2.406653976793695499e-02
-2.407373525456122168e-02
-2.407802722814367941e-02
-2.407836014132914287e-02
-2.407513437213780125e-02
-2.407537957088826466e-02
-2.407516691789493221e-02
-2.410860894063704060e-02
-2.417794015347012743e-02
-2.416845365374640717e-02
-2.415903664790118241e-02
-2.415939332480832730e-02
-1.523803465714631059e-02
-1.523648079832452644e-02
-1.523833287162279504e-02
-1.525324197622877041e-02
-1.525117892193828505e-02
-1.525874206989522378e-02
-1.747107747024785954e-02
-1.747486700548303573e-02
-1.748365098693929753e-02
-1.747816067733478501e-02
-1.748498507335514984e-02
-1.749083745029771444e-02
-1.936531727477663889e-02
-1.936018465522270846e-02
8.538218342191150612e-03
8.538752851485283471e-03
8.538546870256466872e-03
-1.402643825952940293e-01
-1.405015799605396631e-01
-1.405006679047726414e-01
-1.404991164941211124e-01
-1.405066458227849091e-01
-1.405068608832782118e-01
-1.405098704973773982e-01
2.191535686070891220e-01
2.190033681749672112e-01
2.189941718451053621e-01
-3.198108647275793581e-03
-3.199077510494454692e-03
-3.199124208753146518e-03
-3.198871213627544740e-03
-3.192903315413526868e-03
-3.193236682837484811e-03
-3.201369152305600339e-03
-9.073526546366839085e-03
-1.053667158054688927e-02
-1.054187285376184495e-02
-1.054187285376182934e-02
-1.056054660846272170e-02
4.075795357726158530e-02
4.092998078772571574e-02
6.801766036345542610e-02
6.803325867728904353e-02
6.803595677854579193e-02
6.803532638136534916e-02
1.019421337879365952e-01
1.018944589046776455e-01
1.018944732056246971e-01
1.135116203456278255e-01
1.135116281373452912e-01
1.135108614563938717e-01
1.139882344786837115e-01
1.139959908821418233e-01
1.140012269775616954e-01
1.140006999371042523e-01
1.140090263777380764e-01
1.140094144829490869e-01
1.140101975716410893e-01
1.140100113981872693e-01
1.139874472198932759e-01
1.108235392685409521e-01
1.106886563692947578e-01
1.107908348629017409e-01
1.115637556011083442e-01
1.115653070169700528e-01
1.116505822600007275e-01
1.116528429141373929e-01
1.110017114911107244e-01
-1.584243603880288592e-02
-1.052992844045154506e-03
-1.052592441034613325e-03
-1.099790299854483703e-03
-1.099758386290686880e-03
8.634478277898000737e-04
-2.872119256131455255e-03
8.437567546692605058e-02
1.547248427661683245e-01
1.547239123606528044e-01
1.547241768037536658e-01
7.497083195013273804e-02
1.732190827524879295e-01
4.466976599926472669e-02
-1.865581101070599296e-02
-1.865572546199384396e-02
-1.865520110883240115e-02
-1.865520507006008036e-02
-1.865511416558499752e-02
-1.865523566127624475e-02
-1.865524314357605226e-02
-1.865535249334061146e-02
-1.865492933356567226e-02
-1.865335443982225894e-02
-1.865330027855642211e-02
-1.865335759773637317e-02
-1.865337554232261719e-02
-1.865303053494441268e-02
-1.865288883989292198e-02
-1.865309630360491647e-02
-1.865313121498994239e-02
-1.865293844505114262e-02
-1.865390332332330162e-02
-1.865368083132935145e-02
-1.865538574772612410e-02
-1.865541022373136057e-02
-1.865613299368716269e-02
-1.865606819376413456e-02
-1.865478891084221616e-02
-1.865480232878266240e-02
-1.865585384753194742e-02
-1.865178266047672756e-02
-1.865441874932903532e-02
-1.865528605882685667e-02
-1.865509663193786957e-02
-1.865539435672908253e-02
-1.865532926648356613e-02
-1.866251023407898557e-02
-1.865988526138903300e-02
-1.866002766092942147e-02
-1.865850684892251393e-02
-1.865730995741688228e-02
-1.865797103550304384e-02
-1.866656934862268719e-02
-1.774216690011701236e-02
-1.774040949234022627e-02
-1.773687679074666471e-02
-1.773812815226288517e-02
-1.773848778754423192e-02
-1.773838658257564926e-02
-1.773833269943879062e-02
-1.773823043037325506e-02
-1.773812403126955387e-02
-1.885307676837669894e-02
-1.815967958383253936e-02
-1.816167623656749289e-02
-1.816239412304964523e-02
-1.816172960564764460e-02
-1.815848653473079236e-02
-1.815456529926003093e-02
-1.815891667000881296e-02
-1.815711355399241347e-02
-1.815810002739192200e-02
-1.815735647611703765e-02
-1.799006106511528633e-02
-1.799044620487600873e-02
-1.799028777471623972e-02
-1.797097127276866754e-02
-1.737182352178975181e-02
-1.737197866224328077e-02
-1.737214503602418220e-02
-1.739426440971245449e-02
-1.738211858477575061e-02
-1.738204854003316466e-02
-1.735389363900878903e-02
-1.735338326657939745e-02
-1.735267579350775746e-02
-1.735329234267779519e-02
-1.737316094386601520e-02
-1.737326628262864797e-02
-1.737651609155640986e-02
4.134219398707407217e-04
2.355710747324138345e-03
3.007046008792411875e-03
3.005026168752521123e-03
3.592915372446973260e-02
