-3.999776794148495740e-01
-3.999703977984938041e-01
-3.999759828643822956e-01
-3.999696237025545109e-01
-3.999738414498555938e-01
-3.999791525202345821e-01
5.385022136518927832e-03
5.383990866493706604e-03
5.383963377080480846e-03
5.382767131342246214e-03
5.383527044832889935e-03
5.385704574625518881e-03
5.407020139538446998e-03
5.407222335129704960e-03
5.407268502977051298e-03
5.407535189891454763e-03
5.407090024214728993e-03
5.407220769601265437e-03
5.522765751318829859e-03
6.599401917848178069e-03
6.599341639237090232e-03
6.599336584100517003e-03
6.599387598609231589e-03
6.598783730618341427e-03
6.595722472208629880e-03
6.595697805590727131e-03
9.138820981473963490e-03
9.138803861320151517e-03
9.137751561536582370e-03
9.138576642731773003e-03
9.137085016981122756e-03
9.135677466895347071e-03
9.135882616750837584e-03
9.157659288043532020e-03
9.157864817976566624e-03
9.157887584155550292e-03
9.157541221051335167e-03
9.159028919286967343e-03
9.124773257787315017e-03
9.124720118560714424e-03
9.038291742245073077e-03
9.039270311942682046e-03
9.039757509749456882e-03
9.038763377833550910e-03
9.038819323232622979e-03
9.038798312236414473e-03
9.042540891447079301e-03
9.042368546727313008e-03
9.081278522858006810e-03
9.081261574534905956e-03
9.081298323571790690e-03
1.141886022243478183e-02
1.141890095311650678e-02
1.141849337554784287e-02
1.141229142746947971e-02
1.149244718548109168e-02
1.151499204525943156e-02
1.151580991004172959e-02
1.151585801918417369e-02
2.142282647702500181e-02
2.142285231231736212e-02
2.142266547290829978e-02
2.142245884354311222e-02
2.142247133368806872e-02
2.142247613695872493e-02
2.142249352686458400e-02
2.142363092301613828e-02
2.142272676018918548e-02
2.142273109938137160e-02
2.142257818248999995e-02
2.142273418919630329e-02
2.142278945819339406e-02
2.142277235326371307e-02
2.142272818524936992e-02
2.130289184642235323e-02
6.557876338985720380e-03
6.561905123966724727e-03
6.561864440541890879e-03
6.561918447309975436e-03
6.562270652005250393e-03
6.562362592485682447e-03
6.562247404110991417e-03
6.561720172533913424e-03
6.562459954226913285e-03
6.561231576713976756e-03
6.561231576713979358e-03
6.561029499616807467e-03
6.561006140027245311e-03
6.561126066950686772e-03
6.561292028379697716e-03
6.561154368632831323e-03
6.561322140623137775e-03
6.561241476720257662e-03
6.561834995615908189e-03
6.562016206564806435e-03
6.562060945210643030e-03
6.560265320238680212e-03
6.560109882387845683e-03
6.560811648936080813e-03
6.560765965582674233e-03
6.560803275660911232e-03
6.560790069615810884e-03
6.560771545485127518e-03
6.560274044077977866e-03
6.560870798534465878e-03
6.560614138064335341e-03
6.560694124670723992e-03
6.559915850618843088e-03
6.560576754817862982e-03
6.560627996380247705e-03
6.560644669202647314e-03
6.560583561793800755e-03
6.560743345221408708e-03
6.560657572854756807e-03
6.561202060203454554e-03
6.561585123014612372e-03
6.561542059701131260e-03
6.561359556508646572e-03
6.561854577176371578e-03
6.361374300432836096e-03
6.312384445497190230e-03
6.313161967299331205e-03
6.313428122309747668e-03
6.179701607585436074e-03
6.179239546121369046e-03
6.179373056804436312e-03
6.179500206432904721e-03
6.179338063172986305e-03
6.185532201109708410e-03
6.185545334070615547e-03
6.185546365281557706e-03
6.186588280864294305e-03
6.185747374138660278e-03
6.189210626823600514e-03
6.188993512000934109e-03
6.188896231221738091e-03
6.186544951155303375e-03
6.190045035082028350e-03
6.192728328492386712e-03
6.193028629684832649e-03
6.205167275568011266e-03
1.638295420546994480e-02
1.638307745661689990e-02
1.638320021210222174e-02
1.638305185231565819e-02
1.638301664390304918e-02
1.638430408569242769e-02
1.638483565947163739e-02
1.638407942562403186e-02
1.638433614873522487e-02
1.638270540019617569e-02
1.638402746133988189e-02
2.044820636273395054e-02
2.044787959308252273e-02
2.044798775213063635e-02
2.044798253147579389e-02
2.044792605900907709e-02
2.044782738952882067e-02
2.044800529749154355e-02
2.044800655332847800e-02
2.044804567930592898e-02
2.044804937650359505e-02
2.044790221680258674e-02
2.044807813159129489e-02
2.044783223493700647e-02
2.050277279530782551e-02
2.050168664677380279e-02
2.050145866158545674e-02
2.007037919340845869e-02
2.007058636238336774e-02
2.007017688755046575e-02
2.007023365940863863e-02
2.007010367380839336e-02
2.007024055755592812e-02
2.012077769771487140e-02
2.012080717594472504e-02
2.023551117665136831e-02
2.023702144980644296e-02
2.023693730170152832e-02
2.545708186001588436e-02
2.545719291375585572e-02
2.545716471603458320e-02
2.545714437117037668e-02
2.545677380017205560e-02
2.545782395330058179e-02
2.545783839051665026e-02
2.545746009791497941e-02
2.635516853872139909e-02
2.635489952784306547e-02
2.635491179601317374e-02
2.635498314616003049e-02
2.635529936154186806e-02
2.635479846610710650e-02
2.635463482176951880e-02
2.635356361727502969e-02
2.635118659329509228e-02
2.635165701431270435e-02
