7.369999874712419158e-03
7.370198630679584625e-03
7.370148150624578759e-03
7.370303166385303029e-03
7.506531123559439037e-03
7.506927835504325491e-03
7.506592157280803264e-03
7.507830642443820424e-03
7.508116025291076967e-03
7.492366888887488224e-03
7.493587739233584406e-03
7.493117475868654905e-03
7.990544993933311121e-03
7.990511123620255146e-03
7.984760160181918545e-03
7.994280609280578556e-03
7.995764244511571403e-03
8.016494252890027372e-03
8.016308035520275724e-03
8.016301485341248076e-03
8.016386157384309055e-03
8.015158431972303071e-03
8.014154435357287443e-03
8.020617017596137072e-03
8.020439855143182695e-03
8.020200590269208410e-03
8.020284415880143611e-03
8.023614643677639061e-03
8.023594386268968412e-03
8.024332365686840524e-03
8.022588410034234632e-03
8.022626423634613216e-03
8.022509908122751193e-03
8.022769073183612723e-03
8.022936082541476735e-03
8.023036851322133331e-03
8.021579049476463760e-03
8.018926261765405364e-03
7.632945360934142998e-02
7.632902511257262657e-02
7.632898413085371925e-02
7.632871622614792462e-02
7.632876250201964252e-02
7.631603337153992916e-02
7.633293973947169464e-02
7.633140277265346163e-02
7.632943627178252755e-02
7.632944721612890115e-02
7.633213378268105531e-02
7.632792643230355834e-02
7.633670680880891291e-02
7.633747039270699641e-02
7.632889575307286179e-02
7.632565231687463148e-02
7.632516682705402233e-02
7.632509009997412441e-02
7.632293129228101547e-02
7.632217313147554583e-02
7.632703165298530823e-02
7.632690109550263613e-02
7.631922967672026548e-02
7.631904479139220432e-02
7.632093954552776616e-02
1.072700096473414300e-01
-3.399091369781241136e-03
-3.384849965812226306e-03
-1.530898066523600368e-03
-1.531022082569514099e-03
-1.531058647814165013e-03
-1.526741475818643463e-03
-1.529625291615129565e-03
-1.523715182737010341e-03
-1.525490037661683023e-03
-1.525504776806925217e-03
-1.525683664404536713e-03
-1.523495574356031629e-03
-1.524652009589968398e-03
-1.524597901298953805e-03
-1.525098440346539519e-03
-1.524920281869384525e-03
-1.525223305648987704e-03
-1.525392141746484105e-03
-1.525302920128783143e-03
-1.531248477450964859e-03
-1.438644177152762936e-03
-1.429218800314340518e-03
-1.428935239234990643e-03
-9.365613920693699511e-04
3.424693427963068984e-03
3.561028875515488603e-03
3.560563927635352309e-03
3.560781980478180692e-03
3.566223925113163468e-03
3.567047203004446426e-03
3.566779032280740971e-03
3.563731443752667528e-03
8.445416755399226538e-03
8.448307536661880252e-03
8.443921725169783662e-03
8.443652022815068686e-03
8.469333507222375976e-03
-9.822951300898696489e-03
-9.823005391199568503e-03
-9.822829004465030711e-03
-9.822437054336949705e-03
-9.822479559148833417e-03
-9.822999601408064635e-03
-9.820505878236593031e-03
-9.820342170150592534e-03
-9.820851756873095681e-03
-3.077846730382351875e-02
-3.077546533688264169e-02
-3.077378727794037247e-02
-3.077297957360932562e-02
-3.077550867583389235e-02
-3.077523300924238717e-02
-3.077523300924236635e-02
-3.077653815496328091e-02
-3.076529186292606757e-02
-3.076458709286338314e-02
-5.020874744949616747e-02
-5.021370515325763312e-02
-5.021385356317523835e-02
-5.021253388858269717e-02
-5.024358310663560451e-02
-5.024370385397730621e-02
-5.023550784922525131e-02
-5.022766668940300411e-02
-5.022796631480553470e-02
-5.022762947344536211e-02
-5.022704595683566420e-02
-5.022687372371023584e-02
-5.060394236184530964e-02
-5.052451499241605165e-02
-5.051616114295426341e-02
-5.051892400627479990e-02
-5.051093989575269200e-02
-5.051080678169148075e-02
-5.051091925774629093e-02
-5.043775932850636662e-02
-5.043641900446051152e-02
-5.043651552141471123e-02
-2.345970161921128241e-02
-2.346057894793493817e-02
-3.497061425098545867e-02
-3.496544490913163633e-02
-3.496635192136603870e-02
-3.497790547419666468e-02
-4.982758590255801506e-02
-4.986003288027163194e-02
-4.986026053814256870e-02
-4.986041891547522004e-02
-4.986040691374305639e-02
-4.986042289709526065e-02
-4.985975973366085778e-02
-4.985920105965772203e-02
-4.985736585830243678e-02
-4.986930625381201521e-02
-4.986988573876521141e-02
-4.986367962137128879e-02
-5.001794625742912032e-02
-5.001432820128171031e-02
-5.001520324231249759e-02
-5.001568382088777270e-02
-5.000714578066405014e-02
-5.000774616720918969e-02
-5.000725606260485179e-02
-5.000771554655030621e-02
-5.000828751957711593e-02
-5.000849291781616496e-02
-5.000899463445331039e-02
-5.000845291411030319e-02
-5.000808495275110149e-02
-5.001231572644403156e-02
-5.001208045647754369e-02
-5.001217746666365704e-02
-5.001177856311842668e-02
-5.002321367418294945e-02
-5.002159842678998575e-02
-5.002112420147770272e-02
-5.002224967655576754e-02
-5.002253972486708083e-02
-5.002293560048064885e-02
2.409044285107581757e-02
4.943978364320653768e-02
4.944241842023919253e-02
4.944019051617128818e-02
2.282618758812919244e-02
2.282584018263600009e-02
2.282568152990235508e-02
2.282506263948935049e-02
2.274098033985027384e-02
2.274086714253234498e-02
2.274259369629137370e-02
2.274270260795488094e-02
2.274286652386039304e-02
2.642837560112532708e-02
2.642811659569583443e-02
2.643862393450363904e-02
2.643940439309040713e-02
2.643441024375412646e-02
-4.110878693048612004e-02
-4.111207594362698697e-02
-4.111790868023276757e-02
-5.237564612818864339e-03
-5.243622009100115493e-03
-5.218778885160699384e-03
-5.238636016997814254e-03
-5.319908605662877418e-03
-5.318815507503414468e-03
-5.318070297072327070e-03
8.723174557716398877e-04
9.388488119860805264e-04
9.388628917335521771e-04
9.392159002039606082e-04
9.391963530728848373e-04
1.014478459368422505e-03
1.014867377039926650e-03
1.062043254187849950e-03
1.062269839410432890e-03
1.062532552200108919e-03
1.061229651651460779e-03
1.061097091284286548e-03
1.061113441241078861e-03
5.316480908088310441e-03
5.299323103577447715e-03
5.285164364116956386e-03
2.853356308226574507e-03
2.853014635088772875e-03
2.854505018529074779e-03
2.855997587948065110e-03
2.857397576057547385e-03
2.856463671170091350e-03
9.107970012982932739e-02
9.107947517963536910e-02
9.107943661507461597e-02
9.107967935101719814e-02
9.108267502526258552e-02
9.107750060357971966e-02
9.107784634889203035e-02
9.107710441838293147e-02
9.107666379383247413e-02
9.107693823829547675e-02
9.107704264576760300e-02
9.107739165934901349e-02
9.108203670542777686e-02
9.107871729389177551e-02
9.107868895924976782e-02
9.107903157408551997e-02
9.107878546764459904e-02
9.108056137512748895e-02
9.107996849655143612e-02
9.107554020588505550e-02
9.107548892442583754e-02
9.107562724769328877e-02
9.108031602185831521e-02
9.107055834107416481e-02
9.107372270981647921e-02
9.021106266019372766e-02
9.021130959278572670e-02
9.019949384187324337e-02
9.020638914427320243e-02
9.020460767312554751e-02
9.020773751185538758e-02
9.020515902173051326e-02
9.022823307547989113e-02
9.022865302751857663e-02
9.020416804831010715e-02
9.020269901170423210e-02
9.020225071000724515e-02
9.020365019819334695e-02
9.020229337494832522e-02
9.020200512903951695e-02
9.019193486035427532e-02
9.050837756504691300e-02
9.051024841425775458e-02
9.050993634930233622e-02
9.050998902616801123e-02
9.050829173361965574e-02
-2.381780007125086553e-03
-2.381677757487363645e-03
-2.381590921717659497e-03
-2.381685338329256676e-03
-2.381745471949595072e-03
-2.381812466863166260e-03
-2.381582269293848215e-03
-2.381555176798422300e-03
-2.381563375454324918e-03
-2.381527183785938761e-03
-2.381620503289499577e-03
-2.381639230600428574e-03
-2.383384575895817255e-03
-2.383529300601745435e-03
-2.383923711321099276e-03
-2.384111884404077272e-03
-2.381398340025204022e-03
-2.381367744856724596e-03
-2.381360921214544651e-03
-2.375708234502633270e-03
-2.373818392191855142e-03
-8.608019190161883593e-04
-8.605778920008955212e-04
-8.605942266746209211e-04
-8.606499789751254721e-04
-8.605976009380312706e-04
-9.702513870747373793e-04
-9.702261427080642554e-04
-9.702913905630859660e-04
-9.708098806422392479e-04
-9.707232173383115691e-04
-9.710046523293378203e-04
-9.709188970786291305e-04
-9.706401292609196122e-04
-9.706693342639696525e-04
-9.706399425523470730e-04
-9.704774007058368642e-04
-9.704025540685837486e-04
-9.702418515781133061e-04
-9.701797464199877173e-04
-9.702622147574108038e-04
-9.702790150184646602e-04
2.201376147352111096e-04
3.021035876632058759e-04
6.639626133986942886e-04
6.640886321771090166e-04
6.626576457142508217e-04
6.628362456416404726e-04
6.632448935583378988e-04
6.606014133122914281e-04
6.612187849194735853e-04
6.508332389378534109e-04
6.396288663852016951e-04
2.851482873726601613e-04
2.861185347991707963e-04
2.862296103815530676e-04
2.852987173946858841e-04
2.994527394448085172e-04
4.944828300280335390e-03
4.944509464921731032e-03
4.944609174671577533e-03
4.944863068667219343e-03
2.707840896496333753e-03
1.939165674832460167e-03
2.042521173580537797e-03
2.041345897600312619e-03
1.847478478089541317e-03
2.640386545714604356e-03
2.641871095326805974e-03
2.626281299762918756e-03
2.668557977073109100e-02
2.668556259767108918e-02
2.668634175003279513e-02
2.668618902548082136e-02
3.292678734946043184e-02
3.292597095666733448e-02
3.292506626843630380e-02
3.292574224591585802e-02
3.292812270012539233e-02
3.292748345548451167e-02
3.291984340365543271e-02
3.292308352959248674e-02
3.287711031029529746e-02
3.287750160077519690e-02
3.287790563095350366e-02
3.286654094438264812e-02
3.184238689676640449e-02
3.088472835118393975e-02
3.083861470924182530e-02
3.083807702826613789e-02
3.152441105490683820e-02
-1.808309719493489051e-02
-1.692536733984859043e-02
-1.136986897872311469e-02
-1.136917443608398415e-02
-1.377513044694886335e-02
-1.377389883118626188e-02
-1.377372513187852428e-02
-1.377306756151075451e-02
-1.377338397210229812e-02
-1.377367657416426333e-02
-1.377381486694970701e-02
-1.377360687523114177e-02
-1.377378353860349118e-02
-1.377678471718145857e-02
-1.377692654167738708e-02
-1.377688675591515893e-02
-1.377782776760441870e-02
-1.377669999108184148e-02
-1.341554138780593451e-02
-1.341522235618870448e-02
-1.727794127628530865e-02
-1.727798339252892279e-02
-1.727590008641757130e-02
-1.727697927747347609e-02
-1.727724051509890030e-02
-1.727741563825244478e-02
-1.727720895527725536e-02
-1.727507844440026585e-02
-1.727380286089588712e-02
-1.726103732015092651e-02
-1.732220924817091945e-02
-1.732361802855224286e-02
-1.732363402258920576e-02
-1.735005545687104064e-02
-1.734897974251253111e-02
-1.734985654834667046e-02
-1.705563984773017516e-02
-1.601169761264215757e-02
-1.601136143853389149e-02
-1.587541286765001974e-02
-1.587539324835026550e-02
-1.386578933983965804e-02
-1.385980809402971581e-02
-1.386066085012480249e-02
-1.387705391159667692e-02
-1.388637449559020770e-02
-1.388456251060162482e-02
-1.426182188931576431e-02
-1.426234031607167239e-02
-1.426195522783524003e-02
-1.426126969094557335e-02
-1.426452585178829627e-02
-1.430887761310588313e-02
-1.430535720452348267e-02
-1.430737712935070162e-02
-1.430634098373527625e-02
-1.430630896891467961e-02
-1.430594936588704125e-02
-1.430619569419396345e-02
-1.430584456197863535e-02
-1.430795143250499293e-02
-1.430696252607877896e-02
-1.430478438690897802e-02
-1.430412977812273514e-02
-1.430856814243636720e-02
-1.430415751634081870e-02
-1.413701507471072823e-02
-1.418734785475293976e-02
-1.402105516188999895e-02
-1.402084520508743541e-02
-1.403071584283294669e-02
-1.403362579860099879e-02
-2.091256786981756863e-02
-2.095344867202438011e-02
-2.095333355572381526e-02
-2.095388982035649439e-02
-2.097591878691867917e-02
-2.097707889907203527e-02
-2.097755881608698303e-02
-2.087369919646410096e-02
-2.087371083837537278e-02
-2.087014793684937794e-02
-2.089336333480583049e-02
-2.091731989894108495e-02
-2.091560063487660562e-02
-2.091545853766072285e-02
-2.092132772482964767e-02
-2.092070681716481917e-02
-2.089088573312388591e-02
-2.089493500673288498e-02
-2.090589838289159605e-02
-2.090649896959512546e-02
-2.090267022504462349e-02
-2.090357881153694433e-02
-2.090397695072911469e-02
-2.090323005865360462e-02
-1.539352287094817272e-02
-1.539312559772983320e-02
-1.540137434130900429e-02
-1.540156545303967422e-02
-1.540213030292481022e-02
-1.540334545924578261e-02
-1.540140588316167569e-02
-1.539870815097134013e-02
-1.540150734166911145e-02
-1.539233375011858293e-02
-1.539232789957274694e-02
-1.539579815297740725e-02
-1.539589186545604199e-02
-1.538913742659933290e-02
-1.538916327807305674e-02
-1.538854909902551311e-02
-1.538821847512576377e-02
-1.539193020264312435e-02
-1.539023455650901685e-02
-1.539126772571761982e-02
-1.539064667657990930e-02
-1.539166935765527190e-02
-1.539266910392578062e-02
-1.545877020909483014e-02
-1.545843347723670907e-02
-1.545551612111474224e-02
-1.543993011442565400e-02
-1.556887897015284128e-02
-1.556882452093564378e-02
-1.551192660200795097e-02
-1.551232690507783549e-02
-7.988817376345682536e-03
-7.987824636874448284e-03
-7.988364169736604514e-03
-7.988318083679385798e-03
-7.987461647726495223e-03
-7.838435675965841828e-03
-7.837775757689999234e-03
-7.846025040347549481e-03
-7.846321546449892131e-03
-7.846568967375329093e-03
-7.846226339129316191e-03
-7.846468735379237211e-03
-7.846142657266165499e-03
-7.846207568676526883e-03
-7.839297618635420947e-03
-7.840277420316671755e-03
-7.840104547415316719e-03
-7.841154051033331560e-03
-7.841319618195537536e-03
-7.841090601551739189e-03
-7.841359767644325712e-03
-7.843079406147512520e-03
-7.843129323605724582e-03
-7.833507960328559699e-03
-7.838056297468559697e-03
-7.839640304468204271e-03
-7.839582481380768034e-03
-7.839765527362499431e-03
-7.767503752662637331e-03
-7.767154722792115294e-03
-7.768024716132718339e-03
-7.768652741246745430e-03
-7.768630627526034935e-03
-7.767526231586370164e-03
-7.767619636990521007e-03
-7.767344332443873456e-03
-7.770688817764210936e-03
-7.770997109146374204e-03
-7.770644987679425388e-03
-7.771643287160026614e-03
-8.808195913932585427e-03
-8.808295531687111712e-03
-8.807684457151496865e-03
-8.808795369974760370e-03
-8.808123672319667988e-03
-8.808218270049102475e-03
-8.808271388874100785e-03
-8.808488615658692164e-03
-8.807058157860885375e-03
-8.803662626709961997e-03
-8.803647203502905014e-03
-9.092229690652379320e-03
-9.094089368292184589e-03
-9.087905587101244645e-03
-9.085119074014618226e-03
-9.142203675764454598e-03
-9.155257699391683435e-03
-9.155139024091299774e-03
-9.156494870005306777e-03
-9.155667470837907870e-03
-1.418736620772451384e-01
-1.418736215820024793e-01
-1.418735203850910453e-01
-1.418722695472838247e-01
-1.418725721139749429e-01
-1.418568852671304725e-01
-1.418304575593033745e-01
-1.418279523146122045e-01
-1.418278550916240166e-01
-1.418309704107503511e-01
-1.418682934150533037e-01
