1.361656084144108325e-02
1.360933959801735593e-02
1.358751623357690175e-02
1.360930227929035841e-02
1.359443837649967901e-02
1.360174698546410751e-02
1.359449886112487280e-02
1.361515878857314822e-02
1.362178594553902465e-02
1.362179581713884174e-02
1.361454895750005036e-02
1.362178944408483014e-02
1.360788527848389752e-02
1.361454895750007811e-02
1.360312876362051310e-02
1.359640380466631444e-02
1.359640380466632138e-02
1.361571678534424269e-02
1.361571678534424096e-02
1.361571678534424443e-02
1.360090625022987443e-02
1.360090625022985361e-02
1.360814072694862403e-02
1.360814072694861709e-02
1.360097942417989175e-02
1.360820983706721721e-02
1.360820983706721721e-02
1.360820983706721721e-02
1.360097942417989869e-02
1.360097942417989175e-02
1.360097942417989869e-02
1.360822946374013950e-02
1.360822919546982729e-02
1.360102236591948476e-02
1.360832246065688846e-02
1.360787618823994759e-02
1.360787618823995279e-02
1.360820166327751136e-02
1.360098398916767364e-02
1.359373913160957792e-02
1.360094682356513540e-02
1.360848036551546951e-02
1.359437878995931742e-02
1.359437878995931395e-02
1.360098398916767710e-02
1.360098398916767710e-02
1.361468133001318519e-02
1.361468133001318519e-02
1.361468133001318519e-02
1.361468133001318345e-02
1.361468133001318172e-02
1.361041619993101290e-02
1.361468128150446558e-02
1.359430063658939765e-02
1.359430063658940979e-02
1.359430063658939938e-02
1.359430063658939765e-02
1.359430063658941500e-02
1.359430063658940806e-02
1.363254813604993301e-02
1.363254813604992260e-02
1.362644106264334146e-02
1.363369920121782625e-02
1.361020252866777802e-02
1.360295870176262724e-02
1.360928643277231793e-02
1.360962361891724856e-02
1.360962361891724683e-02
1.361127080601943519e-02
1.362444564692884968e-02
1.362444564692885315e-02
1.361715721220792090e-02
1.361717297856792838e-02
1.362443158982035683e-02
1.355286232566006548e-02
1.354559789274204472e-02
1.355593621049383524e-02
1.356315653122426579e-02
1.356315653122426579e-02
1.355593621049383524e-02
1.355593621049383524e-02
1.354147396208167306e-02
1.355600449969904253e-02
1.355624606195478428e-02
1.355836713701448482e-02
1.354487723896912778e-02
1.355874599609559021e-02
1.356625508655547215e-02
1.354444918582447220e-02
1.355177910088512135e-02
1.355177910088511441e-02
1.359512679522980119e-02
1.358781499242472414e-02
1.353208910594350979e-02
1.353208910594350632e-02
1.353802479901173098e-02
1.353802479901172751e-02
1.353454730345381683e-02
1.352346503641383736e-02
1.353006925329935245e-02
1.364694301814225498e-02
1.364694301814226018e-02
1.364694301814225845e-02
1.364661813383131680e-02
1.366127053164668641e-02
1.365489110514744517e-02
1.365489110514743996e-02
1.365489110514744517e-02
1.365489110514743996e-02
1.365489110514744170e-02
1.365489110514744170e-02
1.365489110514744170e-02
1.365489110514744170e-02
1.365489110514745037e-02
1.365489110514744170e-02
1.365489110514743823e-02
1.345374730168554488e-02
1.346045237778984924e-02
1.346045237778984924e-02
1.346699232999941896e-02
1.345374730168554488e-02
1.345374730168554314e-02
1.345374730168554314e-02
1.345824756698163482e-02
1.347221770133975004e-02
1.345999296611658305e-02
1.345999296611658305e-02
1.347348159992557172e-02
1.346673386201778684e-02
1.347297008456710063e-02
1.347984117665984236e-02
1.347984117665984756e-02
1.347289020893928553e-02
1.348662284054814864e-02
1.347986244350489471e-02
1.347986244350489471e-02
1.347986244350489124e-02
1.347316425551786136e-02
1.347316425551786136e-02
1.347316425551785789e-02
1.347993484908413878e-02
1.347993073226650719e-02
1.348661386801180279e-02
1.348573461514995277e-02
1.347306169499763381e-02
1.347314842814787035e-02
1.346635068541935341e-02
1.346635068541935515e-02
1.346623589600257770e-02
1.346635068541935862e-02
1.349312718129726252e-02
1.349322393753284166e-02
1.349322393753284340e-02
1.350474732022414852e-02
1.350474732022414852e-02
1.349175189989187257e-02
1.349971230692249141e-02
1.349997928840398348e-02
1.355922515297350653e-02
1.355926076187244020e-02
1.355926076187244367e-02
1.356603122522049946e-02
1.357286898335653344e-02
1.351446950418642816e-02
1.351446950418643336e-02
1.351446950418643163e-02
1.350083752645061391e-02
1.351375280800656657e-02
1.351375280800656831e-02
1.351375280800657178e-02
1.352637272821855668e-02
1.352637272821855842e-02
1.353339673217390966e-02
1.353339673217390793e-02
1.352637272821854801e-02
1.354014505118396675e-02
1.354014505118396675e-02
1.354014505118396501e-02
1.354009733786968109e-02
1.354009733786967935e-02
1.354009733786967762e-02
1.354009733786968282e-02
1.356072181584191093e-02
1.355389801624196262e-02
1.355389801624195915e-02
1.355372734410923222e-02
1.355362118214935643e-02
1.353363322921662636e-02
1.351381289498304258e-02
1.352060045743306606e-02
1.351381289498304432e-02
1.353412431010208271e-02
1.352738908583179384e-02
1.352059403699536373e-02
1.352059403699536547e-02
1.352059403699536547e-02
1.351937928483564443e-02
1.352059403699536026e-02
1.352727490757009952e-02
1.351360144765801317e-02
1.351360144765801144e-02
1.351360144765800624e-02
1.351383193149515924e-02
1.351383193149516097e-02
1.351383193149516271e-02
1.353420253833276243e-02
1.353420253833276243e-02
1.354108945820443020e-02
1.354108945820443194e-02
1.354781317869875774e-02
1.353407933208999533e-02
1.350697173542681970e-02
1.350697173542681796e-02
1.351374808087394720e-02
1.351374808087394894e-02
1.351777056458128637e-02
1.351777056458129157e-02
1.351777056458128810e-02
1.351777056458128810e-02
1.352328473605098058e-02
1.352328473605098925e-02
1.354383524982881622e-02
1.356438198820927345e-02
1.355092707049131324e-02
1.355775272737100821e-02
1.355673091619708816e-02
1.354989848785674578e-02
1.353608886636501960e-02
1.354304828067094853e-02
1.357076431780642779e-02
1.357076431780643126e-02
1.355709698401721779e-02
1.355778851924597898e-02
1.355085198529715380e-02
1.355785527316375610e-02
1.355098533607861262e-02
1.352717347041222651e-02
1.351061712784137891e-02
1.351067162307665465e-02
1.350389433847062372e-02
1.350398409193988986e-02
1.350398409193989159e-02
1.350086514827218351e-02
1.349627664221925150e-02
1.349627664221925670e-02
1.349627664221925323e-02
1.349627664221925323e-02
1.349627664221925323e-02
1.356139208633971686e-02
1.350305328517733411e-02
1.350317842543085310e-02
1.350978016406723277e-02
1.350299033626555303e-02
1.350298448646974729e-02
1.352359446183198227e-02
1.351747917321832054e-02
1.352432451838510644e-02
1.350129370031373510e-02
1.350823671093257135e-02
1.352853725824125670e-02
1.352179578302159513e-02
1.352179578302159339e-02
1.351491361314814676e-02
1.352179578302159339e-02
1.352179578302158819e-02
1.352179578302158819e-02
1.352179578302158819e-02
1.351501906901357922e-02
1.353725116199320372e-02
1.353731853264194228e-02
1.354412654996693839e-02
1.354412654996693839e-02
1.354403071339149202e-02
1.355781265637871422e-02
1.353428712418711793e-02
1.354072322197026612e-02
1.354753289016220885e-02
1.354071803485864048e-02
1.354071803485863527e-02
1.353405647551137077e-02
1.353382097322539633e-02
1.352022480318485799e-02
1.354679118030850324e-02
1.354727734631969334e-02
1.354727734631969681e-02
1.354703952343113728e-02
1.352708559140002043e-02
1.352708559140001869e-02
1.352708559140002043e-02
1.352027578810835635e-02
1.352708559140001522e-02
1.352708559140002043e-02
1.354073539304552314e-02
1.354073539304552140e-02
1.353368788540639661e-02
1.354049892605871386e-02
1.354055562710355411e-02
1.353368788540639835e-02
1.353368788540639488e-02
1.354050531360362006e-02
1.353355973688863401e-02
1.352698117851531059e-02
1.353379022265809375e-02
1.353389235126500369e-02
1.353389235126500369e-02
1.352027951997206330e-02
1.352027951997205983e-02
1.356583497293406028e-02
1.356583497293405507e-02
1.356578634858441115e-02
1.355524297050953071e-02
1.357145547164019007e-02
1.357145547164018834e-02
1.357145547164019181e-02
1.357145547164019528e-02
1.355973034253795013e-02
1.349919832986071731e-02
1.349241551213868975e-02
1.349241551213869669e-02
1.349222069531871848e-02
1.349241551213869843e-02
1.349232605811778729e-02
1.349461028999740866e-02
1.349461028999741213e-02
1.349241551213869322e-02
1.349241551213870016e-02
1.349241551213869669e-02
1.349241551213869496e-02
1.349241551213869496e-02
1.350479311899629824e-02
1.349241551213869843e-02
1.349359284463615659e-02
1.349359284463615659e-02
1.351296500806266170e-02
1.350623261648994412e-02
1.350607774060002923e-02
1.350607774060003270e-02
1.350607774060003097e-02
1.350623014409057382e-02
1.350623014409056862e-02
1.349261959939740407e-02
1.349094532072495078e-02
1.349344891882235317e-02
1.353239035593157939e-02
1.351870042327712150e-02
1.351870042327711630e-02
1.353887962940698332e-02
1.353887962940697985e-02
1.355257635674128429e-02
1.351259450246421190e-02
1.351259450246421363e-02
1.351259450246421190e-02
1.350592248813133750e-02
1.349912275351224794e-02
1.349912275351225141e-02
1.351689116668641777e-02
1.351037543401990317e-02
1.351100043980629946e-02
1.351939698325793464e-02
1.351939698325793811e-02
1.352615185054789268e-02
1.351937516844965194e-02
1.351939698325793290e-02
1.351939698325793984e-02
1.350599171184121289e-02
1.350599171184121983e-02
1.356129958322204419e-02
1.355949058802874418e-02
1.355949058802873725e-02
1.356129958322204940e-02
1.356129958322205113e-02
1.356129958322205113e-02
1.356129958322205113e-02
1.360063467827960296e-02
1.360063467827960469e-02
1.359373115730242408e-02
1.358822483002257268e-02
1.357442858550352363e-02
1.357442858550351496e-02
1.356781516550546046e-02
1.359654740996109681e-02
1.358941745937840805e-02
1.358659082893041124e-02
1.357973330293647460e-02
1.357031293837984189e-02
1.357031293837984535e-02
1.355659892102570319e-02
1.357024419534349872e-02
1.356348088854853785e-02
1.355665044831395015e-02
1.355659367984353089e-02
1.356352816017680069e-02
1.356602234777511996e-02
1.358918599993665273e-02
1.357695680472132890e-02
1.357695680472133411e-02
1.357667275833246943e-02
1.360324078812304507e-02
1.359069567673519378e-02
1.359737968111998131e-02
1.357802307090091865e-02
1.357802307090092038e-02
1.357802307090092211e-02
1.358274190643335953e-02
1.362791319403911655e-02
1.360020694207823150e-02
1.360020694207822976e-02
1.360020694207822803e-02
1.360020694207822803e-02
1.360020694207822976e-02
1.360487345395366282e-02
1.360487345395366282e-02
1.360487345395366629e-02
1.361180118073847777e-02
1.359824227299964890e-02
1.359824227299964890e-02
1.366090484074810631e-02
1.365156411013953783e-02
1.365156411013953783e-02
1.365156411013953609e-02
1.364459002639488786e-02
1.363762487698346945e-02
1.364427240126994331e-02
1.363070942151290571e-02
1.363070942151290744e-02
1.363070942151290224e-02
1.363070942151290571e-02
1.363070942151290051e-02
1.363070942151290571e-02
1.365640394924893218e-02
1.364337434133432170e-02
1.365034342796254442e-02
1.363657900479616110e-02
1.363657900479616804e-02
1.363657900479616977e-02
1.363657900479615936e-02
1.366873736422530815e-02
1.362269001632845054e-02
1.364489309894690444e-02
1.364489309894690791e-02
1.364489309894691485e-02
1.364489309894690791e-02
1.364489309894690965e-02
1.365019788935185191e-02
1.364332852216032163e-02
1.364332852216031643e-02
1.364325245039692790e-02
1.366263239904241290e-02
1.365665373770691589e-02
1.365665345548902447e-02
1.365672279927935585e-02
1.365672279927934891e-02
1.362020930570417322e-02
1.362020930570416628e-02
1.361329023556524277e-02
1.359316223191423673e-02
1.360003480857002213e-02
1.359313153519156603e-02
1.360673334327395720e-02
1.360668676976333445e-02
1.359982941923961255e-02
1.361988175089149690e-02
1.359433427542526898e-02
1.358087584088894101e-02
1.358765109220218606e-02
1.358087584088894448e-02
1.358087584088893927e-02
1.358087584088894101e-02
1.358087584088893927e-02
1.366395916736477291e-02
1.366395916736477117e-02
1.366395916736477291e-02
1.364866575230338011e-02
1.365562043314340682e-02
1.365562043314340682e-02
1.365562043314340855e-02
1.367621551040770073e-02
1.366226429730797026e-02
1.366255867850896255e-02
1.366255867850897122e-02
1.368076467707432173e-02
1.367189267649418678e-02
1.369959314336845896e-02
1.369257956803381950e-02
1.367857996750459874e-02
1.368584915912834064e-02
1.367886658400145616e-02
1.367886658400144922e-02
1.368587517363376374e-02
1.369227852732071878e-02
1.368587383941441762e-02
1.367887233820576018e-02
1.364959413337677938e-02
1.364954696647598630e-02
1.364954696647598630e-02
1.364954696647598630e-02
1.367785330584957507e-02
1.365685465408623435e-02
1.367042202771995979e-02
1.367042202771995459e-02
1.367042202771995979e-02
1.366384061379844958e-02
1.366384061379845132e-02
1.366823341552744070e-02
1.366823341552744590e-02
1.366821295226056457e-02
1.366821295226056457e-02
1.366821295226056110e-02
1.366821295226056630e-02
1.366821295226056630e-02
1.366821295226056457e-02
1.366126412513650294e-02
1.366801480192356838e-02
1.366801480192356144e-02
1.366801480192356665e-02
1.365689660807751192e-02
1.365689660807751192e-02
1.365689660807751366e-02
1.365689660807750325e-02
1.365689660807751192e-02
1.366122268010086169e-02
1.366122268010086689e-02
1.366122268010085822e-02
1.362692595947772103e-02
1.362692595947772450e-02
1.362692595947772103e-02
1.363374686395384117e-02
1.362692595947771756e-02
1.362692595947772277e-02
1.363384220071237746e-02
1.352445356504325923e-02
1.352445356504325923e-02
1.352211480549847696e-02
1.352189268149740602e-02
1.352881639735613317e-02
1.352881639735613664e-02
1.352881639735612970e-02
1.352189268149740775e-02
1.354097681009407313e-02
1.350810920436155971e-02
1.350810920436155971e-02
1.352835682419543419e-02
1.349806415749127235e-02
1.346996957695407830e-02
1.346302348882672840e-02
1.346302348882672494e-02
1.346302348882672667e-02
1.349147256732788000e-02
1.349147256732788000e-02
1.351451022753263204e-02
1.352143230964949344e-02
1.351451022753262857e-02
1.352135525621222904e-02
1.352135527869394518e-02
1.351442690182762252e-02
1.351442690182761384e-02
1.351442690182761384e-02
1.351442690182761905e-02
1.351442690182761558e-02
1.352127661026869543e-02
1.351449311545841782e-02
1.351449311545841782e-02
1.351449311545841782e-02
1.351449311545841608e-02
1.350776134049889131e-02
1.353408589760263583e-02
1.352030432855232632e-02
1.357527043454230010e-02
1.357527043454229837e-02
1.359600460081827195e-02
1.359600460081827195e-02
1.359600460081827542e-02
1.359597585873256222e-02
1.359597585873256395e-02
1.359597585873256222e-02
1.359600460081828062e-02
1.356072944830395005e-02
1.356072944830395179e-02
1.356072944830395179e-02
1.354766162688839787e-02
1.354766162688839787e-02
1.355220158272517697e-02
1.356602777736831689e-02
1.355913496361923348e-02
1.357237868145903630e-02
1.355826796310694721e-02
1.356524503580361189e-02
1.353844207555908799e-02
1.353844207555908973e-02
1.353157998904818728e-02
1.355923939435633128e-02
1.355923939435633302e-02
1.356614040912011189e-02
1.355122096060903773e-02
1.355122096060904120e-02
1.354952766197138614e-02
1.354952766197138267e-02
1.354402969870967949e-02
1.354401710404705764e-02
1.353708310673990348e-02
1.353715121055619301e-02
1.358859696472572084e-02
1.358859696472572258e-02
1.360260171823839299e-02
1.358859696472572084e-02
1.358107458486041731e-02
1.358805572293952414e-02
1.358805572293952414e-02
1.356778935367768807e-02
1.357028293083607090e-02
1.356072586086166931e-02
1.358158918466434613e-02
1.358855770341778346e-02
1.358148500011870964e-02
1.358148500011870444e-02
1.353606664259895259e-02
1.354293242721117500e-02
1.356261026099181942e-02
1.354907118318693371e-02
1.355126961184283628e-02
1.355126961184283628e-02
1.355126961184283628e-02
1.355126961184283281e-02
1.354208965919544497e-02
1.354208965919545364e-02
1.356250037388068326e-02
1.356250037388068326e-02
1.356282521693363483e-02
1.357656076965520382e-02
1.353581838448331132e-02
1.353581838448331305e-02
1.354269865513651160e-02
1.353581838448330438e-02
1.350444443625988152e-02
1.353171280047527590e-02
1.353171280047526896e-02
1.355199339131064537e-02
1.352491871453011599e-02
1.352491871453011425e-02
1.349883051498221645e-02
1.351240471190052854e-02
1.351240471190052680e-02
1.351240471190051813e-02
1.351240471190052507e-02
1.348523922612275550e-02
1.349724766290395436e-02
1.349206254599341452e-02
1.348522528743656759e-02
1.347903999362405798e-02
1.347923007315002253e-02
1.347290556666836878e-02
1.348573254586346061e-02
1.347203800521344294e-02
1.351427968086421801e-02
1.348587284938320557e-02
1.349266924891296890e-02
1.348577054858822455e-02
1.347904845853171996e-02
1.347894586746272924e-02
1.348580889453309013e-02
1.351327353093337118e-02
1.351335760043477670e-02
1.351335760043477496e-02
1.351335760043477670e-02
1.349923964792910935e-02
1.349924113015441192e-02
1.350318412840590884e-02
1.349666369527470662e-02
1.349530103149849253e-02
1.349696320730458914e-02
1.349693949356952326e-02
1.348330461686342817e-02
1.348330461686342470e-02
1.350837994946175319e-02
1.350837994946174798e-02
1.350871624260812677e-02
1.350871624260812504e-02
1.349919495265211947e-02
1.349919495265212641e-02
1.349919495265212467e-02
1.350844722673324311e-02
1.350844722673324311e-02
1.350844722673324484e-02
1.350657217145559766e-02
1.350657217145559245e-02
1.351433641602366349e-02
1.354174793205555061e-02
1.354174793205555234e-02
1.354861681789150223e-02
1.352651817664442778e-02
1.351983518304638622e-02
1.354218387289456323e-02
1.353532025334313292e-02
1.352839808719737656e-02
1.352169272052167713e-02
1.352169272052168233e-02
1.352169272052167540e-02
1.352169272052167540e-02
1.352139495716816325e-02
1.352823839224851811e-02
1.352823839224851811e-02
1.352855409579641066e-02
1.352855409579641240e-02
1.352855409579640546e-02
1.352855409579640719e-02
1.352852577133995329e-02
1.352852577133995156e-02
1.348730761875260691e-02
1.348730761875260517e-02
1.349438868230678178e-02
1.350039478488154233e-02
1.356095100130190641e-02
1.356095100130190294e-02
1.356786225224141523e-02
1.356786225224141697e-02
1.356786225224141176e-02
1.356786225224141003e-02
1.357699143346990933e-02
1.357421383446762511e-02
1.356792847816580723e-02
1.359137304994649000e-02
1.365366503913631457e-02
1.368159733477380090e-02
1.368159733477379743e-02
1.368159733477380090e-02
1.368159733477379743e-02
1.368159733477379743e-02
1.367452259266723098e-02
1.367452259266723619e-02
1.367448113608113122e-02
1.367448113608113296e-02
1.368156895252707443e-02
1.368156895252707617e-02
1.367444477118828425e-02
1.367444477118828772e-02
1.368111076713990695e-02
1.368178866709365317e-02
1.367465600035396717e-02
1.367465600035396890e-02
1.367465600035397064e-02
1.367465600035396717e-02
1.368181469912674655e-02
1.368152590069912806e-02
1.367437222708991519e-02
1.367437222708991346e-02
1.367437222708991693e-02
1.368357773100786594e-02
1.368357773100786073e-02
1.368357773100786073e-02
1.369074635539856317e-02
1.370147866257113468e-02
1.370150211525952323e-02
1.368357773100786073e-02
1.368357773100785726e-02
1.369201988589977860e-02
1.369074575137952353e-02
1.368169550546944994e-02
1.367460880833079422e-02
1.367460880833079248e-02
1.369596063493153451e-02
1.368172230397784669e-02
1.367452432906292141e-02
1.367454130267599030e-02
1.368889625114480708e-02
1.366737964917889327e-02
1.359230240466346648e-02
1.358556683923257437e-02
1.358556683923257437e-02
1.359275772316002016e-02
1.359827723387834787e-02
1.358064172468548790e-02
1.359476243040202981e-02
1.359476243040202287e-02
1.358774367503404017e-02
1.359442177984088694e-02
1.359482210885287236e-02
1.359472774316622737e-02
1.358133962354317326e-02
1.358708940010590338e-02
1.358195040633656918e-02
1.357492836295325599e-02
1.357432273414457130e-02
1.357432273414457650e-02
1.357432273414457304e-02
1.357424267093135239e-02
1.358134732991446436e-02
1.358134732991446957e-02
1.357191437116365799e-02
1.357191437116366320e-02
1.359994821152916977e-02
1.359994821152916630e-02
1.358591352731319465e-02
1.358591352731319292e-02
1.358583427671094558e-02
1.358591193040133149e-02
1.357890887458848735e-02
1.357852419633932307e-02
1.357860637262516511e-02
1.357860637262517205e-02
1.357860637262516684e-02
1.357860637262516684e-02
1.358505505278605717e-02
1.358505505278604850e-02
1.358505505278605544e-02
1.358505505278605197e-02
1.358505505278604850e-02
1.358505505278605023e-02
1.357823394641390936e-02
1.357823394641390763e-02
1.358523879683582944e-02
1.358523879683582944e-02
1.360560571807197840e-02
1.365515069039698916e-02
1.366225900552531410e-02
1.365513953797119900e-02
1.366679133133094116e-02
1.366686106405046175e-02
1.377786906207229510e-02
1.377046272442150089e-02
1.378449017771928714e-02
1.378449017771928367e-02
1.378449017771928714e-02
1.375500241946573179e-02
1.375500241946572832e-02
1.374752958854099684e-02
1.374752958854099857e-02
1.374752958854099337e-02
1.376273485664027997e-02
1.377814708955354961e-02
1.374735028770491738e-02
1.374782661704849682e-02
1.374741352877198106e-02
1.374741352877198106e-02
1.375484497467656733e-02
1.375484497467656386e-02
1.375484497467656733e-02
1.375484497467656213e-02
1.375484497467656039e-02
1.375484497467656386e-02
1.374729246975328958e-02
1.372496900819215361e-02
1.373101168864245859e-02
1.373134476027091516e-02
1.373878655681394674e-02
1.373904514809065787e-02
1.373134476027091169e-02
1.373134476027091169e-02
1.374644351857847065e-02
1.374644351857846718e-02
1.374644351857846718e-02
1.375427968306596437e-02
1.373415766911018597e-02
1.373158358826709856e-02
1.373158358826710723e-02
1.373158358826711070e-02
1.373158358826710550e-02
1.373158358826710203e-02
1.373158358826711070e-02
1.373158358826710897e-02
1.373926894454960239e-02
1.373934008035829560e-02
1.373934008035829213e-02
1.373668679192303725e-02
1.373933873578367555e-02
1.373177569561718180e-02
1.373931449067792611e-02
1.373931869493714292e-02
1.374678938918636600e-02
1.373164543202464762e-02
1.372402812176936118e-02
1.372396937692704592e-02
1.373157767719779092e-02
1.373164191239000312e-02
1.372396937692704419e-02
1.372396937692704245e-02
1.372396937692704245e-02
1.348589097872218354e-02
1.346377548445787213e-02
1.348599039087594424e-02
1.347867694880492892e-02
1.350796928441221414e-02
1.350062536592462961e-02
1.349328732485339036e-02
1.348617038103317421e-02
1.348617038103317595e-02
1.348602659233787311e-02
1.348610942545000121e-02
1.348610942544999775e-02
1.348570858753720542e-02
1.348570858753720542e-02
1.349361890794494902e-02
1.349361890794494728e-02
1.349361890794494902e-02
1.349361890794494728e-02
1.349361890794494381e-02
1.349361890794495075e-02
1.349361890794495075e-02
1.349361890794494728e-02
1.350836634909000598e-02
1.350094733856271011e-02
1.349361890794494381e-02
1.348630064229867920e-02
1.348630064229867746e-02
1.348630064229867920e-02
1.348630064229867746e-02
1.349361898570698021e-02
1.349361898570698368e-02
1.349361898570698021e-02
1.349361898570698021e-02
1.346451517174694287e-02
1.347180290540844587e-02
1.346451517174694634e-02
1.346451517174694808e-02
1.346451517174695155e-02
1.347180290540844587e-02
1.345796692691581496e-02
1.345357954002016770e-02
1.345291746525357178e-02
1.344562596032401747e-02
1.344562596032401747e-02
1.345291746525356658e-02
1.345291746525357525e-02
1.345291746525357698e-02
1.345291746525358045e-02
1.345291746525357698e-02
1.346018523437753078e-02
1.347444260997973306e-02
1.345747881665315844e-02
1.345747881665316191e-02
1.345747881665316018e-02
1.345747881665316018e-02
1.352725630577791306e-02
1.350509811959463465e-02
1.349191929313771181e-02
1.349191929313771007e-02
1.349191929313771181e-02
1.349191929313771007e-02
1.349191929313771701e-02
1.349191929313771701e-02
1.349191929313771354e-02
1.349191929313771528e-02
1.349191929313771007e-02
1.350660915051743807e-02
1.350660915051743807e-02
1.350660915051743634e-02
1.350660915051743981e-02
1.351291575501217292e-02
1.347842028861064023e-02
1.347842028861064023e-02
1.348538600971235617e-02
1.347842028861063676e-02
1.349140555590204980e-02
1.348420305338834252e-02
1.348398316946548998e-02
1.344171501134168445e-02
1.344183743866148723e-02
1.344183743866148549e-02
1.344183743866148723e-02
1.344534604985924559e-02
1.345269313677995709e-02
1.345266333286987241e-02
1.344556027878271269e-02
1.351414394661018710e-02
1.351414394661018537e-02
1.351414394661018883e-02
1.351414394661018016e-02
1.350675448842079789e-02
1.350675448842078921e-02
1.352151829325875555e-02
1.352158725034335353e-02
1.357912716750280489e-02
1.356600816872344066e-02
1.359923744023377838e-02
1.359918761717574150e-02
1.359177696552271546e-02
1.360607186926236951e-02
1.360627365371219061e-02
1.359148012291823589e-02
1.359888522093490038e-02
1.359888522093490558e-02
1.359888522093490558e-02
1.359148012291824109e-02
1.359148012291823762e-02
1.358788831721652497e-02
1.358408372757491378e-02
1.359147957514724933e-02
1.360369083673998794e-02
1.360369083673998794e-02
1.360369083673999314e-02
1.360369083673998621e-02
1.360369083673999141e-02
1.360364035945627395e-02
1.360354306310490070e-02
1.358119385882551947e-02
1.358857762351972989e-02
1.358858185722437717e-02
1.358119385882552294e-02
1.358858447100719756e-02
1.358119385882551773e-02
1.358119385882552120e-02
1.358854596194294419e-02
1.358119385882552640e-02
1.358119385882552120e-02
1.358147468908625297e-02
1.358858223253385338e-02
1.359579835772408915e-02
1.359583135812734468e-02
1.359322348425379481e-02
1.360323908439368783e-02
1.359584717034206629e-02
1.359583135812733948e-02
1.359583135812733948e-02
1.360338542011257749e-02
1.360338542011257229e-02
1.361080308920551568e-02
1.351612470372846528e-02
1.351608053947718144e-02
1.351608053947718144e-02
1.354468038816506251e-02
1.351957336442981099e-02
1.351957336442981446e-02
1.351957336442980925e-02
1.351470743321241293e-02
1.351470743321242160e-02
1.356762671928154508e-02
1.356757522381846388e-02
1.356762671928154508e-02
1.358234923529987558e-02
1.358915254158224971e-02
1.357424119244671906e-02
1.352674658958965756e-02
1.352674658958965583e-02
1.351952250876893406e-02
1.351952250876893059e-02
1.352684035874743632e-02
1.352684035874743632e-02
1.352740238443478696e-02
1.352740238443478349e-02
1.352657993621433040e-02
1.353966940725344001e-02
1.353235198176561821e-02
1.352505917919502761e-02
1.352505917919502761e-02
1.352272229251445454e-02
1.352406950508277909e-02
1.352406950508277909e-02
1.352339533075797191e-02
1.351371365625598543e-02
1.351371365625598890e-02
1.351371365625598717e-02
1.353696420930107676e-02
1.353139077065741887e-02
1.353139077065741887e-02
1.352414997542657205e-02
1.348884657385578112e-02
1.351612968017811521e-02
1.350886878269527518e-02
1.350886878269527518e-02
1.351613106841105180e-02
1.351613106841105180e-02
1.351613106841104833e-02
1.351612971797548635e-02
1.351870751973100783e-02
1.351870751973100783e-02
1.351870751973100436e-02
1.355079060853562646e-02
1.355079060853563860e-02
1.355079060853563166e-02
1.355809009905646102e-02
1.355809009905645408e-02
1.355079045288558846e-02
1.355048922293955460e-02
1.354347912452890344e-02
1.348740866589306919e-02
1.356166810467380850e-02
1.356166810467381717e-02
1.356904345914582144e-02
1.358933139378816143e-02
1.358974346462733102e-02
1.360452189282098864e-02
1.360452189282099211e-02
1.360452189282098864e-02
1.360476042123280951e-02
1.359729826316141699e-02
1.359736790690298930e-02
1.359736790690298930e-02
1.359736790690298930e-02
1.358999347918780909e-02
1.361725925641013059e-02
1.361725925641013579e-02
1.357124836790315862e-02
1.357124836790316036e-02
1.357124836790315515e-02
1.357124836790315862e-02
1.356390719943284182e-02
1.357124521425165549e-02
1.355646415941169636e-02
1.358586622869043838e-02
1.356384434345771564e-02
1.356410895274218729e-02
1.356380400415994371e-02
1.356380400415995412e-02
1.357820679889349021e-02
1.357790320160128655e-02
1.355614383690468411e-02
1.356335125301095200e-02
1.356335125301094680e-02
1.356335125301095026e-02
1.356335125301095200e-02
1.357609249695736556e-02
1.357609249695737076e-02
1.358220958956438823e-02
1.358957551609118151e-02
1.360398589393400047e-02
1.356834464278779823e-02
1.356834885087288174e-02
1.356834464278779649e-02
1.358275994529069622e-02
1.359041504217263843e-02
1.358304778088061104e-02
1.356307071779579675e-02
1.359291806322397017e-02
1.359293294874190823e-02
1.358554807496500927e-02
1.363548679247420826e-02
1.361512388141387399e-02
1.361512388141386705e-02
1.361512358763141903e-02
1.361512358763141382e-02
1.362167028480047899e-02
1.362840495350376574e-02
1.360774988502354288e-02
1.360774988502354114e-02
1.361509874657000456e-02
1.361513314549855566e-02
1.360774988502354114e-02
1.359558990646493430e-02
1.356603552231266246e-02
1.361492587196392809e-02
1.360014769971366715e-02
1.360013283066309128e-02
1.360013283066309302e-02
1.356562521516473975e-02
1.357267677738699212e-02
1.358015902412960767e-02
1.359918097222076634e-02
1.359182124821309637e-02
1.355589467289116529e-02
1.355589467289116876e-02
1.355589139141830796e-02
1.354841883252432162e-02
1.354854830266899977e-02
1.355588813912004392e-02
1.354854830266899804e-02
1.354854830266899630e-02
1.354854830266900151e-02
1.355857353679358439e-02
1.360910536903652511e-02
1.358789459016940260e-02
1.358789459016940607e-02
1.359529632574884954e-02
1.358050809371325919e-02
1.358050809371326266e-02
1.359540320448946252e-02
1.360273414178356406e-02
1.358795236008379995e-02
1.358795236008379995e-02
1.358793154033457497e-02
1.358793154033457497e-02
1.358795236008379995e-02
1.360777681989470099e-02
1.360777681989469752e-02
1.357317785800018529e-02
1.356572817473572674e-02
1.356572817473573368e-02
1.357311125550959667e-02
1.357077418469501522e-02
1.357822517452632848e-02
1.357109174514131884e-02
1.360234172859649433e-02
1.365780731122026061e-02
1.366526970094731307e-02
1.365780354818068101e-02
1.366528604588641838e-02
1.367275790339164340e-02
1.365035287534152250e-02
1.366475633758473807e-02
1.366475633758473633e-02
1.368026376179628904e-02
1.368021636626068349e-02
1.367276599570954251e-02
1.367244098396249580e-02
1.367926120256575569e-02
1.365799262876852063e-02
1.361670737312258364e-02
1.355587391492969404e-02
1.355587391492969057e-02
1.357787935341535357e-02
1.357787935341535183e-02
1.357787746967784731e-02
1.357787746967784731e-02
1.357787746967784905e-02
1.357798510996301861e-02
1.357060481310586389e-02
1.358537567422292078e-02
1.357731658672777994e-02
1.362757137001262449e-02
1.362048020887974067e-02
1.363514837829720230e-02
1.363772159633677358e-02
1.348836527986615845e-02
1.348815253907952906e-02
1.348094060265618739e-02
1.347516157673062966e-02
1.348094060265618566e-02
1.348094060265618566e-02
1.348094060265618392e-02
1.348505357940038736e-02
1.348094060265617351e-02
1.348094060265617698e-02
1.349571883861014517e-02
1.349555620920569500e-02
1.349555620920568806e-02
1.348840985839743108e-02
1.348103989435077248e-02
1.351440664185006059e-02
1.348109965676184963e-02
1.348109965676185136e-02
1.348520962229129809e-02
1.347380820947164867e-02
1.348110086599202569e-02
1.348110086599201875e-02
1.347380820947165214e-02
1.347380820947165388e-02
1.347380820947164347e-02
1.347380820947165388e-02
1.347380820947165041e-02
1.347380820947164867e-02
1.347380820947164867e-02
1.347389594489428917e-02
1.348808493415763407e-02
1.348740547608603610e-02
1.348822821075814152e-02
1.348822821075814846e-02
1.348091157381126406e-02
1.348091157381126406e-02
1.348205088097634632e-02
1.348091157381126406e-02
1.348098699817704312e-02
1.349587414984807637e-02
1.349587414984807290e-02
1.349587414984806770e-02
1.350283997158919190e-02
1.348830866349821564e-02
1.348113667517231683e-02
1.348843580895367315e-02
1.349551777977843654e-02
1.349551777977843481e-02
1.348816762103425236e-02
1.352869922836999125e-02
1.352869922836999125e-02
1.353606949505580317e-02
1.350735879578384042e-02
1.349294310898379624e-02
1.348543423901201257e-02
1.349294310898379624e-02
1.349294310898379798e-02
1.350330272588591389e-02
1.349598221035330087e-02
1.350334600492940872e-02
1.349300830186689858e-02
1.349944245694057431e-02
1.349774774367770540e-02
1.349774774367770366e-02
1.349774774367770713e-02
1.351501005648137604e-02
1.348603706131002757e-02
1.348603706131002410e-02
1.348603706131002930e-02
1.350057175487402381e-02
1.350725972785819101e-02
1.350725972785819101e-02
1.350725972785819795e-02
1.350725972785818754e-02
1.350725972785818754e-02
1.352218927131966855e-02
1.352218927131967202e-02
1.347204845330127014e-02
1.347204845330127188e-02
1.347173507528857603e-02
1.349116303068994931e-02
1.347708470164571230e-02
1.347173507528857429e-02
1.347173507528857256e-02
1.348565628782437235e-02
1.347900896209219303e-02
1.347173507528857256e-02
1.348574641698445896e-02
1.345837542823729444e-02
1.346448634686138804e-02
1.346448634686138457e-02
1.346448634686138283e-02
1.347163287576211808e-02
1.347891243904766716e-02
1.349361195435390924e-02
1.350323721737677236e-02
1.356350406455182275e-02
1.355610089538291686e-02
1.356350377104718202e-02
1.356344940829351184e-02
1.355604106785842852e-02
1.355604106785842679e-02
1.355604106785842505e-02
1.354323255138748829e-02
1.353587956363963389e-02
1.354334565500944082e-02
1.354071597034979188e-02
1.354334565500944082e-02
1.352837547478688215e-02
1.354197534355440144e-02
1.355670781654885922e-02
1.354933535763077658e-02
1.354197257609354721e-02
1.354379558496800022e-02
1.353649355707874959e-02
1.354825165655261857e-02
1.352976605065452087e-02
1.352976605065452781e-02
1.353703242914006122e-02
1.353703242914006295e-02
1.352960938900150262e-02
1.352960938900150262e-02
1.351934520744472665e-02
1.351248236179959129e-02
1.352673568564769987e-02
1.352673568564770161e-02
1.352673568564769814e-02
1.353332068348679466e-02
1.353332068348679119e-02
1.353332068348679466e-02
1.353407557259042604e-02
1.353407557259042777e-02
1.353407557259043124e-02
1.354143603074846845e-02
1.354143603074846845e-02
1.354879388429802364e-02
1.354143603074847366e-02
1.352673568564770161e-02
1.352673568564770334e-02
1.351185046596256600e-02
1.350452804384162653e-02
1.350452804384163000e-02
1.352653783351008901e-02
1.352653783351008207e-02
1.352488785301650745e-02
1.348703009731000782e-02
1.348588326461956123e-02
1.348588326461955603e-02
1.347859686906543834e-02
1.348588326461956297e-02
1.347859686906543140e-02
1.347859686906543140e-02
1.347859686906542794e-02
1.348586476132961239e-02
1.351540346632084354e-02
1.352807585146027260e-02
1.352807585146027086e-02
1.350810306372217384e-02
1.350068532902032672e-02
1.350078352608671990e-02
1.350078352608672511e-02
1.350714760260283108e-02
1.351404816131558488e-02
1.350713295218613531e-02
1.350713295218613531e-02
1.350717914932929482e-02
1.350717914932929482e-02
1.350717914932929482e-02
1.351450101012272378e-02
1.351450101012272378e-02
1.351450101012272378e-02
1.352006340717870278e-02
1.352014816710785799e-02
1.348874347088694498e-02
1.348874347088694671e-02
1.348874347088693630e-02
1.348147167166523566e-02
1.348899513543038234e-02
1.348899513543038060e-02
1.350207106368263472e-02
1.349650899978620776e-02
1.350382197163454631e-02
1.349650899978621123e-02
1.353981583931523729e-02
1.353981583931523902e-02
1.352567141654378510e-02
1.352567141654378510e-02
1.352567141654378337e-02
1.349783774629234427e-02
1.349783774629234601e-02
1.349783774629234427e-02
1.349783774629235121e-02
1.349783774629235121e-02
1.349783774629235121e-02
1.349783774629235121e-02
1.354627031121317590e-02
1.352720974088324896e-02
1.351259223637229188e-02
1.351259649677716626e-02
1.350502784588592138e-02
1.350502784588592138e-02
1.350502784588592138e-02
1.350502784588591791e-02
1.350502784588591791e-02
1.350529021222019073e-02
1.350529021222019420e-02
1.350529021222018899e-02
1.350506650988723099e-02
1.349744399428440614e-02
1.349805772695736143e-02
1.349805772695736317e-02
1.351275941024601343e-02
1.355324520670270032e-02
1.355323049548638401e-02
1.355317558039093560e-02
1.356063625739357438e-02
1.355931185868493316e-02
1.355931185868493663e-02
1.355993610661550275e-02
1.356351971366028322e-02
1.354395658345357648e-02
1.355145041627851994e-02
1.355845481642736251e-02
1.355845489776582105e-02
1.354373177979169111e-02
1.353681951439124516e-02
1.353681951439124169e-02
1.353667295031594185e-02
1.354394032928123506e-02
1.354394032928123680e-02
1.354387055401223318e-02
1.355132151804985807e-02
1.355171413047850416e-02
1.358119777051566487e-02
1.358111348272765528e-02
1.351592809017939864e-02
1.352327212334378248e-02
1.351592809017940038e-02
1.350917601390119911e-02
1.350867865751656516e-02
1.350867865751656516e-02
1.352354934849110853e-02
1.352354934849111200e-02
1.352351662295929804e-02
1.352351662295930151e-02
1.352330016027147516e-02
1.352344700926422748e-02
1.356080985940984716e-02
1.352344700926421707e-02
1.352344700926422748e-02
1.351599455045108915e-02
1.351599455045108568e-02
1.352346941131201893e-02
1.352346941131201720e-02
1.353099670844692612e-02
1.353844457191686647e-02
1.353099671592183223e-02
1.353049236934621494e-02
1.352355172379586003e-02
1.352355172379585482e-02
1.352355172379585656e-02
1.352355172379585829e-02
1.360987892708893574e-02
1.362459402030660217e-02
1.361740799905815195e-02
1.363257273997023865e-02
1.361998927502854756e-02
1.361998927502854409e-02
1.361998927502854582e-02
1.364219342402292479e-02
1.363460482735781923e-02
1.364221013733478080e-02
1.363460482735781923e-02
1.363460482735782617e-02
1.364221011192092228e-02
1.364221011192092402e-02
1.364221011192092228e-02
1.363460482735782270e-02
1.365745019163167213e-02
1.364220994635200260e-02
1.364220994635200260e-02
1.364220994635200260e-02
1.364220994635200260e-02
1.364220994635199913e-02
1.364220994635200260e-02
1.364220994635200260e-02
1.364977666929615904e-02
1.359729410008933201e-02
1.359729410008932854e-02
1.359730417103914568e-02
1.359730417103914395e-02
1.358974683962868753e-02
1.358974642166588601e-02
1.358156186373534434e-02
1.358901471670875133e-02
1.357449581994380969e-02
1.358634159310113249e-02
1.358702182575025758e-02
1.359958045252376152e-02
1.359454928440068100e-02
1.360963839724608875e-02
1.360963839724608528e-02
1.361719615958227429e-02
1.354153710391409887e-02
1.354153710391410408e-02
1.355642884021935300e-02
1.355513388034234115e-02
1.355513388034233595e-02
1.355513388034232901e-02
1.357147201175820835e-02
1.356393905801446358e-02
1.359179996298493127e-02
1.359179996298493127e-02
1.359179996298493127e-02
1.359179996298493127e-02
1.359936370520704527e-02
1.359179996298493301e-02
1.359896387156951311e-02
1.359896387156951311e-02
1.359936405224301294e-02
1.357750559535149913e-02
1.359258578298662076e-02
1.359258578298662076e-02
1.360003515953376457e-02
1.359258577544610914e-02
1.359263879329136726e-02
1.358526821008231543e-02
1.360799887590413877e-02
1.359288627169590730e-02
1.359301730848997553e-02
1.359301730848997726e-02
1.359301730848997553e-02
1.359301730848997899e-02
1.360046022549989998e-02
1.360627122264358377e-02
1.359300530491975093e-02
1.359300530491974572e-02
1.359300530491974746e-02
1.360056617901216590e-02
1.358545163597591442e-02
1.358545163597591789e-02
1.357891119082104900e-02
1.357891119082105594e-02
1.358639906033335884e-02
1.358646259346205781e-02
1.359355428736830872e-02
1.359355428736831392e-02
1.359355428736831566e-02
1.359355428736831739e-02
1.360111970788950922e-02
1.360111970788950748e-02
1.358595661372308423e-02
1.358595661372307729e-02
1.358595661372307729e-02
1.358595661372307729e-02
1.358595661372307729e-02
1.358595661372308250e-02
1.358649803908195015e-02
1.359470341491146247e-02
1.359470341491146247e-02
1.359470341491146074e-02
1.359470341491146247e-02
1.359470341491146247e-02
1.359470341491146247e-02
1.359470341491145901e-02
1.358717743196863510e-02
1.358713795256598876e-02
1.360228258028177255e-02
1.359472475605525213e-02
1.360228258028177255e-02
1.359472475605525213e-02
1.358717743196863510e-02
1.358709573598108726e-02
1.359429669599171095e-02
1.359429669599170575e-02
1.359429669599170401e-02
1.359429734618881197e-02
1.357218630805761238e-02
1.357218630805761064e-02
1.357218630805760891e-02
1.356470031056576826e-02
1.360254030632652641e-02
1.360235179833190096e-02
1.360254030632652641e-02
1.360254030632652295e-02
1.360254030632652295e-02
1.360254030632652295e-02
1.360254030632652641e-02
1.360251168974675046e-02
1.360251168974675046e-02
1.359469939908075457e-02
1.359469939908075110e-02
1.359469939908075804e-02
1.405780648404111703e-02
1.406636159853670229e-02
1.404289953010443015e-02
1.403266220978150770e-02
1.403266220978150597e-02
1.403266220978150770e-02
1.403266220978150076e-02
1.403292508318288237e-02
1.405802458923431468e-02
1.405802458923431121e-02
1.405802458923431815e-02
1.406680031703093879e-02
1.406680031703094226e-02
1.402763703916179439e-02
1.403225513451738203e-02
1.403225513451738030e-02
1.402363836861478946e-02
1.402363836861479293e-02
1.402363836861479293e-02
1.402363836861479293e-02
1.402363836861479293e-02
1.402363836861479640e-02
1.404235487704431906e-02
1.404235487704432080e-02
1.405054832059183210e-02
1.405054832059183210e-02
1.405961456959438881e-02
1.405961456959439401e-02
1.405127991282800054e-02
1.405996203140863834e-02
1.405996203140864355e-02
1.405710359813787912e-02
1.405128138064567350e-02
1.405128138064567177e-02
1.404312871205278673e-02
1.406722455082314895e-02
1.405128142181529850e-02
1.405128142181530371e-02
1.405998761886756779e-02
1.405998761886756605e-02
1.405998761886756779e-02
1.405377170534244900e-02
1.406886948884993396e-02
1.405616088100649676e-02
1.407432329765593085e-02
1.406574620100046157e-02
1.409534562882385454e-02
1.407857890839756161e-02
1.407857890839757029e-02
1.407857890839756161e-02
1.407857890839756335e-02
1.407863415512649111e-02
1.407858720841787502e-02
1.407858720841787675e-02
1.409600263126415537e-02
1.407827331209145390e-02
1.407827331209145390e-02
1.407316538999788327e-02
1.409644060874591827e-02
1.406943128367373237e-02
1.406928170998576408e-02
1.406115415318777775e-02
1.406115415318777428e-02
1.406115415318777082e-02
1.406939344276436632e-02
1.405754275548530205e-02
1.405755707925442077e-02
1.404880150765437652e-02
1.405648406002721340e-02
1.405537776665583341e-02
1.405537776665583168e-02
1.405537776665583861e-02
1.409547898371169179e-02
1.412204832155475147e-02
1.411182378108247031e-02
1.411182378108247551e-02
1.411182378108247551e-02
1.411724349677779579e-02
1.412605566108567079e-02
1.410903622436701296e-02
1.411778179651618399e-02
1.412658884405550326e-02
1.411761932899210231e-02
1.411761932899210405e-02
1.410325945896432134e-02
1.410117731697722691e-02
1.410719574956353743e-02
1.410117731697723212e-02
1.408363454441968581e-02
1.408363454441968581e-02
1.408418811737675511e-02
1.407547219230450772e-02
1.407835383458395061e-02
1.408692913692029085e-02
1.406962611405313673e-02
1.406945225906728290e-02
1.406124882247589483e-02
1.406124882247589136e-02
1.408682153870184292e-02
1.408658132256884743e-02
1.407806634152591191e-02
1.407806634152591364e-02
1.407806634152592232e-02
1.407806634152591364e-02
1.408682153870185333e-02
1.407806634152591364e-02
1.407806634152591364e-02
1.407806634152591364e-02
1.407837369327896368e-02
1.403953400756510934e-02
1.404823745831906313e-02
1.402462007421053161e-02
1.403330071805130100e-02
1.402462007421052988e-02
1.401784047126108761e-02
1.401784047126108934e-02
1.404994582450819034e-02
1.404144094768362133e-02
1.404144094768362480e-02
1.404144094768362827e-02
1.404200739945404147e-02
1.404174789099704897e-02
1.402941314245415884e-02
1.402462125382740801e-02
1.405541533319225669e-02
1.405207402315518730e-02
1.406077735854017671e-02
1.406077735854017671e-02
1.406077735854017324e-02
1.406077735854017845e-02
1.406103088455261385e-02
1.405207402315519251e-02
1.406077797650749465e-02
1.406077797650749292e-02
1.405207402315518730e-02
1.405207402315518730e-02
1.405207402315518730e-02
1.405232299656461806e-02
1.406098927815133300e-02
1.405232299656461112e-02
1.405232299656461979e-02
1.409123338080985749e-02
1.409134877409026071e-02
1.409134877409025551e-02
1.407506773532374300e-02
1.407513448239657711e-02
1.407513448239658058e-02
1.407513448239657537e-02
1.406691539110858230e-02
1.406691539110857883e-02
1.409224964490506278e-02
1.409074616817708805e-02
1.407566189987067250e-02
1.407566189987066729e-02
1.405003996360746667e-02
1.405003996360747361e-02
1.405003996360747014e-02
1.405003996360747014e-02
1.405003996360747014e-02
1.405834178794267836e-02
1.405003996360747534e-02
1.405003996360747361e-02
1.405833407262289253e-02
1.405027595976251348e-02
1.405623073662866547e-02
1.405623073662867067e-02
1.407367892742656876e-02
1.405616476984188415e-02
1.405590021236013606e-02
1.410388409620309293e-02
1.408671452213086477e-02
1.407794522915406174e-02
1.407794522915405827e-02
1.409555664355574903e-02
1.410397252734186223e-02
1.408677548013171320e-02
1.409555801284994442e-02
1.409555801284995136e-02
1.409554228537086493e-02
1.408677548013171320e-02
1.407822764764113561e-02
1.407759611065469672e-02
1.407759611065469672e-02
1.407759611065469672e-02
1.410651305282648385e-02
1.410651305282648559e-02
1.410651305282648038e-02
1.410651305282648038e-02
1.410651305282648038e-02
1.412390371685365992e-02
1.411528993490207724e-02
1.409829532247402518e-02
1.410706978314262873e-02
1.409829532247403212e-02
1.409829532247403039e-02
1.409829532247403386e-02
1.410182323427395384e-02
1.410182323427395384e-02
1.409829532247402692e-02
1.409859414603172045e-02
1.410737651460950912e-02
1.409014656860541233e-02
1.411487016479392141e-02
1.411421909997021863e-02
1.412286524213665281e-02
1.412286524213664934e-02
1.412286524213664761e-02
1.414028449407218370e-02
1.411421909997021169e-02
1.409541280588855888e-02
1.409541280588855888e-02
1.413147673511785767e-02
1.412280163995256049e-02
1.414930766965584105e-02
1.414930766965584973e-02
1.414930766965584626e-02
1.414930766965584626e-02
1.411405399256766141e-02
1.411405399256766488e-02
1.411405399256765794e-02
1.409062084015568102e-02
1.409062084015568102e-02
1.409062084015567928e-02
1.409062084015567928e-02
1.409062084015567408e-02
1.409062084015567408e-02
1.409910090051530972e-02
1.409062084015567581e-02
1.409062084015567755e-02
1.409062084015567581e-02
1.415219660069669955e-02
1.415219660069669608e-02
1.415219660069669261e-02
1.415175544080146501e-02
1.414358969070493056e-02
1.416117873794593522e-02
1.415229287965492737e-02
1.414343560113940496e-02
1.414343560113941536e-02
1.414343560113940843e-02
1.414343560113941536e-02
1.413455822433326743e-02
1.414344057918471773e-02
1.414340693036566891e-02
1.414340693036567065e-02
1.414344075328329182e-02
1.414344075328329182e-02
1.417538155827132579e-02
1.417538155827132752e-02
1.417940489943668968e-02
1.418091889709527723e-02
1.417940489943669488e-02
1.417519705207152987e-02
1.416767995893649518e-02
1.416767995893650038e-02
1.416767995893649691e-02
1.416767995893649691e-02
1.416767995893649518e-02
1.416767995893649865e-02
1.416767995893650038e-02
1.417640483912501435e-02
1.416767995893650038e-02
1.416767995893649691e-02
1.416767995893649691e-02
1.416767995893650385e-02
1.417722428752082181e-02
1.416013410863491834e-02
1.416013410863492354e-02
1.415976897654414556e-02
1.415976897654414209e-02
1.420017336366282724e-02
1.418116438672398227e-02
1.418081276439426934e-02
1.418081276439427628e-02
1.418081276439427628e-02
1.418081276439427628e-02
1.414712260863015651e-02
1.411790863540021181e-02
1.411790863540021181e-02
1.411790863540021528e-02
1.411790863540021007e-02
1.411760353531639131e-02
1.411757362718098381e-02
1.411757362718098208e-02
1.412665556416145725e-02
1.410195420757779511e-02
1.410195420757780725e-02
1.410195420757780899e-02
1.411722106372362805e-02
1.410641054633333252e-02
1.410641054633333252e-02
1.410641054633333252e-02
1.410641054633333252e-02
1.409947937934660951e-02
1.409947937934660778e-02
1.410828716256297410e-02
1.412617970884564103e-02
1.411761102098255463e-02
1.408226521680424823e-02
1.409110729937667131e-02
1.409110729937666784e-02
1.410915152076021653e-02
1.410042606127109507e-02
1.410074470201528284e-02
1.412125951148236226e-02
1.411128951735237357e-02
1.411129522918780702e-02
1.411964659020428954e-02
1.411116036448635536e-02
1.411116036448635536e-02
1.410242530853294748e-02
1.411129521958424948e-02
1.410242530853294922e-02
1.410242530853294055e-02
1.410242530853294575e-02
1.411994083159401683e-02
1.410242530853294575e-02
1.410242530853294922e-02
1.411943710647240759e-02
1.411943710647240238e-02
1.411943710647240238e-02
-2.557379370589239406e-02
-2.557093138726127673e-02
-2.557093138726127673e-02
-2.559466991585639811e-02
-2.559359724919183995e-02
-2.561225229636301254e-02
-2.560465553882749004e-02
-2.558162042179959808e-02
-2.558162042179960155e-02
-2.557762742542555104e-02
-2.560141996807187986e-02
-2.555888084055559298e-02
-2.558242470200155355e-02
-2.558156084428011429e-02
-2.555678164996428095e-02
-2.562352844242953356e-02
-2.562234476984472445e-02
-2.560236292743849063e-02
-2.542548126875881359e-02
-2.544730541257694476e-02
-2.544730541257694129e-02
-2.544723685853429382e-02
-2.544723685853429035e-02
-2.544723685853428341e-02
-2.544723685853428688e-02
-2.546038313796376851e-02
-2.542643545299374391e-02
-2.542643545299375085e-02
-2.542643545299374391e-02
-2.547588671856393719e-02
-2.544993769128461522e-02
-2.551415473800230233e-02
-2.551415473800230926e-02
-2.550925514755917473e-02
-2.553558873932677484e-02
-2.553558873932676096e-02
-2.551193584190345268e-02
-2.551193584190345962e-02
-2.551193584190343880e-02
-2.551193584190344921e-02
-2.551193584190344921e-02
-2.551193584190345268e-02
-2.551193584190345268e-02
-2.553588438492575968e-02
-2.553588438492575274e-02
-2.551193584190344921e-02
-2.419708383726875897e-02
-2.421139173856251547e-02
-2.428056256035542732e-02
-2.423850506483609529e-02
-2.425980818821958304e-02
-2.425980818821958304e-02
-2.419880621373091817e-02
-2.421518755585037180e-02
-2.421518755585036833e-02
-2.416808984747929878e-02
-2.416808984747928143e-02
-2.421190716480126071e-02
-2.421190716480126071e-02
-2.419978325498739827e-02
-2.418478738140441772e-02
-2.420091934522349345e-02
-2.418499056588501936e-02
-2.421674336485523521e-02
-2.422560314314890079e-02
-2.422560314314889732e-02
-2.422560314314889385e-02
-2.426915417139129116e-02
-2.422494023426269641e-02
-2.423498699367273440e-02
-2.423498699367273787e-02
-2.423498699367273787e-02
-2.423498699367274481e-02
-2.423498699367273787e-02
-2.421941279650600271e-02
-2.421941279650599924e-02
-2.421941279650600271e-02
-2.421941279650600271e-02
-2.421941279650600617e-02
-2.421941279650600617e-02
-2.421941279650600271e-02
-2.421941279650600617e-02
-2.421941279650601311e-02
-2.417186596119462461e-02
-2.417186596119462114e-02
-2.420093405093482961e-02
-2.418789962563340154e-02
-2.418874231440165667e-02
-2.419079033117133362e-02
-2.419089751613768755e-02
-2.419089751613768755e-02
-2.419089751613768755e-02
-2.419089751613768755e-02
-2.418114408194303039e-02
-2.418114408194301998e-02
-2.419700919194794214e-02
-2.419700919194794214e-02
-2.424412888294403753e-02
-2.419058015824730040e-02
-2.419058015824729693e-02
-2.419058015824729693e-02
-2.420634918572630440e-02
-2.422386456960324425e-02
-2.423970163619577206e-02
-2.417707904645828923e-02
-2.417707904645829617e-02
-2.417720605700467845e-02
-2.419292137734237527e-02
-2.417720605700467845e-02
-2.417720605700467845e-02
-2.421153905927631717e-02
-2.421153905927632063e-02
-2.421153905927632757e-02
-2.422733861404845548e-02
-2.421153905927632063e-02
-2.421153905927633104e-02
-2.421153905927632410e-02
-2.420415384687516630e-02
-2.418862930081282225e-02
-2.418862930081281878e-02
-2.418862930081282225e-02
-2.418862930081281878e-02
-2.418862930081281878e-02
-2.418862930081281531e-02
-2.419415841962659075e-02
-2.418862930081281531e-02
-2.418862930081282572e-02
-2.420400821745514672e-02
-2.420435309817011577e-02
-2.420435309817012270e-02
-2.420435309817012270e-02
-2.421935288009696360e-02
-2.418862930081282919e-02
-2.418862930081283266e-02
-2.418862930081283613e-02
-2.418862930081284307e-02
-2.420439543068159810e-02
-2.418862930081283613e-02
-2.418862930081284307e-02
-2.429917910991299251e-02
-2.426808792359294933e-02
-2.426808792359294933e-02
-2.418755776881650194e-02
-2.422663761050428480e-02
-2.421085403265802599e-02
-2.421085403265801558e-02
-2.422666024931232134e-02
-2.421343112707519465e-02
-2.419776780131219218e-02
-2.419776780131219912e-02
-2.419809876428030346e-02
-2.424553459429067831e-02
-2.429147804945494885e-02
-2.425987318298951367e-02
-2.425987318298951714e-02
-2.426705380164912232e-02
-2.426705380164912232e-02
-2.427487378201256818e-02
-2.427487378201257859e-02
-2.428880608440927083e-02
-2.427487378201258900e-02
-2.427488377230130334e-02
-2.427488377230130334e-02
-2.425927074062250374e-02
-2.425927074062250027e-02
-2.424343542122680065e-02
-2.424699948059259522e-02
-2.424726674010324601e-02
-2.424726674010323907e-02
-2.424726674010323907e-02
-2.426315163329561750e-02
-2.414294230212024259e-02
-2.414294230212025300e-02
-2.414294230212024259e-02
-2.414294230212024953e-02
-2.414294230212024606e-02
-2.414294230212024259e-02
-2.414294230212025300e-02
-2.414294230212024953e-02
-2.414294230212024953e-02
-2.412718888416370139e-02
-2.415813669153457285e-02
-2.418636632847661477e-02
-2.420201992481121195e-02
-2.418636632847661477e-02
-2.418636632847661477e-02
-2.418636632847662171e-02
-2.417563814203575745e-02
-2.420207443636331404e-02
-2.420207443636331057e-02
-2.419549140730508502e-02
-2.419549140730508502e-02
-2.419592734031024428e-02
-2.419592734031025122e-02
-2.418129798031735597e-02
-2.419485878455980218e-02
-2.419485878455980218e-02
-2.419485878455980565e-02
-2.424950904942450511e-02
-2.420094066400524033e-02
-2.420094066400524727e-02
-2.421031357273991519e-02
-2.421031357273991519e-02
-2.421031357273991519e-02
-2.422561053346491272e-02
-2.421709384904880552e-02
-2.421877599856558927e-02
-2.421877599856559274e-02
-2.421877599856559621e-02
-2.421877599856558927e-02
-2.420309006489256010e-02
-2.421887931876809050e-02
-2.418708216817571505e-02
-2.417132355135956714e-02
-2.415536767370679225e-02
-2.415536767370678878e-02
-2.420771131906494442e-02
-2.420771131906494442e-02
-2.422351403267121103e-02
-2.423737669639483561e-02
-2.420771131906495136e-02
-2.422978788753050311e-02
-2.421393375335415335e-02
-2.421393375335415682e-02
-2.425418558022615981e-02
-2.427614259559010210e-02
-2.427614259559009516e-02
-2.427614259559010210e-02
-2.422987913867200027e-02
-2.424580923003250704e-02
-2.425296632409305181e-02
-2.422993315418381366e-02
-2.424581087719782091e-02
-2.422993315418381713e-02
-2.413992063504095259e-02
-2.413992063504094912e-02
-2.413223599876648112e-02
-2.436256695959955476e-02
-2.434679954767375934e-02
-2.434683020411568949e-02
-2.434683020411569296e-02
-2.434683020411569296e-02
-2.434817256539656069e-02
-2.434683020411568602e-02
-2.426207925994220901e-02
-2.426207925994220554e-02
-2.427770954380749704e-02
-2.426207925994220554e-02
-2.426207925994220208e-02
-2.424608326507275008e-02
-2.420779710312610106e-02
-2.420779710312610106e-02
-2.420779710312610106e-02
-2.420779710312610106e-02
-2.420779710312610453e-02
-2.433768304168524785e-02
-2.432230958101526744e-02
-2.432227759819391433e-02
-2.430038408480842543e-02
-2.431650557632688420e-02
-2.428412060199755182e-02
-2.432536299553174353e-02
-2.430899105556383333e-02
-2.430899105556383333e-02
-2.430899105556383680e-02
-2.430899105556383333e-02
-2.430899105556383333e-02
-2.434126723278194973e-02
-2.430899105556383333e-02
-2.430956835710334704e-02
-2.433227184504307972e-02
-2.430009705097538331e-02
-2.426808155171020567e-02
-2.426808155171020914e-02
-2.426808155171021261e-02
-2.426808155171020914e-02
-2.427668423521040647e-02
-2.431498498894914609e-02
-2.432571944179046444e-02
-2.433039229107146137e-02
-2.433039229107145790e-02
-2.434654544639496682e-02
-2.436202611418117336e-02
-2.428403538631138808e-02
-2.428403538631138808e-02
-2.428403538631139849e-02
-2.428358542343603613e-02
-2.429635627077835272e-02
-2.432975173961933815e-02
-2.431183039484130504e-02
-2.431456454783787607e-02
-2.431622133418134477e-02
-2.431622133418134477e-02
-2.431622133418134477e-02
-2.431604183325165869e-02
-2.429854535902432541e-02
-2.428298674605842283e-02
-2.428298674605842283e-02
-2.428298674605841243e-02
-2.428298674605841936e-02
-2.428274532501390262e-02
-2.429382743167852673e-02
-2.433615074888453855e-02
-2.433615074888453508e-02
-2.433615074888454202e-02
-2.433615074888453161e-02
-2.433615074888454202e-02
-2.436464527810902961e-02
-2.436464527810902614e-02
-2.433615074888454202e-02
-2.432996548186603866e-02
-2.432996548186604213e-02
-2.434612754785932601e-02
-2.435181531099087082e-02
-2.432860247683915275e-02
-2.432860247683915275e-02
-2.432860247683914928e-02
-2.433615068276678839e-02
-2.435799139240887520e-02
-2.433561746694664837e-02
-2.431993832234375166e-02
-2.437005315357523155e-02
-2.437005315357522808e-02
-2.436992497321021495e-02
-2.435383183763478385e-02
-2.435383183763478385e-02
-2.437009244293694699e-02
-2.437009244293694352e-02
-2.439410478051192571e-02
-2.435410557411045104e-02
-2.437030900376102940e-02
-2.435855816341383345e-02
-2.435855816341383345e-02
-2.422283477449126490e-02
-2.422273232265755374e-02
-2.423886519897968522e-02
-2.422283477449126143e-02
-2.437955481963836879e-02
-2.437955481963836879e-02
-2.436327678560264859e-02
-2.436810191439504544e-02
-2.436538123160210401e-02
-2.435284118862601418e-02
-2.435284118862601418e-02
-2.419404074931710835e-02
-2.417810585275075030e-02
-2.424065163420451724e-02
-2.424173388842824906e-02
-2.424173388842824906e-02
-2.433013487375358316e-02
-2.433645691762862870e-02
-2.433645691762862523e-02
-2.433365637550511176e-02
-2.433365637550511176e-02
-2.430405243933780185e-02
-2.431593133903026463e-02
-2.430973294542397231e-02
-2.431593133903026463e-02
-2.433208543457882414e-02
-2.431593133903026810e-02
-2.434658965356110982e-02
-2.434658965356110982e-02
-2.425709587790008184e-02
-2.425628596703711601e-02
-2.425628596703711601e-02
-2.441212036166976254e-02
-2.442864315108002685e-02
-2.442864315108002338e-02
-2.437405474700203578e-02
-2.437405474700202884e-02
-2.437405474700202884e-02
-2.437405474700203231e-02
-2.437405474700203231e-02
-2.438105472458317394e-02
-2.440519537928579480e-02
-2.440510292434687825e-02
-2.437594886612758430e-02
-2.436093106073503392e-02
-2.436517101722156589e-02
-2.436519175402600962e-02
-2.434493967401566913e-02
-2.434493967401566913e-02
-2.434493967401566913e-02
-2.435971282122456963e-02
-2.435971282122456269e-02
-2.436124339847437273e-02
-2.436124339847436926e-02
-2.436124339847436579e-02
-2.443604626351893183e-02
-2.445249423031525815e-02
-2.445249423031525815e-02
-2.440328958331484596e-02
-2.440328958331484596e-02
-2.440328958331484596e-02
-2.440328958331483555e-02
-2.440328958331483902e-02
-2.435465669225049881e-02
-2.434454283842515943e-02
-2.439719518429464551e-02
-2.437510188325706095e-02
-2.437509287648280051e-02
-2.437510188325705401e-02
-2.437510188325706095e-02
-2.439044537280055450e-02
-2.439044537280055450e-02
-2.446028805733268391e-02
-2.446028805733268738e-02
-2.446106055390644129e-02
-2.444537422612217542e-02
-2.442944625953227464e-02
-2.442987927503363285e-02
-2.443004403710637845e-02
-2.441438126569578024e-02
-2.441438126569578024e-02
-2.441438126569578371e-02
-2.441438126569578718e-02
-2.441438126569578024e-02
-2.440663182420993102e-02
-2.439100968261821711e-02
-2.440663621270183770e-02
-2.439100964614307129e-02
-2.439100964614307129e-02
-2.436810543539682725e-02
-2.436810543539683072e-02
-2.436810543539683072e-02
-2.436810543539683072e-02
-2.438145448661612272e-02
-2.435045421440134444e-02
-2.438037534369353124e-02
-2.438037534369353124e-02
-2.436482179700939082e-02
-2.437781489265719581e-02
-2.436482179700938389e-02
-2.439228330977244452e-02
-2.432374971905870362e-02
-2.432374971905870015e-02
-2.430816548628004017e-02
-2.432374971905870362e-02
-2.432374971905870015e-02
-2.433151527940813352e-02
-2.433151527940814046e-02
-2.433151527940814046e-02
-2.433151527940813699e-02
-2.432899195056610619e-02
-2.440408671189945103e-02
-2.433829229603978739e-02
-2.432426838484599493e-02
-2.432426838484600187e-02
-2.432236750565199696e-02
-2.430878126341274106e-02
-2.429533895570291577e-02
-2.430046135744844821e-02
-2.429527973989990125e-02
-2.428699566548134930e-02
-2.428699566548134584e-02
-2.428699566548134584e-02
-2.438907712642674266e-02
-2.447723556471216588e-02
-2.447723556471215894e-02
-2.444607168052176024e-02
-2.444607168052176024e-02
-2.444611432079410104e-02
-2.444611432079409757e-02
-2.449538318932485692e-02
-2.450564681431542310e-02
-2.448321560184394535e-02
-2.448321560184394882e-02
-2.445652249941317538e-02
-2.445652249941317538e-02
-2.447226479227873966e-02
-2.444595289562723553e-02
-2.444595289562723553e-02
-2.444595289562724247e-02
-2.446168440871684252e-02
-2.439205011727623926e-02
-2.440872160523432227e-02
-2.442433833917687785e-02
-2.442433833917687439e-02
-2.442433833917687439e-02
-2.442433833917687785e-02
-2.442433833917687092e-02
-2.442433833917688132e-02
-2.442433833917687439e-02
-2.442433833917688479e-02
-2.445534250839958082e-02
-2.442433833917687785e-02
-2.443998247102186980e-02
-2.442435984663412010e-02
-2.444549789750720056e-02
-2.443963373669027356e-02
-2.445529264369872974e-02
-2.440936901654888400e-02
-2.441646698190549220e-02
-2.444077750499363405e-02
-2.444077750499364099e-02
-2.442905708542909143e-02
-2.442905708542908449e-02
-2.437084138749796153e-02
-2.436878473277136539e-02
-2.436878473277136539e-02
-2.438436450299590399e-02
-2.436878473277136886e-02
-2.436878473277136886e-02
-2.436878473277137233e-02
-2.438878747247154311e-02
-2.436878473277136886e-02
-2.436878473277136886e-02
-2.437923975488575160e-02
-2.437923975488574813e-02
-2.436591986985710279e-02
-2.436591986985710279e-02
-2.436591986985710626e-02
-2.439334081629949622e-02
-2.438436452700076806e-02
-2.438436452700076459e-02
-2.439996764153909425e-02
-2.439974729613334295e-02
-2.438436452700076806e-02
-2.438436452700076459e-02
-2.438436452700076459e-02
-2.438436452700076806e-02
-2.438436452700076806e-02
-2.438436452700075766e-02
-2.439588360432800793e-02
-2.438434830421477156e-02
-2.436878473277137580e-02
-2.436878473277137233e-02
-2.436878473277137927e-02
-2.436878473277137580e-02
-2.436878473277137927e-02
-2.436878473277138274e-02
-2.436878473277136886e-02
-2.436878473277137580e-02
-2.438433210632732009e-02
-2.438433210632732356e-02
-2.438433210632733050e-02
-2.438432018132376256e-02
-2.436878473277137580e-02
-2.438403945135877993e-02
-2.444462229071498599e-02
-2.444462229071498252e-02
-2.440023082371711727e-02
-2.440023082371711380e-02
-2.438435655488698298e-02
-2.438435655488698298e-02
-2.430865779209864797e-02
-2.430865779209864450e-02
-2.430865779209864450e-02
-2.429877372312325493e-02
-2.429877372312325493e-02
-2.431065268878788641e-02
-2.429607032767317279e-02
-2.431070614137255739e-02
-2.430009600705856573e-02
-2.432144627837328626e-02
-2.433016896285496861e-02
-2.433016896285496514e-02
-2.431371076905467637e-02
-2.429144362333886253e-02
-2.429144362333886947e-02
-2.429223506617646591e-02
-2.429223506617647285e-02
-2.433212314276982785e-02
-2.433212314276982785e-02
-2.434764778512363281e-02
-2.434541115955447463e-02
-2.436097338111675725e-02
-2.436094824753225196e-02
-2.436062325920501301e-02
-2.436062325920500607e-02
-2.437620816764576523e-02
-2.434177790851742296e-02
-2.434710600599455238e-02
-2.433891665822676340e-02
-2.431644655500882213e-02
-2.431644655500882213e-02
-2.432236389565927900e-02
-2.432509105170956379e-02
-2.432506994589529389e-02
-2.432506994589530083e-02
-2.435737722314922429e-02
-2.433200833575202907e-02
-2.434753551642156524e-02
-2.443097007848917673e-02
-2.444017807718262825e-02
-2.443097007848918020e-02
-2.441673624472585555e-02
-2.441525706273622517e-02
-2.440255259409003508e-02
-2.440255259409003161e-02
-2.440255259409005242e-02
-2.440255259409005242e-02
-2.440255259409004548e-02
-2.440255259409005242e-02
-2.440255259409005242e-02
-2.440255259409004548e-02
-2.423477347734831130e-02
-2.423477347734830784e-02
-2.424337898941915023e-02
-2.430561827873297873e-02
-2.429040002030286027e-02
-2.429040002030285680e-02
-2.426007835944130747e-02
-2.427362725931912768e-02
-2.426661194001796321e-02
-2.428214161232288351e-02
-2.426661194001795627e-02
-2.425663922233415454e-02
-2.425663922233414760e-02
-2.425663922233414760e-02
-2.428632184661497911e-02
-2.429707319992535294e-02
-2.429707319992534947e-02
-2.429707319992535641e-02
-2.429701190779834027e-02
-2.422975475494028655e-02
-2.420567911170244321e-02
-2.420567911170245015e-02
-2.420567911170244668e-02
-2.420567911170245015e-02
-2.420567911170244321e-02
-2.420567911170244668e-02
-2.419145989721980042e-02
-2.423664721426247587e-02
-2.423664721426247587e-02
-2.423664721426247587e-02
-2.423664721426247934e-02
-2.420464382812098289e-02
-2.420464382812098636e-02
-2.423655481657980421e-02
-2.423664847108687390e-02
-2.422343949467794730e-02
-2.418034026246041607e-02
-2.418034026246041954e-02
-2.418989321070105780e-02
-2.418034026246041260e-02
-2.418034026246041954e-02
-2.418034026246041954e-02
-2.418034026246041607e-02
-2.418026781660893160e-02
-2.421119974499822552e-02
-2.421119974499822552e-02
-2.422669466850832856e-02
-2.423959588531762396e-02
-2.422410384727015364e-02
-2.452696401851807428e-02
-2.452696401851808122e-02
-2.456133662536863493e-02
-2.451362643259161547e-02
-2.452968420510302436e-02
-2.452968420510302436e-02
-2.453547367496180728e-02
-2.445317849084381948e-02
-2.445317849084381948e-02
-2.443740662304943675e-02
-2.443736128394256163e-02
-2.443736128394256510e-02
-2.443736739133613514e-02
-2.445322787824154992e-02
-2.445322787824155339e-02
-2.445322787824154992e-02
-2.443736739133613514e-02
-2.446897011710806938e-02
-2.446897011710806591e-02
-2.445312410652361254e-02
-2.445312410652361601e-02
-2.445312410652360907e-02
-2.445312410652360907e-02
-2.446897317029460978e-02
-2.446897316278055096e-02
-2.445312410652361254e-02
-2.445312410652361254e-02
-2.449743785686692155e-02
-2.447526507528834105e-02
-2.458323480508304432e-02
-2.458353541519375449e-02
-2.458353541519374755e-02
-2.458373174879966913e-02
-2.458373174879966219e-02
-2.459878906164984780e-02
-2.453808812008548973e-02
-2.455198373447520233e-02
-2.453808812008548973e-02
-2.453546241002035541e-02
-2.456420236941423557e-02
-2.454822920045456741e-02
-2.456362999106259312e-02
-2.456362999106260006e-02
-2.456362999106260006e-02
-2.454822920045457088e-02
-2.455009797538565061e-02
-2.455009797538564714e-02
-2.465077500120215967e-02
-2.466681786052814934e-02
-2.465077500120215273e-02
-2.465077500120215273e-02
-2.465053774116436960e-02
-2.465067737036040832e-02
-2.455389597073170602e-02
-2.455389597073170255e-02
-2.455389597073170949e-02
-2.455389597073170602e-02
-2.456796543788780651e-02
-2.455119792667492459e-02
-2.455119792667492459e-02
-2.455119792667491765e-02
-2.456494216977025274e-02
-2.458092642407457007e-02
-2.453522520326963455e-02
-2.453522520326962414e-02
-2.451948099228470207e-02
-2.455014381071641411e-02
-2.454125730308451964e-02
-2.454125730308452311e-02
-2.454125730308451964e-02
-2.454125730308451964e-02
-2.454125730308451964e-02
-2.455120932051039345e-02
-2.454125730308451964e-02
-2.454125730308451617e-02
-2.454125730308451617e-02
-2.456948517935152523e-02
-2.455360633683158211e-02
-2.455363941405959080e-02
-2.453766951831543378e-02
-2.449837259624601526e-02
-2.449895065372703976e-02
-2.449895065372703976e-02
-2.451539800130805163e-02
-2.453228831625406045e-02
-2.451636402239781506e-02
-2.451636402239781160e-02
-2.451636402239781853e-02
-2.451810618558817115e-02
-2.451810618558816421e-02
-2.451810618558816074e-02
-2.451810618558816074e-02
-2.451810618558816768e-02
-2.451822384652585854e-02
-2.451830624022262317e-02
-2.458051795889971275e-02
-2.459816695469710726e-02
-2.459816695469711073e-02
-2.456990931173613432e-02
-2.450689912681780144e-02
-2.453266819947506547e-02
-2.448661226390795587e-02
-2.448661226390794546e-02
-2.448661226390794893e-02
-2.453367049759453897e-02
-2.451855767370858877e-02
-2.455658030510709036e-02
-2.455658030510709036e-02
-2.454329101751040465e-02
-2.454984820011184635e-02
-2.454984820011184288e-02
-2.437361023236005175e-02
-2.441294012134757538e-02
-2.441294012134757885e-02
-2.438178901358587988e-02
-2.438178901358588682e-02
-2.437831641718679956e-02
-2.439387469336538536e-02
-2.437988345499969220e-02
-2.437885304458220492e-02
-2.437044501792251169e-02
-2.437044501792251169e-02
-2.436995986590282173e-02
-2.439585766725532040e-02
-2.435517205329845378e-02
-2.435517205329845725e-02
-2.435517205329845378e-02
-2.435517205329844684e-02
-2.435517205329844684e-02
-2.436358591248397043e-02
-2.437310527864840204e-02
-2.434355258122122487e-02
-2.435902006758241742e-02
-2.434355258122123181e-02
-2.434355258122123181e-02
-2.434158080761225640e-02
-2.432608352647687780e-02
-2.432806329274011733e-02
-2.434887474240685079e-02
-2.434887474240684732e-02
-2.434887474240685079e-02
-2.434887474240685426e-02
-2.436438305518057873e-02
-2.434887474240685426e-02
-2.434887474240685773e-02
-2.432259922949091269e-02
-2.432259922949090922e-02
-2.432259922949090575e-02
-2.432259922949091269e-02
-2.435067211987000310e-02
-2.435067211986999963e-02
-2.435062362547528100e-02
-2.431968138312109659e-02
-2.430422351721154076e-02
-2.439116152375545021e-02
-2.439116152375545021e-02
-2.437597266492193271e-02
-2.435319957781692177e-02
-2.435333714086233489e-02
-2.431624835511743063e-02
-2.433133362797296542e-02
-2.434123715928555517e-02
-2.434123715928554824e-02
-2.434123715928555517e-02
-2.431825617370243775e-02
-2.438265575489736645e-02
-2.439365774458254407e-02
-2.439365774458254407e-02
-2.433122336527669335e-02
-2.434311309584432856e-02
-2.434311309584432162e-02
-2.437655270343960096e-02
-2.437655270343960096e-02
-2.439207979691868783e-02
-2.440763005718309467e-02
-2.439207968227119841e-02
-2.439207968227119494e-02
-2.436909275760520618e-02
-2.436909275760519578e-02
-2.435359181391144601e-02
-2.435680994501331076e-02
-2.435680994501330035e-02
-2.435680994501329688e-02
-2.435680994501330035e-02
-2.435680994501330382e-02
-2.435680994501330382e-02
-2.434979811509567840e-02
-2.435447052163070350e-02
-2.435201163154341111e-02
-2.436640305365176881e-02
-2.435199194638262496e-02
-2.436746956927413749e-02
-2.430657190620962721e-02
-2.430657190620963068e-02
-2.430657190620963415e-02
-2.436764756092245354e-02
-2.436572114098815162e-02
-2.433746270306554049e-02
-2.433746270306554049e-02
-2.433746270306554743e-02
-2.436840557283353678e-02
-2.436838421712511638e-02
-2.436838421712511638e-02
-2.436840557283354025e-02
-2.433362390417170493e-02
-2.434368982302309581e-02
-2.432201768187825658e-02
-2.433746252725313419e-02
-2.436819563385298967e-02
-2.435270460282154548e-02
-2.440242850568379029e-02
-2.440242850568378682e-02
-2.439748517634016470e-02
-2.437694139350621639e-02
-2.440788930911887838e-02
-2.434094947077359780e-02
-2.428814379868951545e-02
-2.428814379868951892e-02
-2.428814379868951545e-02
-2.428814379868951545e-02
-2.428814379868950504e-02
-2.431842853924438483e-02
-2.433381080196735796e-02
-2.432282061794533920e-02
-2.437342650768238930e-02
-2.442031130338194120e-02
-2.440538479327846247e-02
-2.437580396996158819e-02
-2.437580396996159166e-02
-2.437580396996159166e-02
-2.437443523572438778e-02
-2.439682854646000806e-02
-2.431524225921727345e-02
-2.429988673551007963e-02
-2.431524178975099509e-02
-2.435087209686312079e-02
-2.435087209686312079e-02
-2.435087209686312079e-02
-2.435087209686312773e-02
-2.433680228063034301e-02
-2.433680228063034648e-02
-2.435643466027490045e-02
-2.435643466027490045e-02
-2.435643466027490045e-02
-2.434101414454476961e-02
-2.435645228478892921e-02
-2.435645228478892921e-02
-2.435063059658826995e-02
-2.434078130021104583e-02
-2.432570034542946152e-02
-2.443683715646965959e-02
-2.441956378190337368e-02
-2.441956378190337021e-02
-2.433804724088417179e-02
-2.443938379626562143e-02
-2.442389054101559709e-02
-2.442389054101559709e-02
-2.442389054101559362e-02
-2.443936769602154946e-02
-2.442132261210215247e-02
-2.441634014808119826e-02
-2.442132261210215594e-02
-2.442132261210215594e-02
-2.442132261210215247e-02
-2.449336279827246318e-02
-2.449654117314390908e-02
-2.456527786826944240e-02
-2.458181839372771890e-02
-2.455189246693356350e-02
-2.451168814085923076e-02
-2.449766961005274760e-02
-2.451168814085922729e-02
-2.449638518177399762e-02
-2.449638518177399416e-02
-2.454285750170233718e-02
-2.452721142934969484e-02
-2.458098788474387397e-02
-2.458098788474387397e-02
-2.458098788474387397e-02
-2.457139480940778026e-02
-2.457791958147817826e-02
-2.457139480940776985e-02
-2.455575131202067385e-02
-2.455575131202067732e-02
-2.455575131202067385e-02
-2.451095391590350780e-02
-2.450025488142849872e-02
-2.452169714337147297e-02
-2.454531032952278827e-02
-2.459524363252245382e-02
-2.459524363252245036e-02
-2.458045972774511312e-02
-2.456475830524775666e-02
-2.458030667481704568e-02
-2.448438581453541568e-02
-2.446883042659071111e-02
-2.446657121384319608e-02
-2.446657121384319608e-02
-2.447203197416412609e-02
-2.445768969276720592e-02
-2.444216417224049850e-02
-2.445768962872116314e-02
-2.445768962872116314e-02
-2.445359886163528396e-02
-2.445359886163529090e-02
-2.445025191657609204e-02
-2.445024376860943649e-02
-2.445024376860943996e-02
-2.449679762462627503e-02
-2.448123269002262445e-02
-2.449681447936651046e-02
-2.448123269002263139e-02
-2.448123269002262792e-02
-2.448130727101918702e-02
-2.445102386097195921e-02
-2.448134397246430269e-02
-2.448426724508127872e-02
-2.448269658525460343e-02
-2.445617996428875104e-02
-2.441397234356248308e-02
-2.438359917561483056e-02
-2.426201803664767079e-02
-2.429587536497560679e-02
-2.429587536497559985e-02
-2.429587536497559985e-02
-2.426777428608197298e-02
-2.421483183173202963e-02
-2.421601157550364383e-02
-2.421611894884899419e-02
-2.421096090902695452e-02
-2.426031374316705430e-02
-2.424596148457846406e-02
-2.424724457749124346e-02
-2.424675150112573854e-02
-2.423150147012249900e-02
-2.423146049315326803e-02
-2.423035403782845126e-02
-2.423035403782844779e-02
-2.428990203917938059e-02
-2.446222792713240168e-02
-2.441572053923277835e-02
-2.441572053923278182e-02
-2.440024820044612783e-02
-2.440024820044613477e-02
-2.440026974786041816e-02
-2.440024820044613824e-02
-2.439318857694943235e-02
-2.436232796886556376e-02
-2.437330078832852798e-02
-2.437330078832852104e-02
-2.437330078832851410e-02
-2.438876892264318919e-02
-2.438876892264318919e-02
-2.437330078832851410e-02
-2.437330078832851757e-02
-2.437330078832851757e-02
-2.438805476858321719e-02
-2.435826803358855444e-02
-2.435503003600936883e-02
-2.433969279042475301e-02
-2.432425764809619320e-02
-2.435244975784327595e-02
-2.432483584817980715e-02
-2.432483584817980368e-02
-2.432483584817980715e-02
-2.425052106346991740e-02
-2.425052106346992087e-02
-2.422522332784509194e-02
-2.433094382912994250e-02
-2.433094382912994597e-02
-2.433094382912994944e-02
-2.431145505577028687e-02
-2.437812355973091941e-02
-2.436377019989723752e-02
-2.436377019989723752e-02
-2.436377019989723405e-02
-2.439321374375601204e-02
-2.439321374375601204e-02
-2.432156428994506486e-02
-2.432065852839263020e-02
-2.432065852839264408e-02
-2.432065852839264408e-02
-2.432065852839263714e-02
-2.460292272489185764e-02
-2.460292272489185764e-02
-2.458688638047538261e-02
-2.460879153899191152e-02
-2.462407635794215677e-02
-2.460870723623959089e-02
-2.460870723623959089e-02
-2.460870723623959436e-02
-2.460870723623959783e-02
-2.460726216641635766e-02
-2.460726216641635766e-02
-2.466472488835591906e-02
-2.466453525989545717e-02
-2.466453525989545370e-02
-2.467626297603058017e-02
-2.466011023825315229e-02
-2.466011023825315229e-02
-2.466011023825315229e-02
-2.466568450694915995e-02
-2.466568450694915648e-02
-2.469794005665646927e-02
-2.467631930451202882e-02
-2.469240716852112369e-02
-2.462580940879892030e-02
-2.465801643851124256e-02
-2.469281960134669593e-02
-2.469281960134669593e-02
-2.467680972066113587e-02
-2.467665459961199820e-02
-2.469546582757947001e-02
-2.462340943885284877e-02
-2.462340943885284530e-02
-2.465532294157083207e-02
-2.461327452552176942e-02
-2.461726813209939510e-02
-2.460249521208165632e-02
-2.455775648637751815e-02
-2.457378018184547264e-02
-2.460251340843138193e-02
-2.458641773856819548e-02
-2.458816558114603271e-02
-2.458816558114603271e-02
-2.458816558114603271e-02
-2.458816558114603271e-02
-2.460349413446009242e-02
-2.461245999667721271e-02
-2.460344470147989362e-02
-2.459429705659520182e-02
