2.636904422081344512e-02
2.817754204692435316e-02
2.816240284059431942e-02
2.816475048654509816e-02
2.816475048654354385e-02
2.816475048654487612e-02
2.822018492688772862e-02
2.827495365737748081e-02
2.815461911811198426e-02
2.811713442807470958e-02
2.818797644426001073e-02
2.823101684829813079e-02
2.819346785083270621e-02
2.819346785083270968e-02
2.819346785083270621e-02
2.821035128914432116e-02
2.826605275727862854e-02
2.820809944217452306e-02
2.820809944217451612e-02
2.817000446893225610e-02
2.817000446893225957e-02
2.816887271828875938e-02
2.820738144083606916e-02
2.820735425084455739e-02
2.820876715536864074e-02
2.813269510426274003e-02
2.813269510426276432e-02
2.813510688976586863e-02
2.813510688976587903e-02
2.821189582187935002e-02
2.821189582187935349e-02
2.817164673416360302e-02
2.822556870881849297e-02
2.821061595186801982e-02
2.821061595186803370e-02
2.824674084967423657e-02
2.809483921175196658e-02
2.809396281427787787e-02
2.813287018858945041e-02
2.813287018858943306e-02
2.813287018858940877e-02
2.818214458004585435e-02
2.821977554295886786e-02
2.817865120437820087e-02
2.803582279783934164e-02
3.164426291156129806e-02
3.162491615691030017e-02
3.167721776202898909e-02
3.169189846235594826e-02
3.166167062981400937e-02
3.160158324675938629e-02
3.160245631541863665e-02
3.161153177027248296e-02
3.160713734548854098e-02
3.160712703399423673e-02
3.160712703399422979e-02
3.160149210266622460e-02
3.160711953761718290e-02
3.160712703399422979e-02
3.160712703399422285e-02
3.160712703399422285e-02
3.160712703399422285e-02
3.166849574799629474e-02
3.167955583825888405e-02
3.167955583825888405e-02
3.169188142955003257e-02
3.169188142955003257e-02
3.169188142955001869e-02
3.167476311631291230e-02
3.173803693389048997e-02
3.173803693389048997e-02
3.175205687887696498e-02
3.166977707236996037e-02
3.167211643290293588e-02
3.168608384830435415e-02
3.162476502309300580e-02
3.161109221986607709e-02
3.161115152135576811e-02
3.162496166447985313e-02
3.162496166447986007e-02
3.166521363024736579e-02
3.163737225679223719e-02
3.165261231536476566e-02
3.165263352998539531e-02
3.165261231536475872e-02
3.166644779549306760e-02
3.166649370956660381e-02
3.172348272042753436e-02
3.175187406168651638e-02
3.175125120127418599e-02
3.174503041464551284e-02
3.177285627731786521e-02
3.174543559817195881e-02
3.174554008971136598e-02
3.171655241032842604e-02
3.171655241032842604e-02
3.173045974457157359e-02
3.173045974457154583e-02
3.175390029045925544e-02
3.172607842518154059e-02
3.176237079260382096e-02
3.174848673650599445e-02
3.176012483852440338e-02
3.175497997368131181e-02
3.174113748760967052e-02
3.174113748760967746e-02
3.174113748760967746e-02
3.174113748760965664e-02
3.176859653784686738e-02
3.175464749933783887e-02
3.173898917871713354e-02
3.164253124062425815e-02
3.168369665591690837e-02
3.168653788102339386e-02
3.168645063262593570e-02
3.168645063262593570e-02
3.168645063262593570e-02
3.168607456751076912e-02
3.167269040887639442e-02
3.169424546551891098e-02
3.172599986901419172e-02
3.172599986901419866e-02
3.172793323306846019e-02
3.176171654562973817e-02
3.173956975931873509e-02
3.173951818109221890e-02
3.176174527237444339e-02
3.176174527237443646e-02
3.176174527237444339e-02
3.177606132249354703e-02
3.176218168033589223e-02
3.177084355247668940e-02
3.154751355504777088e-02
3.154751355504777782e-02
3.154751355504777782e-02
3.153622966213436019e-02
3.153622966213436019e-02
3.158758372095984979e-02
3.158758372095984979e-02
3.158758372095984979e-02
3.156785152298869496e-02
3.157869790875617033e-02
3.157869790875617033e-02
3.156974570030971622e-02
3.156974570030971622e-02
3.157199751981736024e-02
3.155657805433774443e-02
3.155618092913235750e-02
3.160416686634826000e-02
3.158637998233289335e-02
3.159634982603824055e-02
3.158320468386401764e-02
3.159634982603824749e-02
3.159623475949958904e-02
3.160752595214035704e-02
3.162885286189402734e-02
3.163955837803449078e-02
3.163955837803449772e-02
3.157445654322224571e-02
3.157445654322223877e-02
3.157445654322223877e-02
3.158534324555677814e-02
3.157492130745888359e-02
3.160020413541907852e-02
3.166854703928117382e-02
3.168166359048302239e-02
3.168166359048302932e-02
3.168166359048300157e-02
3.168166359048302239e-02
3.170640181131481605e-02
3.169520419217678603e-02
3.169520419217678603e-02
3.170717682056223979e-02
3.170725924828993875e-02
3.169478567344789083e-02
3.170785499513149863e-02
3.169470220706673697e-02
3.170723727898620142e-02
3.168887227759168562e-02
3.168887227759169256e-02
3.167785087814667389e-02
3.162697001008640124e-02
3.163986630305358483e-02
3.163986630305359177e-02
3.162275365815178652e-02
3.162275365815179345e-02
3.162275365815177958e-02
3.162499357323408228e-02
3.168999681281552822e-02
3.164484309853591443e-02
3.163199893223830189e-02
3.165800267812272917e-02
3.165800267812273611e-02
3.165800267812273611e-02
3.162123841184791284e-02
3.163213938149182086e-02
3.163213955345407780e-02
3.165970995498723628e-02
3.167030600677497865e-02
3.165441634229305967e-02
3.166644663397986947e-02
3.164665912799913966e-02
3.167294179936713111e-02
3.167294179936714499e-02
3.171973347844413843e-02
3.160786316291622211e-02
3.167392617305393038e-02
3.164214252828905644e-02
3.165506791784224866e-02
3.161623163093636030e-02
3.161623163093634642e-02
3.161623163093635336e-02
3.167277702445480542e-02
3.173227031323318237e-02
3.174170600650257079e-02
3.173348432293610077e-02
3.173348432293610077e-02
3.175485224412697566e-02
3.173348432293609384e-02
3.173348432293609384e-02
3.173348432293610077e-02
3.173348432293610771e-02
3.178824695792100558e-02
3.177499987084000249e-02
3.170358022204399634e-02
3.171421332497983969e-02
3.171421332497984663e-02
3.170361771982067867e-02
3.172166343116487874e-02
3.170862326654776131e-02
3.170862326654776131e-02
3.170862326654776131e-02
3.170862326654776825e-02
3.169633889188601394e-02
3.168337855955864757e-02
3.168354809518629522e-02
3.169567133413758730e-02
3.169528813512643289e-02
3.169528813512642595e-02
3.175547978986624498e-02
3.175547978986623804e-02
3.172719770478168999e-02
3.172915409469707904e-02
3.172915409469707904e-02
3.169873891624634676e-02
3.168862056433364299e-02
3.171375755205446678e-02
3.170011410979918509e-02
3.166989212468251935e-02
3.168238897743273774e-02
3.172206611787921349e-02
3.170507195413592438e-02
3.171527949817178754e-02
3.171510621143692338e-02
3.167986602997722306e-02
3.166764843180062960e-02
3.166733245637586014e-02
3.167423202101984914e-02
3.167423202101984220e-02
3.168804540904411604e-02
3.168804540904411604e-02
3.168804540904412298e-02
3.170078636043347636e-02
3.168766522389424023e-02
3.169635351424732184e-02
3.167613278963021806e-02
3.170046082987459934e-02
3.170046082987460628e-02
3.165783863480692295e-02
3.169929988124512571e-02
3.169903611415337413e-02
3.168612818468848069e-02
3.169929988124513959e-02
3.171246279651631500e-02
3.161822720502410755e-02
3.164680560481931970e-02
3.164680560481931970e-02
3.166005143037662478e-02
3.164679106107003842e-02
3.165996742082862608e-02
3.159044837397217281e-02
3.158096243876484799e-02
3.159044837397217281e-02
3.157417209991131984e-02
3.157417209991129903e-02
3.177958944734610158e-02
3.177958944734610852e-02
3.176611756237986833e-02
3.175673086358031527e-02
3.177731645566393009e-02
3.177731645566393703e-02
3.177338531370829666e-02
3.177338531370828972e-02
3.177338531370828972e-02
3.177338531370829666e-02
3.177338531370828972e-02
3.176608582177765233e-02
3.172575532205770127e-02
3.173538634615233334e-02
3.173588596196155048e-02
3.173588596196154354e-02
3.173588596196153661e-02
3.174641091774975388e-02
3.174378248127039670e-02
3.178482199818691289e-02
3.179191059679412068e-02
3.174293099946376429e-02
3.174712034591543192e-02
3.168722091421701664e-02
3.171202026149790715e-02
3.169272288174103391e-02
3.169272288174102697e-02
3.168679120221810225e-02
3.168469763896732821e-02
3.169314545747344697e-02
3.170405500987086289e-02
3.169603781158248507e-02
3.167454654846776213e-02
3.166437512534296672e-02
3.167784242965614866e-02
3.167200445037970241e-02
3.172265767073996490e-02
3.172265767073996490e-02
3.171626586378693824e-02
3.174791053416187864e-02
3.174920135508207952e-02
3.170045795765297908e-02
3.176956220205755244e-02
3.177724238564538090e-02
3.170884527101041489e-02
3.170884527101042183e-02
3.171108456541091303e-02
3.171108456541090609e-02
3.174208941684369262e-02
3.174208941684368568e-02
3.176746430251126824e-02
3.176766381805454925e-02
3.176766381805456313e-02
3.173061458506869909e-02
3.175286965016271834e-02
3.175287538866891635e-02
3.175321206442193595e-02
3.176237384898374094e-02
3.176237384898374788e-02
3.173861082728685751e-02
3.173885129111390230e-02
3.174873089810845844e-02
3.174873089810843763e-02
3.174873089810845150e-02
3.174873089810845150e-02
3.183602414829298649e-02
3.184811107562936228e-02
3.183836411228876950e-02
3.186110318910906347e-02
3.184059712830727279e-02
3.182077193141149424e-02
3.181064515177475793e-02
3.182354932254943813e-02
3.182848685557959634e-02
3.181830971586113721e-02
3.182848685557960328e-02
3.182749657019025985e-02
3.182841514459893578e-02
3.180924125082664616e-02
3.181934653665274143e-02
3.181817577476155762e-02
3.178598773183249904e-02
3.178351961121967523e-02
3.178653482409092568e-02
3.178653482409093262e-02
3.178349626668178218e-02
3.177383032468092394e-02
3.179347695429251414e-02
3.178354278378383441e-02
3.179412858716468976e-02
3.179412858716467588e-02
3.179412858716468282e-02
3.179412858716468282e-02
3.179412858716468976e-02
3.181316403617389516e-02
3.180364897462477358e-02
3.176371696349362950e-02
3.174384930354581108e-02
3.174349499724450629e-02
3.173356426380447015e-02
3.176200322692199207e-02
3.174308960226926435e-02
3.175285038324818926e-02
3.177927888997211098e-02
3.177927888997211098e-02
3.177932463711231892e-02
3.175882141212613141e-02
3.173466472257127635e-02
3.181194774404819819e-02
3.178387216563413609e-02
3.178387216563412915e-02
3.178383940018815468e-02
3.178504120446470904e-02
3.175302689834884340e-02
3.175377792180718306e-02
3.174964130529527029e-02
3.176423185237895602e-02
3.175001051026593579e-02
3.177621159409040746e-02
3.179312192434549655e-02
3.177245975848729670e-02
3.178905966276600326e-02
3.180998664476709925e-02
3.179963526849115957e-02
3.174813097998128997e-02
3.177169390410371913e-02
3.177169390410371913e-02
3.177185401945444021e-02
3.177185401945444021e-02
3.178223394133231072e-02
3.176256101602548121e-02
3.176247275177070811e-02
3.176251982792372558e-02
3.180305322221746445e-02
3.178238067649579585e-02
3.179127896582061713e-02
3.178243581581155497e-02
3.180167106130556837e-02
3.177099450877106379e-02
3.177099450877105685e-02
3.169751031215863740e-02
3.170340153711023040e-02
3.170340153711023734e-02
3.177903266990311781e-02
3.177903266990312475e-02
3.177157389912432101e-02
3.177996645972021306e-02
3.177253735353560704e-02
3.178168409259002347e-02
3.180181108414203289e-02
3.178581235697977569e-02
3.179559708207807533e-02
3.180579526820471320e-02
3.178741975641267981e-02
3.179079803374238594e-02
3.178110171791508759e-02
3.179079803374238594e-02
3.179079803374238594e-02
3.179079803374238594e-02
3.179079803374237900e-02
3.181060263809971922e-02
3.180035607626111038e-02
3.179079333389461109e-02
3.180808609036477747e-02
3.180789903593479045e-02
3.176610618264093938e-02
3.181593076079504423e-02
3.181593825346958060e-02
3.177611461782380020e-02
3.176049198426166703e-02
3.178659253026636794e-02
3.178659253026636100e-02
3.176394272558145937e-02
3.176570039347224178e-02
3.180540292868577062e-02
3.179556843165908669e-02
3.180562408382855977e-02
3.181621717186427362e-02
3.179262451309659149e-02
3.183270113693716791e-02
3.182371433427009372e-02
3.182234918300779619e-02
3.181388983315578539e-02
3.182014162477188324e-02
3.180423869349886107e-02
3.180423869349886107e-02
3.180533957844980386e-02
3.182432382763000084e-02
3.182186802732928782e-02
3.180420386906009089e-02
3.180420386906009089e-02
3.180401663138430340e-02
3.180419611055377432e-02
3.179413718490765872e-02
3.180229397720348711e-02
3.180223571702455593e-02
3.182212954676269523e-02
3.183219160255770092e-02
3.185277410193204650e-02
3.180381163152867785e-02
3.181342732026744974e-02
3.180386535352847099e-02
3.181381953806428770e-02
3.181381953806428770e-02
3.181381953806428770e-02
3.181381953806428770e-02
3.180393636895627318e-02
3.180399986008203977e-02
3.180399986008203977e-02
3.180399986008204671e-02
3.180393636895627318e-02
3.180381163152867091e-02
3.176831081565141546e-02
3.178512415907232269e-02
3.178512415907232269e-02
3.181034443047578431e-02
3.183676166923067596e-02
3.184638951462587936e-02
3.183676166923067596e-02
3.180816441468677092e-02
3.177486113449575628e-02
3.177251994060963786e-02
3.177486113449574934e-02
3.178757719230516920e-02
3.176668430486285361e-02
3.176668430486284667e-02
3.175910539017375023e-02
3.179692707549061637e-02
3.176414646176559109e-02
3.176414646176559109e-02
3.175414202493343635e-02
3.175414202493344329e-02
3.178022942336484330e-02
3.178022942336482942e-02
3.177084128160545529e-02
3.175198506662992026e-02
3.180975869004159379e-02
3.175250081426490151e-02
3.175250081426491539e-02
3.176399479918703278e-02
3.173808875971470544e-02
3.172560983814363272e-02
3.172560983814361885e-02
3.172560983814361885e-02
3.173307240524743389e-02
3.174552922217019346e-02
3.184132909850885540e-02
3.182328641173485378e-02
3.182328641173483991e-02
3.180042469551849771e-02
3.179077044811457614e-02
3.186426110684271312e-02
3.183635282703972669e-02
3.182020563088194115e-02
3.183209874146654406e-02
3.183578958135369064e-02
3.182568291989737452e-02
3.183572166844902268e-02
3.183953779994454919e-02
3.183953779994454919e-02
3.183953779994455613e-02
3.183711268541349754e-02
3.181818403025497149e-02
3.180819594207936335e-02
3.179811648134044794e-02
3.179811648134043406e-02
3.179817286999640780e-02
3.181649631348548724e-02
3.178903306371751863e-02
3.181507859053484683e-02
3.181165415536808122e-02
3.180227156463064087e-02
3.182823615511286980e-02
3.182161828560811645e-02
3.182161828560810951e-02
3.182161828560810951e-02
3.184465037988227359e-02
3.184465037988228053e-02
3.181642467196901108e-02
3.184422423351045139e-02
3.183755914899102923e-02
3.185385414119679126e-02
3.187278442142329332e-02
3.185393173663671196e-02
3.185447519316632337e-02
3.185017995665731516e-02
3.186400238313670530e-02
3.186400238313671224e-02
3.187412502243654883e-02
3.187412502243653495e-02
3.187353313963534052e-02
3.187255884556954716e-02
3.187255884556956104e-02
3.188191561452068806e-02
3.184456371000714270e-02
3.188204266760679556e-02
3.178825988632892618e-02
3.177828304378165630e-02
3.179870094564307692e-02
3.178825988632893312e-02
3.179052638000349346e-02
3.179052638000349346e-02
3.182623883805870552e-02
3.189241094163666052e-02
3.184939913273190232e-02
3.185929781036417330e-02
3.185795430142451118e-02
3.183978746458502457e-02
3.186364248240234481e-02
3.186269397572263906e-02
3.189222187838156031e-02
3.189265356760095232e-02
3.185347123091378935e-02
3.185347123091380322e-02
3.186004854314278267e-02
3.186004854314277573e-02
3.186004854314277573e-02
3.187968087995584482e-02
3.187727565320468137e-02
3.181896036761534124e-02
3.180235146960212755e-02
3.180695023101097474e-02
3.186381335698865169e-02
3.187218655474367141e-02
3.187212442941372154e-02
3.187342333053459764e-02
3.186555544021230785e-02
3.186369946814086168e-02
3.181419072985878366e-02
3.181419072985877672e-02
3.179774328697825697e-02
3.179774328697825003e-02
3.180754509547998460e-02
3.182172448427825900e-02
3.180169054138614476e-02
3.181167701906110340e-02
3.181169928067133224e-02
3.184175326718374083e-02
3.184175326718374777e-02
3.184175326718374777e-02
3.184175326718373389e-02
3.184175326718373389e-02
3.184175326718374083e-02
3.187755967434231091e-02
3.186053809141889404e-02
3.186053809141888016e-02
3.185457303915342070e-02
3.185457303915341376e-02
3.186339939452523251e-02
3.185125427829352263e-02
3.186982674824770378e-02
3.187006354978036415e-02
3.187006354978035721e-02
3.187006354978036415e-02
3.186119561940649325e-02
3.186119561940649325e-02
3.186119561940649325e-02
3.184551789606369226e-02
3.184551789606369226e-02
3.184512123178911275e-02
3.185198835997423567e-02
3.185566521740957474e-02
3.186195812980381625e-02
3.185432793707161647e-02
3.183493617114255964e-02
3.184434827564000536e-02
3.185644824097284139e-02
3.185426706339051367e-02
3.186436304802639508e-02
3.183744796286309964e-02
3.184423350673235009e-02
3.182653388512031445e-02
3.180257066124678872e-02
3.189034107506778792e-02
3.189034107506778792e-02
3.187023322959577076e-02
3.185935696238381687e-02
3.186087449928472898e-02
3.186087449928471510e-02
3.186087449928472204e-02
3.185515435887027041e-02
3.185536836425734847e-02
3.186362223652487724e-02
3.185536836425736235e-02
3.185536836425734153e-02
3.187790002900493108e-02
3.186192924752600381e-02
3.188073272045351125e-02
3.185729721722103253e-02
3.183701771238724165e-02
3.186049806450092642e-02
3.184655072766408301e-02
3.184726146318004464e-02
3.184963703366568144e-02
3.186604839445981302e-02
3.186341931946985034e-02
3.183986187912877380e-02
3.184977343567878261e-02
3.169157144579465984e-02
3.167519389227912291e-02
3.167139369488074924e-02
3.166720925375492851e-02
3.169669026247359800e-02
3.169015793105238454e-02
3.167980511515744446e-02
3.171032592160860641e-02
3.169995118277851853e-02
3.169018728538260110e-02
3.169018728538259416e-02
3.170059226297625155e-02
3.170059226297624461e-02
3.169845222095942633e-02
3.171035126331388926e-02
3.171036660275902003e-02
3.173247558827143461e-02
3.169197188542880600e-02
3.174093493680266165e-02
3.173065004664963468e-02
3.174102798988178570e-02
3.169136744688341029e-02
3.164213775335267265e-02
3.164212372222469788e-02
3.164212372222469788e-02
3.170580963803251717e-02
3.170580963803251717e-02
3.166504809424763867e-02
3.164754896846352222e-02
3.164896097259477931e-02
3.164950591188030182e-02
3.163922015381254865e-02
3.165690909373573836e-02
3.164631123015060332e-02
3.163630138959483418e-02
3.169842278835439259e-02
3.162949211844509612e-02
3.166368881165060323e-02
3.165757064580767416e-02
3.168552434094597942e-02
3.165313124403554279e-02
3.167321123820187462e-02
3.164237264177182513e-02
3.163211665372513137e-02
3.164933232054573109e-02
3.164238171308320080e-02
3.165104122174156737e-02
3.165104122174157431e-02
3.166287587642849927e-02
3.166315023457193234e-02
3.166050324999175603e-02
3.166315023457193234e-02
3.165360618125577508e-02
3.165378428688775392e-02
3.165360618125578201e-02
3.165360618125578201e-02
3.165333197699307655e-02
3.170225530307081013e-02
3.166191453003276007e-02
3.167262543126763558e-02
3.167262543126762864e-02
3.166001770619054911e-02
3.177987414099239100e-02
3.175474124303369339e-02
3.170313591316670926e-02
3.169396415503132614e-02
3.169396415503131920e-02
3.169458556538055916e-02
3.170447177057008487e-02
3.169458556538055222e-02
-1.057351970253562860e-02
-1.056873543738403448e-02
-1.056877296719050188e-02
-1.056575930138126292e-02
-1.057011843153767700e-02
-1.056860820527687900e-02
-1.057032005023431608e-02
-1.057166814826761628e-02
-1.056678044202074770e-02
-1.056810109302780062e-02
-1.056527770998294188e-02
-1.056847235028804746e-02
-1.056847235028805267e-02
-1.056839111464755697e-02
-1.056839111464755697e-02
-1.056526162581079668e-02
-1.056569408450989261e-02
-1.056526162581079148e-02
-1.056485326088526383e-02
-1.056896651993969455e-02
-1.056679244220008057e-02
-1.057099248364025759e-02
-1.057099248364025586e-02
-1.056782885475608322e-02
-1.056962166784599678e-02
-1.056502483046437707e-02
-1.056502483046437360e-02
-1.056502483046437187e-02
-1.056502483046437880e-02
-1.056502483046438054e-02
-1.056948910754376865e-02
-1.057108947194342584e-02
-1.056941733493583536e-02
-1.056781073940174509e-02
-1.056781073940174509e-02
-1.056938631651109517e-02
-1.056778404554139725e-02
-1.057081091133408451e-02
-1.056790742753854762e-02
-1.057099893671295532e-02
-1.057100688762179982e-02
-1.056994854486085697e-02
-1.057122743660540536e-02
-1.057122743660540015e-02
-1.057076471098860118e-02
-1.057076471098859771e-02
-1.057076471098860118e-02
-1.056987094127921113e-02
-1.055343120194391325e-02
-1.055029128664716244e-02
-1.055029128664715897e-02
-1.055029128664716417e-02
-1.055190193420175310e-02
-1.055602335210588209e-02
-1.055602335210588556e-02
-1.049369900431541477e-02
-1.049486024908410572e-02
-1.049567219770957544e-02
-1.049629812763019227e-02
-1.049791594588035670e-02
-1.049853641223639014e-02
-1.049853641223639014e-02
-1.049853641223639188e-02
-1.049860973172199105e-02
-1.050313064560359604e-02
-1.050313064560359604e-02
-1.050154943084468696e-02
-1.050154943084468870e-02
-1.049352732133907590e-02
-1.049258260495781504e-02
-1.049426770298765750e-02
-1.049056540682759969e-02
-1.049056540682759622e-02
-1.049056540682759796e-02
-1.049056540682759796e-02
-1.049056540682760143e-02
-1.049796930123913542e-02
-1.049796930123913716e-02
-1.049950075799415197e-02
-1.049950075799415371e-02
-1.049945831564306174e-02
-1.050127135758874633e-02
-1.050127135758874633e-02
-1.050475925023122183e-02
-1.050032224619321629e-02
-1.050032224619321629e-02
-1.050236381373164177e-02
-1.049973587854634467e-02
-1.049972019939879840e-02
-1.050239915326710641e-02
-1.049949662153949748e-02
-1.050100414524625381e-02
-1.050100414524625554e-02
-1.050100414524625728e-02
-1.050276198872292406e-02
-1.050284950622104932e-02
-1.050297137264259544e-02
-1.050450952344870494e-02
-1.050154447942822263e-02
-1.050148639533421066e-02
-1.050148639533421933e-02
-1.050456689512904544e-02
-1.050456689512904891e-02
-1.050456689512905238e-02
-1.049997886848952691e-02
-1.049887841737658437e-02
-1.049887841737657916e-02
-1.049998926829957650e-02
-1.049998926829957997e-02
-1.049998926829957477e-02
-1.050102624822993845e-02
-1.050193489307173211e-02
-1.049892391244562975e-02
-1.049892391244563496e-02
-1.049810062286352617e-02
-1.049810062286352270e-02
-1.048922506197166697e-02
-1.049090865294276080e-02
-1.049043272292360732e-02
-1.049043272292361426e-02
-1.049043272292360905e-02
-1.049309006684336597e-02
-1.049465322929724574e-02
-1.049192548009633512e-02
-1.049728979610953933e-02
-1.049867015723779731e-02
-1.049718638213500803e-02
-1.049253203632966730e-02
-1.049108282242356902e-02
-1.049108282242356728e-02
-1.049264756547743302e-02
-1.049231254693798465e-02
-1.049231254693799159e-02
-1.049268219167487880e-02
-1.049240079579731068e-02
-1.049405433107173692e-02
-1.049395986687266455e-02
-1.049836826993201695e-02
-1.050759257422012073e-02
-1.050962343316959313e-02
-1.050962343316959487e-02
-1.050962343316959313e-02
-1.049841326118224928e-02
-1.049755422926071727e-02
-1.049912168837992266e-02
-1.049871159341690154e-02
-1.049871159341690674e-02
-1.049311103069076358e-02
-1.049717753452552790e-02
-1.049556046550193487e-02
-1.049714485652027303e-02
-1.050041322187675666e-02
-1.050194730138909183e-02
-1.050041112665819724e-02
-1.050189372082798757e-02
-1.049864284586665350e-02
-1.049864284586665523e-02
-1.049864284586665003e-02
-1.050018568364927476e-02
-1.049907410805052746e-02
-1.049896345713987635e-02
-1.049717164608046475e-02
-1.049720577970198951e-02
-1.049723930225771734e-02
-1.049723930225772081e-02
-1.049723930225772081e-02
-1.050184848613846915e-02
-1.049875731008569936e-02
-1.049720519357754539e-02
-1.049720519357755059e-02
-1.049720519357754886e-02
-1.049715318202237672e-02
-1.050028853566754850e-02
-1.049876924051634970e-02
-1.049784002349584897e-02
-1.049876969503981718e-02
-1.051481762297040018e-02
-1.051481762297040018e-02
-1.051481762297040365e-02
-1.051534729972757043e-02
-1.050545707524900250e-02
-1.050545707524900597e-02
-1.049492826379730577e-02
-1.049811255977967962e-02
-1.049811255977968309e-02
-1.049808685102591489e-02
-1.049808685102592183e-02
-1.049808685102591836e-02
-1.050123369850398426e-02
-1.049995831536884063e-02
-1.050021935242158137e-02
-1.050021935242157790e-02
-1.052332678109996374e-02
-1.052332678109996027e-02
-1.051861107590346643e-02
-1.052294950218125510e-02
-1.052611630923210896e-02
-1.052065972255376153e-02
-1.052065972255376673e-02
-1.052065972255376673e-02
-1.052065972255376500e-02
-1.052065972255376326e-02
-1.052366897158539018e-02
-1.052366897158538844e-02
-1.052582405009086855e-02
-1.052713569499698180e-02
-1.052870995106861343e-02
-1.052858509809164421e-02
-1.052559861480233290e-02
-1.052559861480232770e-02
-1.052965799718685001e-02
-1.052965799718685001e-02
-1.052763329140825842e-02
-1.053063446746265071e-02
-1.052917853713537626e-02
-1.052917853713537626e-02
-1.053051599712210087e-02
-1.053175729434543788e-02
-1.052769604354854630e-02
-1.052978893526752141e-02
-1.053093934850877871e-02
-1.053233968710843779e-02
-1.053093934850877524e-02
-1.052847678814054430e-02
-1.052853404295670328e-02
-1.052409852356467508e-02
-1.052557341568226626e-02
-1.052646150971964234e-02
-1.052491512772451947e-02
-1.052644333326701979e-02
-1.052575405992285489e-02
-1.052388851272416902e-02
-1.052442224001912639e-02
-1.052828841325009583e-02
-1.052602350366885209e-02
-1.052788624675982630e-02
-1.052342518658279553e-02
-1.052333197645067241e-02
-1.052349913961552266e-02
-1.052349913961551919e-02
-1.052446360708449505e-02
-1.052446360708449678e-02
-1.052657404836233011e-02
-1.052657404836233185e-02
-1.052615089483899431e-02
-1.051995491049679404e-02
-1.052085093275885105e-02
-1.052176726201018049e-02
-1.052147040969420543e-02
-1.052047491540858241e-02
-1.052098744378201535e-02
-1.052098744378200841e-02
-1.052252124646509135e-02
-1.052096587961146891e-02
-1.052031673206017121e-02
-1.051999157425691396e-02
-1.051999157425691049e-02
-1.051999157425691049e-02
-1.052001345378618044e-02
-1.052001345378617871e-02
-1.052095193904029058e-02
-1.052087312771609467e-02
-1.052087869894714756e-02
-1.052087869894714582e-02
-1.052436041291764102e-02
-1.052283645311366880e-02
-1.052283645311366533e-02
-1.052140608863584223e-02
-1.052151721948992209e-02
-1.052151511340383358e-02
-1.051997053117625577e-02
-1.051740078661796834e-02
-1.051894375828441031e-02
-1.051957522934198960e-02
-1.051803045095168684e-02
-1.052226755099853160e-02
-1.052518492914038782e-02
-1.052228846390895929e-02
-1.051607967123444065e-02
-1.051605418701593089e-02
-1.051110172151799825e-02
-1.051297617965227943e-02
-1.051119390533563486e-02
-1.051119390533563312e-02
-1.051120280960940803e-02
-1.051308972945916645e-02
-1.049192259020079523e-02
-1.049540296928799278e-02
-1.049289235413649810e-02
-1.049289235413650330e-02
-1.049289235413649289e-02
-1.049289235413649463e-02
-1.049289235413649636e-02
-1.049635366144069729e-02
-1.049697149618216037e-02
-1.049871937179571758e-02
-1.050169096408906655e-02
-1.050196964251322133e-02
-1.049772117092586006e-02
-1.049772117092585312e-02
-1.049778578442722189e-02
-1.049828362344194278e-02
-1.049678716752981862e-02
-1.049678716752981515e-02
-1.049678716752982036e-02
-1.049683560997822368e-02
-1.050664058205641113e-02
-1.050664058205641287e-02
-1.050664058205641287e-02
-1.050878445889231842e-02
-1.050888433446688780e-02
-1.050888433446688433e-02
-1.050873279122296368e-02
-1.050742647596638636e-02
-1.050600168816957780e-02
-1.050914872132626375e-02
-1.050914872132626202e-02
-1.050600168816957607e-02
-1.050536473327904653e-02
-1.050536473327904827e-02
-1.050536473327904653e-02
-1.050906050934192690e-02
-1.050706019468366018e-02
-1.051243868984807345e-02
-1.050828072988547850e-02
-1.050828072988548023e-02
-1.050828072988547329e-02
-1.050962203546343919e-02
-1.050828072988548023e-02
-1.050924954736306982e-02
-1.051010336474115896e-02
-1.051096308101015855e-02
-1.051304802759969390e-02
-1.051304802759969216e-02
-1.051349610271220744e-02
-1.051349610271221091e-02
-1.051402440750135239e-02
-1.051240354649325692e-02
-1.051397793447498077e-02
-1.051353692163600750e-02
-1.051353692163600924e-02
-1.051353692163600577e-02
-1.051657693006024900e-02
-1.051657693006024900e-02
-1.051583572561550634e-02
-1.051221913766685855e-02
-1.051814557881947283e-02
-1.051677352298529579e-02
-1.051677352298529232e-02
-1.051621704365918002e-02
-1.051915776735188116e-02
-1.051729631928859619e-02
-1.051569345264687441e-02
-1.051299253874060299e-02
-1.051453018868752851e-02
-1.051307654096094932e-02
-1.051357876267571684e-02
-1.051412133415892229e-02
-1.051613887213737226e-02
-1.051613887213736880e-02
-1.051613887213737053e-02
-1.051729503941266700e-02
-1.051616179963521351e-02
-1.052533870326757999e-02
-1.052148188555243093e-02
-1.051991110727063319e-02
-1.050763425711197241e-02
-1.051077407796175214e-02
-1.051767590975337570e-02
-1.051767590975337570e-02
-1.051047048621981186e-02
-1.051047048621981880e-02
-1.050904961907455498e-02
-1.051232597939364723e-02
-1.051237456244058163e-02
-1.050923980827366683e-02
-1.051210048965741869e-02
-1.051347288709809404e-02
-1.050838302876841435e-02
-1.050782150632193455e-02
-1.050782150632193802e-02
-1.051096054010945170e-02
-1.051337934417223736e-02
-1.051485789321723353e-02
-1.052060070462837449e-02
-1.052040955745553279e-02
-1.052040955745553279e-02
-1.052217355997725479e-02
-1.051310406656148604e-02
-1.052054029611797052e-02
-1.052055579060353838e-02
-1.051727377905521156e-02
-1.051614599297263745e-02
-1.051614599297264439e-02
-1.051796662408171872e-02
-1.051796662408171525e-02
-1.051957827839456426e-02
-1.051801098802268922e-02
-1.050732417090726248e-02
-1.050732417090726248e-02
-1.051002716449297297e-02
-1.051031456399222595e-02
-1.051193986492610956e-02
-1.051021178179418515e-02
-1.051015771720668381e-02
-1.051324546696649070e-02
-1.050860744311011251e-02
-1.051017332279092706e-02
-1.050707821370812541e-02
-1.050860744311011077e-02
-1.051080801304019909e-02
-1.051080801304019388e-02
-1.051080757757177388e-02
-1.051080757757177561e-02
-1.051080757757177735e-02
-1.051080757757177908e-02
-1.051080801304020602e-02
-1.051241292088254259e-02
-1.051202694344693413e-02
-1.053336624454045099e-02
-1.053336624454045099e-02
-1.053188182820044561e-02
-1.057838459959413967e-02
-1.057838459959413967e-02
-1.057838459959413967e-02
-1.058016944425121258e-02
-1.058016944425121258e-02
-1.058016944425121779e-02
-1.057637933369297289e-02
-1.058139352906734346e-02
-1.058043940893392890e-02
-1.058418154525167000e-02
-1.057729233344120549e-02
-1.056915349103405843e-02
-1.057081330671084257e-02
-1.057081330671084084e-02
-1.057081330671084084e-02
-1.057081330671083910e-02
-1.057112705481537927e-02
-1.057423139954303051e-02
-1.057594920100317880e-02
-1.059628916408433125e-02
-1.058642251748102489e-02
-1.058325314366758904e-02
-1.058660515731970307e-02
-1.058330164187843911e-02
-1.058750341313923621e-02
-1.058595317723446186e-02
-1.058524175429735072e-02
-1.058524175429734725e-02
-1.058352249662981685e-02
-1.058534805127131842e-02
-1.058362818356510353e-02
-1.059234148793180251e-02
-1.058826491001230510e-02
-1.058826491001230337e-02
-1.058928086190261478e-02
-1.058493248607108445e-02
-1.058901821723247545e-02
-1.058730961493066329e-02
-1.058730961493066329e-02
-1.058718782407441772e-02
-1.059401374962271394e-02
-1.059535245728463956e-02
-1.059236730672289545e-02
-1.059401938705300042e-02
-1.059231629489592631e-02
-1.059401374962271394e-02
-1.059224151660958201e-02
-1.059224151660958201e-02
-1.059159871062582969e-02
-1.059159871062582796e-02
-1.059156157980962500e-02
-1.057523053926905793e-02
-1.057523578369660988e-02
-1.057523053926906140e-02
-1.058774990770875411e-02
-1.058895136989511897e-02
-1.058895136989511897e-02
-1.058895763044602652e-02
-1.059808749444961576e-02
-1.059808749444961923e-02
-1.059801320954453785e-02
-1.059629842664696307e-02
-1.059629842664697001e-02
-1.059625289874793243e-02
-1.059641588879055470e-02
-1.059970668034225863e-02
-1.059580125366545167e-02
-1.059641334117995132e-02
-1.059641334117995132e-02
-1.054899301080806755e-02
-1.054759154994368633e-02
-1.054750013066086019e-02
-1.054906137478704882e-02
-1.054368134144071344e-02
-1.054576055260196543e-02
-1.054602416954362673e-02
-1.055097328623024432e-02
-1.054749537420127808e-02
-1.054608463746110024e-02
-1.054761219170681497e-02
-1.054601256598932356e-02
-1.054604328796752109e-02
-1.054824923560655943e-02
-1.054668112963460039e-02
-1.054824026707473078e-02
-1.054511524485445689e-02
-1.055075791698001017e-02
-1.055356114727340651e-02
-1.055052869295645956e-02
-1.055876225809329605e-02
-1.055917619669102629e-02
-1.055593417722532935e-02
-1.055019230342329334e-02
-1.055077345456124222e-02
-1.055409433003404174e-02
-1.055463340417395202e-02
-1.056019347332487826e-02
-1.055715343943979846e-02
-1.055715343943980020e-02
-1.055715343943979499e-02
-1.056643568057716656e-02
-1.056003997601396953e-02
-1.056003997601396432e-02
-1.055838143670865918e-02
-1.056359133042178086e-02
-1.056517005313920357e-02
-1.056359133042178086e-02
-1.056469694615306577e-02
-1.056359133042178433e-02
-1.056359133042177739e-02
-1.056201011275436329e-02
-1.056515920069811196e-02
-1.056359083535453325e-02
-1.056202793396257035e-02
-1.056203186121868441e-02
-1.056202793396257208e-02
-1.056300991352667092e-02
-1.056359157586069658e-02
-1.056056303938725412e-02
-1.054629138947162786e-02
-1.054777353506043160e-02
-1.054829830392492104e-02
-1.054829830392491757e-02
-1.054829830392491757e-02
-1.054837053540236096e-02
-1.054614372737463536e-02
-1.055119191968744916e-02
-1.055009786662106964e-02
-1.055009786662107138e-02
-1.055036757204298736e-02
-1.054755036154256080e-02
-1.054862301830110198e-02
-1.055019343117802322e-02
-1.055246672888332689e-02
-1.055247342762947842e-02
-1.055395691262143651e-02
-1.055247342762947668e-02
-1.055247342762947668e-02
-1.055664962144941231e-02
-1.055664962144941231e-02
-1.055664962144941404e-02
-1.055660492864824752e-02
-1.055664958697620677e-02
-1.055664958697620504e-02
-1.055874701135833989e-02
-1.055665392681772244e-02
-1.055665392681772244e-02
-1.055665392681772244e-02
-1.055664943855674602e-02
-1.056036554206056695e-02
-1.056036554206056695e-02
-1.056036554206056174e-02
-1.056036554206056695e-02
-1.056176649488575411e-02
-1.056253524260846073e-02
-1.056253524260845900e-02
-1.056710339140706605e-02
-1.056552581949271770e-02
-1.056552581949272117e-02
-1.056692073680902053e-02
-1.056752207589852117e-02
-1.055341130157614639e-02
-1.054867722152764628e-02
-1.056939628184173051e-02
-1.056810800120945928e-02
-1.056969682370348558e-02
-1.056969683535407406e-02
-1.056810800120946449e-02
-1.056929213261782567e-02
-1.056926424471943925e-02
-1.056816571631546443e-02
-1.056968069172295119e-02
-1.056569701835758518e-02
-1.056569701835757998e-02
-1.057077044378427859e-02
-1.056936882398593763e-02
-1.057208514430225781e-02
-1.057208514430225954e-02
-1.057202906053103866e-02
-1.054920395879760039e-02
-1.055077729848224490e-02
-1.055454180177365503e-02
-1.055151523971164899e-02
-1.055151523971165246e-02
-1.055789505027094830e-02
-1.054929139313117228e-02
-1.054929139313116708e-02
-1.055070273689292376e-02
-1.055069511524330157e-02
-1.054921073746250930e-02
-1.055229887018715659e-02
-1.055387133086085026e-02
-1.055229887018716006e-02
-1.055229887018716006e-02
-1.055293108028959419e-02
-1.055129257983454701e-02
-1.055197141839807513e-02
-1.055197141839807687e-02
-1.055197141839807513e-02
-1.055197141839807340e-02
-1.055205227859771534e-02
-1.055593222007493275e-02
-1.054367596154900250e-02
-1.054367596154900423e-02
-1.054514895402222478e-02
-1.054503259700430122e-02
-1.053799026150033756e-02
-1.053890012869214930e-02
-1.053666676212238612e-02
-1.053666425461032181e-02
-1.053814902443873762e-02
-1.055408987059174714e-02
-1.055268007764468240e-02
-1.054956240922225869e-02
-1.055157964163878220e-02
-1.054841013079341888e-02
-1.055069339807997685e-02
-1.054864838925348089e-02
-1.055376489884537680e-02
-1.055376489884537854e-02
-1.054523483140996226e-02
-1.054523483140996573e-02
-1.054523483140996400e-02
-1.054788680927728171e-02
-1.054476190090531361e-02
-1.054199096102335052e-02
-1.054199096102335052e-02
-1.055954263881702174e-02
-1.055815350777148179e-02
-1.055814557465309216e-02
-1.055814557465309389e-02
-1.055360192117528635e-02
-1.055360192117528809e-02
-1.055377655897762022e-02
-1.055675310545090180e-02
-1.054592508266798297e-02
-1.054594753293181149e-02
-1.055065121179376945e-02
-1.054596243187049844e-02
-1.055308927379198028e-02
-1.055151393699001704e-02
-1.055151629792200861e-02
-1.054980349302973158e-02
-1.055056327644991743e-02
-1.055056327644991743e-02
-1.055529559986526610e-02
-1.055529559986526783e-02
-1.055687664477267078e-02
-1.055687664477266904e-02
-1.055581923437359099e-02
-1.055581923437359272e-02
-1.055219630862764581e-02
-1.055378184096732522e-02
-1.055378184096732695e-02
-1.055671079322043591e-02
-1.055671079322043591e-02
-1.055671079322043591e-02
-1.054450835551178252e-02
-1.055255683960943172e-02
-1.055255683960943693e-02
-1.055743410044274883e-02
-1.055845644934664401e-02
-1.055361447161124594e-02
-1.055461769061147304e-02
-1.055461769061147477e-02
-1.055669500632474764e-02
-1.055511744421976095e-02
-1.055511744421975921e-02
-1.055484932111265886e-02
-1.055341181973265194e-02
-1.055341181973265541e-02
-1.055341181973265367e-02
-1.055341181973265541e-02
-1.055676699388602771e-02
-1.055698349154775804e-02
-1.055698349154775111e-02
-1.055698349154775458e-02
-1.055805808024587976e-02
-1.055647990678038745e-02
-1.056800668288236308e-02
-1.056951813233662427e-02
-1.054929562221484061e-02
-1.055126575942674262e-02
-1.054929409842704502e-02
-1.055728482590046272e-02
-1.055942234044437295e-02
-1.056100412286480571e-02
-1.057437169940630105e-02
-1.057331793214953512e-02
-1.057429195945572969e-02
-1.056370881795446956e-02
-1.056206532333945486e-02
-1.056744286495241679e-02
-1.056744286495241505e-02
-1.056748192613967893e-02
-1.056899928578041228e-02
-1.056788066275668285e-02
-1.056826707081362331e-02
-1.057325620690096647e-02
-1.057325620690096994e-02
-1.057052069060600979e-02
-1.057052069060601847e-02
-1.056898675775796471e-02
-1.056905590959478052e-02
-1.057052389735183701e-02
-1.057226150280960418e-02
-1.057226150280960071e-02
-1.057401101082230954e-02
-1.057401101082230781e-02
-1.057063310092515654e-02
-1.057225970634531435e-02
-1.057019807510907634e-02
-1.057019807510907808e-02
-1.057019807510907981e-02
-1.057175300291259348e-02
-1.056913858125127330e-02
-1.057171820218652872e-02
-1.057171820218652872e-02
-1.057016142230572664e-02
-1.057016142230572490e-02
-1.057016142230572317e-02
-1.057171820218652872e-02
-1.057171820218652872e-02
-1.057171820218652525e-02
-1.057043880454956904e-02
-1.057491707570989981e-02
-1.057187544889419753e-02
-1.057187544889419753e-02
-1.056740575311227413e-02
-1.056740575311227587e-02
-1.056734148398720888e-02
-1.056888596985418836e-02
-1.056740384483509897e-02
-1.056155167818354987e-02
-1.056398926842581736e-02
-1.057027012302684879e-02
-1.057027012302684706e-02
-1.056406073954446398e-02
-1.056298863825121809e-02
-1.057186722863066169e-02
-1.057343624606238257e-02
-1.057111664548313415e-02
-1.057186722863065996e-02
-1.056849777988059028e-02
-1.056335307444021022e-02
-1.056533294634299722e-02
-1.056533294634299722e-02
-1.056533294634299722e-02
-1.057178565327007713e-02
-1.057178565327008234e-02
-1.057022540189345682e-02
-1.057022540189345508e-02
-1.057452908291471420e-02
-1.057438735015125801e-02
-1.057438735015126148e-02
-1.057438735015125975e-02
-1.057438735015125801e-02
-1.057613351443646016e-02
-1.057613351443646016e-02
-1.057782218240532757e-02
-1.058088409279021695e-02
-1.057933077320658867e-02
-1.057044947395413027e-02
-1.057044947395412854e-02
-1.057044947395413027e-02
-1.056213946870389851e-02
-1.056120419111497913e-02
-1.056348490652905120e-02
-1.055931976352684175e-02
-1.055931976352683828e-02
-1.056602889408643497e-02
-1.056308357560709933e-02
-1.056322660219397372e-02
-1.054328090344239764e-02
-1.054328090344239591e-02
-1.054328090344239764e-02
-1.054940044448855925e-02
-1.054829627847103483e-02
-1.054611346585659047e-02
-1.054611346585658527e-02
-1.054543468044293747e-02
-1.054344594487542468e-02
-1.054344594487542641e-02
-1.054449233070622709e-02
-1.054605280361434541e-02
-1.054244298074838437e-02
-1.054244298074838264e-02
-1.054244298074837743e-02
-1.054084686462689741e-02
-1.054569253001248069e-02
-1.054445840208746536e-02
-1.054446125660341536e-02
-1.054195209578716493e-02
-1.054461125525867071e-02
-1.054666413109170420e-02
-1.054475160524595036e-02
-1.054315887705993375e-02
-1.054318221485805313e-02
-1.054318221485805833e-02
-1.054793416252922632e-02
-1.054702469198607814e-02
-1.054843504798085897e-02
-1.054843504798085897e-02
-1.054843504798086244e-02
-1.054842615614329411e-02
-1.058475611136048405e-02
-1.058805430892790535e-02
-1.058819516891859429e-02
-1.058537065604672062e-02
-1.058655904455156442e-02
-1.058655904455156269e-02
-1.058552736053538189e-02
-1.058567616031892353e-02
-1.058596167386544225e-02
-1.058596167386544051e-02
-1.058499517733310635e-02
-1.058885990393619407e-02
-1.059429868387492917e-02
-1.059444418402098048e-02
-1.057701350925918313e-02
-1.057860424220536180e-02
-1.057992824098802007e-02
-1.057992824098801833e-02
-1.057992824098802007e-02
-1.057642506206775412e-02
-1.058458407751534935e-02
-1.057794005682340978e-02
-1.057493780912951986e-02
-1.057486617156803976e-02
-1.057486617156803976e-02
-1.058033357953326765e-02
-1.058055779640066502e-02
-1.058055779640066849e-02
-1.058172840794562898e-02
-1.058399639440954151e-02
-1.058392902081858357e-02
-1.058392902081858704e-02
-1.057728305698346638e-02
-1.058000487419714919e-02
-1.057749184011478293e-02
-1.057405448585639618e-02
-1.057843008810593552e-02
-1.057843008810592858e-02
-1.057843008810593378e-02
-1.057689749354505902e-02
-1.057923527304863859e-02
-1.057526681745966576e-02
-1.057321939157064052e-02
-1.057321939157064399e-02
-1.057321939157063878e-02
-1.057241482454708385e-02
-1.057392850588688427e-02
-1.057446125780451933e-02
-1.057539689400615462e-02
-1.057422916179596648e-02
-1.057422750462118713e-02
-1.057633788425730269e-02
-1.057430818252932427e-02
-1.057430818252932427e-02
-1.057430818252932600e-02
-1.057734529761958885e-02
-1.057540953978408464e-02
-1.057451653180496547e-02
-1.057655052111670935e-02
-1.057458694013963842e-02
-1.057458694013964015e-02
-1.057451653180496200e-02
-1.057725503823362181e-02
-1.057268195435455242e-02
-1.057311213396608211e-02
-1.057311213396608558e-02
-1.056964143045586481e-02
-1.057490122379017503e-02
-1.057380748173101376e-02
-1.057774610583293515e-02
-1.057696933555175682e-02
-1.057696933555176029e-02
-1.057696933555176029e-02
-1.057496127190272160e-02
-1.057592903870289286e-02
-1.057592702892055231e-02
-1.057592212588944619e-02
-1.057593198450509225e-02
-1.057592903870289286e-02
-1.057569472283466892e-02
-1.057634216028380432e-02
-1.057497659032141310e-02
-1.057701911210055280e-02
-1.057818610807971169e-02
-1.057482856372414168e-02
-1.057482594010578439e-02
-1.057482594010578612e-02
-1.057482594010578959e-02
-1.057482078545056610e-02
-1.057572505903293068e-02
-1.058061593181194859e-02
-1.057955945913443760e-02
-1.058079950730301741e-02
-1.057955136916019154e-02
-1.057955136916018980e-02
-1.058173861557609383e-02
-1.058076679705517373e-02
-1.057847955754413413e-02
-1.057847955754412893e-02
-1.058058898046241106e-02
-1.058156073973395839e-02
-1.058146818313754692e-02
-1.058279280990206961e-02
-1.058130112762336629e-02
-1.058130112762336282e-02
-1.058198769563324475e-02
-1.058094810333335030e-02
-1.058400790071780360e-02
-1.058276903095755304e-02
-1.058256118420935858e-02
-1.058370245592860776e-02
-1.059018710296697093e-02
-1.058952390694443448e-02
-1.058910486786958025e-02
-1.058918519092963070e-02
-1.059111124054871317e-02
-1.059001201881215777e-02
-1.058895423569695959e-02
-1.059620687526997493e-02
-1.059665230969363513e-02
-1.059378652111194787e-02
-1.059270375571699785e-02
-1.059263575879865887e-02
-1.059475236025560207e-02
-1.059351543074502772e-02
-1.059351543074503292e-02
-1.059277663311552348e-02
-1.059427447704351655e-02
-1.059542109291224110e-02
-1.059386212161136237e-02
-1.059490076906119231e-02
-1.059490076906119405e-02
-1.059614477510299226e-02
-1.059607750208566707e-02
-1.059390698459189949e-02
-1.059277753485720480e-02
-1.059154177689437815e-02
-1.059149672535487398e-02
-1.058583558651323038e-02
-1.058692482018923180e-02
-1.058692482018923353e-02
-1.058314763077646860e-02
-1.058097843978598671e-02
-1.058097843978597977e-02
-1.058171313456013340e-02
-1.057736380181749196e-02
-1.057970640142604814e-02
-1.058210603672629126e-02
-1.058210603672629126e-02
-1.057901392749448048e-02
-1.057901816756283767e-02
-1.058099555714115368e-02
-1.058099555714115889e-02
-1.057792704979831563e-02
-1.058017937879488467e-02
-1.058017919938209275e-02
-1.058017919938209102e-02
-1.058134958252111325e-02
-1.058043349785353637e-02
-1.058216201469534823e-02
-1.058216201469535170e-02
-1.058017629552366820e-02
-1.057591215344763462e-02
-1.058224613150961745e-02
-1.058124072483689580e-02
-1.058124072483689580e-02
-1.058124072483689407e-02
-1.059434898027452644e-02
-1.058938153424148973e-02
-1.058536311992903413e-02
-1.058536311992903413e-02
-1.058640535953178294e-02
-1.058537423157467419e-02
-1.058639831188729237e-02
-1.058529755737318626e-02
-1.058902979454853441e-02
-1.058902979454853614e-02
-1.058902979454853441e-02
-1.058902979454853441e-02
-1.058902979454853788e-02
-1.058921133151609698e-02
-1.059030536224359401e-02
-1.058975568705346031e-02
-1.058975568705346204e-02
-1.059045760373866080e-02
-1.059045760373865906e-02
-1.059045760373866427e-02
-1.059039846925411213e-02
-1.059039846925410866e-02
-1.059084710980600676e-02
-1.059421546521496782e-02
-1.059421546521497302e-02
-1.059318028832757774e-02
-1.059084079069852989e-02
-1.058892004356727645e-02
-1.058812920235782142e-02
-1.058782485138169867e-02
-1.058347336182412744e-02
-1.058346692179108414e-02
-1.058463012290413070e-02
-1.058271357027219632e-02
-1.058346692179108241e-02
-1.058706926542554889e-02
-1.058822846077287112e-02
-1.058851311952913911e-02
-1.058851311952913911e-02
-1.058748086316468537e-02
-1.058862306907245275e-02
-1.058496608423841086e-02
-1.058606895137745654e-02
-1.058745136568768966e-02
-1.058628316413966555e-02
-1.058623168824817697e-02
-1.058519581693590644e-02
-1.058519581693590471e-02
-1.058188307345597247e-02
-1.058574577644215073e-02
-1.058793969784033173e-02
-1.058585460135573128e-02
-1.058950543339368458e-02
-1.058602007147580425e-02
-1.058828901670002577e-02
-1.058333485443904709e-02
-1.058334184542579492e-02
-1.058464100430231251e-02
-1.058004548072727195e-02
-1.058120585507529854e-02
-1.058335982495604323e-02
-1.058230489933866675e-02
-1.058347484939341047e-02
-1.059150338654078240e-02
-1.059048631305056255e-02
-1.057323201167057955e-02
-1.057566441303948133e-02
-1.057566441303948480e-02
-1.057492295344890886e-02
-1.057209424333933889e-02
-1.057209667863168341e-02
-1.057209667863168515e-02
-1.057317000729453976e-02
-1.057209667863168515e-02
-1.058143605031001099e-02
-1.058294921406749758e-02
-1.058699156933329451e-02
-1.058699156933329104e-02
-1.058817787829345082e-02
-1.058416330138491415e-02
-1.058416330138491068e-02
-1.058416330138491068e-02
-1.058664912461197705e-02
-1.058664912461197358e-02
-1.058664912461197358e-02
-1.058664912461197705e-02
-1.058664912461197705e-02
-1.058664912461197705e-02
-1.058330417081567755e-02
-1.058330417081567408e-02
-1.058464907104880726e-02
-1.058640693527045096e-02
-1.058451790753176490e-02
-1.056880274712397420e-02
-1.056990833601316113e-02
-1.057188899330666933e-02
-1.056970569222820053e-02
-1.056993794485582873e-02
-1.056993794485582873e-02
-1.057081935802960809e-02
-1.057540115153807539e-02
-1.057657260172994128e-02
-1.057432102096123212e-02
-1.057540067437186433e-02
-1.057648083725656711e-02
-1.057540115153807192e-02
-1.057151735614136022e-02
-1.057327858111968381e-02
-1.057327731528667249e-02
-1.057327922089586376e-02
-1.057487907480491804e-02
-1.057487907480491804e-02
-1.057333442468661421e-02
-1.057333442468661247e-02
-1.057403637808744176e-02
-1.057649963883437391e-02
-1.057649963883437391e-02
-1.057540657320081741e-02
-1.057649963883437391e-02
-1.057762451684491137e-02
-1.057762451684491484e-02
-1.057762451684491137e-02
-1.057767483469070069e-02
-1.057650109667582737e-02
-1.057203427375713947e-02
-1.057809906747175441e-02
-1.058059797005815247e-02
-1.057725005610046440e-02
-1.057841838053142497e-02
-1.057412265946155311e-02
-1.057412265946155311e-02
-1.056999845635306703e-02
-1.057110135390081432e-02
-1.057110135390081432e-02
-1.057448817819254747e-02
-1.057557971381728988e-02
-1.057674812454705016e-02
-1.057674812454705189e-02
-1.057660344705045434e-02
-1.057466977517857072e-02
-1.057466977517857072e-02
-1.057466977517857072e-02
-1.057467212652186787e-02
-1.057722779674325798e-02
-1.057722779636352875e-02
-1.057540591353329541e-02
-1.057540591353329368e-02
-1.057643735072833630e-02
-1.057483055134870141e-02
-1.057475930479266461e-02
-1.057487877379863390e-02
-1.057487699466276229e-02
-1.057600422963461163e-02
-1.057491169559174674e-02
-1.057830617898356494e-02
-1.057830617898356494e-02
-1.057939462893408428e-02
-1.057753466919253253e-02
-1.059237282445423325e-02
-1.059237282445422978e-02
-1.059389448065993673e-02
-1.059163262602720763e-02
-1.059201322989219117e-02
-1.059201322989219637e-02
-1.059015158355720854e-02
-1.059248405581196886e-02
-1.059009920223412914e-02
-1.059311569193691939e-02
-1.059262177530867315e-02
-1.059262177530867662e-02
-1.059378014217611866e-02
-1.059379154042962984e-02
-1.058923814379988428e-02
-1.058725743203511524e-02
-1.058843284454573375e-02
-1.058886484045807458e-02
-1.058836107346010358e-02
-1.058843480810244680e-02
-1.058659255857879837e-02
-1.058649959938270761e-02
-1.058649959938271108e-02
-1.058649959938270588e-02
-1.059166330458386103e-02
-1.059049220378065724e-02
-1.058662680010604394e-02
-1.058910080410220902e-02
-1.059105225902830585e-02
-1.059194562576536332e-02
-1.059079732590995603e-02
-1.059214591564159279e-02
-1.059214591564159279e-02
-1.059221581110122642e-02
-1.058894126874285364e-02
-1.058894422093582637e-02
-1.058777216872685417e-02
-1.059098270623140547e-02
-1.059296500247016229e-02
-1.059295895823771268e-02
-1.059259151111059845e-02
-1.059403511325879982e-02
-1.059388818671272436e-02
-1.059388818671272263e-02
-1.059321270613679256e-02
-1.059436430069099142e-02
-1.059436430069099142e-02
-1.059323102534341469e-02
-1.059462879154519227e-02
-1.059579781697771866e-02
-1.058967799986219177e-02
-1.058967799986219177e-02
-1.059077332751610055e-02
-1.059053382486069284e-02
-1.059163284094928083e-02
-1.058973693912313233e-02
-1.059046626206255025e-02
-1.059045770404783669e-02
-1.059045770404783496e-02
-1.059045770404783843e-02
-1.059119617587182816e-02
-1.059016436548219746e-02
-1.059196486426904928e-02
-1.059196486426905275e-02
-1.059196486426904234e-02
-1.058933007221798082e-02
-1.059022628518934209e-02
-1.059236888100349369e-02
-1.059134152478987366e-02
-1.059128523662899134e-02
-1.059507655307174653e-02
-1.059411756635957741e-02
-1.059393044027437912e-02
-1.059393044027438086e-02
-1.059411756635958261e-02
-1.059529333915128733e-02
-1.059193439293954452e-02
-1.059193439293954105e-02
-1.059298656528966272e-02
-1.059297563417801666e-02
-1.059297563417801666e-02
-1.059292174318594848e-02
-1.059386454126102356e-02
-1.059727531226914259e-02
-1.059844190514462256e-02
-1.059960932077254163e-02
-1.059584038816967569e-02
-1.059825792422888421e-02
-1.059827902293028479e-02
-1.059922575522189055e-02
-1.059820494752755464e-02
-1.059820494752755117e-02
-1.059917671785166882e-02
-1.059831753962655991e-02
-1.060168297939148227e-02
-1.059948393062716022e-02
-1.059949815547160494e-02
-1.059948393062715155e-02
-1.059948393062715502e-02
-1.059948393062714808e-02
-1.060066140228642720e-02
-1.059935582217706555e-02
-1.060169761589667414e-02
-1.060169760400193374e-02
-1.059901763845188562e-02
-1.059878252572084463e-02
-1.059371450646910684e-02
-1.059371450646910684e-02
-1.059583021531857773e-02
-1.059606489100316934e-02
-1.059606489100316587e-02
-1.059541506242012328e-02
-1.059541506242012848e-02
-1.059657655707224588e-02
-1.059657655707224762e-02
-1.059603058797477411e-02
-1.059793611153768585e-02
-1.059724755984601391e-02
-1.059724755984600177e-02
-1.059724755984601217e-02
-1.059724755984600177e-02
-1.059732672921819344e-02
-1.059732672921818823e-02
-1.059724755984600524e-02
-1.059724755984600524e-02
-1.059724755984600350e-02
-1.059818373125318187e-02
-1.059818373125318708e-02
-1.059818373125318361e-02
-1.059492519857533482e-02
-1.059649726517684389e-02
-1.059649726517683348e-02
-1.059649579425140514e-02
-1.059648604119609906e-02
-1.059648604119609212e-02
-1.059533079212936213e-02
-1.059533079212935693e-02
-1.058218276366420033e-02
-1.058649139138670772e-02
-1.058649139138670252e-02
-1.058873572331109521e-02
-1.058779278951311499e-02
-1.058920385692314718e-02
-1.059037001947856112e-02
-1.058686784727577018e-02
-1.058867831010474464e-02
-1.058723571655999750e-02
-1.058723571656000097e-02
-1.058723571655999923e-02
-1.058679732597204472e-02
-1.058679732597204992e-02
-1.058679732597205166e-02
-1.058902265514405361e-02
-1.059325237831071180e-02
-1.059325237831071007e-02
-1.059209313444357294e-02
-1.058650230379075928e-02
-1.058865764066181658e-02
-1.058861543321086562e-02
-1.058861543321086909e-02
-1.058745565840600936e-02
-1.058667802370965444e-02
-1.058634523196135685e-02
-1.058965086221622630e-02
-1.058965086221621936e-02
-1.059185467336643156e-02
-1.059287308544803671e-02
-1.058823981497345780e-02
-1.058708471601550911e-02
-1.058823981497346127e-02
-1.059021447218373539e-02
-1.059030312245689935e-02
-1.058890621699114763e-02
-1.058912909859809418e-02
-1.059055529097625674e-02
-1.058938839765962391e-02
-1.058996046178992817e-02
-1.059258708011823896e-02
-1.059258708011822855e-02
-1.059165084578721563e-02
-1.059017669098477089e-02
-1.059068681835604112e-02
-1.059235836764597059e-02
-1.059301532186758543e-02
-1.058765526184219166e-02
-1.058869135541991129e-02
-1.058332165541868257e-02
-1.058332165541868257e-02
-1.058448856780346871e-02
-1.058700445676767979e-02
-1.058815938863559569e-02
-1.058815938863559569e-02
-1.058931479859260075e-02
-1.058649254323272559e-02
-1.058766650686085789e-02
-1.058649254323272386e-02
-1.058826083153338246e-02
-1.058694410977357135e-02
-1.058694410977357135e-02
-1.058694410977357135e-02
-1.058985981690043106e-02
-1.058634204441685767e-02
-1.058914887718998173e-02
-1.058680890565163839e-02
-1.058942181052931718e-02
-1.058942181052931544e-02
-1.058949763479332014e-02
-1.058758812022804648e-02
-1.058643514394410484e-02
-1.058707290609215389e-02
-1.058707290609214868e-02
-1.058466136603328916e-02
-1.058998311514211185e-02
-1.058998311514211012e-02
-1.058999677564662588e-02
-1.057093722293897184e-02
-1.057201120227491305e-02
-1.057218701854921276e-02
-1.057218701854921276e-02
-1.057201120227491478e-02
-1.056885431022565498e-02
-1.056885431022565151e-02
-1.056926676953520716e-02
-1.056926676953520716e-02
-1.056926698244843241e-02
-1.056934150648302338e-02
-1.056934150648302165e-02
-1.056919959051780267e-02
-1.056889639150195362e-02
-1.057243726079821686e-02
-1.057243726079821512e-02
-1.057493239899331972e-02
-1.057493239899332145e-02
-1.057478165248544773e-02
-1.057249618840735809e-02
-1.057356523277992386e-02
-1.057373186140648548e-02
-1.057373186140648548e-02
-1.057322257811699542e-02
-1.057322089213146715e-02
-1.057322089213147236e-02
-1.057873774840457047e-02
-1.057758890617274336e-02
-1.057758890617274856e-02
-1.057402713991132531e-02
-1.058018475812480368e-02
-1.058038415711609094e-02
-1.058038415711609614e-02
-1.058118290572578057e-02
-1.058111262862600384e-02
-1.058210682127507657e-02
-1.058327188796003189e-02
-1.058327188796003536e-02
-1.058327188796003883e-02
-1.058527184099034360e-02
-1.058527062757608564e-02
-1.058638022428714381e-02
-1.058339862685424813e-02
-1.058339862685424987e-02
-1.058453617693757252e-02
-1.058291174683049195e-02
-1.058408465342715495e-02
-1.058578103113242720e-02
-1.058467782728619161e-02
-1.058833368850115031e-02
-1.058833200843885616e-02
-1.058453218643576506e-02
-1.058637331768381117e-02
-1.058748144062461247e-02
-1.058565089386947350e-02
-1.058218489268386402e-02
-1.058246779380763759e-02
-1.058246779380763759e-02
-1.058351229924494111e-02
-1.058351229924494631e-02
-1.058351229924494805e-02
-1.058351229924494978e-02
-1.058351229924494631e-02
-1.058717478176923917e-02
-1.058601198595622399e-02
-1.057792555586418645e-02
-1.057792359245185096e-02
-1.057682549290836840e-02
-1.057999929009086591e-02
-1.057999929009086938e-02
-1.058186233199277793e-02
-1.058068499193758234e-02
-1.058412939131545341e-02
-1.057828387510856630e-02
-1.058324676671504663e-02
-1.057176946930591180e-02
-1.057243412344488313e-02
-1.057176946930591180e-02
-1.057420948333662875e-02
-1.057259765763992644e-02
-1.057452029218144442e-02
-1.057561495937774446e-02
-1.057781621289874581e-02
-1.058139460304062009e-02
-1.057762268465130620e-02
-1.057762523036985189e-02
-1.057762145242996561e-02
-1.057762145242996388e-02
-1.057773650672929992e-02
-1.057773650672930166e-02
-1.057890812264785513e-02
-1.057890812264785339e-02
-1.057890812264786033e-02
-1.057773650672929819e-02
-1.057773650672929819e-02
-1.057773650672930166e-02
-1.057348303164618204e-02
-1.057306786497615170e-02
-1.057306786497615170e-02
-1.057231483600892634e-02
-1.057287795143297543e-02
-1.057342061882181154e-02
-1.057328711385394082e-02
-1.057715272822955764e-02
-1.057644483067805841e-02
-1.057575310875928480e-02
-1.057803083575914287e-02
-1.057722856889564342e-02
-1.057694937584682110e-02
-1.057488082342214301e-02
-1.057877763578659105e-02
-1.057877763578659626e-02
-1.057093793479658116e-02
-1.057201444935125696e-02
-1.057201444935125176e-02
-1.057201444935125349e-02
-1.057201444935125696e-02
-1.057201444935125696e-02
-1.057577963128697278e-02
-1.057577963128697104e-02
-1.057359215272556108e-02
-1.057634252501237805e-02
-1.057472573254989757e-02
-1.057245153917518894e-02
-1.057355517535893061e-02
-1.057362180016720860e-02
-1.057477664932466276e-02
-1.056703144570601133e-02
-1.056703144570600959e-02
-1.056901983344578702e-02
-1.057171208425498714e-02
-1.058295038413160395e-02
-1.057503251721545780e-02
-1.057823094001404500e-02
-1.057936265857182048e-02
-1.058030391421183047e-02
-1.058218409239319174e-02
-1.058140628659344842e-02
-1.057426409034432045e-02
-1.057425793675096336e-02
-1.057444444302815291e-02
-1.057551663678086076e-02
-1.057551663678086076e-02
-1.057895511026775773e-02
-1.057894495999866548e-02
-1.057550990938011838e-02
-1.057666416789816884e-02
-1.057667119898930003e-02
-1.057621025426349649e-02
-1.057621025426350170e-02
-1.057621025426349823e-02
-1.057371595178679957e-02
-1.057250141789688874e-02
-1.057270089519786113e-02
-1.057466733386692309e-02
-1.057196943266426603e-02
-1.057124604147902276e-02
-1.057124398347635517e-02
-1.057124398347635517e-02
-1.057962751631581592e-02
-1.057647492166414495e-02
-1.057629559979860606e-02
-1.057143739023647284e-02
-1.057143739023647284e-02
-1.057251675163327527e-02
-1.057143739023647631e-02
-1.057034526855697883e-02
-1.057034526855698056e-02
-1.056918173114309439e-02
-1.057034230910423173e-02
-1.058309307659411301e-02
-1.058309307659411995e-02
-1.058309307659411648e-02
-1.058325336133607297e-02
-1.058181341316609403e-02
-1.058231302747980433e-02
-1.058231302747979913e-02
-1.057986518563566389e-02
-1.057986518563566562e-02
-1.058066452759703381e-02
-1.058328449154191837e-02
-1.058328449154191837e-02
-1.058327801461562620e-02
-1.058643133058200479e-02
-1.058642146563516621e-02
-1.058575806142822429e-02
-1.058523895526722672e-02
-1.058492308440225557e-02
-1.058575797240115038e-02
-1.058662725363799899e-02
-1.058663398296491240e-02
-1.058547041633327475e-02
-1.058669499339217300e-02
-1.058135119609610736e-02
-1.058135119609610909e-02
-1.058238310670516977e-02
-1.058238310670517324e-02
-1.058463694315980169e-02
-1.058239015722488990e-02
-1.058225404403063778e-02
-1.057757087610544482e-02
-1.057974670769802443e-02
-1.057974670769802616e-02
-1.058097384926063797e-02
-1.058434313925534463e-02
-1.058434933820495000e-02
-1.058110933477091065e-02
-1.058110933477091238e-02
-1.058234167933853019e-02
-1.058234167933852672e-02
-1.058356749763605595e-02
-1.058356749763605421e-02
-1.058662833110944439e-02
-1.058488397097908165e-02
-1.058487466890680254e-02
-1.058610579955903200e-02
-1.058601008746389883e-02
-1.058733732974213512e-02
-1.058616380439995723e-02
-1.058739255766365066e-02
-1.058609324976620379e-02
-1.058537004033246499e-02
-1.058609764506890025e-02
-1.058357437964364475e-02
-1.058356754979486967e-02
-1.058587422396712295e-02
-1.058587422396712469e-02
-1.058587422396711948e-02
-1.058790666578203997e-02
-1.058830544919463906e-02
-1.058841600838492623e-02
-1.059147920068868876e-02
-1.059018281584326281e-02
-1.059018281584326281e-02
-1.059018281584326628e-02
-1.059018281584326975e-02
-1.059135456829585556e-02
-1.059263567976650826e-02
-1.059263302608624661e-02
-1.059140823959374075e-02
-1.059020470260889531e-02
-1.059263558362026625e-02
-1.059263172203999542e-02
-1.059223606885072687e-02
-1.059223606885072687e-02
-1.059436765550327356e-02
-1.059429844717728331e-02
-1.059768149582675061e-02
-1.059768149582675234e-02
-1.059828724445795005e-02
-1.058432311602246212e-02
-1.058147259092508813e-02
-1.058180000150576137e-02
-1.058180000150575790e-02
-1.058190157164827505e-02
-1.058429694662028908e-02
-1.058429694662028908e-02
-1.057818113494751223e-02
-1.057818113494751397e-02
-1.057818113494751570e-02
-1.057916624875366272e-02
-1.057927853071951793e-02
-1.058822601098719993e-02
-1.058823428550805662e-02
-1.058823428550805489e-02
-1.058925510712127593e-02
-1.058925510712127767e-02
-1.058948472216329761e-02
-1.059069922040031808e-02
-1.059069922040031461e-02
-1.059010238171417990e-02
-1.058891767111700549e-02
-1.058563275784780815e-02
-1.058330819866695229e-02
-1.058330821799100853e-02
-1.057098065511401404e-02
-1.056979554892638687e-02
-1.057104922068268990e-02
-1.057033203240963747e-02
-1.057104922068268643e-02
-1.056983188388899327e-02
-1.057319338434758310e-02
-1.057104922068268990e-02
-1.057773346150123021e-02
-1.057688846862315894e-02
-1.057684458511656128e-02
-1.057568666797953361e-02
-1.057985175293484244e-02
-1.057747523356117846e-02
-1.057605569929685740e-02
-1.057591409716697635e-02
-1.057706560694002262e-02
-1.057822886199015835e-02
-1.057713475702582936e-02
-1.057482742635805668e-02
-1.057605488792778131e-02
-1.057605488792778131e-02
-1.057360732206216909e-02
-1.057482742635805495e-02
-1.057720277250052444e-02
-1.056871870241637458e-02
-1.056871870241637285e-02
-1.057116534843658903e-02
-1.056896106724343996e-02
-1.056826573093947071e-02
-1.056963136574610128e-02
-1.056770092960523932e-02
-1.056770092960524279e-02
-1.056775536851017362e-02
-1.057014204169563244e-02
-1.056891800518979657e-02
-1.056891800518979310e-02
-1.057101625287500991e-02
-1.057064683927489389e-02
-1.057064683927489389e-02
-1.057064683927489042e-02
-1.058772647191842144e-02
-1.057699572508168963e-02
-1.057727421762979896e-02
-1.057727421762979028e-02
-1.059299875532073928e-02
-1.058604728299475557e-02
-1.058618949226498678e-02
-1.058618949226498678e-02
-1.058618949226498157e-02
-1.058167875880628404e-02
-1.058160651776893918e-02
-1.058025098084909923e-02
-1.058039724673580893e-02
-1.058039724673581414e-02
-1.058025098084909750e-02
-1.058044214087593485e-02
-1.057852540191907796e-02
-1.057975266589832909e-02
-1.057938596046990518e-02
-1.057906353393151325e-02
-1.057571056060741324e-02
-1.057669439239279120e-02
-1.057672294091223548e-02
-1.057762903760625303e-02
-1.057763053381373212e-02
-1.057641377283875285e-02
-1.057579295593967690e-02
-1.057355381872645238e-02
-1.057329340910242825e-02
-1.057451854396671866e-02
-1.057451854396671866e-02
-1.057443090043725525e-02
-1.057625180318197064e-02
-1.056862067486915267e-02
-1.057101431680315499e-02
-1.057101431680315326e-02
-1.057223144410995679e-02
-1.056765758769361539e-02
-1.056636813158022201e-02
-1.057123284321249621e-02
-1.057188268990748997e-02
-1.057066214604546021e-02
-1.057308265580616906e-02
-1.057308265580617253e-02
-1.057308265580617079e-02
-1.057181135156874327e-02
-1.057717847554677168e-02
-1.057697824092138084e-02
-1.057543292531542417e-02
-1.057352330971034378e-02
-1.057470987180831462e-02
-1.057352330971034031e-02
-1.057352330971034031e-02
-1.057345330083447887e-02
-1.057547016785356786e-02
-1.057424176410204537e-02
-1.057703598970975017e-02
-1.057703598970974497e-02
-1.057920065069728119e-02
-1.057920065069727772e-02
-1.057480571670105229e-02
-1.057480313003868015e-02
-1.057480313003867842e-02
-1.057531153817794882e-02
-1.057531153817794882e-02
-1.057983326686108387e-02
-1.057861412787364057e-02
-1.057861412787364404e-02
-1.057861412787364057e-02
-1.057861412787364404e-02
-1.057861412787363883e-02
-1.057861412787364230e-02
-1.057861412787364230e-02
-1.057950557252498869e-02
-1.058025436971669203e-02
-1.058034115834133489e-02
-1.057950059765333170e-02
-1.057835281459762640e-02
-1.057950713030502733e-02
-1.058204919893215856e-02
-1.058204919893216030e-02
-1.058326437813392022e-02
-1.058204460488402360e-02
-1.058204460488402360e-02
-1.058182375201320927e-02
-1.058279800849219743e-02
-1.058300249331468705e-02
-1.058278610486957858e-02
-1.058278610486958204e-02
-1.057780825553657905e-02
-1.057776119535175537e-02
-1.057776119535175537e-02
-1.057856898059812527e-02
-1.058886255389227676e-02
-1.058886255389226982e-02
-1.058590757761009721e-02
-1.058590757761009721e-02
-1.058590757761009721e-02
-1.058590738609162946e-02
-1.058468677559473714e-02
-1.058468677559473888e-02
-1.058468677559473714e-02
-1.058468677559473714e-02
-1.058292074878920686e-02
-1.058537198941776267e-02
-1.058537198941775920e-02
-1.058661556117049436e-02
-1.058661556117049436e-02
-1.058539267048714400e-02
-1.058779140502518618e-02
-1.058432755983322593e-02
-1.058237939633654458e-02
-1.058264761150445182e-02
-1.058276386718922692e-02
-1.058276386718923386e-02
-1.058276386718922865e-02
-1.058276386718922692e-02
-1.058352257508541824e-02
-1.058352257508541651e-02
-1.058230399939171472e-02
-1.057352818140286539e-02
-1.057293689364571625e-02
-1.057255736366691408e-02
-1.057269512031572441e-02
-1.057171847071470758e-02
-1.057171847071470411e-02
-1.057239921141504141e-02
-1.055838572499359466e-02
-1.056021013990193422e-02
-1.056075531587873442e-02
-1.055734343834102001e-02
-1.055734935006353084e-02
-1.055734935006353084e-02
-1.055911714599815261e-02
-1.055826471446398747e-02
-1.055826471446398573e-02
-1.055840692328939220e-02
-1.056283577572447382e-02
-1.056656037840032064e-02
-1.056656037840032238e-02
-1.056771377051678867e-02
-1.057167877921950071e-02
-1.056324785650925545e-02
-1.056839263401701881e-02
-1.057030107431997101e-02
-1.057053509373689394e-02
-1.057124528491023077e-02
-1.057130523564161692e-02
-1.056960325737393153e-02
-1.057189363641219612e-02
-1.057075638279900143e-02
-1.057051533095748619e-02
-1.057167383513684007e-02
-1.057303437558938797e-02
-1.057303437558938450e-02
-1.056838838739183016e-02
-1.057179237250271790e-02
-1.057308125230023779e-02
-1.056934488744320187e-02
-1.056934488744319493e-02
-1.056934488744319320e-02
-1.057056835302101587e-02
-1.056888763982919387e-02
-1.056934488744319840e-02
-1.057204173645264270e-02
-1.056994153475421076e-02
-1.056619698812042568e-02
-1.056619698812042395e-02
-1.056619698812042568e-02
-1.056619698812042742e-02
-1.056619698812042742e-02
-1.056632739820342025e-02
-1.056632739820341851e-02
-1.056741680999349203e-02
-1.056723610686467231e-02
-1.055132731253762696e-02
-1.055189428902358721e-02
-1.054992889901818810e-02
-1.055577077104613570e-02
-1.055530690173361180e-02
-1.055530690173361180e-02
-1.055638706675283110e-02
-1.055666679561543739e-02
-1.055666679561543565e-02
-1.055666679561543739e-02
-1.055391807235311376e-02
-1.055506869224714060e-02
-1.055187654336891927e-02
-1.055186805672266546e-02
-1.055752404893195960e-02
-1.055759910314558146e-02
-1.055759910314558146e-02
-1.055353611064390254e-02
-1.055543050805291677e-02
-1.055843037922074915e-02
-1.055404338964161318e-02
-1.055490041924696080e-02
-1.057635476586852447e-02
-1.057511169241403745e-02
-1.057847310522951577e-02
-1.057730219410245309e-02
-1.057730219410245656e-02
-1.058146805925152395e-02
-1.058521607482647633e-02
-1.057538103431213128e-02
-1.057305555271394887e-02
-1.057575983000178833e-02
-1.057575983000179180e-02
-1.058125123399765097e-02
-1.058118171651066877e-02
-1.058118171651067051e-02
-1.058242453865754912e-02
-1.058012250761315200e-02
-1.057980705388106464e-02
-1.057369956367678818e-02
-1.057369956367678991e-02
-1.057406240118692262e-02
-1.057384677306184503e-02
-1.057384677306183636e-02
-1.057587163493785461e-02
-1.057491724609114538e-02
-1.057491724609113844e-02
-1.057310093321079010e-02
-1.057302944365042484e-02
-1.057302944365042831e-02
-1.057302944365043004e-02
-1.057316984949215229e-02
-1.057316984949216269e-02
-1.057426924014314568e-02
-1.057426924014314394e-02
-1.057289558619059835e-02
-1.057165162019469556e-02
-1.057375499793089882e-02
-1.057375499793090229e-02
-1.057408288468391841e-02
-1.057408288468392708e-02
-1.057408126635249468e-02
-1.057408126635249468e-02
-1.057408126635249294e-02
-1.057284255680392311e-02
-1.057159916645350299e-02
-1.057584953940722897e-02
-1.057585170665001004e-02
-1.057585170665000136e-02
-1.057460938464094627e-02
-1.057391389783190680e-02
-1.057391630789567688e-02
-1.057391576047950546e-02
-1.057391797977990343e-02
-1.057391797977990169e-02
-1.057391797977989822e-02
-1.057515640947351461e-02
-1.057523257545856486e-02
-1.057403341786483826e-02
-1.057524000649726591e-02
-1.057524000649726417e-02
-1.057594096335995673e-02
-1.056964778586199499e-02
-1.056964778586199499e-02
-1.057088753115417203e-02
-1.057184063031431018e-02
-1.056982289724267381e-02
-1.056982289724266687e-02
-1.056987442899226526e-02
-1.057106712148788222e-02
-1.057182577700878888e-02
-1.057291361081373442e-02
-1.057182579505189582e-02
-1.057025318019527184e-02
-1.057105353061848357e-02
-1.057105353061847317e-02
-1.056761550386546566e-02
-1.057230507456000980e-02
-1.057237580963558271e-02
-1.057021444341057874e-02
-1.057021444341058221e-02
-1.056989335564369192e-02
-1.057027892067223182e-02
-1.057580043532053288e-02
-1.059505809991643718e-02
-1.059491593905797537e-02
-1.059340191794438946e-02
-1.059847334736041535e-02
-1.059642100779506491e-02
-1.059725634390355775e-02
-1.059478017428705683e-02
-1.059294058317836011e-02
-1.059491992103326480e-02
-1.059945812249965015e-02
-1.059945812249965015e-02
-1.059945812249965362e-02
-1.060070715884808140e-02
-1.060130986419439286e-02
-1.058920157940202583e-02
-1.058807598095113170e-02
-1.058929829580443002e-02
-1.058808657623020073e-02
-1.058807598095112823e-02
-1.058930684716632813e-02
-1.058930684716632466e-02
-1.059090908783377923e-02
-1.059090908783378616e-02
-1.059090908783378270e-02
-1.058888506203645684e-02
-1.058806011218231362e-02
-1.058798331505521502e-02
-1.058682571844686560e-02
-1.058806011218231535e-02
-1.058806011218231362e-02
-1.058806011218231535e-02
-1.058763720073795794e-02
-1.058763720073795968e-02
-1.058818925046919705e-02
-1.058818925046919705e-02
-1.059133667909569615e-02
-1.059241216724534675e-02
-1.059456435994665137e-02
-1.059456435994664963e-02
-1.059456435994665484e-02
-1.059456435994665310e-02
-1.059456435994665137e-02
-1.059455211582883277e-02
-1.059504630443061299e-02
-1.059397538827531321e-02
-1.059397538827531494e-02
-1.059406209968952878e-02
-1.059403861337224195e-02
-1.059507096841562704e-02
-1.059747163804270961e-02
-1.059631417070838744e-02
-1.059508179810893062e-02
-1.059508179810892889e-02
-1.059786652782287140e-02
-1.059786652782286794e-02
-1.059613082871177676e-02
-1.059526592591990626e-02
-1.059635538086269209e-02
-1.059265872953913182e-02
-1.059386578769133669e-02
-1.059386578769133842e-02
-1.059386578769133669e-02
-1.059756751028697284e-02
-1.059631714534131457e-02
-1.059631714534131457e-02
-1.059631714534131457e-02
-1.059631714534131630e-02
-1.060009146810793335e-02
-1.060011284791691905e-02
-1.060135269643506378e-02
-1.060011284791692078e-02
-1.060135039700611272e-02
-1.060011284791691905e-02
-1.059082210467939683e-02
-1.059079075224693585e-02
-1.059136458965394267e-02
-1.059071115611449551e-02
-1.059071115611449204e-02
-1.059586490604737426e-02
-1.059439450529476440e-02
-1.059351686475432444e-02
-1.059268220182154469e-02
-1.059476868929693470e-02
-1.059309168232445628e-02
-1.059617745374513524e-02
-1.059465790027789428e-02
-1.059465790027789775e-02
-1.059328206655667758e-02
-1.059208030994975881e-02
-1.059328206655667237e-02
-1.059328206655667237e-02
-1.059336261315627081e-02
-1.059328206655667584e-02
-1.059328206655667758e-02
-1.059395405508906270e-02
-1.060012660305006092e-02
-1.060012660305005745e-02
-1.059855963016593031e-02
-1.059113705561675299e-02
-1.059113705561675473e-02
-1.059236885129844624e-02
-1.059236885129844277e-02
-1.059497126457035858e-02
-1.059707274623869142e-02
-1.059309576914259018e-02
-1.059309576914258845e-02
-1.059274089262337952e-02
-1.060007483577741355e-02
-1.059923647689632945e-02
-1.059691957438942816e-02
-1.059677565677366595e-02
-1.059761044892901932e-02
-1.059620184186164590e-02
-1.059050531185597860e-02
-1.059050531185596819e-02
-1.058943832928685262e-02
-1.059052211758179478e-02
-1.059302551767707205e-02
-1.059052108978228088e-02
-1.059004408616908907e-02
-1.058882083075171274e-02
-1.058957532485679462e-02
-1.058460228104683883e-02
-1.058689458669366881e-02
-1.058565420642149958e-02
-1.058565420642149611e-02
-1.058862480431642036e-02
-1.058862480431641863e-02
-1.058862480431641516e-02
-1.058986740250748501e-02
-1.058214672473371636e-02
-1.058214672473371636e-02
-1.057912270053483310e-02
-1.058392826730806917e-02
-1.058369701446216192e-02
-1.058325019852775564e-02
-1.058430670586626987e-02
-1.058684644684725756e-02
-1.058684644684725930e-02
-1.058602514658875220e-02
-1.058587847979511332e-02
-1.058588811928709225e-02
-1.059120685456895958e-02
-1.058994050815866179e-02
-1.058994050815867047e-02
-1.059103348100400889e-02
-1.059103348100400195e-02
-1.059107641364277243e-02
-1.060048924273567297e-02
-1.060033879813736257e-02
-1.060033879813736257e-02
-1.060033879813736257e-02
-1.060033879813736084e-02
-1.060033879813736257e-02
-1.060399568435029145e-02
-1.060281331961674192e-02
-1.060281331961674192e-02
-1.060156179509183852e-02
-1.060156179509183852e-02
-1.060022803401326937e-02
-1.060022803401327110e-02
-1.057240004103648413e-02
-1.057239685280356167e-02
-1.057593701751909261e-02
-1.057602740885184994e-02
-1.057602740885184821e-02
-1.057439244432101938e-02
-1.057517414635422356e-02
-1.057633776075578638e-02
-1.057479108969433708e-02
-1.057393833197891979e-02
-1.057629144774024921e-02
-1.057512143190571935e-02
-1.057636197090468765e-02
-1.057636197090468765e-02
-1.057512143190571761e-02
-1.057633616149019316e-02
-1.057269646122522243e-02
-1.057351890887255237e-02
-1.057183933772507835e-02
-1.057276265086578085e-02
-1.057185852481038087e-02
-1.057151535494942063e-02
-1.057277735810444041e-02
-1.057264553594518611e-02
-1.057152383609348545e-02
-1.057169655793623042e-02
-1.057169655793623042e-02
-1.057154500491882740e-02
-1.057084713754749550e-02
-1.057070887905662594e-02
-1.057070887905662768e-02
-1.057070887905662421e-02
-1.057066151870500459e-02
-1.057165515825553813e-02
-1.057165515825553813e-02
-1.057066068365557047e-02
-1.057329674797026671e-02
-1.057329674797027191e-02
-1.057056949827480004e-02
-1.056615534811316398e-02
-1.056615534811316745e-02
-1.056747131656737317e-02
-1.056643518642945596e-02
-1.056759794404853181e-02
-1.057061255962586654e-02
-1.056991676384498938e-02
-1.056991676384498591e-02
-1.056991676384498938e-02
-1.056985251157586264e-02
-1.056985251157586264e-02
-1.056991676384498764e-02
-1.056991676384499111e-02
-1.057509277705529806e-02
-1.057276117594249491e-02
-1.057360414100051195e-02
-1.057672587077011783e-02
-1.057556834000117872e-02
-1.057545566234575733e-02
-1.057467575733185387e-02
-1.057467852456770233e-02
-1.057462390044570759e-02
-1.057462390044570585e-02
-1.057625805697901683e-02
-1.057350983621873318e-02
-1.058265164189692471e-02
-1.058329089951502884e-02
-1.058453857746592328e-02
-1.058329089951502711e-02
-1.058666367032709381e-02
-1.058374626208959460e-02
-1.058423138023681723e-02
-1.058502677363380197e-02
-1.057757040618511127e-02
-1.057687928130988941e-02
-1.057687928130988768e-02
-1.057712861271307286e-02
-1.057727449264523820e-02
-1.057505179491261341e-02
-1.057837886482053923e-02
-1.057851744932911467e-02
-1.058401653587487563e-02
-1.058077150869972567e-02
-1.058275416930722773e-02
-1.057699113376585690e-02
-1.057699113376585863e-02
-1.057810858697604862e-02
-1.057571025820802299e-02
-1.057694469956049418e-02
-1.058123413204463230e-02
-1.058038150547763526e-02
-1.057915273102581766e-02
-1.058157133754692759e-02
-1.058058537124544930e-02
-1.058301449371920958e-02
-1.058137248574241365e-02
-1.058137248574241712e-02
-1.058177724113018407e-02
-1.058301326930268307e-02
-1.057816276895491743e-02
-1.058259961975236210e-02
-1.058259961975236210e-02
-1.058259961975236384e-02
-1.058506363472459452e-02
-1.058449313885218360e-02
-1.058449313885218360e-02
-1.058273197098712724e-02
-1.056615025843760450e-02
-1.056637604205488273e-02
-1.056778780297303218e-02
-1.056778890601407783e-02
-1.056920290861761147e-02
-1.056920290861760800e-02
-1.056871807646101412e-02
-1.056637604205487926e-02
-1.056932810396386292e-02
-1.056930560463249617e-02
-1.056930560463249444e-02
-1.056693143799598833e-02
-1.056834201431101558e-02
-1.057066324486212461e-02
-1.057066324486212634e-02
-1.057066191578065299e-02
-1.056940998940061188e-02
-1.056965862490122018e-02
