-8.696588221124480376e-05
-8.981952453034788256e-05
-9.018791323638420169e-05
-8.911837048356739113e-05
-8.799877736566960422e-05
-8.803570618203283306e-05
-8.818723189657009002e-05
1.912717246968149466e-03
1.915483614047112579e-03
1.915344451438108931e-03
1.915549521618029917e-03
1.915596905714008228e-03
1.915655738788277782e-03
1.915652529138758527e-03
1.915577833016290400e-03
1.915141374487530591e-03
1.915197483856951460e-03
1.915211899053242007e-03
1.920941512341103148e-03
1.921043888668889444e-03
1.921016873108632051e-03
1.920850593146771704e-03
1.920976150287836449e-03
1.918524491021691850e-03
1.918558859867078911e-03
1.918440598161398440e-03
1.918182902478923237e-03
1.918299714200297473e-03
1.909304686664494268e-03
1.909337894705581858e-03
1.909344155623386241e-03
1.909321685159412561e-03
1.909342171004726942e-03
1.909131749943794457e-03
1.909021512523972376e-03
1.909062841831872656e-03
1.909049881493543425e-03
1.909064626963031001e-03
1.909067697644638425e-03
1.909107491463184116e-03
1.909485282919747571e-03
1.911051408170766483e-03
1.910997300135314388e-03
1.910781530183040550e-03
1.910226634151143601e-03
1.910255854040133561e-03
1.909428718681990562e-03
1.909303707679036463e-03
1.909298753448221376e-03
1.909316942020286741e-03
1.909317616156623772e-03
1.909432462886652372e-03
1.909474248979025745e-03
1.909417425038672936e-03
1.909413091255553023e-03
1.909326452457595080e-03
1.909308465202231089e-03
1.909219128517963826e-03
1.909316787594434210e-03
1.909325919024736648e-03
1.911005195145499278e-03
1.910831895436409687e-03
1.911295915462202710e-03
1.911358832981089858e-03
1.911461478319167410e-03
1.910682199637393774e-03
1.910168097012246392e-03
1.910161769395556011e-03
1.910162975294078108e-03
1.910168338939521046e-03
1.911003826701820375e-03
1.910827061887898160e-03
1.910915003192545413e-03
1.917214767214041413e-03
1.917433336709573272e-03
1.917574210506416566e-03
1.917707948972968398e-03
1.917740238852229254e-03
1.917826056687589598e-03
-6.418097489810554741e-04
-6.418117283751859558e-04
-6.418472307567680462e-04
2.545976387557277645e-03
2.545912793441549443e-03
2.545716203352478037e-03
2.545713116094580359e-03
2.545940869771128826e-03
2.545553686627699454e-03
2.346469428862043866e-03
2.527756436636257025e-03
2.527855982430404248e-03
2.527400922948061686e-03
2.683413721010233233e-03
2.683481538611959000e-03
2.467638277749951807e-03
2.467800550001182213e-03
2.467617642783497510e-03
2.467675108257892571e-03
2.467718889153018829e-03
2.467651232234492880e-03
2.467700958942272999e-03
2.467679070015916208e-03
2.467705064521407473e-03
2.467720043476346724e-03
2.467643862494514010e-03
2.467637906349998047e-03
2.467650945902636218e-03
2.467616001545365999e-03
2.717582245964237329e-03
2.717554204128140669e-03
2.717383336040070634e-03
2.717443128256272732e-03
3.059442272821911654e-03
3.058544807878562938e-03
3.059326295871118203e-03
3.059447412010656790e-03
3.059415476257769124e-03
3.059572508631509726e-03
3.059738363093983914e-03
3.059480388816001369e-03
3.059367110502959116e-03
3.059357592975032319e-03
3.059173159050233154e-03
3.059069497478104915e-03
3.059833365359968492e-03
3.060321255129960956e-03
3.060306292197038317e-03
3.060314601216986528e-03
3.059828483694349878e-03
3.059617334823893590e-03
3.059146821752846759e-03
3.058748441614149785e-03
3.058850604853716269e-03
3.058894467093756404e-03
3.058807550976672899e-03
3.059154261991156760e-03
3.059054405402374718e-03
3.059553453981403697e-03
3.059157812780327265e-03
3.059418913105252814e-03
3.059253706048691793e-03
3.059052545230927719e-03
3.058993995497520223e-03
3.059067886520691441e-03
3.059050021074086276e-03
3.057662604507817988e-03
3.057589788133901337e-03
3.057602139506099357e-03
3.057546418791609426e-03
3.057664171096262026e-03
3.057376428847360071e-03
3.057607131783453020e-03
3.057603789595064563e-03
3.057725870909430797e-03
3.057727436815663603e-03
3.057792122947924126e-03
-1.176127766960302677e-03
-1.176054395533459663e-03
-1.176132065994996449e-03
-1.176453055545115863e-03
-1.175632072525158211e-03
-1.176255498288095646e-03
-1.176836557929070680e-03
-1.176506016047977740e-03
-1.176376059685588314e-03
-1.176447724915590616e-03
-1.176473046210468106e-03
-1.176456475725795332e-03
-1.176454631201072701e-03
-1.176468234006718258e-03
-9.911995596773262585e-03
-9.912119815199068457e-03
-9.911593411736582121e-03
-9.912061458290108776e-03
-9.911119570319686795e-03
-9.911124898831735058e-03
-9.911168157245232174e-03
2.306070300888515400e-03
2.306049549399319127e-03
2.305524883931524532e-03
2.305649991663859862e-03
2.305547175438796108e-03
2.305892296237191819e-03
2.305920032561208002e-03
2.306010801166966800e-03
2.305928014233321610e-03
2.306113149346553180e-03
2.306185000863744498e-03
2.305806644037036029e-03
2.305844933081537852e-03
2.305825288061773282e-03
2.305813941559399331e-03
2.305827747355874979e-03
2.305842741192277914e-03
2.305992166425054491e-03
-8.583045220061344448e-04
-8.583137043469516196e-04
-8.583531532183887817e-04
-8.584301851061893612e-04
-8.582943273285676853e-04
-8.583877700088107885e-04
-8.583159952260701860e-04
-8.583249251045058483e-04
-8.586073565011509206e-04
-8.585499230000418576e-04
-8.585307927002283016e-04
-8.582933000990439123e-04
-8.583244956863632022e-04
-8.584577186469543068e-04
-8.585810131923398781e-04
-8.586650975504790803e-04
-8.582565149950886242e-04
-8.582218862181865580e-04
-8.582154150498521889e-04
-8.583859559038039492e-04
-8.583604898897094883e-04
-8.673436665704201912e-04
-8.672393514662811095e-04
-1.550734213956663648e-04
1.318380001888935608e-02
1.318384283129460550e-02
1.318036929773103855e-02
1.318086393553358909e-02
1.318043431973281443e-02
1.318002931575154753e-02
1.317995785925449997e-02
1.318073230285782965e-02
1.318042002902403143e-02
1.318038666761648346e-02
1.318038398679549639e-02
1.232337648978428131e-02
1.232336758443152748e-02
-3.309690129525294684e-03
-3.309460543683824703e-03
-3.328241708451258607e-03
-3.314778967531229175e-03
-9.168328885632740866e-04
-9.164506837590369890e-04
-9.163946012524616181e-04
-9.164441543092575202e-04
-9.164829480805353418e-04
-9.164488650354466392e-04
-9.165857255390854426e-04
-9.172873477246265735e-04
-9.175433906515129221e-04
-9.174564747942554315e-04
-9.174052196209826846e-04
-9.174430385896914378e-04
-9.174530577825973235e-04
-9.174181428448354922e-04
-9.175650953673970996e-04
-9.177719482882837863e-04
-9.177479259470516793e-04
-9.177642178257204098e-04
-9.040622362241540260e-04
-9.035750785805361698e-04
-2.597630821260384429e-03
-2.597656942487625974e-03
-2.597571799209459371e-03
-2.597546289796321111e-03
-2.597567264198822820e-03
-2.597635561402594166e-03
-2.597515396609352024e-03
-2.597613471684031596e-03
-2.597585443726267446e-03
-2.597601480523532153e-03
-2.587814547516008572e-03
-7.933566231803294410e-04
-7.933974243280293584e-04
-7.933476309191214368e-04
-7.933721978621680352e-04
-7.933825346214367757e-04
-7.933887058509791340e-04
-7.933168547369708360e-04
-7.933468075604394217e-04
-7.934117577548975087e-04
-7.940127005941969955e-04
-7.941678976332185429e-04
-7.941545294357824731e-04
-7.937156547300359879e-04
-7.936560522153804625e-04
-7.937100141638277597e-04
-7.936914967581240165e-04
-7.936918540689913253e-04
-7.937190936911975086e-04
-7.937133435607350183e-04
-7.937118463185617850e-04
-7.937137447778254938e-04
-1.044127267091641068e-03
-1.043975395394558829e-03
-1.043894403633402598e-03
-1.043937743723193697e-03
-1.043932428216538854e-03
-1.043930253676600547e-03
-1.043841721502842927e-03
-1.043824149780535684e-03
-1.043905170720089677e-03
-1.043916760122161813e-03
-1.044107812339741545e-03
-5.587504951005527881e-04
-5.587289102841333163e-04
-5.587217475331562313e-04
-5.585134575651667021e-04
-5.588311854828419524e-04
-5.589191093614524633e-04
-5.588647492871076823e-04
-5.588838149823424986e-04
-5.588072080993844361e-04
-5.588879893348725880e-04
-5.588210610938634023e-04
-5.590906481264108730e-04
-5.590804997158008507e-04
-5.591476970774524741e-04
-5.590488737655917046e-04
-5.590398831705735644e-04
-5.590164725591203771e-04
-5.590338642201027200e-04
-5.589993527739809450e-04
-5.590867658323195235e-04
-5.590883079775438693e-04
-5.591280831026030230e-04
-5.591284803096492487e-04
-5.586502798829807775e-04
-5.586373107102678018e-04
-5.587411799317759361e-04
-5.585926161416912778e-04
-5.587112110150118174e-04
-5.587374690320875970e-04
-5.587762441381704864e-04
-5.588803935177161231e-04
-5.586500832666951334e-04
-5.585575534763477599e-04
-5.586353396635677059e-04
-5.586358147562137024e-04
-5.586718093883224828e-04
-5.587170251856591382e-04
-5.585903952806929194e-04
-5.585945601675634158e-04
-5.585935288952362243e-04
-5.589144094387821227e-04
-5.588901108861046981e-04
-5.589015485127274202e-04
-5.588385539168394577e-04
-5.590084034316766814e-04
-5.595225566019191915e-04
-5.594490955161059327e-04
-5.594272610231508297e-04
-5.587971202558863950e-04
-5.588406658513818534e-04
-5.587029132956890807e-04
-5.587240015467671893e-04
-5.587420769077098941e-04
-5.586591049299598818e-04
-5.587000437080664366e-04
-5.586205754055937386e-04
-5.586188705295143430e-04
-5.589329237582205730e-04
-5.589409219272789423e-04
-5.588355979431822032e-04
-5.588932679096549408e-04
-5.587778471343591820e-04
-5.587794875355448377e-04
-5.589148109379351659e-04
-5.587846685577709882e-04
-5.588016112474772671e-04
-5.588025531232334751e-04
-5.588541408299292201e-04
-5.587132177555273298e-04
-5.587521843243647241e-04
-5.586740010295327937e-04
-5.586953072818323608e-04
-5.586774681839700449e-04
-5.588148648853881678e-04
-5.587340615354225576e-04
-5.587368919781841295e-04
-5.587551668105961242e-04
-5.588046925578332236e-04
-5.588367444135669765e-04
-5.588108762104698193e-04
-5.588094154348445747e-04
-5.587618283441395496e-04
-5.587664251570473002e-04
-5.587599325017999878e-04
2.422583956299489104e-03
2.422580166005248743e-03
2.422589014653190719e-03
2.422571952692168743e-03
2.422725670813280496e-03
2.422496804308094196e-03
2.422651166597530534e-03
2.422587268441471226e-03
2.422599769206726199e-03
2.423987829073681946e-03
2.423889158884631832e-03
2.423429290801256721e-03
2.423482760107108572e-03
2.423390176872005416e-03
2.423277531814408640e-03
2.422963983204681933e-03
2.422991864654109369e-03
2.422989357479679931e-03
2.423064706604246849e-03
2.423518479155738030e-03
2.423563021441171861e-03
2.422681320495779101e-03
2.422693639332271654e-03
-3.820500144635423107e-03
-3.820634738663768876e-03
-3.820558574599816019e-03
-3.820606527935627768e-03
-3.820696694622067926e-03
-3.820652515365394793e-03
-3.820567459016355714e-03
-3.820364693795282214e-03
-3.821010838084908882e-03
2.505795783541254346e-03
2.505832509365537968e-03
2.505818413305244130e-03
2.505814898409915777e-03
2.505838381621101289e-03
2.505794873640223089e-03
2.505775415178262445e-03
2.505782265961801428e-03
2.505777867376214087e-03
2.698863623531813118e-03
2.699040022451386876e-03
2.699012502614706564e-03
2.213943305461225659e-03
2.213895971463608354e-03
2.214022762431985987e-03
2.214039492451665061e-03
2.214005865741463554e-03
2.214034405029237720e-03
2.213964092855227970e-03
2.213975776088297764e-03
2.214048509470275573e-03
2.213992436969247808e-03
2.213993835021087035e-03
2.214062239595032330e-03
2.214111930478982870e-03
2.214045665661032360e-03
2.214011539520972273e-03
2.214054560204194253e-03
2.214016759775622265e-03
2.217723646894454673e-03
2.217023767746262655e-03
2.217031525884113549e-03
2.216923925951119149e-03
2.228814393747462989e-03
2.230036861310181508e-03
2.235699265599064289e-03
2.235647654623500267e-03
2.223082035346344264e-03
2.223062378306322508e-03
2.220678971922194003e-03
2.220700749488691526e-03
2.220689030537563880e-03
2.211975768070683149e-03
2.212027230767894467e-03
2.212041132418978220e-03
2.202938381181350578e-03
2.202882353093154732e-03
2.202804999272653819e-03
2.202878845080649250e-03
2.201716971122378956e-03
2.207383138794996157e-03
2.207906065181398404e-03
2.207858395891141527e-03
2.207228562803171569e-03
2.211278688334996755e-03
2.211122458931810784e-03
2.211131188778955869e-03
2.211131057898952854e-03
2.211252007827254826e-03
2.211196852527236648e-03
2.212826234903851781e-03
2.212800604949797297e-03
2.212679603561775159e-03
2.212904151492938332e-03
2.212938666517775231e-03
2.213277526490632814e-03
1.190890048560635118e-03
3.506027213445007430e-03
3.506038835402726546e-03
3.505994991116982446e-03
3.505978710784771624e-03
3.505968462569602345e-03
3.505762916063219579e-03
3.505764878592475438e-03
3.505771085938412177e-03
3.505984195953239495e-03
3.505840272483996389e-03
3.505856055789311441e-03
3.505888275031151038e-03
3.505906167378103171e-03
3.505891879249493220e-03
3.505877611946007881e-03
3.505955121590727773e-03
3.532853069487702780e-03
3.634868026581005059e-03
3.634843182763745559e-03
3.643019798492333396e-03
3.642806733323238240e-03
3.642776660635822436e-03
3.642746042863276822e-03
3.642973645533549229e-03
3.643280770260306969e-03
3.643002637558685752e-03
3.642923093533910386e-03
3.643205925940562993e-03
3.642891431353152080e-03
6.574397312189454896e-03
6.574495393290413769e-03
6.574779008041896355e-03
6.575305173356488925e-03
6.575602174437759212e-03
6.575762093560656371e-03
6.575597950836973259e-03
6.575564354466425718e-03
6.575564557027511678e-03
6.575533878936652352e-03
6.575689236727642710e-03
6.575534422248983241e-03
6.575220641860744786e-03
6.574424286173581079e-03
6.574830054695822781e-03
6.574852948241012573e-03
6.575925931749421367e-03
6.575933353111746392e-03
6.576003852041123823e-03
6.575997622289467444e-03
6.575589600292165542e-03
6.575789148204468949e-03
1.189347758317888838e-03
1.189565839406286300e-03
1.189613538962196225e-03
1.293378383866044395e-03
1.293509610670607159e-03
1.309193401682414923e-03
1.308932638229117840e-03
1.401810811853944393e-03
1.401830970803428058e-03
1.403371379285390467e-03
1.402365840203509016e-03
1.401718448853272190e-03
1.401775453279836912e-03
1.401783252286614321e-03
1.401765349518678885e-03
1.401888592451890504e-03
1.401907018123562960e-03
1.401908781923697335e-03
1.401887254933308720e-03
1.402031248953383930e-03
1.402072704586634347e-03
1.402134723289755538e-03
1.402092950161582842e-03
1.402472474146889162e-03
1.402834489061951899e-03
1.402794590386090019e-03
1.402739672597467591e-03
1.402805014515745401e-03
1.402770275939800321e-03
1.402798657513009556e-03
7.761972886595773155e-04
7.761019839879813344e-04
7.761098674919981360e-04
7.763123870809951086e-04
7.758326470940600387e-04
7.758750607494476620e-04
7.758828121831287845e-04
7.759116283019500777e-04
7.759844492103643975e-04
7.740570965361332325e-04
7.767653821270341244e-04
7.767942486122673051e-04
7.775750429971952900e-04
7.776524064945841827e-04
7.780213128418440611e-04
7.781073102547929896e-04
7.780724207359919313e-04
7.780704343197027703e-04
7.781581343614601487e-04
7.781419110386273395e-04
7.780613172787716452e-04
7.780352027315846127e-04
1.453064352008680673e-04
1.453861039353819551e-04
1.453735103331556093e-04
1.447290570807784613e-04
1.470168083421358250e-04
1.469089763547977749e-04
1.468816751573322958e-04
1.467526962934317871e-04
1.467091383585760280e-04
1.467401983882784015e-04
1.467344262096368192e-04
-2.747584291865143996e-04
-2.747535038119170206e-04
-2.746980337923325168e-04
-2.747181079650003513e-04
-2.747097607051021966e-04
-2.747432636128114116e-04
-2.747527736370213220e-04
-2.747501593742715758e-04
-2.747896689690657989e-04
-2.749282920638656809e-04
-2.750589786074147296e-04
-2.750418513140917695e-04
-2.749229860202185259e-04
-2.749229275873891500e-04
-2.749396387454291937e-04
-2.749345050603036454e-04
-2.748326858521563457e-04
-2.748209199434346363e-04
-1.039497400863460995e-05
-9.896883152448259931e-06
-9.898620721686316566e-06
-9.867731978761986757e-06
-9.937920162170175105e-06
-9.959491454464511830e-06
-9.965574010636833556e-06
-9.989028497956597426e-06
-1.051068984733405129e-05
-1.085192468837271314e-05
-4.917484414498302721e-05
-4.954009826105186613e-05
-4.953722586304550106e-05
-4.956277847134750838e-05
-4.987584410771691033e-05
-4.959528842602511060e-05
-4.983726387682232029e-05
-5.081304405436395342e-05
-1.999236401478906861e-04
-2.000766844664611706e-04
-1.998858751792426222e-04
-2.000994583760534187e-04
-2.000979939016346240e-04
-1.999941624975905480e-04
-2.000284559305982781e-04
-1.999775566185709233e-04
-1.999404920411246820e-04
-1.998109968622651788e-04
-1.998400296938220651e-04
-1.998636821810131426e-04
-1.998597300094106805e-04
-1.999580420910361945e-04
-1.999839135011237162e-04
-1.999729643289705199e-04
-1.999253716867675941e-04
-2.002302524727696048e-04
-1.999305270647467648e-04
-1.998756450956083806e-04
-1.999020386118070683e-04
-1.994364674212981386e-04
-1.994659880891881763e-04
-1.994275001095713632e-04
-1.992615273770833304e-04
-1.993000124605063064e-04
-1.993190754735531820e-04
-1.995611643909097753e-04
5.289321129837767097e-04
5.400707900192065454e-04
5.399280375793735981e-04
5.398255727749522127e-04
5.399579451493529683e-04
5.398763796616428421e-04
5.398136601511983445e-04
5.399142791965621992e-04
4.943090773546804546e-04
4.942205824604156954e-04
3.730554302403262879e-04
3.685205537117822649e-04
3.684236498252082843e-04
3.771937308864210521e-04
3.771753736245377683e-04
3.766640191393672531e-04
1.080789603098271595e-04
1.075395735727222783e-04
1.074642176960362869e-04
1.077072061963238133e-04
1.066067917048541702e-04
1.074396804133298311e-04
1.073848756340925513e-04
1.072466924494020401e-04
1.073670919503705800e-04
1.074186269255211746e-04
1.073245929539350075e-04
1.090060930687614712e-04
1.088439868896925810e-04
1.088184244686585326e-04
1.087952025195634609e-04
1.069048626392617857e-04
1.069009645306665955e-04
1.068447460826576725e-04
1.079245636987089863e-04
1.079420699866280153e-04
1.103467614545311596e-04
1.103850556285785743e-04
1.104419116785163664e-04
1.103612965999651246e-04
1.104724362669386401e-04
1.061545218170398144e-04
1.063131003576711040e-04
1.062551156631644895e-04
1.075823678053909897e-04
1.076345408565197471e-04
1.049952327138392675e-04
1.049846916621227275e-04
1.055636418271665202e-04
1.095184337611954231e-04
1.081576795274997684e-04
1.084631771092778811e-04
1.085391956958885700e-04
-7.037843750566501752e-04
-7.040198121802375159e-04
-7.041009094691180010e-04
-7.039075421957427655e-04
-7.038199818807770475e-04
-7.036526897661484186e-04
-7.035405440043813671e-04
-7.035512475404016560e-04
-7.036918258579085306e-04
-7.036930661050716388e-04
1.419414381450631200e-03
-2.123583568617545044e-03
-2.123995709226193882e-03
-2.124689995223539782e-03
-2.124991788148917777e-03
-2.124831434077190627e-03
-2.133966997336007344e-03
-2.133975862419237781e-03
-2.134064551436846459e-03
-2.133989729561463090e-03
-2.134388038065202116e-03
-2.134023047317692816e-03
2.127772726293573891e-03
2.127502316252043082e-03
2.127608617054351208e-03
2.127822738809099969e-03
2.127830768448834339e-03
-7.243661430828495472e-04
-7.246897753405295590e-04
-7.241531707126302878e-04
-7.241436817810129479e-04
-7.221748210057091786e-04
-7.219823037889421631e-04
-7.216951647325844064e-04
-7.216539661500664688e-04
-7.215824442615097591e-04
-7.216427665092168707e-04
-7.216427665090943558e-04
-7.216695464280637991e-04
-7.216263857977978481e-04
-7.216580036676845588e-04
-7.217226943497988484e-04
-7.216969259408093475e-04
-7.216555518783679575e-04
-7.215299684492858766e-04
-7.215663561199958881e-04
-7.217177199763219171e-04
-7.215699413361222536e-04
-7.216500927737746693e-04
-7.217766898036897909e-04
-7.217598671490365898e-04
-7.217477783739865895e-04
-7.217484889822081608e-04
-7.217625519771597590e-04
-7.217135536240967819e-04
-7.217355582333750399e-04
-7.216528777882348211e-04
-7.217428976597533219e-04
-7.217254766610802820e-04
-7.216809244854938436e-04
-7.216896457129597401e-04
-7.217076245635222452e-04
-7.216500524038464573e-04
-7.216185080410048155e-04
-7.216046907836985106e-04
-7.217484662884888613e-04
-7.218019287459115536e-04
-7.217528476153265435e-04
-7.217748531137818798e-04
-7.217791996341584634e-04
-7.217980521535600656e-04
-7.217319510518134529e-04
-7.219239463495041517e-04
-7.216345884448581308e-04
-7.216018586719123197e-04
-7.215776242160581219e-04
-7.215902966801268983e-04
-7.215915616527042139e-04
-7.216178038192769002e-04
-7.215945322245668168e-04
-7.216032911785900516e-04
-7.216157951158029462e-04
-7.215997092337374545e-04
-7.215530413151183134e-04
-7.215101915071772719e-04
-7.216119922121521073e-04
-7.215986471909323005e-04
-7.215850480262477572e-04
-7.210460216762007999e-04
-7.210372289406304525e-04
1.168261328791606437e-03
1.168251285630736002e-03
1.168036657286692639e-03
1.168037254080102685e-03
1.167100448440717845e-03
1.168712368718024999e-03
1.168634451085381496e-03
1.168696725574119985e-03
1.168688556324223209e-03
1.168681200395567735e-03
1.168152217230068778e-03
1.575179639076334723e-03
1.582673813883980329e-03
1.574509430526582895e-03
1.574361358345796429e-03
1.574363271566926563e-03
1.581150662469194869e-03
1.581268445151880241e-03
1.581906904387097440e-03
1.581776070358132747e-03
1.582037783039312324e-03
1.581897388581751489e-03
1.582015029601272372e-03
1.581781528295189265e-03
1.087885049049578008e-03
1.102589456137554550e-03
1.027296875172126634e-03
1.027249938466894951e-03
1.027287357659053407e-03
1.027279079207212053e-03
3.290719195250012014e-03
3.290616281828299527e-03
3.291325935966152565e-03
3.291209615251423394e-03
3.291230997688565033e-03
3.291064041130227925e-03
3.292032740299918447e-03
3.292106697345813411e-03
3.292123416569979130e-03
3.292246553552991613e-03
1.758651000590291669e-03
1.758649808732288319e-03
1.758635360490178870e-03
1.758663935823075652e-03
1.758638968127973273e-03
1.758904944806234487e-03
1.759061530470829287e-03
1.758854757087116539e-03
1.758973106155578949e-03
1.759101791118140292e-03
1.759049446281256250e-03
-4.397767606998221018e-04
-4.398009427224466123e-04
-4.399764680614620563e-04
-4.399144903869052535e-04
-4.400593442355441184e-04
-4.399280529467185360e-04
-4.404589292464285741e-04
-4.347884151844815469e-04
-4.349792460487427923e-04
-3.915945397005200779e-02
-3.918664186319811837e-02
-3.918832894375854498e-02
-3.918724666864821515e-02
-3.918746564236084279e-02
-3.918644829835082194e-02
-3.916934469108190181e-02
1.023671588019510123e-03
1.023736503542883739e-03
1.023702375281738660e-03
1.023029825167739429e-03
1.023096058041402662e-03
1.022920751010240404e-03
1.022693077816128407e-03
1.022648671270754827e-03
1.022688772067407081e-03
1.022769133591097798e-03
1.022747018373671574e-03
1.022750450252313736e-03
1.022806461317244406e-03
1.022783919526079393e-03
1.022638947588025817e-03
1.022603454774139971e-03
1.022595224627519117e-03
1.022698140446588657e-03
1.022696452397535687e-03
1.022680861787802565e-03
1.022694548830405375e-03
1.022694823729194654e-03
1.022688064810328441e-03
1.022707051038263979e-03
1.022721859719825368e-03
1.022690838862753060e-03
1.022674713978667530e-03
1.022703636828137990e-03
1.022697293140698927e-03
1.022746873669044387e-03
1.022525438589589599e-03
1.022449806190138446e-03
1.022451206656246328e-03
1.022255328407866131e-03
1.022679401204907050e-03
1.022762657984412809e-03
1.022767250341370844e-03
1.022759976370989305e-03
1.022747428631038281e-03
1.022740256894337464e-03
1.022715747568165353e-03
1.022691252607370836e-03
1.022714085239172796e-03
1.022752420467457762e-03
1.022774647226561790e-03
1.022774127515818816e-03
1.022799652872233072e-03
1.022817401583307490e-03
1.022809486722285914e-03
1.022798174139730740e-03
1.022785359712077196e-03
1.022784883062777955e-03
1.022781642205435916e-03
1.022716083468594135e-03
1.022604531936470874e-03
1.022465782162881084e-03
1.022619131531818859e-03
1.022588568725899764e-03
1.022580286079169181e-03
1.022512518659086326e-03
1.022594847184992014e-03
1.022561791163594446e-03
1.022674020707571184e-03
1.022645160648985195e-03
1.022582931367287291e-03
1.022486287270505745e-03
1.022473659183874891e-03
1.022424743374518051e-03
1.022440431027945001e-03
1.022419201698683252e-03
2.370066309173296439e-03
2.370248696791725160e-03
2.369787860020683076e-03
2.369712433585696807e-03
2.369940224326411247e-03
2.369850390099810696e-03
2.368876804925939498e-03
2.368933288426315967e-03
2.368731936975936297e-03
2.367887168424023369e-03
2.368107666206339165e-03
2.367754062525659689e-03
2.367770625689614213e-03
2.367469297662572192e-03
2.367583208407943608e-03
2.366960601081396012e-03
2.367015631915918555e-03
2.366768239627454595e-03
2.366774235382833325e-03
2.366882822157188523e-03
2.366654563482059343e-03
2.366943393429127643e-03
2.366898040308650607e-03
2.366911072140662989e-03
2.366908367974003731e-03
2.367023245507825658e-03
2.367061058991439936e-03
2.367082918552507881e-03
2.367048282876369966e-03
2.367050911040739260e-03
2.367031187856541864e-03
2.367040318862438566e-03
2.367049517112950092e-03
2.367043425583999564e-03
2.367022525902200570e-03
2.367032723503140028e-03
2.367009687173833241e-03
2.367001519193362869e-03
2.367014651817516378e-03
2.367000136400170419e-03
2.367058052548762660e-03
2.367257819087381903e-03
2.367356317063164066e-03
2.367128497959628854e-03
2.367118691238657979e-03
2.367142414201007725e-03
2.367141931713090050e-03
2.367093974594214594e-03
2.367121941730050087e-03
2.367165082600555370e-03
2.367392352253764633e-03
2.366053251254677126e-03
2.365762526825315130e-03
2.365873053438539726e-03
2.365738214126655251e-03
2.596235558538732315e-03
2.596367832834352730e-03
2.596302504408748695e-03
2.596065788077484178e-03
2.596014172518474987e-03
2.595974576985538365e-03
2.595962787349879140e-03
2.595951071673345198e-03
2.595966755159963540e-03
2.595976206848543775e-03
2.596002435005136545e-03
2.595916851822290851e-03
2.595977891986424573e-03
2.595915835522787096e-03
2.596338943182691355e-03
2.596253045146634450e-03
2.596084652956444794e-03
2.596366478724849384e-03
2.596225484391519265e-03
2.596299794368784990e-03
2.596382745151751444e-03
2.596289040884656226e-03
2.593499164146634631e-03
2.593544896696873582e-03
2.593452779279179377e-03
2.594530828660569256e-03
2.594563290479509187e-03
2.594463289784679303e-03
2.594401906132739674e-03
2.505438609311704413e-03
2.505343152288961976e-03
2.505316868635866414e-03
2.505583589652974480e-03
2.505773381167342682e-03
2.508405255842508647e-03
2.508132260851945669e-03
2.501372178528586850e-03
2.501498595320908892e-03
2.626750636683232790e-03
2.626738812278683107e-03
2.627251300123614047e-03
2.645606148234656754e-03
2.645599979531270546e-03
2.645611543944782415e-03
2.645574696676150726e-03
2.654871291692829666e-03
2.654139111777977737e-03
2.655991410346995006e-03
2.656189559045011878e-03
2.165449238943674588e-03
2.165416309264008368e-03
2.165368564302523093e-03
2.165363695316576895e-03
2.165367104435114709e-03
2.165362975824767448e-03
2.165433129040838373e-03
2.164790936264657586e-03
2.166406742143777049e-03
2.166431848448653694e-03
2.166332062727674163e-03
2.166228924043677156e-03
2.166286037125239854e-03
2.130811818010340270e-03
2.131279189922138592e-03
2.131259744317116553e-03
2.131277640388566392e-03
2.131292535765223328e-03
2.131331038518230036e-03
2.131307086272446038e-03
2.131281244386740072e-03
2.131198181625252978e-03
2.131217209608081246e-03
2.131050969651038501e-03
2.131075993102945869e-03
2.131085448819949532e-03
2.131161899135668170e-03
2.131166505011097920e-03
2.131829915503684163e-03
2.131393266835155190e-03
2.131438766332836854e-03
2.131373590021210483e-03
2.131379094410666003e-03
2.131594205823919216e-03
2.131594384100282073e-03
2.131600720381072057e-03
2.131650018751533437e-03
2.131202967299069845e-03
2.131341830028356515e-03
2.131221214640742663e-03
1.672028435400502860e-04
1.671955803846953011e-04
1.671813698505643429e-04
1.671653248462928124e-04
1.655501308529225312e-04
1.657499598543698432e-04
1.651205199233989214e-04
1.649679408733239615e-04
1.649210029356683934e-04
1.649255422183888513e-04
1.648625574805577239e-04
1.635093745500792344e-04
1.634658332925235599e-04
1.634899533334294034e-04
1.635243456512725662e-04
1.623013356558348629e-04
1.622926570871538368e-04
4.207482468154998727e-04
4.199598677849889091e-04
3.786323691209078873e-04
3.786442544445754103e-04
3.789266452429375007e-04
3.789341172123580253e-04
3.776563533014532827e-04
3.783732581948717234e-04
3.784651069336186736e-04
3.762321793941938888e-04
3.763892356198043519e-04
3.763967940820385472e-04
3.764053751017578807e-04
3.763803523231512831e-04
3.764734321119411167e-04
3.764601789851070197e-04
3.762646912248304265e-04
3.766870706711095964e-04
3.766741845282077289e-04
3.768192399526344477e-04
3.766183634293576309e-04
3.765896600154833838e-04
3.767107690967855965e-04
3.774337778721591446e-04
3.766092026174295334e-04
3.765787751419085849e-04
3.755364354165616832e-04
3.758760379406561277e-04
5.864168370914261443e-03
5.864162932438428573e-03
5.863920430294894230e-03
5.863824532403379315e-03
5.863744995468394942e-03
5.863847916339072486e-03
5.864433479904747511e-03
5.864371421559250348e-03
5.864323777687664545e-03
5.863839168886064886e-03
5.863897607075031597e-03
5.863902155788913717e-03
5.864077049101045803e-03
5.863241698123850335e-03
5.863279471991380762e-03
5.859060823940143679e-03
5.808843364211551709e-03
5.808717675407055504e-03
5.808692278043082330e-03
5.809082574177100965e-03
5.808734775110349462e-03
5.808720086075878919e-03
5.808764908143874452e-03
5.808700236946953352e-03
5.808598032676920084e-03
5.808598458894352959e-03
5.808545276115903606e-03
5.808525181763208797e-03
5.808519268849792958e-03
5.808524090207667530e-03
5.808302116560922802e-03
5.808231050438004972e-03
5.808326240736698745e-03
5.808241579686406961e-03
5.809334115415170675e-03
5.809001412406388822e-03
5.809169178461459464e-03
5.808625768044168615e-03
5.808341785458851457e-03
5.810605431329015844e-03
5.808109254912193452e-03
5.808311893025869428e-03
5.793210388511471284e-03
5.793234429171521642e-03
5.793224387721318189e-03
5.792962397885501914e-03
5.793435035956563672e-03
5.793253237553488109e-03
5.808976996882217816e-03
5.808774949755545099e-03
5.808901997698599079e-03
5.809019904224489890e-03
5.808048540940822201e-03
5.808042898117874581e-03
5.808144214188200490e-03
5.808113102625675483e-03
5.808378610074256196e-03
5.808363261616771196e-03
5.808379589911044291e-03
5.808311064557446224e-03
5.808205687557192048e-03
5.808257252861548370e-03
5.808344779679655047e-03
5.808373816972397206e-03
4.972479191695884995e-03
4.971851606446528633e-03
4.971863606124182072e-03
4.971559474665198167e-03
4.971985322746730329e-03
4.971831513987090209e-03
4.972744552219579388e-03
4.972743256354393397e-03
4.972742463768892694e-03
4.972730532494184022e-03
4.972087668436546599e-03
7.676253152003106731e-05
7.681040501715222680e-05
7.645019453130988537e-05
7.645619306987574829e-05
7.646988148006076704e-05
7.647270120872167105e-05
7.643602618896112681e-05
7.641480004159229142e-05
7.633995942581128791e-05
7.639151177713841639e-05
7.636779951829906891e-05
7.636334108812137082e-05
7.635453237721923471e-05
7.638992852472161865e-05
7.636348947228541694e-05
7.637236654954923784e-05
7.638027512494342732e-05
7.637686516176825108e-05
7.636575830468444440e-05
7.634862973738977922e-05
7.634976866226764929e-05
7.650232085301483190e-05
7.649800577590514319e-05
7.650186866983881072e-05
7.657437067599487867e-05
7.649342356538446825e-05
7.645748625904343716e-05
7.645409753143623892e-05
-3.258898968442410990e-03
5.548268735574564230e-04
5.550131897809882676e-04
5.548913427467763379e-04
5.555499945700022183e-04
5.560996080507811697e-04
5.560596016658401119e-04
5.565367009057825770e-04
5.565466130803714030e-04
5.565298290594655533e-04
5.567241077267908985e-04
5.565410833776771819e-04
5.562108640346282579e-04
5.562524958171459390e-04
5.559245155943564470e-04
5.558924486403822194e-04
5.566741285261219861e-04
5.555408250091547259e-04
5.553833058180291087e-04
5.552777845612022088e-04
5.556296756615746249e-04
5.555783507595235711e-04
5.558771830361190075e-04
5.940130291908870186e-04
5.942020902302950786e-04
6.015563630106383116e-04
6.015665673342996496e-04
6.018765976088781772e-04
6.020399812865698643e-04
6.009472120092233327e-04
6.000285002985027757e-04
6.000243707061953414e-04
6.005391277358327392e-04
5.950901929348181288e-04
-3.653496809352543319e-03
-3.654352071892955599e-03
-3.653496007238335799e-03
-6.586988570052124646e-03
-6.587142281800449119e-03
-6.586775403573634155e-03
1.011207522534872004e-03
1.011328299783784959e-03
1.011263293693650221e-03
1.011233622967323614e-03
1.006213187417165930e-03
1.006215144002444925e-03
1.006246417276878335e-03
1.006199905273025968e-03
1.006799241229753466e-03
1.006879743669004870e-03
1.006803663758365237e-03
1.006793335192020591e-03
1.006958240184603181e-03
1.006906661696801422e-03
1.006876750429059036e-03
1.006891622886042651e-03
3.368899067018862967e-03
3.368626920617358821e-03
3.364146927758548088e-03
3.364116201839945260e-03
3.363864277473391749e-03
3.363878844945728669e-03
3.363862763597411879e-03
3.363847654286557763e-03
3.368092375320754558e-03
3.367501298913246326e-03
3.365065904624287355e-03
3.365173096253786141e-03
3.365064513436404146e-03
3.365759991586967769e-03
3.365903693019532770e-03
3.365182263755607615e-03
3.365729314068120065e-03
3.365218190573925679e-03
3.365328745447596775e-03
3.365345237894346204e-03
3.349576136095628199e-03
3.349631090238270898e-03
3.349577230189448081e-03
3.349805668946155817e-03
3.349711750855327141e-03
3.354489435237465421e-03
3.354412883515474515e-03
3.353987090170868282e-03
3.353884111057504024e-03
3.353916880392921514e-03
3.353994619474122939e-03
3.366533176613066298e-03
3.368695983047113873e-03
3.368665677171512728e-03
3.368481102942407195e-03
3.370191543965537790e-03
3.370078988872264331e-03
3.370196123421596943e-03
3.368121272824499066e-03
3.367840575477646422e-03
3.367540619047872455e-03
3.367819796454551377e-03
3.367810380361860225e-03
3.368379821666136944e-03
3.368004554163937792e-03
3.368257609985973993e-03
3.367629528865642707e-03
3.367636291716400408e-03
3.367581385062975562e-03
3.367580762938515541e-03
3.367588774157879647e-03
3.367596593944202025e-03
3.245392451631046084e-03
3.246127511946092416e-03
3.261910333998902997e-03
3.261840335851424154e-03
3.263693816775547606e-03
3.262127404985336581e-03
3.262585849374170528e-03
3.262618003234718598e-03
3.262607604802872548e-03
3.262562751099556783e-03
-2.480610966707009427e-03
-2.480665357181282768e-03
-2.480751377003752658e-03
-2.480751077437456844e-03
-2.480663165854086246e-03
-2.480627383904934757e-03
-2.480605368375099831e-03
-2.480666521288213845e-03
-2.480751351723198533e-03
-2.480722196927009297e-03
-2.480674797139986384e-03
-2.480709022373469175e-03
-2.480711916945202520e-03
-2.479618000380640671e-03
-2.469133984116446412e-03
-2.469284549396778047e-03
-2.469257369891185265e-03
-2.469229541687067899e-03
-2.469316079684352044e-03
-2.469140655771404937e-03
-2.468864094131890952e-03
1.713580363083023420e-03
-4.419766544479800108e-03
-4.419614736451555649e-03
-4.419614004482261445e-03
-4.419881531017845651e-03
-4.419957533766665815e-03
-4.420101298243436089e-03
-4.420101661245481178e-03
-4.420534595740659330e-03
-4.420459975313852097e-03
-4.420579954758399946e-03
-5.309361589571144797e-03
-5.314163445055330483e-03
-5.310855409574041959e-03
-5.310628883568606698e-03
-5.311087901524844286e-03
-5.308631841529513028e-03
-5.308689772799109544e-03
-5.256286937115743282e-03
-5.256866359119816146e-03
-5.257391119772007564e-03
-5.255832969095364932e-03
-5.255196662489935479e-03
-5.255262716932200366e-03
-5.256051275134804128e-03
-5.255768376082977332e-03
-5.261590585187429781e-03
-5.261796562205325704e-03
-5.390615482262570667e-03
-5.391459828719126664e-03
-5.391801005939639291e-03
-5.391682966777947700e-03
-5.391646374473441777e-03
-5.394421803024755137e-03
-5.394474811235306158e-03
-5.394450868040253678e-03
-5.394682516501482679e-03
-5.395390890722571130e-03
-5.395558821145202133e-03
-5.395499731590657627e-03
-5.395265456067495184e-03
-5.395312174422102827e-03
-5.395267326532729273e-03
-5.395188973725413215e-03
-5.348856572336196588e-03
-5.348444769346582910e-03
-5.348333987245451442e-03
-5.348378471096381509e-03
-5.348514618672021992e-03
-5.372094623142795178e-03
-5.372100951932949446e-03
-5.372092890269511076e-03
-5.372378324419439799e-03
2.518335350432217225e-04
2.518055015507712573e-04
2.519597483575055806e-04
2.520075095463120466e-04
2.519646779551355819e-04
2.517532439110443704e-04
2.524836833207694492e-04
2.523357270640284107e-04
2.523483975811996287e-04
2.538024859998642339e-04
2.541754003753460343e-04
2.541365508447485252e-04
2.540665722045036177e-04
2.540965084417615540e-04
2.540591352999355904e-04
2.541662502036138552e-04
2.541253922562885506e-04
2.551386265157406770e-04
2.548868652206520810e-04
2.549300088307774725e-04
2.549370256647709833e-04
-1.027698663806067688e-03
-1.027847709633744697e-03
6.726975787337451801e-03
6.726945529429121003e-03
6.726930897822001529e-03
6.727036901766353903e-03
6.726780300998171612e-03
6.726799199446936717e-03
6.726849897638876447e-03
6.726844339123000567e-03
6.727015968694340271e-03
6.727963986294529554e-03
6.727827464474967628e-03
6.727444255234634601e-03
7.626815829041839849e-03
7.627045311048294592e-03
7.625483707898080173e-03
7.625627043601740547e-03
7.624723029115155516e-03
7.624981633950786257e-03
7.624819894906795063e-03
7.623336683058231159e-03
7.622957723073593705e-03
7.622846197538350223e-03
7.622851728003036259e-03
7.624073314612526443e-03
7.622761484255002017e-03
7.621880102386673940e-03
7.623422101452973117e-03
7.623579173419652022e-03
7.623555735378711659e-03
7.623965385896267974e-03
6.758915344754584144e-03
6.765003015737579110e-03
6.765809138983439573e-03
6.765675761371844552e-03
6.765672439770872848e-03
6.765584952834641751e-03
6.765534197982809965e-03
6.765469260615512327e-03
6.765468660901866396e-03
6.765524896007550464e-03
6.915121099386408593e-03
6.915206099142337699e-03
6.915201984173571792e-03
6.915308599003253467e-03
6.914427649238256805e-03
4.617844703061923205e-03
4.612897911175431465e-03
3.240159612985420070e-03
3.253120391255814609e-03
3.253031363142397641e-03
3.256349473020627404e-03
-2.121840929786636138e-04
-2.121760215945876727e-04
-2.122063661219414875e-04
-2.121959082693510165e-04
-2.122348557280240050e-04
-2.122318583358937156e-04
-2.100716578616936025e-04
-2.169400698467596625e-04
-2.169627906751373024e-04
1.316854336928675396e-03
1.316288695478616847e-03
1.317415164420604684e-03
1.316686302482856542e-03
1.315432148459394143e-03
1.315202350418869393e-03
1.315170118691993137e-03
1.315517335451161628e-03
1.315592537533587496e-03
1.315036276209316166e-03
1.315044186286419472e-03
7.270121622786049126e-04
-2.315691980871215343e-03
-2.315724508910562036e-03
-2.315405937041010737e-03
-2.314713960558836391e-03
-2.314769746181498042e-03
-2.314492822146660671e-03
-2.314500870048172981e-03
-2.315673514249081983e-03
-2.315706314045286145e-03
-2.315690278125451945e-03
-2.315631135926049348e-03
-2.315537374347666471e-03
-2.316425424223838344e-03
-2.316443414145211242e-03
-2.316520609144078792e-03
-2.316388192086903195e-03
-2.316487339491025890e-03
-2.316528663090311382e-03
-2.316669129223507696e-03
-2.316668833688621202e-03
-2.316616271677616676e-03
-2.316839771683373676e-03
-2.314810715376972548e-03
-2.313496765808528526e-03
-2.313377371695709075e-03
-2.313603721241396481e-03
-2.313134968073912810e-03
-2.313137849953041808e-03
-2.313204790477708158e-03
-2.313220715959880304e-03
-2.313215763320234687e-03
-2.313146890383927044e-03
-2.313212108033336004e-03
-2.313187480027261399e-03
-2.313250974656665040e-03
-2.313252995855660972e-03
-2.313288256455877517e-03
-2.313331490171035773e-03
-2.313263369955723472e-03
-2.313256698236657808e-03
-2.313294421650489291e-03
-2.313345394320550676e-03
-2.355777995442217242e-03
-2.356688485827848883e-03
-2.356868276126751916e-03
-2.356797343400992856e-03
-2.356897512979166682e-03
-2.356912445044308333e-03
-2.356812104638617879e-03
-2.356830386305744634e-03
-2.356383328987079855e-03
-2.358416726398953906e-03
-2.357200175140670897e-03
-2.357123629489834421e-03
-2.355115453080003710e-03
-2.355087574227909212e-03
-2.355075003525506586e-03
-2.355079759105033112e-03
-2.355072724456593828e-03
-2.355065154891275957e-03
-2.355081063808740164e-03
-2.355107214090174789e-03
-2.354937230468050549e-03
-2.354999189499939159e-03
-2.355293961749360329e-03
-2.355143118781770090e-03
-2.355003500956526306e-03
-2.354771790965216362e-03
-2.354627594944903434e-03
-2.354687005024513197e-03
-2.354692418611191527e-03
-2.354646210657759635e-03
-2.354700363046750150e-03
-2.354805836177036212e-03
-2.354984861993065972e-03
-2.354720271860942862e-03
-2.354653903413278168e-03
-2.354283718531492969e-03
-2.354329428549456829e-03
-2.354224492023487304e-03
-2.354608273338162222e-03
-2.354511732179239650e-03
-2.354313887128938691e-03
-2.354298604392153840e-03
-2.354364904671259629e-03
-1.283756327843476588e-03
-1.270393712324658112e-03
1.237809166874707066e-03
1.237842673358490776e-03
1.237637638908060337e-03
1.237757469816539325e-03
1.237641780540270050e-03
1.923933157178017413e-03
1.924046899846891230e-03
1.923285554382295768e-03
1.923655242295755101e-03
1.923467404010863928e-03
1.923317634474010565e-03
1.923482431733317946e-03
1.923362310138662223e-03
1.923465434252496879e-03
1.923345725235065277e-03
4.074876227518295932e-04
4.074757369974534331e-04
4.075068851661002730e-04
4.074539479970017575e-04
4.075412325004643360e-04
4.074893702142705094e-04
4.075640512215770181e-04
4.077900386208762424e-04
4.076587967443473970e-04
4.077128391089830509e-04
4.077543816706415158e-04
4.077075005134721849e-04
4.078666805950218019e-04
4.077909456882094336e-04
4.077174072910046739e-04
4.076743900316146581e-04
4.074198187544905941e-04
4.074081796842528281e-04
4.073304386867399474e-04
4.074147986188797802e-04
4.073947226130576575e-04
4.074410284976218285e-04
4.074105821744728861e-04
4.074150091323008741e-04
4.073924859222774779e-04
4.074524104963171017e-04
4.074998648679424226e-04
4.074935935871021428e-04
4.075584986019033392e-04
4.075738020223235495e-04
4.074293170580843278e-04
4.074116838647870030e-04
4.074627268919854420e-04
4.075356453314202395e-04
4.073289138161503950e-04
4.073928936372219660e-04
4.075190275866220186e-04
4.075459217975464310e-04
4.075049592764709138e-04
4.075381717709500437e-04
4.075007579038112011e-04
4.074781742025110494e-04
4.074139148157312758e-04
4.074775249869559278e-04
4.074603100406690875e-04
4.074576104894629225e-04
4.074420896665871907e-04
4.075550877524389249e-04
4.074718180566494550e-04
4.074099630092648493e-04
4.074343416952482433e-04
4.074413274911461037e-04
4.074414413294897490e-04
4.074749276231990204e-04
4.075476797806714974e-04
4.075152954556258435e-04
3.899043791196207874e-04
1.231174518255140320e-05
1.249115551148904635e-05
1.261400702694149801e-05
1.286296496361858603e-05
1.726249848767829172e-05
1.737519924087575657e-05
1.740560656926021303e-05
1.743344477629646199e-05
1.720834951076344210e-05
1.744993227833852094e-05
1.752621246759193926e-05
1.772122250987537813e-05
1.819105570108187539e-05
1.795054960751694376e-05
1.793295900221004492e-05
-1.049257838910787896e-03
-1.062627603616316885e-03
-1.062333952468758318e-03
-1.062302397486033449e-03
-1.062484610959107999e-03
-1.062464060155763994e-03
-1.069444496364621404e-03
-1.069410424099778104e-03
-1.069327394921502526e-03
-1.069304083802565019e-03
-1.069717571672323822e-03
-1.069389709714830324e-03
-1.068974902159555273e-03
-1.068186256437663037e-03
2.918560906472285853e-03
2.918878215598309789e-03
2.924772207504269372e-03
3.054789468747723391e-03
3.054753107390513478e-03
3.054582170721802277e-03
3.054970427200960105e-03
3.054876522208097717e-03
3.054383941536630270e-03
3.054458434073541780e-03
3.054308500351238242e-03
3.054369068737892035e-03
3.054826159694330311e-03
3.054254536404100127e-03
3.054290427144969004e-03
3.054296561944351476e-03
3.054297614474068071e-03
3.054288688599238882e-03
3.054364758689336132e-03
3.054317253325032362e-03
3.054050835492186713e-03
3.054340930081273289e-03
3.054577121554383039e-03
3.054463309109830930e-03
3.054650920581741813e-03
3.054528666362997264e-03
3.054019218199275753e-03
3.053955355515289207e-03
3.053980090191386887e-03
3.054101211233398432e-03
-1.063014791124550565e-03
-1.063168195989626190e-03
-1.063252921300256995e-03
-1.063064413366363557e-03
-1.061922330012380787e-03
-1.061937610550526580e-03
-1.061978882738607135e-03
-1.061997382096282853e-03
-1.061893607200089205e-03
-1.061933611425004524e-03
-1.061890565316769754e-03
-1.061932737810922190e-03
-1.063024628275434803e-03
-1.062916024948190553e-03
-1.062930151070070424e-03
-1.063013381560353864e-03
-1.062977069152116214e-03
-1.063099726571239880e-03
-1.062949531425685457e-03
-1.063416091595328732e-03
-1.062477398384184622e-03
-1.062700903618610899e-03
-1.062687641452886560e-03
-1.062695095550643138e-03
-1.062505581398153626e-03
1.626375289233495443e-03
1.626128550190233772e-03
1.517373494903440524e-03
1.517351856932257475e-03
1.517459774208703305e-03
1.518778003659936645e-03
1.518775962996928063e-03
1.518775130475198340e-03
1.518930587562937907e-03
1.518101677890898362e-03
1.518058071322584421e-03
1.539789512668246572e-03
1.539010862857677180e-03
1.538796843411119634e-03
1.537866670950316502e-03
1.537517528963391932e-03
1.557369518742811798e-03
1.557388453198712110e-03
1.557376466934129455e-03
1.557233984131421636e-03
1.558570133991831527e-03
1.558406520577113562e-03
1.558817489261366549e-03
1.558718216451874606e-03
1.559081313883216432e-03
1.556851861473456311e-03
1.556888552550520291e-03
1.556844165745073635e-03
1.556774017857401674e-03
1.556968381352062496e-03
1.556873115785828258e-03
1.556875820867521841e-03
1.556249735773988178e-03
1.555999752886934621e-03
1.555998749449004218e-03
1.555539812496283241e-03
1.555370024975237736e-03
2.755485608803908120e-03
-6.648806748464605775e-04
-6.648777810385074396e-04
-6.647956911331737292e-04
-6.648111498224899872e-04
-6.646196252521784564e-04
-6.645840069084384127e-04
-6.646182450809772803e-04
-6.643104963616839470e-04
-6.643306300996075584e-04
-6.643505367444409605e-04
-8.387956522114137095e-04
-8.388325952042217058e-04
-8.388259959672650064e-04
-8.413556306750104904e-04
-8.412349243439363024e-04
-8.411196752441771774e-04
-8.410838741533026514e-04
-8.411970020078614503e-04
-8.314220662153543355e-04
-8.311300094961299222e-04
-8.298778351823393263e-04
-8.295254806215777033e-04
-8.292657767428179968e-04
-8.292823401370936001e-04
-8.324344421053662653e-04
-8.323471551085009044e-04
-8.326148207100336459e-04
-8.301915024255037421e-04
-8.311216594249173266e-04
-8.310672141028929705e-04
-8.309213419276982680e-04
-8.323107585371003784e-04
-8.322974531096245451e-04
-8.319299687357541813e-04
-8.318873895467782022e-04
-8.338473827220756847e-04
-8.192420124116942589e-04
-8.187383056691010944e-04
-8.187380588795758639e-04
-8.186107565987738640e-04
-8.186140109039567259e-04
-8.186232331619953386e-04
-8.186167202832212884e-04
-8.186366180218082904e-04
-8.186314037458247532e-04
-8.186186237818885705e-04
-8.186340859217149969e-04
-8.186450954901590806e-04
-8.186381141670605755e-04
-8.186418543867732961e-04
-8.186806696485103780e-04
-8.186829517436935598e-04
-8.187025120827322658e-04
-8.250028440160867569e-04
-8.250488962471087470e-04
-8.623071135777283678e-04
-8.625939791703861976e-04
-8.626190667747958866e-04
-8.626188573061676799e-04
-8.626540162374881585e-04
-8.624439394861189555e-04
-8.624309161990953996e-04
-8.624303603082990061e-04
-8.624261397329466890e-04
-8.624537721785458270e-04
-8.624892477002015249e-04
-8.624496665961553857e-04
-8.579560046150966042e-04
-8.585817720712852390e-04
-8.584656133004272497e-04
-8.594778648856540729e-04
-8.595988076500016110e-04
-8.652657318820542462e-04
-8.652600040818238204e-04
-8.653385185666739778e-04
-8.654152088521471862e-04
-8.654580703240669299e-04
-8.341671105190914077e-04
-8.339775368482700091e-04
-8.339800350924796027e-04
-8.358312661897708421e-04
-8.358343999276962458e-04
-8.358354941865571777e-04
-8.356583278225109728e-04
-8.356654061068085303e-04
-8.356651954962821156e-04
-8.354731770421752876e-04
-8.356962215217043303e-04
-8.357267539811110129e-04
-1.195139627369292594e-03
-1.194703665675319638e-03
-1.194482795645350134e-03
-2.002998029775303346e-04
-2.046298404869853027e-04
-1.988613595267916037e-04
-1.974821997033733491e-04
-1.978591559624437695e-04
-1.982819481416596885e-04
-1.981872716639078999e-04
-1.984363381235983972e-04
-1.983527292332770903e-04
-1.987789231022426618e-04
-1.987327198498681842e-04
-1.987914672196391995e-04
-1.984857075817609597e-04
-1.986558593149113298e-04
-1.984784285341171335e-04
-1.987613275043697235e-04
-1.980965786353613685e-04
-1.980488635436800972e-04
-1.980945897941052149e-04
-1.986725238506341742e-04
-1.986578016676183349e-04
-1.986019898960736309e-04
-1.717369794703997490e-04
-1.169354106984345698e-03
-1.185036881977835589e-03
-1.185320129507658410e-03
-1.185402638854129000e-03
-1.184692521466797904e-03
-1.185556991839791224e-03
-1.184584544619530057e-03
-1.185195541133250404e-03
-1.184940379111071307e-03
-1.184888994066505370e-03
-1.184755043415581252e-03
-1.184823736973745914e-03
-1.177992506091497587e-03
-1.178046736701538399e-03
-1.178423597415778363e-03
-1.178353745036837168e-03
-1.177159368123723666e-03
-1.176897291333072349e-03
-1.177433689574934996e-03
-1.178116289497640589e-03
-1.178160888866865022e-03
-1.176647249169267750e-03
-1.176610498078475625e-03
-1.176686696709900413e-03
-1.176919447551617089e-03
-1.180518159941827986e-03
-1.180819288322864985e-03
-1.180355500847834463e-03
-1.180164164599673557e-03
-1.180310535335626692e-03
-1.180298517543085192e-03
-1.180323616468894428e-03
-1.180276916117768086e-03
-1.180257101393824204e-03
-1.180104378447593321e-03
-1.180248946660728600e-03
-1.180145729626706124e-03
-1.180184661821899721e-03
-1.180246616448157307e-03
-1.180220307370234787e-03
-1.180127943684446123e-03
-1.180315153319994427e-03
-9.970186781090123809e-03
-9.970237884640017340e-03
-9.970241556428527732e-03
-9.970271317679215567e-03
-1.001895297488045178e-02
-1.002085755261785532e-02
-1.001925012299948597e-02
-1.002417965752303713e-02
-1.002488187402462982e-02
-1.002566742282001364e-02
-1.002497338387487065e-02
-1.002490351778715164e-02
-1.002518538384495131e-02
-9.520927783582483830e-03
-9.520865606445154394e-03
-9.520603526096044211e-03
-9.520493991811046150e-03
-9.520953713909536056e-03
-2.033176467802368277e-03
-2.032650555620764670e-03
-2.032682645553104961e-03
-2.032673336576721820e-03
-2.032711171469020386e-03
-2.032632152173893206e-03
-2.032474893930863186e-03
-2.032482010524337863e-03
-2.032551939120908271e-03
-2.032554158848593785e-03
-2.032839053707964985e-03
-2.033016255975021030e-03
-2.034837504825767404e-03
-2.033947565412723511e-03
-1.655851746210048030e-03
-1.656093127246351885e-03
-3.759128048436412035e-03
-3.759322318967654210e-03
-3.759331889750894794e-03
-3.759189113975877801e-03
-3.759243008032801207e-03
-3.759120394197271956e-03
-3.759189826506071502e-03
-3.759264197096811536e-03
-3.759177410760729081e-03
-3.759179055069573547e-03
-3.759176659022727806e-03
-3.759422106810232644e-03
-3.759432328630649654e-03
-3.759203140444638148e-03
-3.759280646806002248e-03
-3.759239506154388958e-03
-3.759186727661235818e-03
-3.759233416273507697e-03
-3.758815744825334641e-03
-3.759141034093276944e-03
-3.759153052007576951e-03
-3.759015252191496952e-03
-3.758903056370888063e-03
-3.759009498113986044e-03
-3.759009751060801881e-03
-4.421008909467926025e-03
-4.428208787718252923e-03
-4.428415475333531866e-03
-4.428076514051754696e-03
-4.427563775722666468e-03
-4.427735207625243738e-03
-4.427183127454890725e-03
-4.427420010734649768e-03
-4.432087344262758410e-03
-4.432136656722883254e-03
-4.432782861339444776e-03
-4.434249054336020408e-03
-4.434222269385261310e-03
-4.434218465155891423e-03
-4.434301959945791127e-03
-4.434302317784558425e-03
-4.434172841717869996e-03
-4.434210995326813218e-03
-4.434023810721450520e-03
-4.434077807373622629e-03
-4.432122918974257947e-03
-4.432209054357225640e-03
-4.432454090279938641e-03
-4.432473827050005880e-03
-4.432439437592766533e-03
-4.432016280634858661e-03
-4.432176770994537655e-03
-4.432160369611365044e-03
-4.432113388915404767e-03
-4.432134254555808624e-03
-4.432086667691279014e-03
-4.432090367866608344e-03
-4.432120462517894974e-03
-4.432143573266563927e-03
-4.431896928589447796e-03
-4.431677304568005550e-03
-4.431718575094355239e-03
-4.431924633490309968e-03
-4.433574262215076063e-03
-4.433613299038182548e-03
-4.433989183064342490e-03
-4.430909449045770422e-03
-4.430801996341693014e-03
-4.431025280557114761e-03
-4.430930191966130950e-03
-4.430833349428855983e-03
-4.431128447768938571e-03
-4.431128447769003623e-03
5.323385880152030824e-04
5.324640849624769036e-04
5.324760990584293625e-04
5.327052733766546094e-04
5.326339730299144756e-04
5.324879532079527817e-04
5.322533216862417732e-04
5.323631559679181582e-04
5.323421741784108369e-04
5.330863213485702561e-04
6.195271513212949376e-04
6.064061534028481306e-04
6.064035833137279823e-04
6.063868455167467772e-04
-3.763032935140471491e-03
-3.763126486758934693e-03
-3.763169256071761688e-03
-3.763324751214031701e-03
-4.149799373701625006e-04
-4.149113286740734844e-04
-4.155343086547684203e-04
-4.165897736634993458e-04
-4.239013622009962117e-04
-4.239309510746563556e-04
-1.311759995569728669e-04
-1.311924733036184932e-04
-1.275398490353170952e-04
-1.274750994436411151e-04
-1.274172057758891973e-04
-1.274614293791341275e-04
-1.274127890070532205e-04
-1.273775045898659000e-04
-1.273716598855157615e-04
-1.273168709542313282e-04
-1.273040400437160232e-04
-1.272583360659541656e-04
-1.273967828164816382e-04
-2.435946154111937653e-03
-2.278579267589973811e-03
-2.278489461193855536e-03
-2.276923739992913441e-03
-2.276807839888775331e-03
-2.276720900089728751e-03
-2.277636048978181303e-03
-2.552605018360369973e-03
-2.553932768624789761e-03
-2.552284422070616021e-03
-2.553443598195193759e-03
-2.553639743699090501e-03
-2.553385419287767296e-03
-2.553328915382362032e-03
-7.191086167611631351e-03
-7.190901721327146862e-03
-7.190865461378321243e-03
-7.191183226294270946e-03
-7.191080421520968172e-03
-7.190782366861393424e-03
-7.190609298975371086e-03
-7.191480489003660576e-03
-7.190811352548608440e-03
-7.190728190633658562e-03
-7.190659970978061262e-03
-7.190373105368209720e-03
-7.190383585072875408e-03
-7.190884963873471307e-03
-7.175158159977278009e-03
-6.863234413364280861e-01
-6.863158868441424643e-01
8.676401414172344242e-03
8.676609324300654097e-03
8.676436321629867748e-03
8.676649462606237859e-03
8.676428577325487682e-03
8.676412792249829642e-03
8.676475008461199956e-03
8.676511262129893778e-03
8.676434763350971205e-03
8.676444253791690958e-03
8.676410876769220445e-03
8.676337559299966695e-03
8.676381853049785695e-03
8.676399733852636215e-03
8.676409833919360159e-03
8.676528358396747367e-03
8.676588942382957095e-03
8.676754580111960269e-03
8.676682404493669259e-03
8.676752205920011327e-03
8.676731146567622649e-03
8.676749912406453435e-03
8.676750562756874521e-03
8.676816101695261976e-03
8.676861286974238766e-03
8.676877366619201518e-03
8.676870096523455617e-03
8.676873696841684927e-03
8.676836939219566974e-03
8.676829518322074983e-03
8.676841418301082381e-03
8.676791130996501511e-03
8.676818616316497174e-03
8.676850818699467435e-03
8.676600888788087856e-03
8.677076803412783063e-03
8.677070452573298551e-03
8.677247670145212671e-03
8.677286588707047721e-03
8.677041849499566098e-03
8.677122728902182322e-03
8.677130155695890121e-03
8.677106722941106687e-03
8.677131142270130826e-03
8.677240118776253716e-03
8.677332799112574130e-03
8.677319441920551546e-03
8.677272045543301532e-03
8.677186987014289671e-03
8.677281729570508403e-03
8.677095660437769697e-03
8.676773865387675186e-03
8.676540992739482580e-03
8.676977536736027799e-03
8.676638983790445347e-03
8.676645569753928255e-03
8.676094181496086036e-03
8.676445944290688689e-03
8.676304370911986155e-03
8.675958361686785664e-03
8.675957617230388094e-03
8.677119934587295205e-03
8.677116344207778942e-03
8.676792934263578838e-03
8.676809712997448146e-03
8.676852543012491398e-03
8.676729271186416417e-03
8.676715429274745733e-03
8.676870368755225729e-03
8.676748417411559930e-03
8.676742391553703831e-03
8.320431296721346806e-03
8.338885674303388174e-03
8.339032279646196519e-03
8.339137162646134346e-03
8.337966042348666715e-03
8.594975596826041203e-03
8.595269301309266599e-03
8.635080764406999343e-03
8.635244185261816557e-03
8.635272034310218989e-03
8.635272034310166947e-03
8.635072888494453938e-03
8.635065153969412668e-03
8.635329994809431628e-03
8.619797522081872748e-03
8.619709881522706965e-03
8.619640060112314026e-03
8.619938744826837959e-03
8.619464259510167120e-03
8.619438899469094792e-03
7.874948574733349124e-03
7.876532088409360019e-03
1.899207931843035872e-03
1.925634685875403634e-03
1.925446236351993894e-03
1.925579707976636480e-03
1.925562006167417725e-03
-1.651419612611923103e-03
-1.651335925345007085e-03
1.643715327136096227e-04
1.755542817339352738e-04
1.757330986111069031e-04
1.751112722392250166e-04
1.553944605908060786e-04
1.548820942193697046e-04
1.552212230370902989e-04
1.558128692345488869e-04
1.559013257708358278e-04
1.749700153486337818e-04
1.749497822984599066e-04
1.748346704651071665e-04
1.736491994741309831e-04
1.737455402466757349e-04
1.738095484868123130e-04
1.737608470657817919e-04
1.738312500482169104e-04
1.737183301822576805e-04
1.732599106837595388e-04
1.731930899724160803e-04
1.731293332729334767e-04
1.731070100439081774e-04
1.729590555210513882e-04
1.729605270056711150e-04
1.733379437285382661e-04
1.663388703287489083e-04
1.663087654375969802e-04
1.663535849415980047e-04
1.663388193387659204e-04
1.663542959085814786e-04
1.664064186874806466e-04
1.664436691050313151e-04
1.665279962038092234e-04
1.664424578661555969e-04
1.664876350226566039e-04
1.664807136949902238e-04
1.663836928366208478e-04
1.663692232424055515e-04
1.663294101721471147e-04
1.663792110133509175e-04
1.663716695539520869e-04
1.663696935834448607e-04
1.663758678246400765e-04
1.663947726515883734e-04
1.662886154528421772e-04
1.663316755639142211e-04
1.663317991915828973e-04
1.663323665378334433e-04
1.663354663567091763e-04
1.663457248119501041e-04
1.692876521975027985e-04
1.692644187753732359e-04
1.690135884601480173e-04
1.690441604326528699e-04
1.690492274244466799e-04
1.691109073858420404e-04
1.699059758969610138e-04
1.695276868256637441e-04
1.695149933292871278e-04
1.693456811306580324e-04
1.693475279622728080e-04
-8.681009950684562488e-04
-8.679831959296000323e-04
-3.989228854752681548e-04
-3.986776511497509314e-04
-3.981426139201254405e-04
-4.004106381523111287e-04
-3.999623964680534458e-04
-2.342228042413514993e-03
-2.341505172745125731e-03
-2.341158914274853176e-03
-2.340442279946037575e-03
-2.318352598338858147e-03
-2.321287190067376337e-03
8.604495384721832715e-03
8.604701970587869814e-03
8.601851162158793973e-03
7.578636243645393497e-03
1.253851786546102305e-02
1.253843639351286468e-02
1.253330734574119310e-02
1.253344174578275086e-02
1.253392783053628584e-02
1.253326711964003297e-02
1.253318549164125426e-02
1.253252443352253359e-02
-7.479266329872018195e-04
-7.838365394014393077e-04
-7.838249415107971909e-04
-7.839246674397445025e-04
-7.837776933305364707e-04
-7.838393897822556675e-04
-7.643105845102901369e-04
-7.643301323273077709e-04
-7.643770823437073770e-04
-7.643417326355755577e-04
-7.643024258889582296e-04
-7.643271146511066176e-04
-7.643141707071581404e-04
-7.643805658823813690e-04
-7.642922589211214885e-04
-7.643425865804777614e-04
-7.643985209613174967e-04
-7.643033318334106069e-04
5.914716956633735319e-03
5.515510389065794716e-03
4.873996588686744548e-03
4.873847999364607289e-03
4.873824279823931946e-03
4.873892363850544640e-03
4.880661411232294425e-03
4.881771619143652173e-03
4.881808105808056394e-03
4.880674071948909280e-03
4.889369935967673338e-03
4.890370190273199760e-03
4.889277897390342624e-03
7.180886009226226431e-05
7.220145149954632286e-05
7.223882138432551384e-05
7.173117032154291558e-05
2.116425808375566584e-04
2.124609513613200812e-04
2.128522821105499011e-04
2.121091622200045579e-04
3.510433894050292111e-04
3.507323944703597809e-04
3.507553356910101576e-04
3.981371771180902816e-04
3.968655070016525099e-04
3.968566594641278469e-04
3.968978692912376849e-04
3.968833104583503811e-04
-4.559336648470622511e-05
-4.501405114039274893e-05
-4.481508822861662964e-05
-4.518571140110218628e-05
-4.161676751974035236e-05
-4.160236897548287718e-05
-4.164345821409059329e-05
-4.153243223487693370e-05
2.029607649537592119e-04
2.029557611392138823e-04
2.029750382292528938e-04
2.029672256267153871e-04
2.029701807936150945e-04
2.030066330312613220e-04
2.030044066154511719e-04
2.030020804346974010e-04
2.030092401479820740e-04
2.030129614631689006e-04
2.030168752632362738e-04
2.030154335463067044e-04
2.030091820956891207e-04
2.030133887733685490e-04
2.030524853535682151e-04
2.028744687267111950e-04
2.028881492177452559e-04
2.028481612523660809e-04
2.029003697087426229e-04
2.029964405336634958e-04
4.560790969747196069e-03
-1.289641527914533060e-03
-1.289628557304872301e-03
-1.289676664125771754e-03
-1.289686179451744004e-03
-1.289609176743089719e-03
-1.289754123466325432e-03
6.408621418646618002e-04
6.402068739982871978e-04
6.402757745509004596e-04
6.405792408737290104e-04
6.405600824905964726e-04
6.404474450976801103e-04
1.606408094502376335e-03
1.606395411160836542e-03
1.606487906735542528e-03
1.606420026632135413e-03
1.606419285835576551e-03
1.606442022246513685e-03
1.606450154525586489e-03
1.606656392844163809e-03
1.606902628532728364e-03
1.606934435107610281e-03
1.606441054531031936e-03
1.606485663103918073e-03
1.606439394064613493e-03
1.606430506027727370e-03
1.606632729939405559e-03
1.606474542365405938e-03
1.606451193165591871e-03
1.606489847884433895e-03
1.606472398716755857e-03
1.950112352379870014e-03
1.949227304264397305e-03
-4.177706391310349356e-03
-4.177522734960516411e-03
-4.177545169929919484e-03
-4.177600269779254555e-03
-4.177477362427951119e-03
-4.177235922210472546e-03
-4.177278374217923557e-03
-4.177090755451513468e-03
1.286440940497742512e-02
1.286274411264878847e-02
1.286293709009164732e-02
1.286281035687085808e-02
1.286312677490943253e-02
1.286316401272640311e-02
1.286359441947086506e-02
1.286319252180819807e-02
1.286520426805103264e-02
1.286382018495958388e-02
1.286380370699164929e-02
1.286368821678690599e-02
1.286398387067387225e-02
1.286447323732699786e-02
1.286432596455474794e-02
1.250973099917936267e-02
1.250988325693968249e-02
1.250974448512476127e-02
1.250979184366137961e-02
1.250969685310702323e-02
1.250995352992704743e-02
1.250996745228889762e-02
1.250923927147454089e-02
1.250933949263800631e-02
1.250916752808314998e-02
1.250925930928058726e-02
1.250939995230528241e-02
1.250941482972507159e-02
1.251034172810319527e-02
1.250422467277792493e-02
3.292381588841572222e-04
3.290182194913499948e-04
3.290159491884599749e-04
3.288960538651397960e-04
3.288667061404653064e-04
3.288607521060153715e-04
3.289860966729542258e-04
3.288715590499496737e-04
3.288486429173156510e-04
3.287008103556453460e-04
3.288413322348649089e-04
3.287655034194352757e-04
3.823133871353960166e-04
3.798194340272410038e-04
3.793685714508697416e-04
3.795245297541355854e-04
-3.046943983568366383e-03
-3.047171883285945248e-03
-3.046900240183652003e-03
-3.046935916155998035e-03
-3.046917076590354399e-03
-3.046937682519121945e-03
-3.046914594653241538e-03
-3.046893310845623284e-03
-3.047068965552021148e-03
-3.047220962840174567e-03
-3.047301977339326312e-03
-3.047114345016836787e-03
-3.047196171739799744e-03
-3.046993232807556230e-03
-3.047100397338253948e-03
-3.047101740497624566e-03
-3.047058888507028426e-03
-3.046990017286442098e-03
-3.047138444131366683e-03
-3.047138444131363214e-03
-3.047403006213520761e-03
-3.046972240263246152e-03
-3.046904735274734780e-03
-3.046887655842581491e-03
-3.046920010841591784e-03
-3.047606853434232585e-03
-3.047584045106186464e-03
-3.035318851699365505e-03
-3.034808320167575561e-03
-3.034489630298170450e-03
-3.034609848119569544e-03
4.400310322039208827e-02
-3.081379550082258690e-04
-3.079968430646857678e-04
-3.079332587041683656e-04
2.632648829644735418e-04
2.639892048386832972e-04
2.637880263858871166e-04
2.646325747414944650e-04
2.647486362526853374e-04
2.646419512142758872e-04
-3.771925520763186779e-04
-3.773186687583265702e-04
-3.774858818488823777e-04
-3.774309821851044031e-04
-3.773424597686799624e-04
-3.772907881880460407e-04
-3.773084012177444933e-04
-3.773740851642108434e-04
-3.773740851642332322e-04
-3.773659246381381397e-04
-3.772886904539428095e-04
-3.772811392443046531e-04
-3.772963623981226877e-04
-3.773426028327648467e-04
-3.773253392515907106e-04
-3.773942026957585868e-04
-3.771169996391199471e-04
-3.527465247240132366e-04
-3.536268704743046761e-04
-3.536401371904743761e-04
-1.669091191190742382e-02
-1.669111832937623940e-02
-1.669233781132747549e-02
-1.669141131151299917e-02
-1.669157738989275608e-02
-1.669153273431574214e-02
-1.669160563746797943e-02
-1.669131703352625187e-02
-1.669146269786898895e-02
-1.669196775996111687e-02
-1.669192612088632802e-02
-1.669219510237001519e-02
-1.669235432146043072e-02
-1.669213437975154007e-02
-1.669224609163920056e-02
-1.668890020937676202e-02
-1.668911753201100800e-02
-1.669252842399846642e-02
-2.345127466729666002e-03
-2.330573746422359965e-03
2.574608503874108710e-04
2.574670225758290032e-04
2.574942760790098983e-04
2.574753828673916100e-04
2.574708414374671608e-04
2.574455924315481809e-04
2.574603215510782358e-04
2.576854716117017957e-04
2.578882829621788699e-04
2.580243604195709057e-04
2.565722460309815536e-04
2.572385758164474402e-04
2.571676495341416275e-04
2.524159248444290959e-04
2.524048706047906970e-04
2.523946592840120638e-04
2.524057725800800227e-04
2.524168988667600940e-04
2.524252225476391947e-04
2.524496818894121446e-04
2.522777822665451847e-04
2.527024654680740177e-04
2.527023171825222114e-04
2.525235872798731098e-04
2.525518848655274235e-04
2.525650431802615092e-04
2.511153827693804789e-04
2.511408654962975261e-04
2.512376297180035655e-04
2.511110287554036455e-04
2.507819963306397323e-04
2.507834256397794182e-04
2.507582049778915535e-04
2.508375432074927240e-04
2.508993498238837935e-04
1.064834265731260093e-03
1.064876214691392676e-03
1.064837491786660125e-03
1.064810291236872311e-03
1.066097276217086321e-03
1.066224153258154379e-03
1.067676035884175447e-03
1.059289873428822257e-03
1.059287916942926221e-03
1.059259110753662646e-03
1.059224828499164993e-03
1.059229035119519345e-03
1.059239789343121262e-03
1.059330317251036243e-03
1.059228933855520423e-03
1.065895128971233946e-03
1.065706295066558675e-03
1.065478388339754362e-03
1.065797455099645090e-03
1.066021219560156844e-03
1.066182064283679662e-03
1.013918920985347168e-03
-1.013908865842211510e-03
-1.013994837799478714e-03
-1.013995923773281134e-03
-1.013957495512870545e-03
-1.013959858420853972e-03
-1.014033870746193803e-03
-1.015026697507438128e-03
-1.014571648454535213e-03
-1.014628853568897912e-03
-1.014548431437263618e-03
-1.014569161758184209e-03
-1.014860906738399232e-03
-1.023945988952476831e-03
-1.022558267579886651e-03
-1.026464742099415491e-03
-1.027000491906835712e-03
-1.026912065207218365e-03
-1.025740213188168536e-03
-1.025802297897178850e-03
-1.025819896592808323e-03
-1.025596006846153131e-03
-1.025725026726164151e-03
2.070299767473445310e-03
2.071801765245192585e-03
2.070752225697595518e-03
2.069316323226141029e-03
1.710551878177625062e-03
1.710512535925509236e-03
1.710508285810778597e-03
1.710485670741983960e-03
1.709907095638239609e-03
1.709723273529312713e-03
1.709599285642915151e-03
1.709934630700027337e-03
-3.207942859261532238e-03
-3.207807413628213731e-03
-3.207131216080900352e-03
-3.204194267801908740e-03
-2.882081009556420638e-03
-2.882110470448442149e-03
-2.882600675865491964e-03
-2.882569308656666388e-03
-2.882576039824827005e-03
-2.882573876417901179e-03
-2.882594802268338609e-03
-2.882600307529054658e-03
-2.882598671985197192e-03
-2.882754290188632631e-03
-2.882624037448961764e-03
-2.881442947255374518e-03
-3.145066427934828379e-03
2.022062478447503656e-03
2.022562130041866482e-03
2.020941427315756621e-03
2.022012084343997179e-03
-3.588578734623791089e-04
-3.588483689211375530e-04
-3.588286455299368512e-04
-1.834713069212288755e-04
-1.835751258574793896e-04
-1.836957166914421639e-04
-1.838049084077283837e-04
-1.427739173294626396e-03
-1.427590822157081846e-03
-1.427596382246173893e-03
-1.427602224114828079e-03
-1.427641640267519234e-03
3.229847190813987107e-03
3.228911983741518908e-03
3.229360093294668995e-03
3.251552342035339289e-03
3.251668249333072944e-03
3.251668249333083786e-03
3.251434956200940137e-03
3.251447067685127226e-03
3.251335219884277615e-03
3.251525985595925521e-03
3.251578385701603662e-03
3.251482834886965101e-03
3.251635756291668296e-03
3.251599300657784675e-03
3.251378076718817144e-03
3.251382806763389310e-03
3.251408682294144696e-03
-1.378052324169619716e-02
-1.377976660740249000e-02
-1.378073615390036470e-02
-1.378082311353969434e-02
-1.378083244483616250e-02
-1.378068292877160893e-02
-1.378038245280826211e-02
-1.378053549480038470e-02
-1.378039926090356311e-02
-1.378063152282726911e-02
-1.310000410977482654e-02
-7.583184752375056112e-03
-7.582765605250864176e-03
-7.582723048380312324e-03
-7.582720232707005834e-03
-7.584902346876701978e-03
-7.584581314281582491e-03
1.867130546281386928e-03
1.867441167741677168e-03
1.867263412519014907e-03
1.867844614709943335e-03
-1.408527802142300368e-02
-1.408648578492129912e-02
-1.408699787884990992e-02
-1.408673024950055953e-02
-1.408705861093692731e-02
-1.408696280054586546e-02
-1.408624634498633482e-02
-1.408611377358179144e-02
-1.408587013380318415e-02
-1.408607605635951374e-02
-1.408596523407203843e-02
-1.408624248466551314e-02
-1.408585155668067371e-02
-1.408589145059291510e-02
-1.408527600426499708e-02
-1.408542892809013652e-02
-8.378464257793136831e-06
-8.375575851064781581e-06
-8.415008771866361027e-06
-8.427972420682567034e-06
-8.376503361406419101e-06
-1.462938168716489671e-04
-1.463024685981886906e-04
-1.462479402198312831e-04
-1.461952773224404079e-04
-1.462779259661585354e-04
-1.462887539247132199e-04
-1.462536379231418524e-04
-1.461726617091627198e-04
-1.463956195959091220e-04
-1.462661119479666965e-04
-1.462954832033926708e-04
-1.462172487085211167e-04
-1.461787280603198049e-04
-1.461202623318200210e-04
-1.460877871057250654e-04
-1.473122402106577630e-04
-1.471805980832387607e-04
-1.471066703885438691e-04
-1.471631031887326647e-04
-1.471381662230157659e-04
-1.471792124977202069e-04
-1.472051962106708909e-04
-1.472051962106478516e-04
-1.469394057969678705e-04
-1.470104269142646718e-04
-1.449259508957280289e-04
-1.448977447597122128e-04
-1.448959972933869527e-04
-1.448434351250689467e-04
-1.449544822094552357e-04
-1.449510808848603755e-04
-1.448876961699114153e-04
-1.450810169172403702e-04
-1.452004329316791730e-04
-1.449579881955528676e-04
-1.451171243640164265e-04
-1.449816393557658669e-04
-1.449908491084848103e-04
-1.449844062044521747e-04
-1.449947021109983703e-04
-1.458386126289742382e-04
8.195084388249451430e-08
3.761574891037560287e-07
3.802557386906794958e-07
3.912000970976117495e-07
4.122738410199442199e-07
3.433954050150892291e-07
3.245475299312708115e-07
3.275037447628945872e-07
3.454408284956869506e-07
1.678054677994166587e-07
1.354940449173354474e-07
6.930027054866984515e-08
1.645039843489872833e-05
1.570036751855214666e-05
1.468129372486506548e-05
1.477967133508425439e-05
1.513809293128797494e-05
1.875480332230005165e-05
1.979911168700154036e-05
1.981023055256896087e-05
1.990078968978388016e-05
1.991234749775400644e-05
2.016580335690076534e-05
1.996431772943925250e-05
2.011151292835111374e-05
1.983754285241424170e-05
1.981743969707011876e-05
2.052957887845321828e-05
2.058030192113117216e-05
2.034945814971277257e-05
2.047391930046963985e-05
2.048082959249703072e-05
2.046507264028463421e-05
2.039174219402346567e-05
2.010674418376247194e-05
1.999141517025124131e-05
1.989463983970628260e-05
1.977823333467526717e-05
1.979003810269527321e-05
1.972599037275683147e-05
1.978541369346382839e-05
2.087176283962406019e-05
2.079099602357479417e-05
2.053264075469462288e-05
2.067016216567038822e-05
2.039597880517927635e-05
2.023293203419102522e-05
2.142794464258267927e-05
9.173242074492121540e-06
9.114584075806738623e-06
9.141092099885490634e-06
9.124859240441705692e-06
9.232588490685689144e-06
9.345716239101911914e-06
9.352295739325887578e-06
9.367987320217138257e-06
9.344442717458395283e-06
9.389284432109624171e-06
3.838396682103156071e-05
3.838301624895943466e-05
3.836273503055337311e-05
3.836888116011376987e-05
3.822666218386042792e-05
3.808595564856729791e-05
1.880140197239582787e-05
-2.315696438658884670e-04
-2.315538197805149391e-04
3.798640832687900774e-05
3.797907930579113141e-05
3.885929737798035600e-05
3.915354057357476366e-05
-2.770096507397181977e-05
-2.711678651597586204e-05
-2.753807927352059187e-05
-2.738308797259562724e-05
-2.792777091765415501e-05
-2.503364026673512901e-03
-2.503364474188873607e-03
-2.503344633065812674e-03
-2.503260457476554676e-03
-2.503336939642880968e-03
-2.503230762797443217e-03
-2.503213525047347406e-03
-2.503221714634225846e-03
-2.503242968265187787e-03
-3.191584810809326711e-03
-3.191400019499310205e-03
-3.191446264945522245e-03
-3.191465095338869712e-03
-3.197535462530679169e-03
-3.197587639783800589e-03
-3.197589426467796220e-03
-3.197624353440503466e-03
-3.197671375719132909e-03
-3.197668467847635063e-03
-3.197649677453871537e-03
-3.197641013101224731e-03
-3.197509402406832537e-03
-3.197803070778035273e-03
-1.644291853967978561e-03
-1.644340542148407976e-03
-1.644170109121936450e-03
-1.644277075466486987e-03
-1.644283008574388017e-03
4.079280834341092866e-04
4.074605173770728841e-04
4.082728022692328146e-04
4.082917222522976534e-04
4.082905671763016478e-04
4.079872223020814285e-04
4.079610786492541348e-04
4.081352644209011987e-04
3.911163477763012798e-03
3.909660504178249195e-03
3.909866839659299244e-03
8.861050238019343691e-04
8.861967088295939895e-04
8.861442165327775532e-04
8.862333655794299523e-04
8.862108313695115508e-04
8.862597494667237346e-04
8.863089536603308656e-04
6.930499782845355719e-04
6.938707096790478097e-04
-5.767141813402338257e-04
-5.768056390930386941e-04
-5.758855994199848323e-04
-5.758709930281772933e-04
-5.759418539115634820e-04
-5.766317787169464781e-04
-5.764673592185113769e-04
-5.784544127423692011e-04
-5.784232476690369731e-04
-5.785279230825814134e-04
-5.784663697937150999e-04
-5.784569798472569135e-04
-5.786403015605051398e-04
-5.782630907958409821e-04
-6.181485520189061765e-04
-6.174276635178338121e-04
-6.174754867358974971e-04
-6.171351484722283195e-04
-6.171678056220738888e-04
-6.171616381068374116e-04
-6.172317785571961295e-04
-6.165048512374300769e-04
-6.166490747653920494e-04
-6.163484690374731014e-04
-6.163253126638275868e-04
-6.164744445824904984e-04
6.896240849860430606e-04
6.806023083824914045e-04
6.810523619003690720e-04
6.810815830025921053e-04
6.810364145514738671e-04
6.811262564759439954e-04
6.810978346767039213e-04
6.808282485800568962e-04
6.805910480059587219e-04
6.805544481998993846e-04
-2.076044981661410288e-04
-2.076791417978830615e-04
-2.076837109435940179e-04
-2.078615180780308007e-04
-2.078448231345712165e-04
-2.078615289386143920e-04
-2.078556932060397246e-04
-2.078164824637706394e-04
-2.078054236564866623e-04
-2.079142886008506440e-04
-2.079271177860222584e-04
-2.079301986257170800e-04
-2.079010451892866936e-04
-2.079126206745192244e-04
-2.162346584201695315e-04
-2.162443439813673278e-04
-2.162434271937193600e-04
-2.162341374942951006e-04
-2.162598451058489934e-04
-2.161998214444889625e-04
-2.161846430779451860e-04
-2.161461757591954603e-04
-2.160621186267206893e-04
-2.160767293618020971e-04
-2.161587325638118979e-04
-2.162068196573255024e-04
-2.160980965297164204e-04
-2.160736753125306166e-04
-2.160795459687503688e-04
-2.164155609517521108e-04
-2.164369178167715579e-04
-2.164785788698750857e-04
-2.164979927419144283e-04
-2.165001381655189876e-04
-2.164726220488645363e-04
-2.165120954243732404e-04
-2.163798683320888731e-04
-2.163699054352878637e-04
-2.164226446682222295e-04
-2.225764523180898482e-04
-2.226532275744016087e-04
-2.224901869144870273e-04
-2.224835211095902029e-04
-2.224473754999425749e-04
-2.223550221920442445e-04
-2.223553795462308511e-04
-2.223484910413269368e-04
-2.224279737572813819e-04
-2.224939264437943869e-04
-2.224502981397947392e-04
-2.225623071883050543e-04
-2.225782656638081679e-04
-2.225771854439965915e-04
-2.220503884435910170e-04
