1.993597386166923169e-02
1.993761254076284462e-02
1.993772134136274563e-02
1.993725519809887853e-02
1.993836569161999001e-02
1.993837346171419000e-02
1.993709420063309590e-02
1.993700339458450571e-02
1.993711311911985223e-02
1.993707558408968142e-02
1.993703398590501372e-02
1.993710073793212093e-02
1.993716939363532337e-02
1.993716235621351140e-02
1.993716581376656777e-02
1.993717288781651775e-02
1.993724725634966888e-02
1.993722474558111066e-02
1.993715189737013324e-02
1.993716831247688628e-02
1.993708688814496005e-02
1.993704991255127595e-02
1.993719395806377997e-02
1.993731410806472495e-02
1.993725042206324211e-02
1.993738239576809540e-02
1.993725268108635998e-02
1.993741989618370153e-02
1.993767540029162816e-02
1.993723147452517580e-02
1.993739864247770499e-02
1.993739926342203567e-02
1.993739417793737728e-02
1.993739683835457285e-02
1.993740374475081248e-02
1.993753895941422286e-02
1.993721632472138933e-02
1.993731274530585740e-02
1.993680397148431954e-02
1.993659949458108371e-02
1.993682013792332647e-02
1.993658001719184059e-02
1.993671411043608857e-02
1.993674764735298491e-02
1.993667570906990441e-02
1.845411428171813209e-02
1.845456687574031918e-02
1.845458834662376882e-02
1.845468997793784163e-02
1.845470518106229890e-02
1.845422461159339222e-02
1.843977255252081046e-02
1.843978205749271029e-02
1.843791420412297516e-02
1.843773963297491020e-02
1.843836745251788145e-02
1.843837400639399687e-02
1.843787879460053944e-02
1.843793054296039360e-02
1.846025805096894803e-02
1.846035895714337460e-02
1.846010378054559198e-02
1.845983536892938787e-02
1.845991267250520970e-02
1.845986325592812241e-02
1.845987579955307017e-02
1.845985944696848860e-02
1.845992269594833729e-02
1.845991971447855443e-02
1.845995246830442471e-02
1.845996915038186637e-02
1.845996735288334481e-02
1.845995683058753931e-02
1.845991834232738396e-02
1.845981018946112051e-02
1.845991956874491746e-02
1.846064243580416639e-02
1.846067430991096131e-02
1.846073338203121569e-02
1.846062173840735260e-02
1.846062925328445861e-02
1.846065031359494027e-02
8.454929266053711964e-03
8.455078964729400084e-03
8.455385341723069270e-03
8.455485837545689484e-03
8.454953273679127398e-03
8.454972866558536568e-03
8.454937420404205414e-03
8.454825862099668576e-03
8.454968973488545189e-03
8.454969398136448835e-03
8.455010733018882355e-03
8.454979949656391339e-03
8.454945264621396145e-03
8.454995661575677793e-03
8.454984824340818286e-03
8.455029977857920695e-03
8.454998919614476610e-03
8.455020360957280282e-03
8.455008853035338515e-03
8.454996794395827978e-03
8.455006080124623236e-03
8.455002661439670053e-03
8.455217178502220932e-03
8.454925971849186483e-03
8.456232979621010337e-03
8.456311298062811621e-03
8.453457824399898332e-03
8.455400983813723265e-03
8.455247004108407127e-03
8.455240375679016693e-03
8.455372529999239870e-03
8.455371491552799920e-03
8.455282854396353742e-03
8.455286744170202248e-03
8.455202211250434016e-03
8.455274788642034092e-03
8.455354434217186507e-03
8.455312901990801044e-03
8.455223615856353320e-03
8.455219125332879421e-03
8.455371022181724927e-03
8.455219954875633354e-03
8.455407699995575246e-03
8.446060848988344930e-03
8.446180692025821377e-03
8.446172109116519694e-03
8.446270441885447150e-03
8.446256571544701400e-03
8.446598797451267820e-03
8.446605423666537008e-03
8.446597704048224367e-03
8.446603185407169229e-03
8.446589487226242865e-03
8.446615411512682636e-03
8.446626686108182902e-03
8.446622706246213405e-03
8.446619151493240524e-03
8.446634475510623671e-03
8.446630901880932893e-03
8.446638686894113873e-03
8.446645630845395908e-03
8.446645630845418459e-03
8.446649653893771245e-03
8.446638070421841338e-03
8.446639624847681119e-03
8.446638428356589151e-03
8.446627714652153382e-03
8.446613128988946645e-03
8.446594153777584393e-03
8.446607748461652104e-03
8.446621461040757298e-03
8.446595591971807829e-03
8.446591555747264002e-03
8.446625060818014827e-03
8.446608277174874613e-03
8.446695818210286574e-03
8.446665665555014649e-03
8.446647822267379022e-03
8.446636074534516134e-03
8.446671496882064353e-03
8.446670643781951232e-03
8.446658858756603272e-03
8.446715508823244428e-03
8.446612136951352212e-03
8.446611393412123761e-03
8.446607514749656168e-03
8.446605026740027986e-03
8.446610739086915162e-03
8.446597123323495646e-03
8.446574327885474076e-03
8.446569165723557399e-03
8.446569466830375697e-03
8.446624065577834628e-03
8.446651604831821245e-03
8.446615536812170436e-03
8.446621798004178006e-03
8.446620061076300437e-03
8.446618242892389716e-03
8.446634757114549613e-03
8.446668538360140380e-03
8.446667349788801807e-03
8.446679522073894872e-03
8.446674242098710372e-03
8.446689058776459674e-03
8.446681286179934939e-03
8.446691208200587941e-03
8.446635377835716788e-03
8.446639016109033088e-03
8.446637671595659189e-03
8.446636984813604351e-03
8.446669215678187514e-03
8.446636162051615604e-03
8.446646036244963990e-03
8.446436019745788212e-03
-1.986619059526854598e-03
-1.986671008001018000e-03
-1.986796333252328819e-03
-1.986801975731007554e-03
-1.986814564217505123e-03
-1.986726046972914564e-03
-1.986715638042445709e-03
-1.986652875246547757e-03
-1.986995445459609384e-03
-1.987181218211546245e-03
-1.987118165043543893e-03
-1.986927784030304966e-03
-1.986891856297055142e-03
-1.986943955436554221e-03
-1.986912227182535337e-03
-1.986911608571603760e-03
-1.986926438321847104e-03
-1.986950388448912707e-03
-1.986950388449148196e-03
-1.987009035257074688e-03
-1.986954069793130020e-03
-1.986915160844757340e-03
-1.986964886728613631e-03
-1.986935259169165732e-03
-1.986938128333296839e-03
-1.986914651453410962e-03
-1.986936948189496448e-03
-1.986919761170886489e-03
-1.986997112798491796e-03
-1.986802790068100972e-03
-1.986844923451078822e-03
-1.986852067639139404e-03
-1.986767921280445555e-03
-1.986801432941735692e-03
-1.986798841482225169e-03
-1.986841979838985164e-03
-1.986821903205312351e-03
-1.988143029112788944e-03
-1.988274140081663227e-03
-1.988611985011654645e-03
-1.988248751714833361e-03
-1.988276174633866588e-03
-1.988257326349807640e-03
-1.988322604329659498e-03
-1.988459587413312583e-03
-1.988483999976765546e-03
-1.988325759180167070e-03
-1.988328139084531796e-03
-1.988305272566896244e-03
-1.988337367130289888e-03
-1.988191673619048826e-03
-1.988295017467627771e-03
-1.990146372643906546e-03
-1.990160798975031467e-03
-1.990146781562334311e-03
-1.990147247157088468e-03
-1.990158212377989445e-03
-1.990270867885357044e-03
-1.990338386091979050e-03
-1.990336911089697711e-03
-1.990330312415450938e-03
-1.990339812488240139e-03
-1.990321635949096526e-03
-1.990299510800956715e-03
-1.990293764136839491e-03
-1.990316054743234905e-03
-1.990427577527961560e-03
-1.990442487216694759e-03
-1.990416682773409485e-03
-1.990335833111801962e-03
-1.990402718171713995e-03
-1.990404582318008788e-03
-1.990354968588529429e-03
-1.990285981633202732e-03
-1.990285495999263854e-03
-1.990244216358082446e-03
-1.990243422020269472e-03
-1.990243752553176072e-03
-1.990281003481402661e-03
-1.990286902195654954e-03
-1.990295906206288393e-03
-1.990292297751385022e-03
-1.990170808365360200e-03
-1.990193624697003671e-03
-1.990191186070017562e-03
-1.990189584245454814e-03
-1.990239715514861320e-03
-1.990298138833179915e-03
-1.990388626583261891e-03
-1.990375882958672713e-03
-1.990414408880626217e-03
-1.990404407471160850e-03
-1.990418122280377105e-03
-1.990362853828316070e-03
-1.990393111060037058e-03
-1.990391249008264737e-03
-1.990399532346691369e-03
-1.990392543347458288e-03
-1.990413239679680521e-03
-1.990339048391447357e-03
-1.990310425569554766e-03
-1.990445079003790897e-03
-1.990453924766395072e-03
-1.622171489238182678e-03
-1.622018149455047324e-03
-1.622094013650966782e-03
-1.622138388869981754e-03
-1.622063831990979343e-03
-1.622114665246522170e-03
-1.622080368002926879e-03
-1.622114405219530694e-03
-1.622092331306422292e-03
-1.622729762090444625e-03
-1.622761757375380202e-03
-1.622277410364699347e-03
-1.622283028564913644e-03
-1.622276907784770718e-03
-1.622309700106398149e-03
-1.622291218602345958e-03
-1.622315257396755210e-03
-1.622328583363549011e-03
-1.622313397533848081e-03
-1.622270187160289963e-03
-1.622291773502955361e-03
-1.622358252351824076e-03
-1.622434156317277987e-03
1.084576718344428285e-03
1.084557344002269911e-03
1.084480500377829311e-03
1.084573996603254917e-03
1.084398328428060228e-03
1.084758362831244986e-03
1.084614608365251859e-03
1.084392384651082899e-03
1.084488446328395455e-03
1.084382689508528886e-03
1.084391921724475478e-03
1.084738313164331945e-03
1.084713683758842468e-03
1.084704584097483191e-03
1.084712627052716004e-03
1.084746083456502490e-03
1.084722667315578650e-03
3.168686440088270065e-03
3.168763645671142208e-03
3.168728057551212056e-03
3.168744179638766784e-03
3.168724735446714746e-03
3.168720153169756696e-03
3.168670464652891417e-03
3.168758619066984559e-03
3.168853111578020382e-03
3.169047707374081976e-03
3.168905428201537668e-03
3.168795007750686669e-03
3.168855020329702701e-03
3.168851469037839257e-03
3.168863789167892121e-03
3.168931521600208169e-03
3.168957054343563961e-03
3.169004258157762967e-03
3.168762877979694904e-03
3.168823204462501049e-03
3.168852316807388696e-03
3.168859616427539654e-03
3.168397996419880947e-03
3.168403838862563372e-03
3.168371926545578664e-03
3.168334465838800341e-03
3.168316053820205685e-03
3.168305522389589651e-03
3.168434729609044976e-03
3.168444169364385225e-03
3.166929183939396018e-03
3.166909970520184053e-03
3.166926860765070795e-03
3.166954440924218614e-03
3.166792101865566634e-03
3.166796576771446509e-03
3.166777412498434675e-03
3.166840781010692510e-03
3.166879765256840149e-03
3.166857553872953930e-03
3.166863898165748169e-03
3.166796610126717312e-03
3.166854254071942067e-03
3.166845459950324952e-03
3.166820603724072349e-03
3.166806984125874417e-03
3.166935048758032830e-03
3.166969518588950375e-03
3.167000654007821100e-03
3.167027031196784949e-03
3.166947681811192825e-03
3.166986368726765807e-03
3.166988805803121632e-03
3.166958325191616356e-03
3.167516240425801658e-03
3.167502938646589265e-03
3.167500823283269859e-03
3.167528939845552696e-03
3.167543354299935839e-03
3.167549165380420268e-03
3.167565172912472759e-03
3.167612092042343137e-03
3.167607438793248933e-03
3.167545004592724114e-03
3.167512372276468698e-03
3.167539366436713036e-03
3.167512818835680616e-03
3.167517763545154956e-03
3.167595363403013023e-03
3.167579631543357335e-03
3.167400275131126552e-03
3.167403826125796303e-03
3.167413732879091615e-03
3.167185332022271968e-03
3.167323027280970118e-03
2.231090383344763294e-03
2.231128414640709545e-03
2.231154232574025092e-03
2.231132255388519614e-03
2.231135951480274753e-03
2.231149624076988851e-03
2.231148766162629072e-03
2.231162955540738190e-03
2.231168801555099158e-03
2.231127765420569224e-03
2.231097016797958885e-03
2.231256470045122654e-03
2.231263265101232889e-03
2.230994674616845058e-03
2.231118354134010561e-03
2.231105092106454562e-03
2.231106747770814948e-03
2.231105896055661682e-03
2.231131215738427469e-03
2.231141288406617885e-03
2.231108273309502944e-03
2.231111643144093569e-03
2.231070205183397111e-03
2.231043451314031114e-03
2.231055779844046561e-03
2.231027248921580407e-03
2.231040002398546745e-03
2.231061865880731160e-03
2.231060115452659139e-03
2.232101815285805670e-03
2.232154642938389243e-03
2.232241018708887130e-03
2.232278794219481281e-03
2.232161789110938786e-03
2.232143495769168141e-03
2.232140307691520345e-03
2.232150261333556377e-03
2.232247052567027257e-03
2.232239738927643477e-03
2.232173523710724149e-03
2.232171829954701994e-03
2.232195457964866736e-03
2.232231277498099905e-03
2.232125529850138325e-03
2.232124806780432652e-03
2.232131430851949649e-03
2.232133734429118076e-03
2.232138624628050936e-03
2.232117669243898622e-03
2.232117394034839955e-03
2.232113731069031246e-03
2.232100356498617835e-03
2.232100653880545512e-03
2.232114175047247417e-03
2.232108406421022279e-03
2.232095414264474199e-03
2.232096958710592504e-03
2.232144650824657330e-03
2.232121965414386993e-03
2.232112752660391549e-03
2.232129465009513331e-03
2.232127926117920182e-03
2.232212797810400554e-03
2.232075921461141796e-03
2.232160384898583452e-03
2.232204808805583491e-03
2.232140892385865369e-03
2.232147829714156186e-03
2.232131568817346135e-03
2.232135392950473918e-03
2.232195488682280158e-03
2.232128011745832061e-03
2.232145233546084864e-03
2.232101007216993720e-03
2.232125262510116677e-03
2.232249865479200412e-03
2.232203321461951554e-03
2.232213190528350728e-03
2.232209135875743572e-03
2.232210961776739510e-03
2.232201790666065236e-03
2.232249817551382014e-03
2.232084140544519230e-03
2.231775505216388768e-03
2.231772292688596806e-03
2.231777579134509772e-03
2.231770398626850820e-03
2.231765472368474335e-03
2.231766704802011936e-03
2.231747091613232262e-03
2.231695275103144378e-03
2.231694560771276849e-03
2.231701640799348043e-03
2.231683812186962147e-03
2.231692490059888900e-03
2.231717567151336561e-03
2.231696145644501261e-03
2.231699194623212260e-03
2.231746438400503130e-03
2.231722701592748961e-03
2.231727585458303121e-03
2.231730213975058504e-03
2.231694889151899022e-03
2.231709640440940421e-03
2.231672486294771895e-03
2.231631507764516176e-03
2.231829101575026446e-03
2.231778546072355970e-03
2.231790664753651853e-03
2.231794810552246468e-03
2.231785381273544873e-03
2.231782097973763514e-03
2.231793208507190825e-03
2.231795549524156607e-03
2.231830027175988641e-03
2.231829345293357553e-03
2.231803970759194469e-03
2.231798404026029761e-03
2.231834940952629430e-03
2.231833235453544589e-03
2.231838329806190048e-03
2.231817651173575220e-03
2.231826555446757288e-03
2.231818432570905307e-03
2.231832686949318609e-03
2.231841747170384190e-03
2.231789580060015293e-03
2.231794316435032743e-03
2.231792882887414890e-03
2.231797169631988351e-03
2.231904365990845535e-03
2.231924094020096110e-03
2.231945406895006773e-03
2.231946781899952180e-03
2.231862542614767610e-03
2.231861146664789602e-03
2.231852919700567320e-03
2.231800315753871330e-03
2.231851887381021936e-03
2.231897387810471284e-03
2.231854748787323074e-03
2.231850984448946473e-03
2.231849631077090917e-03
2.231751175734572861e-03
2.231740919446228207e-03
2.231743449456195794e-03
2.231737285654109872e-03
2.231737014941405448e-03
2.231718199534922596e-03
2.231754142754918853e-03
2.231758962916116119e-03
2.231738529415082124e-03
2.231737064266104721e-03
2.231753818716147777e-03
2.231839897821438941e-03
2.231842748401324794e-03
2.231864830791581867e-03
2.231877568613648086e-03
2.231897770497336120e-03
2.231865598992711312e-03
2.231862795681758150e-03
2.231822441793447371e-03
2.231821717828434866e-03
2.231820198007938849e-03
2.231841563105080826e-03
2.231878160174995303e-03
2.231873749991756303e-03
2.231967674499491048e-03
2.231957821000345090e-03
2.231963204556172350e-03
2.231840551490291060e-03
2.231813615721317274e-03
2.379582069924184376e-03
2.379562484190432970e-03
2.379498505506597809e-03
2.379608534760228357e-03
2.379562510917996275e-03
2.379667237327218448e-03
2.379629032896105403e-03
2.379614570032982570e-03
2.379602031288412158e-03
2.379794570945097370e-03
2.379666943474967322e-03
6.921643902548684554e-05
6.929627152454358055e-05
6.924899776447928561e-05
6.923237956364864960e-05
6.937457483666858472e-05
6.938903388752594632e-05
6.937289590466005538e-05
6.931361141061441694e-05
6.929428318773533729e-05
6.930054303147184383e-05
6.930905822616868837e-05
6.932435671211201287e-05
6.926234960254865395e-05
6.935993567903778797e-05
6.924502609546792783e-05
6.933082806444603450e-05
6.915202760602824010e-05
6.921806642423876323e-05
6.921069631961735942e-05
6.917219443439674579e-05
6.796377441237912566e-05
6.792293153222215922e-05
6.794628303428482791e-05
6.795604819196019949e-05
6.790434908883922148e-05
6.789425408621740910e-05
6.789050302058733039e-05
6.799800242022537857e-05
6.800823356745181413e-05
6.799285318359133074e-05
6.804395365786891365e-05
6.804960784428358566e-05
6.782962024891431275e-05
6.784676934043146332e-05
6.782036195619611948e-05
6.782528339874077628e-05
6.792089037152054451e-05
6.790952822507751905e-05
6.786330975143283373e-05
6.787608051243532680e-05
6.787451237435138292e-05
6.788429922675103217e-05
6.789469609040771065e-05
6.788960885677562511e-05
6.788126951781680608e-05
6.788858028638300273e-05
6.785632789028154491e-05
6.786380930608607921e-05
6.792263864621428642e-05
6.792175386273158709e-05
6.790959590780091789e-05
6.788905418258937765e-05
6.788609219729762787e-05
6.790339277885283522e-05
6.789993892182274538e-05
6.790874581674430160e-05
6.793179026903597181e-05
3.368834784978102723e-03
3.368865417637151392e-03
3.368733109786596538e-03
3.368867357668201695e-03
3.369188086350381663e-03
3.369126376602929462e-03
3.369126376602932498e-03
3.369003894368604105e-03
3.359921404310635407e-03
3.348867974903726921e-03
3.348874218456481151e-03
3.348858556116480686e-03
3.348935767806271620e-03
3.348916607390680245e-03
3.348792333202544724e-03
3.348938860693867828e-03
3.348892685970487459e-03
3.348847300165534637e-03
3.349101803337931060e-03
3.349119922128394270e-03
3.349088349062660785e-03
3.349179366427368788e-03
3.348312852566194715e-03
3.348299543702496547e-03
3.348354741047014551e-03
3.348407707158676094e-03
3.348445125089360985e-03
3.348295197796265742e-03
3.348347641045975633e-03
3.348447750415549633e-03
3.348214024874078890e-03
3.348070750533016244e-03
3.348046730123017088e-03
3.364241159239101091e-03
3.364324688392622553e-03
3.364321231375478217e-03
3.364260650259385827e-03
3.364357869274327978e-03
3.364354257649390927e-03
3.364339912824821418e-03
3.364343412702110875e-03
3.364436586277779091e-03
3.364281586165173039e-03
3.364296472987380725e-03
3.364241154591508451e-03
3.364456775631436292e-03
3.364434810084072219e-03
3.364330203406865581e-03
3.364338355266583650e-03
3.364312555286653843e-03
3.364351530000417919e-03
3.364294983668375365e-03
3.364303578588169041e-03
3.364928973946013351e-03
3.364993891947682964e-03
3.365128501994725952e-03
3.365088307018099332e-03
3.365088170911430428e-03
3.365086265462862835e-03
3.365101861207075822e-03
3.365099991935955551e-03
3.365099718712196396e-03
3.365089955142998041e-03
3.365107587640108876e-03
3.365157333853701759e-03
3.365081327656520207e-03
3.365182324852422288e-03
3.365143474017971269e-03
3.365159114848889892e-03
3.365129009415682333e-03
3.365119878847756037e-03
3.365124113227571569e-03
3.365117937934179477e-03
3.365119710566673826e-03
3.365094418675771901e-03
3.365086127286216929e-03
3.365081995312812005e-03
3.365056619630624104e-03
3.365228458490982216e-03
3.365241080508798131e-03
3.365184117900409718e-03
3.365207816073674182e-03
3.365148691143269449e-03
3.365130242152418374e-03
3.365135393385320414e-03
3.365187604147611231e-03
3.365192488699336563e-03
3.365174727460592489e-03
3.365171969155270927e-03
3.365173684618336363e-03
3.365187044083430001e-03
3.365192119364532938e-03
3.365165431168689551e-03
3.365177153432496755e-03
3.365172015400117855e-03
3.365186095410149444e-03
3.365159782577407770e-03
3.365168812311753865e-03
3.365184950417104623e-03
3.365177910394913114e-03
3.365148395817119196e-03
3.365186493703169104e-03
3.365187158003257999e-03
3.365206131898240520e-03
3.365176642185181873e-03
3.365173379013551395e-03
3.365204217974322731e-03
3.365203025268302846e-03
3.365233995687339896e-03
3.365229041397823934e-03
3.365141326398569509e-03
3.365152421289665206e-03
3.365140413582293384e-03
3.365145223637449647e-03
3.365165168911192148e-03
3.365149442792548292e-03
3.365153378182789406e-03
3.365033157896253277e-03
3.365035378040132780e-03
3.365030577673483025e-03
3.364997264753908680e-03
3.364989164448020827e-03
3.365004205498433806e-03
3.365000447295289285e-03
3.364983991250284322e-03
3.364985576292806035e-03
3.365008864623745058e-03
3.364988510038304306e-03
3.365016188589922078e-03
3.365000178830222267e-03
3.364992634478140409e-03
3.364969621835204629e-03
3.364949018424260706e-03
3.364954178978128620e-03
3.367522358544080240e-03
3.367992201534528857e-03
3.367887123885522464e-03
3.367967287184860884e-03
3.368188500111572638e-03
3.367846175740876139e-03
3.367806775519021061e-03
3.367193609324439091e-03
3.367073186948079354e-03
2.417541241431413104e-03
2.417466280756387816e-03
2.417441202398304487e-03
2.417480621013538833e-03
2.417464951532449866e-03
2.417503126414920732e-03
2.417418805444644311e-03
2.417426247898602117e-03
2.417464616093500246e-03
2.417581338210674988e-03
2.417420967552543279e-03
2.417454143380497016e-03
2.417265853547514391e-03
2.417254950530081051e-03
2.417262933076542129e-03
2.417254789989673261e-03
2.417911362428940177e-03
2.417960328374741709e-03
2.417972908526567349e-03
2.417776952483651366e-03
2.417773989138069859e-03
2.417754811080991256e-03
2.417743400465638057e-03
2.417893404545982169e-03
2.417898091046661018e-03
2.417869652403155378e-03
2.417912768069118649e-03
2.417870188052391282e-03
2.417842523196447012e-03
2.417868112219324211e-03
2.417838028224012382e-03
2.417896714767743364e-03
2.417833649557388220e-03
2.103387975164883270e-03
2.103377046025697167e-03
2.103279222991020180e-03
2.103489845647559843e-03
2.103500114074795518e-03
2.103477901612753505e-03
2.103455050814645195e-03
2.103505839362384590e-03
2.103477288400896345e-03
2.103465797196207160e-03
2.103465179133015821e-03
2.103479854615743737e-03
2.103324410242411822e-03
2.103350097234843799e-03
2.103331707106794943e-03
2.103317414246169432e-03
2.103380162295125869e-03
2.103330607141596590e-03
2.103339944705366095e-03
2.103363165623037007e-03
2.103342004743110651e-03
2.103372315279108864e-03
2.103199211538583999e-03
2.103173841230106689e-03
2.103184304990227214e-03
2.103795899497718815e-03
2.103791607308563936e-03
2.103831341376588906e-03
2.103835823178005875e-03
2.103768916682069445e-03
2.103771940589852039e-03
2.103771075319754279e-03
2.103794386876260605e-03
2.103782408356009385e-03
2.103789575873018982e-03
2.103785079795181690e-03
2.103727495395580575e-03
2.103759479267576765e-03
2.103745282689388138e-03
2.103745967138965448e-03
2.103739284033439433e-03
2.103732501808325446e-03
2.103662255834669488e-03
2.103887626889614035e-03
2.103876320320502077e-03
2.103826447878221970e-03
2.103806655285178281e-03
2.103808043616907809e-03
2.103813172863790073e-03
2.103823900681859715e-03
2.103793801285975575e-03
2.103782171978965578e-03
2.103792870323283656e-03
2.103837665211991722e-03
2.103727366168189634e-03
2.103742660699642157e-03
2.103702333015571978e-03
2.103652469896243569e-03
2.103917276366325511e-03
2.103887242083041145e-03
2.103875666102301631e-03
2.103863988544668953e-03
2.103880627093478086e-03
2.103898437365845676e-03
2.103852909597966198e-03
2.103862941293297827e-03
2.103854329090862688e-03
2.103836010572201955e-03
2.103851066368906363e-03
2.103854355377672222e-03
2.101980446603585531e-03
2.102008420627306251e-03
2.102006302883328674e-03
2.101974445182089920e-03
2.102028847071718033e-03
2.102018369146624495e-03
2.101962708760367424e-03
2.102020964884686923e-03
2.102001580624897597e-03
2.101999420110934116e-03
2.102001422370570419e-03
2.102006246773079848e-03
2.101976860506492642e-03
2.101984404063509965e-03
2.101975341382064828e-03
2.101992776856269861e-03
2.102003016668622069e-03
2.102010816239654935e-03
2.101994358707233446e-03
2.101993894968900989e-03
2.101997397850963959e-03
2.101994343632810833e-03
2.101992859707703908e-03
2.101993975403629745e-03
2.101931681699178468e-03
2.101909591104188929e-03
2.101913200451197700e-03
2.101916408124137898e-03
2.101912448532988580e-03
2.101858478532190721e-03
2.101827265772426758e-03
2.101853736550382632e-03
2.101945370394501991e-03
2.101944851553214783e-03
2.101882073097989696e-03
2.101928184144273484e-03
2.101939008223031348e-03
2.101884287127858859e-03
2.101941493908133542e-03
2.101975913814931561e-03
2.101964037306787870e-03
2.101936784854434911e-03
2.101887554054531621e-03
2.101915665779825575e-03
2.101909561420687179e-03
2.101917699732059643e-03
2.101922003880728196e-03
2.101924120345454762e-03
2.102166210143605572e-03
2.102101158467917490e-03
2.102113383200562065e-03
2.102122856218346762e-03
2.102117878022328589e-03
2.102122184324994609e-03
2.102108634898991121e-03
2.102112415137867389e-03
2.102115813139663562e-03
2.102098118714582162e-03
2.102100860514842084e-03
4.507714362180973051e-03
4.507605078158701331e-03
4.507743212599989516e-03
4.507673800139735953e-03
4.507624129957262839e-03
4.507654784982972548e-03
4.507793692344903153e-03
4.507656143444865003e-03
4.507507424545672929e-03
4.507441459607601161e-03
4.507448919084075176e-03
4.507486043773371864e-03
4.507266959287855972e-03
4.507434883977824366e-03
4.696231875878116059e-03
4.696274919757167411e-03
4.696289023222646221e-03
4.696250031170525266e-03
4.696242898757241151e-03
4.696283726684035743e-03
4.696281942826169634e-03
4.696253605300047991e-03
4.696241838125767877e-03
4.696232088671674874e-03
4.696341674475904525e-03
4.696316873866621285e-03
4.696324176855020197e-03
4.696696723566017202e-03
4.696743043852256647e-03
4.696727639635214953e-03
4.696705520615860122e-03
4.696732848377888243e-03
4.696716356524955477e-03
4.696769117162646716e-03
4.696785994147081693e-03
4.696754861345017046e-03
4.697131576386008589e-03
4.696909310320318900e-03
4.696765744995271517e-03
4.696772414089919571e-03
4.696797240132313291e-03
4.696797737220387986e-03
4.696706683752762020e-03
4.696728198729390423e-03
4.696722967916041984e-03
4.696731701005196595e-03
4.696714535574042851e-03
4.696762408288075383e-03
4.696706366176784352e-03
4.696719777396734033e-03
4.696847554806024561e-03
4.696973584806547058e-03
4.696797957653084388e-03
4.696815103486149355e-03
4.696814350773377035e-03
4.696867605578049915e-03
4.696867325099108627e-03
4.696872210250392123e-03
4.696845425221055255e-03
4.696990730370033396e-03
4.696984825255288987e-03
4.696944180649458706e-03
4.696957380675953302e-03
4.696875939707983831e-03
4.696856272143396481e-03
4.696738594481978182e-03
4.696698242758831285e-03
4.696717807217673339e-03
4.696703620025127583e-03
4.696700861005723149e-03
4.696802761588240310e-03
4.696793947397725696e-03
4.696649541929653719e-03
4.696660788300857821e-03
4.696685985479359497e-03
4.696652237220128034e-03
4.696680154770743916e-03
4.696681956849748166e-03
4.696626198495264248e-03
4.696625436829370698e-03
4.696640155750118721e-03
4.696684760224338791e-03
4.696684390182309654e-03
4.696690131738536639e-03
4.696689078122378777e-03
4.696686736518019580e-03
4.696623498894012504e-03
4.696642763006819189e-03
4.696627257552917455e-03
4.696624507037232450e-03
4.696704064756614463e-03
4.696053762435980182e-03
4.696004086399764230e-03
4.696174413910842241e-03
4.696397906921112586e-03
4.696493761673231800e-03
4.696421293450482766e-03
4.696038075074879074e-03
4.696026752720465665e-03
4.696530466571428170e-03
4.696501394232637482e-03
4.696466552364835130e-03
4.696446964124845885e-03
4.696471052549361369e-03
4.696400528439228887e-03
4.696501325048457395e-03
4.696495531065234506e-03
4.696771889840266334e-03
4.696827638401782599e-03
4.696917927501931267e-03
4.696905645337284829e-03
4.697089792606923449e-03
4.697117518460058525e-03
4.696918402562871506e-03
4.696870599550094158e-03
4.696670648421209966e-03
4.696690634129265483e-03
4.696606042588860261e-03
4.696583123005623750e-03
4.696594945269081875e-03
4.696589769995257804e-03
4.696678695593050311e-03
4.696689582043249087e-03
4.696563192531429121e-03
4.696539750951149797e-03
4.696542913324634402e-03
4.696542414884029640e-03
4.696841189631023768e-03
4.696846600328315885e-03
4.696553259624737520e-03
4.696577071487006809e-03
4.696597316683885116e-03
4.696580762349686529e-03
4.696585182532528671e-03
4.696585182532533008e-03
4.696689437736935660e-03
4.696636226808883867e-03
4.696680625249889142e-03
4.696689105024326460e-03
4.696671495847775518e-03
4.696634243504660758e-03
4.696641646390428693e-03
4.696660898406641686e-03
4.696601098126597026e-03
4.696628062843997801e-03
4.696630044948362989e-03
4.696625159132284018e-03
4.696724629300696834e-03
4.696753293358264456e-03
4.696787803612886315e-03
4.696652602428103007e-03
4.696597212161725092e-03
4.696616824150710162e-03
4.696606922970156771e-03
4.696603603741434166e-03
4.696578185367333326e-03
4.696598615789760942e-03
4.696599612852448563e-03
4.696411147788227131e-03
4.696461583979357791e-03
4.696450027200165314e-03
4.696482588300578478e-03
4.696479661588258067e-03
4.696479263924191461e-03
4.696459855883321731e-03
4.696500626332780932e-03
4.696479341057287378e-03
4.696448468358606007e-03
4.696481645241784228e-03
4.696689759995939864e-03
4.695659143936822127e-03
4.695858559891808066e-03
4.695689642483015860e-03
4.695766641934324796e-03
4.695459297783315285e-03
4.695467512978256271e-03
4.695532698547055794e-03
4.695556003250133704e-03
4.695569345835562576e-03
4.695657182717388745e-03
4.695649684295854012e-03
4.695540549641927242e-03
4.695386957976156045e-03
4.695671858368256034e-03
4.694864172691159097e-03
4.694736894348966114e-03
4.694775448870133761e-03
4.694762183606451984e-03
4.601639203554209329e-03
4.601649157226072630e-03
4.601532557372084442e-03
4.610730575339382423e-03
4.610682448482483417e-03
4.610769382100136059e-03
4.610738130007742061e-03
4.610708740256499148e-03
4.610746010217985948e-03
4.610798780155199277e-03
4.610781964861882659e-03
4.610766865105747972e-03
4.610728902957729990e-03
4.610787244063865344e-03
1.815545277270251036e-03
1.815542934563689091e-03
1.815563043399280119e-03
1.815548662751002027e-03
1.815555205813232506e-03
1.815546154845539733e-03
1.815546378894912754e-03
1.815552566191038289e-03
1.815550239542486734e-03
1.815540314878309226e-03
1.815542200979379907e-03
1.815511362357421317e-03
1.815531795344756420e-03
1.815623883885765944e-03
1.815541695904926726e-03
1.815510001483034395e-03
1.815517103309861532e-03
1.815567268602467444e-03
1.815561229105132693e-03
1.815522858417449722e-03
1.815546915782313610e-03
1.815532179857497512e-03
1.815553255711383840e-03
1.815551052784554172e-03
1.815549155145646399e-03
1.815542552913377477e-03
1.815539558215305705e-03
1.815546084889910986e-03
1.815537534325342315e-03
1.815543152504374555e-03
1.815533463598209985e-03
1.815538504618623801e-03
1.815529825652341389e-03
1.815532988507740199e-03
1.815569608110532149e-03
1.815572609848787027e-03
1.815565002045958125e-03
1.815553872459699453e-03
1.815564783085305564e-03
1.815565045185979411e-03
1.815558621356813110e-03
1.815569424767918489e-03
1.815572707031985799e-03
1.815615782473165929e-03
1.815636743243750212e-03
1.815619264675156662e-03
1.815637628124200159e-03
1.815601881112234627e-03
1.815608360026533998e-03
1.815596672476925107e-03
1.815600231762800037e-03
1.815599107418456714e-03
1.815596441794576450e-03
1.815600676122555625e-03
1.815613675930513593e-03
1.815604126814059430e-03
1.815603342447315348e-03
1.815602850239568999e-03
1.815600512763560024e-03
1.815600827813474566e-03
1.815598820594386360e-03
1.815583274479977329e-03
1.815580495133614896e-03
1.815621591118555048e-03
1.815612171812857212e-03
1.815616687973551540e-03
1.815593850596418282e-03
1.815580258358606008e-03
1.815583412490703440e-03
1.815588072323983098e-03
1.815590397216389727e-03
1.815612527085064699e-03
1.815607270334701571e-03
1.815622839763817754e-03
1.815619700261994311e-03
1.815603329073451049e-03
1.815623849700699491e-03
1.815628721956065146e-03
1.815628393140005046e-03
1.815613173964814118e-03
1.815623690441035224e-03
1.815614870358674788e-03
1.815646038500530208e-03
1.815650292870341943e-03
1.815620809038815319e-03
1.815559167133288989e-03
1.815550410914221246e-03
1.815556305900332262e-03
1.815560258667357199e-03
1.815568715706130471e-03
1.815568331469327723e-03
1.815570018336724141e-03
1.815570438378976640e-03
1.815561395918611739e-03
1.815564709000737006e-03
1.815561388388308535e-03
1.815559703152704691e-03
1.815553464141394287e-03
1.815557381031342090e-03
1.815590004849073355e-03
1.815589846928713407e-03
1.815611025520577149e-03
1.815605764191244222e-03
1.815589619511825134e-03
1.815596377241317227e-03
1.815600710920035193e-03
1.815591939778008314e-03
1.815592594935560222e-03
1.815612820937663636e-03
1.815619302913621790e-03
1.815594104742273467e-03
1.815590921180241417e-03
1.815588091479592055e-03
1.815590488354286653e-03
1.815587408798908370e-03
1.815592185512268945e-03
1.815626721411802780e-03
1.815616046552499634e-03
1.815619015274542569e-03
1.815620724892460288e-03
1.815591910392176656e-03
1.815669181848651812e-03
1.815627360636077854e-03
1.815604826270503800e-03
1.815614225468263751e-03
1.815617693181930748e-03
1.815620377552468450e-03
1.815619142386745710e-03
1.815616855530013517e-03
1.815601772260847305e-03
1.815638304127897840e-03
1.815656823911208050e-03
1.815651446506814969e-03
1.815732196654166715e-03
1.815724207434810545e-03
1.815743096331951618e-03
1.815746624067043295e-03
1.815728357190769977e-03
1.815729526229407139e-03
1.815795350184766207e-03
1.815732725542998317e-03
1.815731227529831680e-03
1.815615082691841896e-03
1.815602700951341386e-03
1.815617641400180202e-03
1.815627876703805252e-03
1.815601917159019758e-03
1.815591362675249070e-03
1.815585131719923799e-03
1.815735306346284023e-03
1.815741825607829337e-03
1.815739585371079759e-03
1.815741440206290096e-03
1.815736823158365558e-03
1.815752364850542044e-03
1.815732063924042298e-03
1.815687681805582552e-03
1.815667304085597606e-03
1.815662297651590446e-03
1.815693506207014408e-03
1.815698419124529709e-03
1.815658775913204072e-03
1.815663435238001151e-03
1.815683469946243822e-03
1.815674260326894133e-03
1.815670237571547852e-03
1.815680520350296560e-03
1.815682654107710374e-03
1.815718669517179780e-03
1.815685931584300195e-03
1.815695079418446411e-03
1.815658630488332708e-03
1.815659635623393829e-03
1.815647420332749820e-03
1.815652386157551963e-03
1.815642884105414653e-03
1.815643401881677924e-03
1.815658988064551343e-03
1.815660056992881959e-03
1.815644028245772413e-03
1.815562292450144562e-03
1.815571714107335312e-03
1.815560771665783706e-03
1.815553311323178740e-03
1.815557950401399702e-03
1.815667731393003862e-03
1.815649843937660983e-03
1.815654815894053370e-03
1.815567179529386285e-03
1.815561607780994844e-03
1.815650508786490619e-03
1.815683484763190971e-03
1.815486955141910495e-03
1.815491358721661340e-03
1.815497721158077166e-03
1.815499192753602291e-03
1.815473935342724237e-03
1.815473823444704957e-03
1.815487397892217615e-03
1.815508960749398189e-03
1.815525471943846758e-03
1.815522270832720586e-03
1.815526706515400686e-03
1.815492845266850151e-03
1.815493151256317855e-03
1.815512026764532893e-03
1.815512026764525087e-03
1.815507002391475314e-03
1.815517968097109854e-03
1.815498019976530654e-03
1.815496139464597199e-03
1.815512977667231923e-03
1.815444631226157540e-03
1.815442017585644973e-03
1.815440978121845650e-03
1.815435696518596714e-03
1.815424807173477741e-03
1.815446865095636693e-03
1.815446875976986767e-03
1.815443906937429588e-03
1.816082521161676427e-03
1.816072055013384211e-03
2.738929793393201696e-04
2.738952428773687897e-04
2.738971111562198591e-04
2.738970847204405122e-04
2.739151852411767906e-04
2.739105404421587832e-04
2.739500149198737856e-04
2.739412473746844694e-04
2.739513985778073489e-04
2.739113771711033777e-04
2.739099059950027846e-04
2.739072462975091263e-04
2.739221248441266925e-04
2.739180406564108573e-04
2.738954388805460742e-04
2.739288131975172965e-04
2.739288230697059208e-04
2.739278235967035130e-04
2.739354208247854992e-04
2.739347308046197107e-04
2.739046421541937505e-04
2.739330272752361819e-04
2.740066347164173697e-04
2.740036788953813577e-04
2.739990842721498903e-04
2.739738479299454427e-04
2.739640281556846740e-04
2.739573360273435572e-04
2.739464983321820068e-04
2.746747295464659695e-04
2.746572157880652421e-04
2.747760857025278243e-04
2.744404915143689545e-04
2.747048513651990063e-04
2.744480952148349844e-04
2.744350855372366471e-04
2.744943745561871911e-04
2.743408635740843997e-04
2.435606201851554342e-04
2.435950339934308607e-04
2.436073464112482520e-04
2.435453914728313244e-04
2.425259874775122487e-04
2.422106463836852378e-04
2.420546536685176534e-04
2.420565872609385693e-04
-7.146463416941885131e-03
-7.146449539961375122e-03
-7.146450895173146051e-03
-7.146491893037655585e-03
-7.146462717155071566e-03
-7.146471777365358442e-03
-7.146456853163118961e-03
-7.146448321948684415e-03
-7.146433495215193284e-03
-7.146423375865108840e-03
-7.146447325337434292e-03
-7.146450265919783093e-03
-7.146442164831441277e-03
-7.146436875984279839e-03
-7.146436850114095372e-03
-7.146365739393029451e-03
-7.146368129570984315e-03
-7.146423671278334840e-03
-7.146452862890039122e-03
-7.146437621874753357e-03
-7.146432471832562042e-03
-7.146454476576035580e-03
-7.146460287157405805e-03
-7.146480611115913276e-03
-7.146416683559863280e-03
-7.146421051478411834e-03
-7.146415555725754189e-03
-7.146420084478248731e-03
-7.146450419987681289e-03
-7.146443386207215233e-03
-7.146508351119840868e-03
-7.146521185788912330e-03
-7.146445718118159957e-03
-7.146441963970494478e-03
-7.146465985886045827e-03
-7.146462640265650521e-03
-7.146477944837192897e-03
-7.146489376124264339e-03
-7.146488088579890270e-03
-7.146486400273531839e-03
-7.146418204280633076e-03
-7.146450724392351163e-03
-7.146450287181214077e-03
-7.146575325294725681e-03
-7.146596089942657340e-03
-7.146603346616242289e-03
-7.146608977993977943e-03
-7.146642808918947376e-03
-7.146725693633373434e-03
-7.146726527911763729e-03
-7.146730830634473973e-03
-7.146601665311269440e-03
-7.146673319851565460e-03
-7.146445025082891894e-03
-7.146539651084778469e-03
-7.146519807370675138e-03
-7.146386887290859073e-03
-7.146582643025413580e-03
-7.146507160927680763e-03
-7.146573565418009970e-03
-7.146559865309139691e-03
-7.146485578005803106e-03
-7.146516249952593672e-03
-7.146617800767675333e-03
-7.146515886432345047e-03
-7.146551505481915992e-03
-7.146568086953531025e-03
-7.146366899207721654e-03
-7.146350183577900375e-03
-7.146350428415534049e-03
-7.146356203447243836e-03
-7.146385307926868789e-03
-7.146382029012506541e-03
-7.146374358408624436e-03
-7.146366621862786442e-03
-7.146395147471133226e-03
-7.145431704374263608e-03
-7.145423282031163753e-03
-7.145431704374187280e-03
-7.145135990071669121e-03
-4.879014993185494878e-03
-4.879001972259273089e-03
-4.878942998591835785e-03
-4.878876654148299637e-03
-4.879012050660610535e-03
-4.879190847876042209e-03
-4.879133685874065783e-03
-4.879090368302117960e-03
-4.878997301092972104e-03
-4.878981022523368703e-03
-4.879070260219796340e-03
-4.797879502928021830e-03
-4.797762513158320211e-03
-4.797908575891357205e-03
-4.797822837726411875e-03
-4.797945241067197962e-03
-4.798044007733595455e-03
-4.797876380435898459e-03
-4.801063030613894611e-03
-4.800981178182698803e-03
-4.800118383478496273e-03
-1.921286074697966693e-03
-1.921312127747556130e-03
-1.921312441690023638e-03
-1.921303120219384868e-03
-1.920089088209077669e-03
-1.919887823535208890e-03
-1.919934725043893724e-03
-1.920115298296599894e-03
-1.949929026093107478e-03
-1.949935199715207776e-03
-1.949932119437723741e-03
-1.949917109744320632e-03
-1.949906704648524808e-03
-1.949737948507068459e-03
-1.949742891134569967e-03
-1.949743203947374272e-03
-1.949794736760492595e-03
-1.949837591491324724e-03
-1.949820010037971868e-03
-1.949827561313376319e-03
-1.949844411504151557e-03
-1.949765839013296127e-03
-1.949783152620699787e-03
-1.949732535520069289e-03
-1.949703044124574333e-03
-1.949755697666224552e-03
-1.949697394948275708e-03
-1.949844546446701096e-03
-1.949924630866326425e-03
-1.949989223002403498e-03
-1.949198993444289148e-03
-1.949079920165970158e-03
-1.949147359716376293e-03
-1.949341970661740489e-03
-1.949209083806673331e-03
-1.949254181356413051e-03
-1.948536249602791622e-03
-1.948558095345445489e-03
-1.948535100757574747e-03
-1.948579285071255210e-03
-1.948407232779840849e-03
-1.948432351089344605e-03
-1.948500764945521567e-03
-1.948432948956254447e-03
-1.948428921361653734e-03
-1.948453819635267157e-03
-1.948468048397259149e-03
-1.948519676978141199e-03
-1.949525362722290918e-03
-1.948100512881157167e-03
-1.948100402152856290e-03
-1.948084066979062371e-03
-1.948100292638109843e-03
-1.948084382295586130e-03
-1.947976446107851532e-03
-1.948005787465237381e-03
-1.948007619539783054e-03
-1.947971686118583554e-03
-1.948085194922307035e-03
-1.948073614275729927e-03
-1.947934035426316301e-03
-1.947870850071281796e-03
-1.947668340796414148e-03
-1.947840042583978389e-03
-1.947809557931943266e-03
-1.948446169594430242e-03
-1.950984303641366832e-03
-1.951000874580924218e-03
-1.950724060559576702e-03
-1.950661933110588598e-03
-1.950682702090597055e-03
-1.950668669588539799e-03
-1.950621152334188054e-03
-1.950614434913360788e-03
-1.950629553914638497e-03
-1.950665805038750804e-03
-1.950677802994569762e-03
-1.950658041720216120e-03
-1.950616013527859674e-03
-1.950624030188849879e-03
-1.950585120635334744e-03
-1.950504012828115563e-03
-1.950525677317051015e-03
-1.950532078288255483e-03
-1.950532638598129719e-03
-1.950519240230766654e-03
-1.950506287713646815e-03
-1.950511539305255226e-03
-1.950513434915786834e-03
-1.950517710165799567e-03
-1.950530130521169843e-03
-1.950519527473759934e-03
-1.950520653134173990e-03
-1.950497966835511646e-03
-1.950544826785104591e-03
-1.950583788340270542e-03
-1.950596935801520663e-03
-1.950639524622395111e-03
-1.950540844492432537e-03
-1.950588722588867709e-03
-1.950593666360163911e-03
-1.950574714009905295e-03
-1.950625757894691985e-03
-1.950647329285405381e-03
-1.950648211261280960e-03
-1.950623500863183030e-03
-1.950639291138202194e-03
-1.950592694905037283e-03
-1.950497937700680379e-03
-1.950572737956340593e-03
-1.950574128692538238e-03
-1.950627791502503646e-03
-1.950542657048328493e-03
-1.950159594640817409e-03
-1.950121256243972194e-03
-1.950146032878743172e-03
-1.950078554167346181e-03
-1.949516678940065506e-03
-1.949643870219899431e-03
-1.950028742378226952e-03
-1.964363038774897575e-03
-1.964481886762785724e-03
-1.964325947252808149e-03
-1.964249783142945835e-03
-1.964268712747603042e-03
-1.964235668538138416e-03
-1.964200283012415300e-03
-1.964168278218519914e-03
-1.964144804665256434e-03
-1.961181770981699265e-03
-1.961069135283099139e-03
-1.961062472280771744e-03
-1.961043601622515248e-03
-1.961009470198241990e-03
-1.961132128592123908e-03
-1.961129117423604951e-03
-1.961150581006273520e-03
-1.960659609730005647e-03
-1.960717696766992469e-03
-1.960711961535641003e-03
-1.960697164478145474e-03
-1.960726503984830740e-03
-1.960712255303603650e-03
-1.960809221273581045e-03
-1.960819606658289506e-03
-1.960799393261518451e-03
-1.960838206379645916e-03
-1.960849568258586639e-03
-1.960846746229137974e-03
-1.960808867867690989e-03
-1.960803892744417999e-03
-1.960804102294000546e-03
-1.960731985894091905e-03
-1.960913621957756890e-03
-1.960856120388404077e-03
-1.960844841538933805e-03
-1.960880516613333624e-03
-1.960931398180827678e-03
-1.960913285731322175e-03
-1.960918792042951053e-03
-1.960917458444399152e-03
-1.960895667694319364e-03
-1.960910222291953244e-03
-1.960900519563242919e-03
-1.960794762195445292e-03
-1.960798297245525210e-03
-1.960804552157963034e-03
-1.961143176718803047e-03
-1.961088982248792006e-03
-1.961136512939132184e-03
-1.961125766536124266e-03
-1.961121944528468157e-03
-1.961110844862025242e-03
-1.961128816183925049e-03
-1.961077473124426662e-03
-1.961097707436831091e-03
-1.961124488918224336e-03
-1.961191361881386118e-03
-1.961203888714311248e-03
-1.961194141840667121e-03
-1.961200703634167174e-03
-1.961197136660199677e-03
-1.961291588190591708e-03
-1.961291047493525161e-03
-1.961287550472447933e-03
-1.961289559242147124e-03
-1.961397488165496882e-03
-1.961406059634589541e-03
-1.961338786618106126e-03
-1.961424274787231404e-03
-1.961318035166444065e-03
-1.961329442517078907e-03
-1.961321468395074707e-03
-1.961289660333195850e-03
-1.961076492029228957e-03
-1.961111671946444424e-03
-1.961099644794849894e-03
-1.960977954731219462e-03
-1.961049128378432749e-03
-1.961233295442334386e-03
-1.965854364962074403e-03
-1.965849015010557449e-03
-1.965837996016297877e-03
-1.965827452266790277e-03
-1.965888339796124668e-03
-1.965874059712394584e-03
-1.965813538922353641e-03
-1.965874418143407319e-03
-1.965831448139962554e-03
-1.965834835489033063e-03
-1.965931665636904725e-03
-1.965931665636922072e-03
-1.965939537674845066e-03
-1.965960893229066336e-03
-1.965870336156086244e-03
-1.965827717746945064e-03
-1.965858329611078030e-03
-1.965880692666321147e-03
-2.211111330363266236e-03
-2.210989583071332112e-03
-2.211012475700015883e-03
-2.210636827961341179e-03
-2.210171001289904739e-03
-2.210187485245822866e-03
-2.210175413519445669e-03
-2.210074563279734727e-03
-2.210145646518766206e-03
-2.210508138496528399e-03
-2.210268920622844059e-03
-2.210240652989749113e-03
-2.210224710480584737e-03
-2.210249829069108572e-03
-2.210307320447156988e-03
-2.210356191394614259e-03
-2.210289964353124963e-03
-2.210275828653102126e-03
-2.210371171459141193e-03
-2.210379256459174373e-03
-2.210282325149793420e-03
-2.210403669941730237e-03
-2.210372070395542638e-03
-2.211622955677353120e-03
-2.211676803255540735e-03
-2.211730509449348018e-03
-2.211595864151335352e-03
-2.211594727034480682e-03
-2.211669120310746049e-03
-2.211639540335491681e-03
-2.211603364152640253e-03
-2.211642366445943676e-03
-2.211645802032676748e-03
-2.211620503769057798e-03
-2.211652636704185618e-03
-2.211666229758896089e-03
-2.211651723954527644e-03
-2.211702579923835801e-03
-2.211693144860262059e-03
-2.211661427385676944e-03
-2.211705170190038719e-03
-2.211712671587562698e-03
-2.211634934988139078e-03
-2.211694728760061138e-03
-2.211661098492059309e-03
-2.211667290439570457e-03
-2.211652170900315316e-03
-2.211642489293386832e-03
-2.255398141025507282e-03
-2.255369266861824862e-03
-2.255644994568230949e-03
-2.255614961364397781e-03
-2.255576448368879806e-03
-2.255585443701783269e-03
-2.255633013051591435e-03
-2.255651882750001579e-03
-2.255559457965549026e-03
-2.255547388202425608e-03
-2.255551491317037572e-03
-2.255575686857783004e-03
-2.255391348375297613e-03
-2.255421439782378992e-03
-2.254944802630978653e-03
-2.255210053670631855e-03
-2.255239385635015702e-03
-2.255836541920877309e-03
-2.256006993191013877e-03
-2.256021617163810056e-03
-2.256071738846206990e-03
-2.256076778678730958e-03
-2.256089291928776910e-03
-2.256033428264847800e-03
-2.256057294370272630e-03
-2.256045396985663452e-03
-2.256058212095895556e-03
-2.255900742138387555e-03
-2.255894519645657275e-03
-2.255893451987961949e-03
-2.255830239393054326e-03
-2.255826336187086688e-03
-2.255826921880879632e-03
-2.255919167677377084e-03
-2.255852275749418989e-03
-2.255872636274635756e-03
-2.255869737648793366e-03
-2.255851911887746860e-03
-2.255856855603523021e-03
-2.255834049078352457e-03
-2.255827496917962686e-03
-2.255796496813849625e-03
-2.255799493929478653e-03
-2.255758808570594662e-03
-2.255721301885530924e-03
-2.255715126729362831e-03
-2.255630375954950119e-03
-2.255630841722152703e-03
-2.255591877463067850e-03
-2.255598879834334013e-03
-2.255475741856721728e-03
-2.255522515827420096e-03
-2.255666113452731505e-03
-2.255716506598827616e-03
-2.255654641595984406e-03
-2.255675164889616238e-03
-2.255673361334440373e-03
-2.255670700687379630e-03
-2.255664353261657012e-03
-2.255684506902084965e-03
-2.255658795781326047e-03
-2.255705218965020804e-03
-2.255710791754809031e-03
-2.255650313507114903e-03
-2.255709578440356217e-03
-2.255779407610343772e-03
-2.255805870966293928e-03
-2.255758496376141647e-03
-2.255813300952865235e-03
-2.255760929557210602e-03
-2.255761706663624543e-03
-2.253165173737800304e-03
-2.252683537385338167e-03
-2.252703956395980204e-03
-2.252159139577698029e-03
-2.252769462695816509e-03
-2.227998347033912155e-03
-2.227647874025222990e-03
-2.227406000433301315e-03
-2.227218188769644006e-03
-2.226987327354304404e-03
-2.226959597153601016e-03
-2.226976616440945467e-03
-2.227067649768342105e-03
-2.226995880554411347e-03
-2.226988615210678465e-03
-2.226980346766786224e-03
-2.226983241048623857e-03
-2.226989852200145486e-03
-2.227002829733254821e-03
-2.227008986985352761e-03
-2.226951833001338064e-03
-2.226958477872082853e-03
-2.226973002579210430e-03
-2.227053034009095992e-03
-2.227081561820797896e-03
-2.227122147289005427e-03
-2.227086936618404445e-03
-2.226955813468588143e-03
-2.227009284108846538e-03
-2.226887476590245878e-03
-2.226890423842884000e-03
-2.226939945129000065e-03
-2.226914667235627837e-03
-2.226915250160995969e-03
-2.226932244408009933e-03
-2.226959969739377050e-03
-2.226960375970075869e-03
-2.226952364991693044e-03
-2.226953606114389847e-03
-2.226899385947048258e-03
-2.226875424201304413e-03
-2.226903669028410492e-03
-2.226902722782920976e-03
-2.226907594784599802e-03
-2.226898088629884840e-03
-2.227141434758599103e-03
-2.227406547194887409e-03
-2.227362011074071006e-03
-2.227465896900922109e-03
-2.227495167585506579e-03
-2.227479975901921865e-03
-2.227111733343698202e-03
-2.227141506382551532e-03
-2.227125187369381233e-03
-2.227198676756187660e-03
-2.227248976776669345e-03
-2.227242486165223901e-03
-2.227247336675265699e-03
-2.227217787744065376e-03
-2.227215092820030145e-03
-2.226819918705499803e-03
-2.226818546423828694e-03
-2.226812900789599918e-03
-2.226815828241705732e-03
-2.226801874294954183e-03
-2.226685426882098629e-03
-2.226609884893475822e-03
-2.226634858639310599e-03
-2.226637997541915884e-03
-2.226655342878241985e-03
-2.226905197983513208e-03
-2.226914942276842467e-03
-2.226855108633048110e-03
-2.226835806855747071e-03
-2.226837996716593548e-03
-2.226856637912613505e-03
-2.226225431713924671e-03
-2.226254181276622612e-03
-2.226165250373619408e-03
-2.226173209262392698e-03
-2.226210788856406147e-03
-2.226228550600713261e-03
-2.226231915339603115e-03
-2.226195449832857852e-03
-2.226245796391512592e-03
-2.226219544963363266e-03
-2.226258512195946303e-03
-2.226220838620693396e-03
-2.226263048552315840e-03
-2.226250953781253126e-03
-2.226262184085057647e-03
-2.226420063186042558e-03
-2.226392082185561522e-03
-2.226384660843980755e-03
-2.226392058166277131e-03
-2.226377887916309792e-03
-2.226372490771916495e-03
-2.226401562206653442e-03
-2.226303767694115532e-03
-2.226336756549473442e-03
-2.226273830659113943e-03
-2.226838914077993066e-03
-2.226857613967399979e-03
-2.226800066047490961e-03
-2.226846124204080388e-03
-2.226906654936212319e-03
-2.226903068796730160e-03
-2.226892127463566892e-03
-2.226905019276745942e-03
-2.226822459300250440e-03
-2.226831162053507195e-03
-2.226792065431434584e-03
-2.226918310003721084e-03
-2.226941979131477796e-03
-2.226906283480472454e-03
-2.226885117384160614e-03
-2.227151194722613598e-03
-2.239362577530610091e-03
-2.239349253324804997e-03
-2.239336703857637730e-03
-2.239346431550648213e-03
-2.239442714220579288e-03
-2.239159160914132828e-03
-2.239142247867125651e-03
-2.239306315432195056e-03
-2.239366758981483144e-03
-2.239324178062507449e-03
-2.239335394237596411e-03
-2.239209941714116227e-03
-2.239156292574458543e-03
-2.239252711734955863e-03
-2.239214855469613772e-03
-2.239240396018458024e-03
-2.239224186993609127e-03
-2.239327314700717900e-03
-2.239311481107210400e-03
-2.239286342712467834e-03
-2.239259697000060053e-03
-2.239263431878146544e-03
-2.239272529393570698e-03
-2.239287450126489429e-03
-2.239309544858752391e-03
-2.239204720069367261e-03
-2.239263343614604235e-03
-2.239255224012478597e-03
-2.239389835543030647e-03
-2.239373582649868254e-03
-2.239363828065956807e-03
-2.239421096120666668e-03
-2.239446468575337790e-03
-2.239444341198602081e-03
-2.239417746212291668e-03
-2.239477048176899670e-03
-2.239442926271285710e-03
-2.239445919974584857e-03
-2.239449556324591556e-03
-2.239445241226486333e-03
-2.239474595312973375e-03
-2.239515272205562860e-03
-2.239546163118596132e-03
-2.239579358232699369e-03
-2.239589631720778715e-03
-2.239576155053848733e-03
-2.239589532579592569e-03
-2.239591181490475404e-03
-2.239666401894873250e-03
-2.239658150363212172e-03
-2.239670390241369196e-03
-2.239676634055944807e-03
-2.239675165956093485e-03
-2.239579919170950513e-03
-2.239692324338457725e-03
-2.239611716569795113e-03
-2.239619920289909367e-03
-2.239684424178458883e-03
-2.239693108218691452e-03
-4.772550656698666227e-04
-4.772203147852416977e-04
3.636736276705421385e-03
3.636789936197609967e-03
3.636761123148456783e-03
3.636658278640532167e-03
3.636756597020293982e-03
3.637354374054738767e-03
4.039195196985382387e-05
4.038424976929080585e-05
4.035371081305800199e-05
4.035113659746088872e-05
4.034439372463218053e-05
4.034514123169445133e-05
4.037130894777163218e-05
4.037558037526890650e-05
4.039573030904915831e-05
4.039260385656048738e-05
4.041835055579797733e-05
4.032882553124348681e-05
4.032979435345908153e-05
4.033024707514026305e-05
4.025925121310096891e-05
4.026603141525653546e-05
4.027527975434987676e-05
4.024402880967375225e-05
4.024972996383917138e-05
4.025817225694552378e-05
4.029877032798432252e-05
4.033917755864212051e-05
4.029157734190433690e-05
4.029614486620732255e-05
4.030940357090517231e-05
4.030810260096471257e-05
4.030810260094215439e-05
4.031745521198578888e-05
4.031041945987002130e-05
4.032765141441617808e-05
4.032868030030041116e-05
4.030917402758738108e-05
4.035112289230379624e-05
4.034639373382724933e-05
4.035063970047093082e-05
4.034950165571806737e-05
4.034934183251990734e-05
4.026120900398238772e-05
4.024492488947139569e-05
4.023454094499023256e-05
4.021385232247041681e-05
4.037681357617862267e-05
4.030528649453052011e-05
4.024429232113125264e-05
4.029193585206797062e-05
4.028838155944447215e-05
4.025519074647097964e-05
4.026169416867593005e-05
4.037235276571267021e-05
4.035219634600116018e-05
4.035406375941777608e-05
4.032993499310455953e-05
4.089861584347790534e-05
4.090370640172722442e-05
4.095186831049452543e-05
4.093454701956910491e-05
4.498058490843801459e-03
4.497673929386250893e-03
4.497552902224398637e-03
4.497776215427915295e-03
4.497713258620786650e-03
4.497725827166072776e-03
4.497721848095821533e-03
4.497715735776636019e-03
4.497729812087950495e-03
4.497739292353759855e-03
4.497761926599155337e-03
4.497635155392352459e-03
4.497774356296337442e-03
4.498457080268128058e-03
4.498423736605133318e-03
4.497939327569253250e-03
4.497033793862003151e-03
4.497089166809136070e-03
4.497090828480718519e-03
4.497106625409279766e-03
4.497148081843412547e-03
4.496908704118143113e-03
4.496996316640016790e-03
4.497083059646374455e-03
4.497140916909945704e-03
4.497175407358301562e-03
4.497177555242725701e-03
4.497104331560510850e-03
4.497117480055282980e-03
4.497112137534947131e-03
4.497092442109749261e-03
4.496919321677291838e-03
4.496969067154676751e-03
4.496955696650013247e-03
4.496960513434488868e-03
4.496960455600533361e-03
4.496962979879439923e-03
4.496956798035129169e-03
4.496967753242278598e-03
4.497045406311055843e-03
4.497039174547357021e-03
4.497028461073161558e-03
4.497022503726797946e-03
4.497024677747434203e-03
4.497003270540585879e-03
4.497023482712589684e-03
4.497043022179395520e-03
4.497062719943246099e-03
4.497053216613216935e-03
4.497080892725343823e-03
4.497038882446626265e-03
4.497121883388229512e-03
4.497116431641683988e-03
4.497097916030807878e-03
4.497147979812095991e-03
4.497107133906518006e-03
4.497090509263407948e-03
4.497077676732546235e-03
4.497097780817483834e-03
4.497105289627587044e-03
4.497087492268156232e-03
4.497007100701149590e-03
4.497333830914987049e-03
4.497329981636114839e-03
4.497395785971970185e-03
4.497286186850488719e-03
4.497232719669428530e-03
4.497293158687448895e-03
4.497254243435564250e-03
4.497264238411908220e-03
4.497228496361266141e-03
4.497311600269397053e-03
4.497293838970446364e-03
4.497251471532103147e-03
4.497305016130712270e-03
4.497265025938115661e-03
4.497261147024702102e-03
-1.764253718185300641e-03
-1.764280239683392289e-03
-1.764262849681434101e-03
-1.764180644222112680e-03
-1.764103633822061614e-03
-1.765231091813451074e-03
-1.764670202560988683e-03
-1.764632944284648440e-03
-1.764654757066319623e-03
-1.764601789120443225e-03
-1.764606745728545265e-03
-1.764647946370575269e-03
-1.764848364053185235e-03
-1.764801721495298705e-03
-1.765259916214040325e-03
-1.765166559075573034e-03
-1.765068244772401629e-03
-1.765082029251929937e-03
-1.765105387003339200e-03
-1.765104107160056848e-03
-1.765102752703350333e-03
-1.765108733886678466e-03
-1.765091835980644400e-03
-1.765127885928628217e-03
-1.765150219012905737e-03
-1.765219334674319887e-03
-1.655672171828775560e-02
-1.655668728639527257e-02
-1.655688386133671169e-02
-1.655696038318289071e-02
-1.655718013829029708e-02
-1.655706842207662136e-02
-1.661609427877435222e-02
-1.661814994727291162e-02
-1.652771360837488809e-02
-1.652771849355194264e-02
-1.652765154827016969e-02
-1.652743240106341674e-02
-1.652750807498984398e-02
-1.652732171758973523e-02
-1.652748680849317267e-02
-1.652746861015371924e-02
-1.652757734870133333e-02
-1.652748434870818586e-02
-1.652752338101283469e-02
-1.652753632167742667e-02
-1.652746634757999017e-02
-1.652748596641243073e-02
-1.652746680502479790e-02
-1.652733725500397238e-02
-1.652737991287801106e-02
-1.652730499390063154e-02
-1.652740286342357576e-02
-1.652755120699247668e-02
-1.652739462996743319e-02
-1.652753181401837509e-02
-1.652747006751045800e-02
-1.652754912293796091e-02
-1.652758798394837053e-02
-1.652762182444139638e-02
-1.652770176463050703e-02
-1.652766094389084700e-02
-1.652768199366097882e-02
-1.652753502617228601e-02
-1.652756639082604909e-02
-1.652745926922040767e-02
-1.652749532764461945e-02
-1.652708561167286205e-02
-1.652709533690861071e-02
-1.652729209491595949e-02
-1.652724689969220506e-02
-1.652724164136041771e-02
-1.652724513924573937e-02
-1.652723346757538694e-02
-1.652718136295227430e-02
-1.652714199825783617e-02
-1.652712380181790494e-02
-1.652714803673197702e-02
-1.652709269281619694e-02
-1.652697768579031168e-02
-1.652708217327207921e-02
-1.652708742783528389e-02
-1.652715345626553159e-02
-1.652722009513708790e-02
-1.652715102416201995e-02
-1.652710067369574792e-02
-1.652719162180639467e-02
-1.652722514977766205e-02
-1.652711893921850542e-02
-1.652722966168057930e-02
-1.652722684605771250e-02
-1.652715735983317433e-02
-1.652832231043212599e-02
-1.652849505584864584e-02
-1.652850766485939107e-02
-1.652843268810517269e-02
-1.652849077930993241e-02
-1.652636269781799713e-02
-1.652643407598887795e-02
-2.394108881798594768e-01
-2.394134496341729923e-01
-2.394138420187141014e-01
-2.394194636655364306e-01
-2.394218107150127561e-01
-2.394001738096567522e-01
-2.394017497928209448e-01
-2.393633487243707614e-01
-2.393645891750935117e-01
-2.393718082656780821e-01
-2.393746757257788627e-01
-2.377687625780751102e-01
-2.377722306530037633e-01
-2.377477414133037092e-01
-2.377542091901153620e-01
-2.377553032908718000e-01
1.000499022086009417e-03
1.422813054928575996e-03
1.422878314308293618e-03
1.422746374046462980e-03
1.422660383961980770e-03
1.422613937618709542e-03
1.422631204828913535e-03
1.422642022101736027e-03
1.422517065428437720e-03
1.422808561286496897e-03
1.422823485609557917e-03
1.422894866613052872e-03
1.422906030505959344e-03
1.422891377738294333e-03
1.422870259421033391e-03
1.422896997462374949e-03
1.422884852300208185e-03
1.422880250272066808e-03
1.422910932099097879e-03
1.422874246842794873e-03
1.422861383348591026e-03
1.422859345168115070e-03
1.422859368584435602e-03
1.422883031539892880e-03
1.422887206300160832e-03
1.422854992395479901e-03
1.422760202873652683e-03
1.422754764054638384e-03
1.422750187184443479e-03
1.422779430360964631e-03
1.422554607904866772e-03
1.422579197851349441e-03
1.422575381198426048e-03
1.422559277704200237e-03
1.422582511948955594e-03
1.422587532237966053e-03
1.422503801310548606e-03
1.422504845510036984e-03
1.422531642337996260e-03
5.477457425243188564e-03
5.477434195345407160e-03
5.477592603011724633e-03
5.477122331833267528e-03
5.477166861550719114e-03
5.477211870475438317e-03
5.477176955936285258e-03
5.477563827775993113e-03
5.474964789130927836e-03
5.474920056934185972e-03
3.302536174668063880e-04
3.302515200401670635e-04
3.302546945876154915e-04
3.302583573390230581e-04
3.302780710096743077e-04
3.302018146663334894e-04
3.299367891861894548e-04
3.304228297065292595e-04
3.304542078776553471e-04
3.304562622574154594e-04
3.304745976853772451e-04
3.304454418731580297e-04
3.304547943003718316e-04
3.304286814584315828e-04
3.304750711283852417e-04
3.304818124251893336e-04
3.304830385998728235e-04
3.304887298357534484e-04
3.304930419930636031e-04
3.304587932817905165e-04
3.305029034865817608e-04
3.304583451735976034e-04
3.304417448119531639e-04
3.306121937690960225e-04
3.306067685669641931e-04
3.306173738645791700e-04
3.305697039045644233e-04
3.305648600003897918e-04
3.305836290568048719e-04
3.278401643429986064e-04
3.277714657755911409e-04
3.278455694564996986e-04
3.278978230603592421e-04
3.278269354445609253e-04
3.277968702023101029e-04
3.291530082177246213e-04
3.291568602478817085e-04
3.290490316069765169e-04
3.290409347831302496e-04
3.290509854438106478e-04
3.291479963436673038e-04
-6.700893658150131049e-03
-6.701337937065727016e-03
-6.701388328540776144e-03
-6.700808478377410539e-03
-6.700814670237187180e-03
-6.700763679886720045e-03
-6.701508898620432524e-03
-6.701149403701217415e-03
-6.701172087153066913e-03
-6.701220053430262738e-03
-6.701183217451769578e-03
-6.702476633069860169e-03
-6.702475271933540195e-03
-6.702436595143318292e-03
-6.702465489616511729e-03
-6.702728771519135716e-03
-6.702722770344539394e-03
-6.702646266991491020e-03
-6.702644948772714696e-03
-6.702655522391931867e-03
-6.702645251921627786e-03
-6.702599015593051213e-03
-6.702640740410842173e-03
-6.702578367187084392e-03
-6.702642345515509407e-03
-6.702635614137130229e-03
-6.702648403884283075e-03
-6.702551111548068694e-03
-6.702546289897557547e-03
-6.702570092604274651e-03
-6.702612876380616667e-03
-6.702618805883575615e-03
-6.702594974188256192e-03
-6.702600274703024615e-03
-6.702641145632801459e-03
-6.702665956241378627e-03
-6.702540532384978871e-03
-6.702538149343818634e-03
-6.702750923860101642e-03
-6.702667329317906972e-03
-6.702682583231867053e-03
-6.702629175292084546e-03
-6.702671445318394462e-03
-6.702595406177996179e-03
-6.702609528359104729e-03
-6.702598232231091711e-03
-6.702368148752822774e-03
-6.702364498111093756e-03
-6.702338703799134816e-03
-6.702325399653643809e-03
-6.702310411202729371e-03
-6.702499777946227186e-03
-6.702464226268633161e-03
-6.702509025605422020e-03
-6.702495364004397091e-03
-6.702560679142328080e-03
-6.701984407135238089e-03
-6.702004083207444528e-03
-6.702025222396029019e-03
-6.701954437333822352e-03
-6.701995954398210290e-03
-6.702164497237332076e-03
-6.702177631599384039e-03
-6.701996126839102584e-03
-6.702026199695594079e-03
-6.702010973434801080e-03
-6.702022189877808976e-03
-6.693277153850459363e-03
-6.692387573199095122e-03
-6.692239630334140786e-03
-6.692313873374560254e-03
-6.692300289937216581e-03
-6.692310990422748948e-03
-6.692240111893536444e-03
-6.692219408452895757e-03
3.617503259526516808e-03
3.617200759479465098e-03
3.617613716315601878e-03
3.617308562400374603e-03
3.617296521670356098e-03
3.617374197684145552e-03
3.617300561905450063e-03
3.617002819263939045e-03
3.616966921730259497e-03
3.616965734891919217e-03
3.616952286176183546e-03
3.616975483446235873e-03
3.616970902993395069e-03
3.616986616378787840e-03
3.616920146419079149e-03
3.616899090476350612e-03
3.616908179701526938e-03
3.617018688896456429e-03
3.617051005325093698e-03
3.616947540266096314e-03
3.616887214090422960e-03
3.616721847589130217e-03
3.616779445215467011e-03
3.616743762280074520e-03
3.616737924382172446e-03
3.616762433585076191e-03
3.616764235878237258e-03
3.616757781159857243e-03
3.616753094161288904e-03
3.616786928903513876e-03
3.617762555115019551e-03
3.617712266405970559e-03
3.617707482220103646e-03
3.617644317563187707e-03
3.617641313710424824e-03
3.617668844018810670e-03
3.617645355878642589e-03
3.617650475455045592e-03
3.617605394330840850e-03
3.617685085956868184e-03
3.617730617060882416e-03
3.617739974330788817e-03
3.617746076245530965e-03
3.617753016002273319e-03
3.617748630107834890e-03
3.617702884958738652e-03
3.617693341336095623e-03
3.617686684067699353e-03
3.617664744186056131e-03
3.617665052476637562e-03
3.617636155445596961e-03
3.617640243108183416e-03
3.617713355578149222e-03
3.617663333940692935e-03
3.617653933823102366e-03
3.617664331575576060e-03
3.617802031761874638e-03
3.617819326226246954e-03
3.617811260798378843e-03
3.617818277155511290e-03
3.617815831702057838e-03
3.617791047824389823e-03
3.617782693730610226e-03
3.617842750147163590e-03
3.617834839232607347e-03
3.617869308126480180e-03
3.617876903650333285e-03
3.617836613952367820e-03
3.617801330475566533e-03
3.617778827905552153e-03
3.617742694304641304e-03
3.617800592806108030e-03
3.617769607672524125e-03
3.617777086720219953e-03
3.617774452104253156e-03
3.617810372774307899e-03
3.617834682496196171e-03
3.617853000338746260e-03
3.617886641790675571e-03
3.617884450682022548e-03
3.617795372176118088e-03
3.617395614240787819e-03
3.612443673304661495e-03
3.612927405650973901e-03
3.612816490072539438e-03
3.612805306034263218e-03
3.612703718927777214e-03
3.612675514254383956e-03
3.612722811277399929e-03
3.612517499196322285e-03
3.612506471493854079e-03
3.612487171466765862e-03
3.612479716754418008e-03
3.612537446714572317e-03
3.612518193177567151e-03
3.612572159708956222e-03
3.612626583524562729e-03
3.612037776873347570e-03
3.612039394524987380e-03
3.612032598827797942e-03
3.612047469184591526e-03
3.612041603311017760e-03
3.612033378358192170e-03
3.612044991646827172e-03
3.612048224791126333e-03
3.612074209504451388e-03
3.612110546751190303e-03
3.611988514484278535e-03
3.612013773310315812e-03
3.612035000293440171e-03
3.612032534243638307e-03
3.612015217113537756e-03
3.612022995152959059e-03
3.612020874347237915e-03
3.612029415171355302e-03
3.612022227339041578e-03
3.612021432066736537e-03
3.612020303809880106e-03
3.612019483892102770e-03
3.612014425937367171e-03
3.612018562092897227e-03
3.612015674171080177e-03
3.612008346720175893e-03
3.612016458411514488e-03
3.612012110338583271e-03
3.612038288317088227e-03
3.612031583954586865e-03
3.612032775970519440e-03
3.612061817436779034e-03
3.611570845026692428e-03
3.611873643926935031e-03
3.611975578230968657e-03
3.611974753739374735e-03
3.612350519684138887e-03
3.612419497762827010e-03
3.612039194842440407e-03
3.619853436748242739e-03
3.619856858790596217e-03
3.619869697281146836e-03
3.619799017228092150e-03
3.619763830502866798e-03
3.619827670865022762e-03
3.619604702175927002e-03
3.619787832637138669e-03
3.619468173903885901e-03
3.619436285833080909e-03
3.619421200461749900e-03
3.619430787122564479e-03
3.619277481059798938e-03
3.619289263285527854e-03
3.619283295320666408e-03
3.619334181627788423e-03
3.619743884133527160e-03
3.619659613608001546e-03
3.622726495479177376e-03
3.622738451172371078e-03
3.622750046047085951e-03
3.622925981738603536e-03
3.622290105141611795e-03
3.622294785538996125e-03
3.622488836967538341e-03
3.622603359638041851e-03
3.622609694244941642e-03
3.622611879202678950e-03
3.622608861501979815e-03
3.622608720853535101e-03
3.622601445379536236e-03
3.622436458021460748e-03
3.622498178350003640e-03
3.622497973824794805e-03
3.622489386742635317e-03
3.622595026215934093e-03
3.622584263989253074e-03
3.622594887465815493e-03
3.622598633578502474e-03
3.622593256473760105e-03
3.622486327138978515e-03
3.622457726490573796e-03
3.622484085380039444e-03
3.622466246806216490e-03
3.622479506058300363e-03
3.622508746960012918e-03
3.622531401532758013e-03
3.622475579618945722e-03
3.622584012666019149e-03
3.622418526042030761e-03
3.622411679713694477e-03
3.622403250272052816e-03
3.622407932095400660e-03
3.622435336974289422e-03
3.622437404397278737e-03
3.622419284637704451e-03
3.622424880171492938e-03
3.622425593690972983e-03
3.622377134177304225e-03
3.622195280109413024e-03
3.622184832598365767e-03
3.622201399968918902e-03
3.622196577287712261e-03
3.622231532635275357e-03
3.622227670227213571e-03
3.622158769537831349e-03
3.622146236489955356e-03
3.622129204365326285e-03
3.622198132978397475e-03
3.622013168803667107e-03
3.622054383961540933e-03
3.622036269871291032e-03
3.622007357839284250e-03
3.622003740635110474e-03
3.622061752212912822e-03
3.622046839217140518e-03
3.622032905028302590e-03
3.622031840348433583e-03
3.622038334882476517e-03
3.622033424059554162e-03
3.622034735931445228e-03
3.622187247983541056e-03
3.622191333347029966e-03
3.622180290589368124e-03
3.622162137316695726e-03
3.622281253855160615e-03
3.622291251681493927e-03
3.622254735770439465e-03
3.622325404583700767e-03
3.622329162762607732e-03
3.622396030535320749e-03
3.622378451309010445e-03
3.622395774260014217e-03
3.622294736077057240e-03
3.622322009938629215e-03
3.622308925614830307e-03
3.622379620187193058e-03
3.622335239423875655e-03
3.622407695970607765e-03
3.622397384205547875e-03
3.622242163795744672e-03
3.622232617455301267e-03
3.622237935299904739e-03
3.622273405822038373e-03
3.622273405822033169e-03
3.622229091239666677e-03
3.622223624343160874e-03
3.622391686617058328e-03
3.622316110579209842e-03
3.622307653108084932e-03
3.622364103684954598e-03
3.622418972208829146e-03
3.622303212921710973e-03
3.622344012610531541e-03
3.622344245504769290e-03
3.622347060124385659e-03
3.622352704934777776e-03
3.622353684687008510e-03
3.622308889437817533e-03
3.622334881026340048e-03
3.622318299702920272e-03
3.622320465396088908e-03
3.622325637981098963e-03
3.622304358024588510e-03
3.622317970279313390e-03
3.622320399692001338e-03
3.622328907350856522e-03
3.622322308972432577e-03
3.622337174016853657e-03
3.622322922909048965e-03
3.622334086547178335e-03
3.622326945453904767e-03
3.622315344419468289e-03
3.622611736581916528e-03
3.622614505944407592e-03
3.622569363657942264e-03
3.622537687517558835e-03
3.622365295292277396e-03
3.622308301550039578e-03
3.622301690710486716e-03
3.622221662784057359e-03
3.622318455957440880e-03
3.622291034167742126e-03
3.622259799744598305e-03
3.622276478208532029e-03
3.622279300452960205e-03
3.622279300452970179e-03
3.622283990595453768e-03
3.622264099892894777e-03
3.622271543685111946e-03
3.622233875315941133e-03
3.622255656334815062e-03
3.622263593974803068e-03
3.622714090177282711e-03
3.622695122685893557e-03
3.622703242570331997e-03
3.622468511568100596e-03
3.622474987115937260e-03
3.622453666502367491e-03
3.622595416095439943e-03
3.622570770884539666e-03
3.622582039289149250e-03
3.622610131405214901e-03
3.622440631258200868e-03
3.622474048301141392e-03
3.622537700278009518e-03
3.622553398892829936e-03
3.622529315966909521e-03
3.622502452445214207e-03
3.622458693235959364e-03
3.622435309148620136e-03
3.622482686695479778e-03
3.622479366819867947e-03
3.622506328423615723e-03
3.622490855534535488e-03
3.622524812774141623e-03
3.622535720397242805e-03
3.622522106890731057e-03
3.622490421885030728e-03
3.622489109912203475e-03
3.622454227107875253e-03
3.622452367022305740e-03
3.622460495606382846e-03
3.622497561757788420e-03
3.622443649883061792e-03
3.622428022966159809e-03
3.622400136676301365e-03
3.622530655570920573e-03
3.623580758006970069e-03
3.623587056161345268e-03
3.623589386915192136e-03
3.623592897917033394e-03
3.623570720908812250e-03
3.623582425211394065e-03
3.623561130819009674e-03
3.623579012779103766e-03
3.623566286754232278e-03
3.623582761662476337e-03
3.623587364591525101e-03
3.623546085750810591e-03
3.623537198100712942e-03
3.623546487404606317e-03
3.623542696192460014e-03
3.623541874392215405e-03
3.623542117510075451e-03
3.623539041385343776e-03
3.623535783204549169e-03
3.623602463706493849e-03
3.623573279133379330e-03
3.623585493572091532e-03
3.623574260855597605e-03
3.623586720697913495e-03
3.623581761606383712e-03
3.623591836364251518e-03
3.623565428244616884e-03
3.623579888134983995e-03
3.623605109149424970e-03
3.623581591606926926e-03
3.623608553889235643e-03
3.623648065654245642e-03
3.623652366637868279e-03
3.623658019081095298e-03
3.623646929987219076e-03
3.623638573724996103e-03
3.623625904604203720e-03
3.623622237314909431e-03
3.623647582003211923e-03
3.623632867814077872e-03
3.623625288215361409e-03
3.623647920690952103e-03
3.623533341444690626e-03
3.623545064784159525e-03
3.623638043728332793e-03
3.623664461595223381e-03
3.623644048279580070e-03
3.623617964521818734e-03
3.623612341326280187e-03
3.623558464303463112e-03
3.623578882882066195e-03
3.623572787610671812e-03
3.623584209556134170e-03
3.623586633046115349e-03
3.623591595712385895e-03
3.623597822283549080e-03
3.623597790597655587e-03
3.623583972939627834e-03
3.623559377663992248e-03
3.623554517584143698e-03
3.623545551719933346e-03
3.623610054788826886e-03
3.623613849187418221e-03
3.623593946602338654e-03
3.623619663926780973e-03
3.623593241967321653e-03
3.623593844349821003e-03
3.623598120889713614e-03
3.623588367268180347e-03
3.623621390704456248e-03
3.623626961320957750e-03
3.623609343018465486e-03
3.623608716221983148e-03
3.623595285425164694e-03
3.623599128688025865e-03
3.623596932708403329e-03
3.623411784414584495e-03
3.623405822503244882e-03
3.623364556989181785e-03
3.623377101304448011e-03
3.623389669523519388e-03
3.623303973610160836e-03
3.623342294274576811e-03
3.623358856316920718e-03
3.623280056612261744e-03
3.623443963719287161e-03
3.623438668640656390e-03
3.623545178332928003e-03
3.623600016709975676e-03
3.623563072210930162e-03
3.623486589675442137e-03
3.623497153950168848e-03
3.623493301350849422e-03
3.623494896014265061e-03
3.623575038830043754e-03
3.623554400829105335e-03
3.623500658265624286e-03
3.623453628363330122e-03
3.623400431629014359e-03
3.623471841529389212e-03
3.623441212343865396e-03
3.623482790839162304e-03
3.623462961012979301e-03
3.623398525594349190e-03
3.623426246811721138e-03
3.623515899905522392e-03
3.623505944168929193e-03
3.623513806496815159e-03
3.623520111120694109e-03
3.623526530969888894e-03
3.623534304391288520e-03
3.623543640807341554e-03
3.623542559317110417e-03
3.623536115158241134e-03
3.623537923589232462e-03
3.623533497978072802e-03
3.623536794258675874e-03
3.623545482547606625e-03
3.623534715178151379e-03
3.623541836410297014e-03
3.623540336280719164e-03
3.623524525937911640e-03
3.623516251781584534e-03
3.623459410003269064e-03
3.623456077145501952e-03
3.623456828744719711e-03
3.623495014817149692e-03
3.623477198471515212e-03
3.623470571772054345e-03
3.623452731895030355e-03
3.623456330956365771e-03
3.623447260204346477e-03
3.623460806981932021e-03
3.623460634661371856e-03
3.623514035490503320e-03
3.623547106781570531e-03
3.623528430443840719e-03
3.623524910605281646e-03
3.623538940279225941e-03
3.623538727929168698e-03
3.623538442693044481e-03
3.623531682863688486e-03
3.623519307078780765e-03
3.623512264740386471e-03
3.623561378970286545e-03
3.623553191885302196e-03
3.623537722512175981e-03
3.623528421751183448e-03
3.623543596322674736e-03
3.623518455409548231e-03
3.623531731741337376e-03
3.623508664999803165e-03
3.623493931410048247e-03
3.623492757838218253e-03
-8.703553265319951930e-04
-8.694362886448506579e-04
-8.693144899534787674e-04
-8.691875035322958265e-04
-8.719938012596740052e-04
-8.720905166110931583e-04
-8.720865691638823641e-04
-8.750145241360103316e-04
-8.710049739421054423e-04
-8.709673005291518550e-04
-8.710309379245579665e-04
-8.710815484557977084e-04
-8.710099566917568021e-04
-8.713909084016385146e-04
-8.709726602251486628e-04
-8.752229716738755194e-04
-8.752341430123903579e-04
-8.752745331746780147e-04
-8.752788264465411437e-04
-8.752707383500954062e-04
-8.752223457324461884e-04
-8.752126725733295988e-04
-8.751989312354134260e-04
-8.752984295471288173e-04
-8.753024444113786853e-04
-8.752952007497727090e-04
-8.754533658489361018e-04
-8.753650826156701833e-04
-8.753425140901822986e-04
-8.753449994978880055e-04
-8.752769705732798677e-04
-8.752054516386996311e-04
-8.751847464522550298e-04
-8.751507106563255565e-04
-8.751562818849369227e-04
-8.751882388573996221e-04
-8.751974187133040222e-04
-8.751978403214573593e-04
-8.752381356976642306e-04
-8.751936750217246272e-04
-8.751812313238234269e-04
-8.751304686267982877e-04
-8.751548954625197304e-04
-8.752074418684536354e-04
-8.754535845483529680e-04
-8.754811890259461566e-04
-8.755290208010917509e-04
-8.754703323770140870e-04
-8.753959517340345218e-04
-8.753882974196021318e-04
-8.753903242666183099e-04
-8.754190601821849752e-04
-8.753615181226152972e-04
-8.754188760534805042e-04
-8.754005050782202695e-04
-8.754415002532526906e-04
-8.754578521182283584e-04
-8.754326095716879292e-04
