-2.663718370844507868e-02
-2.663495543289998158e-02
-2.663463418570517077e-02
-2.664915083133038987e-02
-2.663612616520907861e-02
-2.666727172261136591e-02
-2.669093348059675685e-02
-2.668189699928863456e-02
-2.668386793741289731e-02
-2.667387466954942998e-02
-2.668886265018227677e-02
-2.669632067510110951e-02
-2.669701475181017469e-02
-2.669828036062642240e-02
-2.669739204871041105e-02
-2.669459984793354224e-02
-2.670184438230582824e-02
-2.670902042237918717e-02
-2.672954565036550489e-02
-2.672810444765390259e-02
-2.670393840304861877e-02
-2.652920157168987825e-02
-2.652397229899187275e-02
-2.652443818705477185e-02
-2.650943267432216005e-02
-2.651875838551313869e-02
-2.650499225318994623e-02
-2.651523137107117400e-02
-2.651932588976893546e-02
-2.651438388184046424e-02
-2.651148354948087982e-02
-2.653470922662105880e-02
-2.652011763130451838e-02
-2.654132675658125301e-02
-2.652908891919267265e-02
-2.648363408233019717e-02
-2.648561077149309481e-02
-2.648221188950373658e-02
-2.648046582150782174e-02
-2.650803838227089315e-02
-2.650246953092879124e-02
-2.651650718607048360e-02
-2.823171951777602232e-02
-2.822160172536404901e-02
-2.795142212447549249e-02
-2.807703901822317105e-02
-2.808717826303371023e-02
-2.751673406291318610e-02
-2.752392902724610721e-02
-2.735265786104850924e-02
-2.737005319583534282e-02
-2.734625993698951499e-02
-2.734174012699280495e-02
-2.740795857512128356e-02
-2.742006436203473646e-02
-2.744111768465996512e-02
-2.740913374229948796e-02
-2.742491703885258786e-02
-2.742138889542567251e-02
-2.729871679614138610e-02
-2.728014179758520355e-02
-2.724180137145166755e-02
-2.724790335896666929e-02
-2.715161578513420118e-02
-2.715871208604212633e-02
-2.716491857647026706e-02
-2.715666836798431502e-02
-2.706413803027109266e-02
-2.711289394191833055e-02
-2.713139892296661734e-02
-2.712907632481121808e-02
-2.710338154293322199e-02
-2.716574688672614840e-02
-2.720357684064194509e-02
-2.721231366776490773e-02
-2.721763640548532925e-02
-2.719400286942745548e-02
-2.719875505730423582e-02
-2.719270607901647790e-02
-2.718590852565132276e-02
-2.722344226536177123e-02
-2.721733888040459362e-02
-2.720569809011172402e-02
-2.720324124204520286e-02
-2.719388539368593899e-02
-2.722310587251292741e-02
-2.720698700771542744e-02
-2.719467705398735322e-02
-2.719469155877641056e-02
-2.723677254429523673e-02
-2.723586999743500547e-02
-2.725806440816879936e-02
-2.725363458627456242e-02
-2.725888096182982334e-02
-2.721336479190379631e-02
-2.723325106732732079e-02
-2.723644499168563840e-02
-2.723942680891793325e-02
-2.723785704006642661e-02
-2.721687262797038015e-02
-2.721176010615087432e-02
-2.721548399893234521e-02
-2.721468097580772433e-02
-2.721908560963169632e-02
-2.720421671331806762e-02
-2.718891729553249426e-02
-2.719446588887546729e-02
-2.719348361728305893e-02
-2.718779190493402637e-02
-2.718797081639092589e-02
-2.719158820059254175e-02
-2.718891856149123140e-02
-2.718033329526339109e-02
-2.719263239139131649e-02
-2.718111485340069314e-02
-2.719846226392688693e-02
-2.719791824454179802e-02
-2.719816260366874489e-02
-2.718373885115945091e-02
-2.720430114115153855e-02
-2.720595379272614661e-02
-2.719782081582629990e-02
-2.719366070206058819e-02
-2.719372796458049274e-02
-2.720092908201435233e-02
-2.721533967245438890e-02
-2.721535087758264471e-02
-2.719789306951438806e-02
-2.717627080237342355e-02
-2.721278449969721444e-02
-2.719807219270405432e-02
-2.718604966535211748e-02
-2.720903535496427619e-02
-2.722252961720911940e-02
-2.722622373865494008e-02
-2.722513361398492399e-02
-2.720197480717028923e-02
-2.720598157922170246e-02
-2.720351105610050238e-02
-2.721053926778585833e-02
-2.720449694172066488e-02
-2.721215230591144882e-02
-2.720264382652611349e-02
-2.721137317525187255e-02
-2.721222721960024279e-02
-2.721076002408476593e-02
-2.722037018692719662e-02
-2.721739352529307585e-02
-2.722239113028080554e-02
-2.722122747371661863e-02
-2.722008607592068044e-02
-2.722295063254729849e-02
-2.721037132461199756e-02
-2.720752625922801676e-02
-2.720619743076317654e-02
-2.720427933667292006e-02
-2.720769875823848480e-02
-2.720803934216414061e-02
-2.720459851452921782e-02
-2.720421424789286335e-02
-2.719651879185218737e-02
-2.720285695246104155e-02
-2.721734098754017075e-02
-2.721816581927332182e-02
-2.721075141026055647e-02
-2.719323911337560504e-02
-2.716906883111101095e-02
-2.715352157886430362e-02
-2.716840593999231279e-02
-2.723817827839030911e-02
-2.721975204285632249e-02
-2.724195085464686111e-02
-2.726091646950861216e-02
-2.738383591537449716e-02
-2.738297558201584561e-02
-2.730582232812004892e-02
-2.731525708885658432e-02
-2.731525708885656697e-02
-2.732714543744215949e-02
-2.707542636216902013e-02
-2.706546962936780959e-02
-2.706586569727102709e-02
-2.703800216809073079e-02
-2.701581582507109336e-02
-2.701127545803076735e-02
-2.719220835410143464e-02
-2.718486807433771399e-02
-2.715945941840532118e-02
-2.716120783660599253e-02
-2.716927604047799857e-02
-2.715232146990946907e-02
-2.717513006070081810e-02
-2.717645506430622568e-02
-2.717626453849662088e-02
-2.719916960579100290e-02
-2.718818696206292199e-02
-2.724977087498376208e-02
-2.725860555985983730e-02
-2.725944448063402289e-02
-2.726074925435453128e-02
-2.712445728626447852e-02
-2.713477812522991500e-02
-2.713304685767614979e-02
-2.717368484421834804e-02
-2.717766267054698773e-02
-2.729466263413728860e-02
-2.727506202185530498e-02
-2.727113200258533474e-02
-2.717592443556171578e-02
-2.718573846621982759e-02
-2.719031029472112823e-02
-2.717906852279727142e-02
-2.719608141006667201e-02
-2.731601155052122698e-02
-2.730973522114192586e-02
-2.732132220198950009e-02
-2.732070324719312882e-02
-2.722877035050431591e-02
-2.727450914951209254e-02
-2.727158463903424021e-02
-2.728176830299764918e-02
-2.721816646837725215e-02
-2.730918817392661430e-02
-2.729458642792621098e-02
-2.730521182466406210e-02
-2.729960778159489301e-02
-2.731851906308632727e-02
-2.730926528324370897e-02
-2.730981139984394943e-02
-2.731042184673924261e-02
-2.730360720977448308e-02
-2.731136397360614879e-02
-2.731281128104985981e-02
-2.730395383471595147e-02
-2.731084981054363731e-02
-2.730922850380206393e-02
-2.729361265082795238e-02
-2.730424304534346050e-02
-2.731205303789412120e-02
-2.730738000637720000e-02
-2.731873210244308361e-02
-2.730584263246862639e-02
-2.730275472243640783e-02
-2.730393510986395267e-02
-2.730055024462856722e-02
-2.730391903115278115e-02
-2.730124281930143906e-02
-2.729338992960920682e-02
-2.729439026144684505e-02
-2.729768158433835273e-02
-2.728593282272770079e-02
-2.727676791195591741e-02
-2.727621354327901260e-02
-2.724543126989393063e-02
-2.726357822076815388e-02
-2.727701062661495868e-02
-2.728111236103755027e-02
-2.727559185072112730e-02
-2.730070207997217779e-02
-2.728741468587751740e-02
-2.727919865491578236e-02
-2.729267313424806052e-02
-2.724036887477152696e-02
-2.725277728538371205e-02
-2.726004370284982811e-02
-2.729918728787264492e-02
-2.722913881301735478e-02
-2.722712804280580726e-02
-2.724034044931103113e-02
-2.722749099120842786e-02
-2.722802772124258142e-02
-2.722865212929276996e-02
-2.721094089950943512e-02
-2.721448173023905542e-02
-2.722148653892389122e-02
-2.716531795620014469e-02
-2.720480878038633935e-02
-2.727509854017113114e-02
-2.726115337478126135e-02
-2.726555215047966885e-02
-2.725969241054036415e-02
-2.725602426272584825e-02
-2.725610311574506658e-02
-2.725938398297676063e-02
-2.725147322959625348e-02
-2.725487413541297782e-02
-2.725138683500887005e-02
-2.725342263027594539e-02
-2.724778230593764838e-02
-2.725064596568202088e-02
-2.724670934348293397e-02
-2.725568795781057457e-02
-2.721946813079593672e-02
-2.722057167495483751e-02
-2.721183998903104265e-02
-2.720078727919673575e-02
-2.724136628661339571e-02
-2.719537771496930573e-02
-2.719924112335830521e-02
-2.719775171583892898e-02
-2.722846472121190353e-02
-2.722048325564973073e-02
-2.724047548043777300e-02
-2.724805696690645040e-02
-2.724029579455045091e-02
-2.719374356525249350e-02
-2.720010723613432504e-02
-2.734457880773240659e-02
-2.734695863186847181e-02
-2.737761262506328841e-02
-2.737650583431536569e-02
-2.724117897344942654e-02
-2.727211070077706009e-02
-2.727090578333953366e-02
-2.721624485179826095e-02
-2.722384082329411953e-02
-2.721122500790177853e-02
-2.721782628710677984e-02
-2.721307218877017792e-02
-2.721417174014126306e-02
-2.710488019138861809e-02
-2.710529899791822364e-02
-2.717335144370498778e-02
-2.718827082161482181e-02
-2.712001128504361314e-02
-2.712626950074258428e-02
-2.712684407485740218e-02
-2.715147237806312189e-02
-2.718696379983252809e-02
-2.719173304849062042e-02
-2.719500644149650675e-02
-2.720786772034512746e-02
-2.715834636874557909e-02
-2.715570525159059778e-02
-2.715147171127976419e-02
-2.715193210380852096e-02
-2.725793550373307658e-02
-2.724497425869849832e-02
-2.703125196358752841e-02
-2.701373973200275891e-02
-2.698991031466343310e-02
-2.701402060505757319e-02
-2.703334208144137288e-02
-2.702844449561761855e-02
-2.703554494543942976e-02
-2.703534546720994663e-02
-2.699748929325342453e-02
-2.715959120415803799e-02
-2.722166239470585891e-02
-2.720531518792282388e-02
-2.716949929328826494e-02
-2.717102659645467821e-02
-2.705853870870989636e-02
-2.710249570838836955e-02
-2.717230619058937438e-02
-2.716924379523707675e-02
-2.712375208807951688e-02
-2.710592776649991403e-02
-2.704417404423644158e-02
-2.701347818081114779e-02
-2.709268732146912287e-02
-2.709182937473986544e-02
-2.710005190485357748e-02
-2.709711664763151534e-02
-2.713852273611044863e-02
-2.709212277935813679e-02
-2.712544321655085966e-02
-2.714040805073059115e-02
-2.713131247360718243e-02
-2.708051077373118537e-02
-2.708220645169166774e-02
-2.709991711376226464e-02
-2.708767621729236616e-02
-2.708410721566865617e-02
-2.710794006030210757e-02
-2.705905484728375610e-02
-2.707736552602160035e-02
-2.710600778890162946e-02
-2.709831032721071037e-02
-2.708017620382452764e-02
-2.708593344468621447e-02
-2.708122904980381912e-02
-2.709068730108685208e-02
-2.708933265235653060e-02
-2.708567654819824325e-02
-2.708875249861414022e-02
-2.709022323772187352e-02
-2.709819086705645211e-02
-2.709526593994726271e-02
-2.709340757125585156e-02
-2.707280977281865605e-02
-2.708759841801198359e-02
-2.709002274999005797e-02
-2.709750778581790365e-02
-2.709578349355440396e-02
-2.709706054034468140e-02
-2.708937883035009847e-02
-2.709374705284004273e-02
-2.709656721539778490e-02
-2.709837239305133705e-02
-2.704663039481691039e-02
-2.704244312210438150e-02
-2.704560289957312277e-02
-2.704898891569453012e-02
-2.704364643737389162e-02
-2.703783678773897733e-02
-2.700133765892724289e-02
-2.710273365355227865e-02
-2.703077662681210164e-02
-2.705562332441614412e-02
-2.703873628428250103e-02
-2.695933859884269701e-02
-2.693200076178391134e-02
-2.703811833324753708e-02
-2.701877309456024792e-02
-2.721503939431235697e-02
-2.723033443676772802e-02
-2.722653060817207746e-02
-2.726141058212296769e-02
-2.724660420231171318e-02
-2.723014271692348470e-02
-2.719034024367416452e-02
-2.721495659627187411e-02
-2.719718120709720827e-02
-2.719457495971471656e-02
-2.719492126593665501e-02
-2.716536907542108428e-02
-2.723792515827941005e-02
-2.717281057899989180e-02
-2.715309254816402132e-02
-2.716839856088059876e-02
-2.714143803263713642e-02
-2.714648935375428909e-02
-2.714968587459329341e-02
-2.721169225053492874e-02
-2.720754942753607006e-02
-2.720914845287318931e-02
-2.722665176138937618e-02
-2.724169882082395910e-02
-2.723729575627464872e-02
-2.724417774603267797e-02
-2.724095039466415541e-02
-2.723918674323108982e-02
-2.724549471753357974e-02
-2.719466483632609552e-02
-2.722410297832012632e-02
-2.721498073303995138e-02
-2.720060975301256956e-02
-2.717451420990851102e-02
-2.718592185594143409e-02
-2.722180951738626190e-02
-2.723512230588700372e-02
-2.723636639713988838e-02
-2.723469587635308359e-02
-2.721825411451364238e-02
-2.721146096390593752e-02
-2.724972578607727514e-02
-2.725575789848624225e-02
-2.725333458157453564e-02
-2.725143283523112983e-02
-2.725626232965033466e-02
-2.725174457627367597e-02
-2.725382187162273678e-02
-2.724283721981221595e-02
-2.723943509473735272e-02
-2.724361660145146330e-02
-2.725074690794230051e-02
-2.725027351151611266e-02
-2.725226983137898212e-02
-2.723967003333229234e-02
-2.724381267666669063e-02
-2.724697789354667277e-02
-2.723930325141385445e-02
-2.723915044159411214e-02
-2.723032493328232315e-02
-2.724098782309480188e-02
-2.725609254703872594e-02
-2.725406041525289813e-02
-2.725064138869813177e-02
-2.724772294143452955e-02
-2.725044189516533100e-02
-2.724223799975157914e-02
-2.723957201919975299e-02
-2.723997870213633321e-02
-2.725047045770557716e-02
-2.724563954380919070e-02
-2.724587893858857607e-02
-2.724781820848486830e-02
-2.727099916129040180e-02
-2.727233912039597058e-02
-2.727193897415467611e-02
-2.727176040133116874e-02
-2.727288351523937671e-02
-2.726308187628276314e-02
-2.726434323621851688e-02
-2.725582070041001129e-02
-2.723386172960090210e-02
-2.724387280636593120e-02
-2.722498760517842384e-02
-2.722227482116246211e-02
-2.721909164206802109e-02
-2.721470480734503733e-02
-2.720707479438044460e-02
-2.719865421677919795e-02
-2.720700099533193347e-02
-2.720666684006890421e-02
-2.724976536659285895e-02
-2.725982470158608631e-02
-2.725001668456075721e-02
-2.720213107220716478e-02
-2.714771966321125052e-02
-2.714729811282404551e-02
-2.719942895184829929e-02
-2.719105812985398926e-02
-2.720129771226521137e-02
-2.721769166586198579e-02
-2.717124745272959593e-02
-2.720399971755753724e-02
-2.717263581257653438e-02
-2.712525658663855754e-02
-2.709569018745670507e-02
-2.709562358030187523e-02
-2.709662445402682626e-02
-2.711199584810148472e-02
-2.712509867297207070e-02
-2.707690737362089886e-02
-2.708948442991589156e-02
-2.708433227941675625e-02
-2.707935616424786071e-02
-2.718722022787513348e-02
-2.715396080445018137e-02
-2.725684359228767312e-02
-2.724062664786144547e-02
-2.722084654733841064e-02
-2.729227829762179841e-02
-2.729573438677109290e-02
-2.729821002499351404e-02
-2.729813254356357882e-02
-2.756303009128657083e-02
-2.753679650000296492e-02
-2.754143754526235111e-02
-2.753937713171922264e-02
-2.754661317384556399e-02
-2.757462141958684151e-02
-2.754721966232407879e-02
-2.759185118462267189e-02
-2.759762314637452529e-02
-2.755913394435523245e-02
-2.755878208361666262e-02
-2.756649020213759738e-02
-2.755851624055311380e-02
-2.754699678535479229e-02
-2.755591263831866367e-02
-2.755472334269322421e-02
-2.755454646708349262e-02
-2.755356411460439456e-02
-2.755336582336683285e-02
-2.755444836933297961e-02
-2.755817536596718784e-02
-2.755525856672066953e-02
-2.757382953715699359e-02
-2.756655594899650938e-02
-2.756445932948083793e-02
-2.764219004847917258e-02
-2.767839856211338698e-02
-2.765540332164652393e-02
-2.755616253361917178e-02
-2.754759768828280234e-02
-2.756239888639562888e-02
-2.754063064945891370e-02
-2.753885865577873626e-02
-2.753390096714038865e-02
-2.752886953077429005e-02
-2.752502223886627020e-02
-2.752849184763733401e-02
-2.756919863927430672e-02
-2.746551240880902925e-02
-2.747531748711354652e-02
-2.758568248683505864e-02
-2.758188724951262175e-02
-2.766575810868816473e-02
-2.762506210213221125e-02
-2.756376998386795077e-02
-2.763056687750261448e-02
-2.755395309555773095e-02
-2.758077475002428808e-02
-2.757607150930998716e-02
-2.757643286842823352e-02
-2.756704695794064477e-02
-2.757957694242865049e-02
-2.757701772572756366e-02
-2.756475436710579402e-02
-2.756128810891158437e-02
-2.757117479785292299e-02
-2.753822148789747404e-02
-2.756520318447905002e-02
-2.755463250384751830e-02
-2.760692579168942673e-02
-2.751188753742276477e-02
-2.750639079726171013e-02
-2.751292582624741828e-02
-2.751873069664906649e-02
-2.751766545172512277e-02
-2.751740164281637341e-02
-2.751611748747048725e-02
-2.771203524210885671e-02
-2.771303799580996860e-02
-2.771346035144966677e-02
-2.771564083469469850e-02
-2.732983393989637383e-02
-2.738121767788143091e-02
-2.743282698868776751e-02
-2.740497602203295635e-02
-2.741997540824943347e-02
-2.742510556217252551e-02
-2.743058334135874479e-02
-2.742233542262789703e-02
-2.741615218685607147e-02
-2.741116735753077599e-02
-2.741127226343765752e-02
-2.743152691632651935e-02
-2.741811866830183575e-02
-2.742725436972833289e-02
-2.741869528334504869e-02
-2.742674579902812729e-02
-2.742646351781122260e-02
-2.743076047687562427e-02
-2.743301110884725780e-02
-2.743399127888225542e-02
-2.742117913333050327e-02
-2.742255823419154429e-02
-2.741691345509749550e-02
-2.743005160615079319e-02
-2.743005160615080013e-02
-2.740226377945767511e-02
-2.740583366612142288e-02
-2.740745810214558972e-02
-2.742790204375349788e-02
-2.741253770628441708e-02
-2.743400683057234044e-02
-2.742942650810574132e-02
-2.742446287294174681e-02
-2.741801991932423313e-02
-2.741915501070918068e-02
-2.742592157964861277e-02
-2.743399639009101026e-02
-2.742867775311349371e-02
-2.742273026898591273e-02
-2.740910613830520315e-02
-2.741134978622368490e-02
-2.741285717064138525e-02
-2.739465630011729894e-02
-2.739490547093549958e-02
-2.741097301592689342e-02
-2.740212142216125191e-02
-2.740976022557536571e-02
-2.740739139044445424e-02
-2.740902962957809247e-02
-2.741187572857713486e-02
-2.745892471994041198e-02
-2.741304852783948975e-02
-2.740039492346192998e-02
-2.739514719265845680e-02
-2.742667346539973822e-02
-2.742690566744352895e-02
-2.744128477935682889e-02
-2.742316050901431879e-02
-2.738677339044275766e-02
-2.738422294316629133e-02
-2.738803613135339446e-02
-2.739043299488190183e-02
-2.739313124138542319e-02
-2.742991797046529998e-02
-2.741430866778206757e-02
-2.740821123181694588e-02
-2.740962727733150389e-02
-2.741165365871493440e-02
-2.741302065701129234e-02
-2.741486612557300293e-02
-2.742267681012899860e-02
-2.740565426707795849e-02
-2.740572151666101006e-02
-2.741337626960406101e-02
-2.740427298188529218e-02
-2.740497124664399708e-02
-2.740633841263603876e-02
-2.740686050600568691e-02
-2.741434540079457083e-02
-2.741058887931467972e-02
-2.741577274097774242e-02
-2.741623009563998528e-02
-2.741904451803526752e-02
-2.740417246651773858e-02
-2.740587953869980803e-02
-2.741247715344570859e-02
-2.741265919296250950e-02
-2.741389604148026377e-02
-2.741601548272367891e-02
-2.740279283256421769e-02
-2.740658105219651725e-02
-2.740973751282172605e-02
-2.741095384099280496e-02
-2.740720235952629272e-02
-2.741046127394906884e-02
-2.740965067691310264e-02
-2.740671916751740572e-02
-2.740187068020454725e-02
-2.741304523553999770e-02
-2.740547290032703531e-02
-2.740497914341049474e-02
-2.741062255025899369e-02
-2.741123947168877181e-02
-2.740995210088111728e-02
-2.740954839986195837e-02
-2.740596854243714312e-02
-2.737495565956022531e-02
-2.740781731830177828e-02
-2.741895998194477171e-02
-2.740824653115021131e-02
-2.737888365948474775e-02
-2.737864343638514442e-02
-2.741601658603101330e-02
-2.741719316143614513e-02
-2.740608883527874060e-02
-2.740798486268439943e-02
-2.740671235564925631e-02
-2.740578689702217671e-02
-2.740598082722878887e-02
-2.747623440462171676e-02
-2.745556285269022331e-02
-2.743463328200155052e-02
-2.743497227351146539e-02
-2.744590806300145971e-02
-2.740501584138809246e-02
-2.740336414491526679e-02
-2.740479106446452526e-02
-2.740195347210660701e-02
-2.740565510265524987e-02
-2.738955953556057241e-02
-2.741035064445328587e-02
-2.742199085441707554e-02
-2.740394111131378915e-02
-2.740084673120047817e-02
-2.740404975459914683e-02
-2.740355102395820516e-02
-2.740994310139908269e-02
-2.737148956385195356e-02
-2.744443690315664930e-02
-2.745647022267014986e-02
-2.737628346737718682e-02
-2.743134212951640200e-02
-2.742874308129104877e-02
-2.740373558850006316e-02
-2.740182474040522148e-02
-2.742817343492164398e-02
-2.740785196737000745e-02
-2.741169973689131997e-02
-2.742671342538682486e-02
-2.740194707351398945e-02
-2.740528116000480116e-02
-2.739772260132068357e-02
-2.739562664192817659e-02
-2.740579342427166415e-02
-2.743086560056977666e-02
-2.739910619623552729e-02
-2.747750077397913965e-02
-2.747622156908890653e-02
-2.745877823474901155e-02
-2.743730618899515097e-02
-2.744399865660529514e-02
-2.741488243363808530e-02
-2.744178285427628303e-02
-2.745217463480703612e-02
-2.744017400592432127e-02
-2.744230856723866088e-02
-2.745352637397270937e-02
-2.744132566277671104e-02
-2.743433147191198448e-02
-2.743029730156233345e-02
-2.743391862455764676e-02
-2.742991070139250143e-02
-2.744096597034983293e-02
-2.743688594524228488e-02
-2.743652153136084959e-02
-2.746482765934377471e-02
-2.753715339897106970e-02
-2.754410838578693135e-02
-2.754108715385338718e-02
-2.754093497897274270e-02
-2.754782723611702566e-02
-2.754956250454871150e-02
-2.754842228077276217e-02
-2.754750654023033207e-02
-2.754716570093009714e-02
-2.752427118954611437e-02
-2.752785872582902416e-02
-2.754596719288775544e-02
-2.740987989389937970e-02
-2.738260801135005904e-02
-2.738260801135005904e-02
-2.740436310542298040e-02
-2.739805270430495029e-02
-2.738064681957973895e-02
-2.743212112277931131e-02
-2.740901302398265904e-02
-2.746647588502110215e-02
-2.747106362372371199e-02
-2.746886213038256599e-02
-2.747223552070517105e-02
-2.746982574532706028e-02
-2.747427958937729772e-02
-2.747843118816246238e-02
-2.746855048698701104e-02
-2.746043678030052337e-02
-2.755259764489780341e-02
-2.753677078830193969e-02
-2.755655294111481607e-02
-2.754695546848613674e-02
-2.747853804323538082e-02
-2.747844469695077951e-02
-2.747429992337506108e-02
-2.747491970136193770e-02
-2.747096884152450472e-02
-2.747696469466533523e-02
-2.747563640122624787e-02
-2.747480309779299495e-02
-2.747718167911033724e-02
-2.746296231144148073e-02
-2.747238693830618417e-02
-2.747965566300033038e-02
-2.748290111149444964e-02
-2.748885138371831918e-02
-2.755967049283134310e-02
-2.755180838514682817e-02
-2.757957303411840214e-02
-2.758560383308515662e-02
-2.757899670079652990e-02
-2.757669472108913514e-02
-2.748104768270952236e-02
-2.748704103830169193e-02
-2.762773669782911390e-02
-2.761644029433351494e-02
-2.761981116643523818e-02
-2.759365657251447793e-02
-2.760213595009459661e-02
-2.760822259903809514e-02
-2.760125612479424201e-02
-2.733299255184458085e-02
-2.739851416854987079e-02
-2.749047028405047013e-02
-2.748883709816954402e-02
-2.739896967694234811e-02
-2.739929078933390355e-02
-2.738380689167683665e-02
-2.738079967189335773e-02
-2.736039775123839599e-02
-2.736404971801029845e-02
-2.737402238910693897e-02
-2.737096626926563414e-02
-2.739132047484881677e-02
-2.740732506607696656e-02
-2.738841316342153012e-02
-2.739609970133232569e-02
-2.739057496425504473e-02
-2.738574255123078088e-02
-2.738149077033590756e-02
-2.739488587705647335e-02
-2.739422112931738998e-02
-2.739458817038972760e-02
-2.739044177518790840e-02
-2.738404647171547440e-02
-2.738052200375977463e-02
-2.738494936550289402e-02
-2.738277703232420285e-02
-2.739212607569424876e-02
-2.742468884180127020e-02
-2.740361980646927736e-02
-2.743469148356337053e-02
-2.742590361052311618e-02
-2.742843389418787511e-02
-2.735789931539272038e-02
-2.736773157963371533e-02
-2.735377538304799641e-02
-2.740665716909216135e-02
-2.738986444457252104e-02
-2.741836679963828571e-02
-2.742791214292214508e-02
-2.735938649132742262e-02
-2.743801073991090564e-02
-2.743044795393684634e-02
-2.742233441438896718e-02
-2.709090092491440310e-02
-2.702887886783859189e-02
-2.712887206747363264e-02
-2.711013971189891320e-02
-2.711492688563124989e-02
-2.712989922827201139e-02
-2.710779813417696707e-02
-2.731295291651337359e-02
-2.731066366225502751e-02
-2.731893112322214545e-02
8.368786677252673667e-03
8.343979388570526082e-03
8.344704290286979881e-03
8.356282547933161983e-03
8.363160991420058588e-03
8.359281489769625553e-03
8.366993499289734210e-03
8.351035046738097475e-03
8.393524163939059674e-03
8.392175733430779633e-03
8.359464021533587891e-03
8.378176184164920492e-03
8.374691560987227237e-03
8.362677658287766963e-03
8.374062275699659108e-03
8.374817094851006935e-03
8.377472076187910538e-03
8.405401849187518759e-03
8.348395638457826312e-03
8.362369844092113619e-03
8.363190526460558688e-03
8.346096765251916419e-03
8.346545654086963764e-03
8.357939678990530460e-03
8.350314805581557365e-03
8.349686718260890261e-03
8.347784581959243402e-03
8.373096874369885534e-03
8.367197152430850757e-03
8.368106342212106030e-03
8.384853957458013318e-03
8.386530184394254753e-03
8.383217048790534212e-03
8.383293209223881270e-03
8.379042949509163743e-03
8.379894597728983208e-03
8.382070564240104438e-03
8.371283886214792719e-03
8.356679933505395050e-03
8.362315440172751052e-03
8.359362338920732147e-03
8.359606627954459593e-03
8.370189475221683287e-03
8.366592683291053031e-03
8.367696153484160265e-03
8.365156316607107179e-03
8.370598361655816333e-03
8.371288146761971666e-03
8.373439730912132783e-03
8.371771671515124830e-03
8.373662814296696510e-03
8.374635944122549303e-03
8.369061366973960456e-03
8.326786954098469584e-03
8.340430498228064080e-03
8.337926015263275731e-03
8.338195141433973542e-03
8.318494714712566102e-03
8.318411564895739074e-03
8.330182773729762763e-03
8.333047809141033366e-03
8.352805444469436555e-03
8.320068854138596565e-03
8.319927386592278554e-03
8.319951346320826960e-03
8.319233146428520881e-03
8.312846357988437976e-03
8.310614097941017298e-03
8.307121799312868274e-03
8.332575817360835316e-03
8.327111194620222603e-03
8.325878928133766121e-03
8.310916939063920164e-03
8.312746190233239948e-03
8.308834206664585803e-03
8.332681153877485175e-03
8.329385925962247764e-03
8.331901807598185439e-03
8.320192496662501616e-03
8.319554509245501508e-03
8.325142704457727180e-03
8.332080149018030943e-03
8.318422823671236047e-03
8.312974175600271187e-03
8.321593964085849740e-03
8.321265137178020244e-03
8.313730535087058074e-03
8.278797758560049042e-03
8.284127801542697303e-03
8.276277216526073399e-03
8.277720261062536736e-03
8.285477842431339390e-03
8.287494501284312087e-03
8.288587487939882981e-03
8.280840686533778860e-03
8.292627816000002275e-03
8.263058154302206637e-03
8.290113760629812603e-03
8.278353628136069647e-03
8.278011049268306498e-03
8.283480560360450065e-03
8.297818134933014622e-03
8.302226001914617126e-03
8.298960367190530776e-03
8.299391611630062282e-03
8.297246297804931198e-03
8.301815980031870476e-03
8.300181743008439722e-03
8.296956686599367067e-03
8.303237796035724955e-03
8.291915581111548167e-03
8.295208887844005008e-03
8.293568416609132035e-03
8.523990937388556052e-03
8.402909165427791330e-03
8.405067727023167803e-03
8.399370677495620122e-03
8.398571040663563303e-03
8.388854142938991648e-03
8.393800220719482494e-03
8.393524188125977767e-03
8.394190182176007944e-03
8.393711020427175457e-03
8.397067634310004941e-03
8.396032057567014845e-03
8.410166582551788228e-03
8.405817323118632001e-03
8.406469894934594927e-03
8.418128527516270665e-03
8.403443983839740603e-03
8.409041712599481938e-03
8.413280821246269317e-03
8.416837158473765290e-03
8.426291974188659245e-03
8.424805938784425685e-03
8.424924326675188938e-03
8.432837023507673557e-03
8.416741596898752800e-03
8.437130250169049689e-03
8.354357436175904178e-03
8.356555081489832129e-03
8.350295847538954583e-03
8.352442043736715491e-03
8.352692208184717831e-03
8.351735914053630416e-03
8.349305509993196553e-03
8.342411220513573644e-03
8.342700863807141903e-03
8.354586181005745765e-03
8.350079551875215500e-03
8.348598628440589975e-03
8.354725086308937773e-03
8.358528273066441472e-03
8.356721863585466273e-03
8.332992536210942838e-03
8.358515398916641428e-03
8.360214508275152362e-03
8.360516140058563833e-03
8.367743044149110118e-03
8.366339897212311805e-03
8.366370748049545628e-03
8.364299857668105326e-03
8.362909303074844702e-03
8.359807442036225680e-03
8.370434701744550871e-03
8.359060465367712869e-03
8.361218315736216808e-03
8.363075795622610525e-03
8.365662403060089916e-03
8.363883747552584846e-03
8.362498969843278063e-03
8.370625016146845607e-03
8.369359133895564601e-03
8.357324416100080783e-03
8.350650136582597055e-03
8.352656462989089745e-03
8.354498192000349779e-03
8.366813279094397621e-03
8.358736283389111080e-03
8.358416000676896496e-03
8.364992190305333905e-03
8.361931647808242343e-03
8.370457653767838027e-03
8.379150763323359521e-03
8.503545343853535429e-03
8.489320482535386500e-03
8.479262352847563231e-03
8.483184541520302074e-03
8.519928762567392441e-03
8.516397829715955867e-03
8.514634777788016376e-03
8.513491123946021616e-03
8.517216702442851478e-03
8.503620075385029745e-03
8.513519336399934592e-03
8.522275187482414305e-03
8.463319005696039524e-03
8.475581264849011906e-03
8.559154968649640774e-03
8.556123988153063395e-03
8.548435172120817660e-03
8.551724976257482971e-03
8.553951098387612903e-03
8.496568663499624516e-03
8.508241230928990928e-03
8.517779029728732992e-03
8.511372248606069446e-03
8.511444680416103623e-03
8.526287252306344669e-03
8.478626954697737056e-03
8.465477319829183001e-03
8.466230110593270589e-03
8.479903596963113063e-03
8.499599725489014393e-03
8.484912176152235863e-03
8.492253068453593443e-03
8.488977315282315861e-03
8.486636488160276617e-03
8.486015570402963976e-03
8.487610701202876612e-03
8.487490128092297498e-03
8.456445686502526635e-03
8.473427599087595893e-03
8.472299280069388663e-03
8.461608009508623726e-03
8.468854634386076274e-03
8.469506474706770330e-03
8.472976347300235564e-03
8.476375883449932536e-03
8.482791389972595825e-03
8.492054077674400514e-03
8.478039195770463790e-03
8.476787414831241790e-03
8.474319636813384266e-03
8.488250526136064539e-03
8.537003541486903532e-03
8.532977994470777178e-03
8.525013680253362008e-03
8.532887463649914753e-03
8.531819734030518174e-03
8.526942969129185784e-03
8.524970805256040438e-03
8.529480613810208264e-03
8.532684553406267441e-03
8.534725594359865095e-03
8.533760813232350861e-03
8.533983769766615227e-03
8.530087567139918794e-03
8.546479155907133612e-03
8.547237081687118071e-03
8.533190259580582249e-03
8.530309476506616959e-03
8.541774964191872418e-03
8.555391643689186018e-03
8.556468973635473693e-03
8.551781298197339704e-03
8.551072717333256870e-03
8.559457782489850175e-03
8.547395930694924940e-03
8.557158208955584211e-03
8.559751871406040200e-03
8.558785226669517535e-03
8.545951509704659971e-03
8.544236591116492752e-03
8.558070798670637525e-03
8.558834530328737061e-03
8.559332142484629355e-03
8.563361679372952229e-03
8.562389279432319408e-03
8.563207961851811503e-03
8.654010520500713885e-03
8.654982183436158924e-03
8.657577327792249575e-03
8.646855714850366567e-03
8.638160567059733133e-03
8.639807195332502993e-03
8.640552046013896814e-03
8.645980766697224096e-03
8.653407102472494145e-03
8.652172934464614704e-03
8.655855381203989007e-03
8.646055519517362870e-03
8.667103992088800654e-03
8.667564414325184402e-03
8.658923123664976490e-03
8.656911709552428738e-03
8.662634560460126879e-03
8.660001815958835725e-03
8.662033349438024929e-03
8.569239417524701641e-03
8.580078407280571778e-03
8.460649524502329363e-03
8.459823396943413898e-03
8.445337376673486482e-03
8.437074348978428756e-03
8.622829632345393319e-03
8.633279379983111596e-03
8.635520944414960126e-03
8.630203546855227253e-03
8.628280336077352036e-03
8.634484811823038911e-03
8.634390949159452891e-03
8.565534647007197466e-03
8.672001768084931089e-03
8.679011693588851648e-03
8.686569058634515533e-03
8.744563038519939310e-03
8.736714921076353668e-03
8.742890634187573673e-03
8.738683733240446352e-03
8.664438024143739092e-03
8.584137140536931415e-03
8.595184951046545840e-03
8.553257530040601561e-03
8.656395313834157335e-03
8.647627458988014007e-03
8.649624841168284187e-03
8.636528601316856638e-03
8.653237147365974713e-03
8.654945737844496265e-03
8.646417301623070262e-03
8.643403952481167746e-03
8.648348260745621421e-03
8.643641034837040021e-03
8.648265016921089995e-03
8.646400246138569862e-03
8.647428376834709676e-03
8.640465522300725190e-03
8.644021412983400945e-03
8.644916306753123655e-03
8.652903848172471477e-03
8.562431532502369144e-03
8.567142843176840661e-03
8.566603030581999498e-03
8.566909626858616386e-03
8.547185428438864793e-03
8.592215564739888803e-03
8.653924370809961200e-03
8.653368475902666057e-03
8.648488501246850632e-03
8.507190372641188283e-03
8.526810027101327377e-03
8.552594720002198656e-03
8.552276710512840552e-03
8.597215515223639859e-03
8.583284150823593250e-03
8.677913956017163644e-03
8.628675636363002804e-03
8.627261178606068087e-03
8.687714529138903727e-03
8.697933807183503771e-03
8.557490044969610563e-03
8.632809151092090197e-03
8.640651750507172962e-03
8.667118283741219453e-03
8.614489905331139397e-03
8.634227731327166755e-03
8.633666183652816822e-03
8.630508636507329759e-03
8.633029925063690976e-03
8.644483071493470547e-03
8.613102389064356337e-03
8.605977193876511097e-03
8.615252121162601112e-03
8.633839743597692892e-03
8.618461885446881618e-03
8.628712549882974411e-03
8.631570080979313400e-03
8.608499102216742374e-03
8.610944606972951651e-03
8.624389811469625536e-03
8.617899468010319780e-03
8.596985872151019503e-03
8.606853668597558640e-03
8.610789592688282770e-03
8.614356974377242182e-03
8.622935883463698006e-03
8.615092182169079710e-03
8.622890178889470320e-03
8.618596222519626926e-03
8.616893054557494408e-03
8.605294802892727440e-03
8.610563397388640988e-03
8.581546566906151155e-03
8.585722305782101521e-03
8.616106959191710546e-03
8.595443223830906421e-03
8.598856790276982950e-03
8.605751968859202961e-03
8.608642706023206595e-03
8.602222157923614804e-03
8.557528639195200251e-03
8.674251805152643352e-03
8.668470877389998497e-03
8.281405726842617707e-03
8.277671362490713128e-03
8.284237681480699847e-03
8.209416489535372938e-03
8.209845712985247568e-03
8.208268227781581258e-03
8.508676549645514606e-03
8.375668224666779280e-03
8.378358171457205017e-03
8.380251787717273373e-03
8.371885782324261713e-03
8.380093693652205036e-03
8.390412569601041551e-03
8.399239728791483076e-03
8.401226330760441091e-03
8.403366254425450113e-03
8.357127423982939687e-03
8.356875243071456780e-03
8.357608083573015573e-03
8.357500530965766491e-03
8.544011309838617230e-03
8.544649831753976105e-03
8.533754281712976897e-03
8.531212257280804123e-03
8.580917490752570931e-03
8.582378170174846319e-03
8.536668362688976802e-03
8.467005251178402400e-03
8.341961393423047780e-03
8.417406521380585080e-03
8.330791037265236620e-03
8.330469767930484895e-03
8.322514578145659425e-03
8.362199053473531873e-03
8.357064505245875505e-03
8.316068132156025083e-03
8.302283820621229535e-03
8.295458251475701719e-03
8.288995382863371605e-03
8.303005973843322410e-03
8.309455172892107194e-03
8.305020546055939812e-03
8.310951771985786510e-03
8.308590671219320822e-03
8.306884621430999163e-03
8.305302017939868858e-03
8.338289995212508354e-03
8.316065769155937815e-03
8.313325348474480056e-03
8.311879363736927179e-03
8.321955269387212861e-03
8.324413659441269944e-03
8.323150043742304563e-03
8.341416524512451636e-03
8.317353027947166702e-03
8.316774539161126203e-03
8.315212150480675440e-03
8.321380147253394990e-03
8.322852629797641497e-03
8.322439046149739464e-03
8.320191243096811129e-03
8.355194580830872797e-03
8.378982875713900796e-03
8.393656338358205377e-03
8.395235512298621083e-03
8.394678640013995830e-03
8.392286627500531240e-03
8.388664705387384457e-03
8.390755183896146316e-03
8.368027699785675691e-03
8.362522929652548356e-03
8.309477414908875495e-03
8.382539414461501193e-03
8.385313373045630986e-03
8.383388836548561623e-03
8.378365505084207562e-03
8.377554118551922349e-03
8.376866864517419631e-03
8.379090301697020293e-03
7.693446295392088012e-03
7.691217834762251702e-03
7.687877815028333096e-03
7.682600531010439111e-03
7.667998545470913752e-03
7.664796353033598644e-03
7.656474889035394700e-03
7.680559065297462747e-03
7.677321733606323230e-03
7.677518073601705823e-03
7.674081639186828598e-03
7.674025757521569895e-03
7.673304486110685274e-03
7.694539432459495537e-03
7.672406290982736708e-03
7.673065247490406388e-03
7.677401660775866679e-03
7.659455649014160900e-03
7.661674839624210698e-03
7.709028523579943872e-03
7.710336711815937716e-03
7.717172972091012294e-03
7.722700894467550252e-03
7.664736755659582769e-03
7.662928353277237599e-03
7.664690778012918024e-03
7.665348916526523726e-03
7.663386492660670402e-03
7.658676523788600712e-03
7.660707257939726109e-03
7.658148856353912300e-03
7.667237706498747883e-03
7.652295549582357852e-03
7.646520050293076527e-03
7.655128554608237566e-03
7.662595931130881076e-03
7.650403223603852512e-03
7.582949948590936989e-03
7.578786463126385015e-03
7.602939150026064019e-03
7.596684916920967354e-03
7.598134681437507428e-03
7.587864967350395687e-03
7.599227309623262858e-03
7.598613056059936796e-03
7.578216374888989242e-03
7.580123236100911634e-03
7.583000126164387428e-03
7.593168743101239362e-03
7.554629612084120573e-03
7.559444463884617584e-03
7.579414525529835391e-03
7.574568625955627015e-03
7.567893007203477414e-03
7.571149526041834332e-03
7.598126080205234133e-03
7.590179174013228156e-03
7.592320524530856742e-03
7.607989391073261345e-03
7.575489542520023184e-03
7.592052095976431839e-03
7.590239176194961759e-03
7.591433033957204098e-03
7.589628574333977251e-03
7.591307880481435420e-03
9.189825520948567694e-03
9.204192082738850422e-03
9.207994377160091948e-03
9.209348963413743760e-03
9.211160445887003889e-03
9.227849930084955007e-03
9.188833803963569746e-03
9.185967351264139047e-03
9.191982726862940947e-03
9.181976269459924539e-03
9.242850839092233567e-03
9.241220955752705787e-03
9.247901459306193117e-03
9.229398105881570641e-03
9.236452905506259414e-03
9.236793474693348951e-03
9.243170703736916169e-03
9.224605783963125624e-03
9.237088377629995919e-03
9.234383517609906847e-03
9.241723725658759075e-03
9.235105454949824738e-03
9.220241052174267191e-03
9.225951222253026343e-03
9.216342031786648598e-03
9.208703473356099484e-03
9.209315608243645590e-03
9.168760898443284804e-03
9.235940539425165768e-03
9.251704567354322728e-03
9.251233875078774399e-03
9.252783847133249501e-03
9.220452561865164279e-03
9.227019263182511741e-03
8.081827631375528009e-03
8.111827342912169420e-03
8.123159243064417140e-03
8.127640076369225391e-03
8.122900383755429082e-03
8.116576276838444876e-03
8.077748477081422157e-03
8.078150080818566336e-03
8.076822330761115540e-03
8.083213474546983857e-03
8.089506414993381453e-03
8.090033687503614748e-03
8.086144617370474158e-03
8.114325424736565720e-03
8.110335339818901951e-03
8.110020691461286568e-03
8.113657628441094116e-03
8.112854332369153973e-03
8.120071885720302196e-03
8.090148893368740227e-03
8.084244651967770548e-03
8.089217212949357041e-03
8.109644289213168225e-03
8.109188480399952270e-03
8.112705334681566752e-03
8.132312155125852315e-03
8.133621287624438756e-03
8.106196901867927102e-03
8.102573827854290395e-03
8.108229756189430301e-03
8.104257674794808700e-03
8.097747066341018374e-03
8.079906959183435350e-03
8.071335259675498780e-03
8.074515787212301413e-03
8.068416413753968716e-03
8.077253118144630747e-03
8.080285507154677180e-03
8.072469835809474234e-03
8.080179707015229182e-03
8.081133857369450502e-03
8.077169970948306493e-03
8.076646390980001672e-03
8.078193476132315004e-03
8.076549988085887991e-03
8.164148346206698270e-03
8.100953586138527618e-03
8.134045022351750129e-03
8.137976461691997024e-03
8.137347450864711521e-03
8.138861081144862369e-03
8.137916183698796005e-03
8.144482504545410423e-03
8.142761062046470488e-03
8.141827323772261524e-03
8.135215456085137867e-03
8.132204218669858778e-03
8.137222125166713310e-03
8.133507909679454917e-03
8.207427566946335143e-03
8.172992401849798680e-03
8.196760438373262153e-03
8.176138485234374711e-03
8.189208304615707562e-03
8.200867050264690553e-03
8.212672531600753723e-03
8.210853072001592784e-03
8.213369361103851560e-03
8.203339714078428796e-03
8.169932635915732808e-03
8.172914514085328000e-03
8.184396779325307444e-03
8.203023987234108957e-03
8.135309392722367069e-03
8.141300198123240656e-03
8.135993337281908350e-03
8.140253962605590796e-03
8.138042076772237718e-03
8.143616777791930911e-03
8.142332282018629325e-03
8.179707350853234957e-03
8.177687021761418512e-03
8.142234876716366102e-03
8.140822379164471337e-03
8.164153166576980022e-03
8.133171061262670087e-03
8.167753846876612059e-03
8.095588811795223841e-03
8.143277874907971572e-03
8.209408955199844204e-03
8.209196227948512697e-03
8.083784937657540262e-03
8.067979819130028860e-03
7.824926859067054749e-03
7.825149360683718996e-03
7.816394188223054276e-03
7.813387111991679582e-03
7.819920440343096357e-03
7.810760884592134710e-03
7.811047716422061214e-03
7.775103349750931564e-03
9.677213761644975001e-03
9.672341007908875909e-03
9.646897924787426956e-03
9.641756888859371113e-03
9.653849902429127022e-03
9.650873074111254377e-03
1.021719432787059241e-02
1.024126086039289785e-02
1.022560457834072699e-02
1.022280231182919746e-02
1.021114919527088202e-02
1.019467803673348473e-02
1.018673106858718029e-02
1.020600465780631058e-02
1.020855110867482582e-02
1.020930701944037546e-02
1.024353417691931979e-02
1.024516088860788141e-02
1.024728790618050986e-02
1.023072220410743000e-02
1.020184169138774882e-02
1.020117856321619242e-02
1.020134207829890942e-02
1.020384684794980665e-02
1.021758421700108901e-02
1.021127840511262125e-02
1.021746880501445999e-02
1.020924139845645791e-02
1.021165955363595966e-02
1.020623718783584752e-02
1.022096272030182003e-02
1.020329949044474459e-02
1.020244268332669117e-02
1.024564472861071163e-02
1.023783728491027209e-02
1.024396526759357128e-02
1.020230022939830512e-02
1.020420559193532285e-02
1.021122865121680372e-02
1.018733994047388465e-02
1.020898629988726582e-02
1.018258759954317888e-02
1.023535766508041830e-02
1.023366353885317957e-02
1.022073281486950494e-02
1.022752135270055436e-02
1.022461035411503100e-02
1.021354494083020863e-02
1.008945885878236200e-02
1.009499013155477909e-02
1.014633805169178581e-02
9.952353464582725309e-03
1.006586114723144812e-02
1.008291144872068036e-02
1.007085564300420205e-02
1.007132837595667123e-02
9.037079585892837663e-03
9.037157891889840283e-03
9.001648963001511114e-03
9.021582439490536190e-03
8.980617797064901695e-03
8.886441635106639286e-03
8.901746834120509086e-03
8.878863313291716214e-03
9.061253539451705544e-03
9.086644196623507030e-03
9.081191170777809171e-03
9.082640526338463596e-03
9.080383269903461591e-03
9.082109306010071118e-03
9.077142737154118846e-03
9.084317085999113819e-03
9.064475594192544783e-03
9.075776578734436051e-03
9.077152812317584515e-03
9.074815218569556516e-03
9.073272831619379544e-03
9.069627130356923417e-03
9.063119215610607182e-03
9.067317120158392002e-03
9.068430886624971946e-03
9.050020903778203951e-03
9.002783226205755829e-03
9.038464531520068804e-03
9.038064757510280364e-03
9.103936045635698318e-03
8.997720591296944417e-03
8.995986974952822554e-03
9.115869312964101218e-03
9.105802527714311131e-03
9.091423473911302081e-03
9.041030200306506004e-03
9.038481992672943097e-03
9.042523117804754026e-03
9.018364433089898213e-03
9.024997923646554954e-03
9.037565350640800257e-03
9.007064621199885324e-03
9.010257531800772504e-03
9.015035480454330202e-03
9.014724382558356522e-03
9.019595127699625223e-03
9.026019352443204538e-03
9.025202705539815337e-03
9.029560979613977453e-03
8.982674231329638992e-03
8.988043432802857169e-03
9.134435418389489497e-03
9.142506527251058682e-03
9.143106171354666370e-03
9.143893232470492669e-03
9.140532394863001495e-03
9.142093677567247542e-03
9.137656909056855042e-03
9.116037744959186798e-03
9.112007554032021742e-03
9.113553723576995128e-03
9.075237305654586598e-03
9.076673289178716075e-03
9.103010427066333607e-03
9.106849136357793306e-03
9.108714570516122586e-03
9.078679219943302375e-03
9.175763427979008111e-03
9.148373534516677022e-03
9.144458694110992047e-03
9.081763068092328292e-03
9.085912806895780902e-03
9.070457850103916600e-03
9.065843883765561245e-03
9.066566249313810777e-03
9.065767506123430242e-03
9.060345623603490925e-03
9.065966100474963374e-03
9.065433320881395585e-03
9.068461042695293364e-03
9.054507309610895782e-03
9.065482022034769549e-03
9.063350372797918802e-03
9.070226086817357800e-03
9.069300668483772435e-03
9.069782783107037741e-03
9.068351751908768424e-03
9.073087700107869760e-03
9.075857631337488907e-03
9.077243561248215034e-03
9.076304437329252989e-03
9.075207017373734461e-03
9.076352378478350427e-03
9.076553731773934208e-03
9.072132993256615957e-03
9.067762794011774777e-03
9.074696836539830613e-03
9.074751505157008930e-03
9.067002102704736430e-03
9.057657653142064946e-03
9.059694226690834587e-03
9.067287282877733653e-03
9.060937015409421813e-03
9.060883286641997075e-03
9.062822436976392462e-03
9.062469236822096735e-03
9.065356191816253961e-03
9.064934582373531530e-03
9.067726115252201791e-03
9.065892221497073161e-03
9.066557424657364223e-03
9.073804440886224648e-03
9.061390650425847626e-03
9.065573035149217251e-03
9.059051099777715860e-03
9.066231696113584426e-03
9.060539112310212612e-03
9.062214870704894329e-03
9.062047756643659344e-03
9.065540750055034111e-03
9.063764770818416236e-03
9.064916937450744755e-03
9.065554447862994927e-03
9.066545099156714596e-03
9.066861717459757247e-03
9.078813780665198965e-03
9.069759698190004230e-03
9.074004782723691515e-03
9.086852165984940499e-03
9.081647678131240381e-03
9.073984528598639035e-03
9.073998504154906844e-03
9.069031698108385303e-03
9.069637454135793392e-03
9.069621780193111438e-03
9.068788102885819158e-03
9.014975240866800188e-03
9.062887029613301768e-03
9.088528662054489587e-03
9.092556155779880217e-03
9.089955248122364925e-03
9.106300656765113979e-03
9.102489466437707968e-03
9.106802525250924998e-03
9.017903576832551199e-03
9.024260878670864461e-03
9.011163392201372926e-03
9.004553070792894326e-03
9.016142648549862679e-03
9.022540105637482169e-03
9.021028558590096433e-03
9.050906163890660647e-03
9.050830278860035050e-03
9.050200644239482506e-03
9.049856176911326086e-03
9.050358375842929362e-03
9.048638241614835251e-03
9.049504928850021085e-03
9.051204684987811458e-03
9.050867331380970174e-03
9.029733118629906102e-03
9.035767812122756301e-03
9.024200353136316646e-03
9.031351130446738443e-03
9.032512171567322334e-03
8.988942299143792836e-03
8.993457962172738893e-03
8.992329497816290221e-03
9.026210384933812045e-03
9.017196622100723258e-03
9.017089912058597750e-03
9.021249636335645916e-03
9.039443448410474855e-03
9.039406307567124377e-03
9.040437373057180759e-03
9.041219151885654740e-03
9.028672778222465375e-03
9.030601122059887451e-03
9.037174799978087494e-03
9.037138515294041927e-03
9.039066874097936508e-03
9.041302092386356570e-03
9.037326170711535225e-03
9.033247276933836431e-03
9.031804635993364791e-03
9.030316280347878630e-03
9.028092205372701198e-03
9.028750039524859397e-03
9.036392806781581508e-03
9.034600155332368765e-03
9.037969293936323062e-03
9.036533345523617769e-03
9.037282987302410614e-03
9.037728919573497291e-03
9.036545241171070955e-03
9.036886848150238460e-03
9.033244079470840668e-03
9.035694570556983968e-03
9.034472328334113359e-03
9.041762289393438096e-03
9.038528626273875308e-03
9.037327771274195065e-03
9.039409334595715703e-03
9.038994993783877954e-03
9.043220106187728133e-03
9.041030792630558657e-03
9.041864551082849644e-03
9.041056376207995751e-03
9.041049191651393327e-03
9.040707742177623435e-03
9.036864032723935028e-03
9.032763203786917106e-03
9.033714516425969676e-03
9.030821730973432465e-03
9.038082039826466144e-03
9.038855727970264084e-03
9.033106134134641710e-03
9.038487683020799204e-03
9.035394691685299726e-03
9.032324384299201397e-03
9.030313316241187632e-03
9.030973747762101669e-03
9.035137544233337592e-03
9.037026905666682361e-03
9.031492493577989583e-03
9.031938070175654990e-03
9.030626778831386467e-03
9.033467561022677852e-03
9.035171232954298040e-03
9.035449182483112907e-03
9.036081947071471221e-03
9.036376763755264371e-03
9.036508121858939993e-03
9.036685218060306821e-03
9.035796213856469444e-03
9.031374067155735832e-03
9.032460663496078360e-03
9.037781270682620355e-03
9.039673272398835932e-03
9.037726119121730975e-03
9.038654356436227888e-03
9.036453815979821752e-03
9.035926385404055572e-03
9.029284805302639078e-03
9.027380022989325500e-03
9.029113397937455626e-03
9.028893399912899312e-03
9.030403407377556382e-03
9.032026527572513744e-03
9.032684936233579404e-03
9.031877045665760023e-03
9.031104691716364610e-03
9.026358290851514699e-03
9.028259728384379137e-03
9.026127780501172482e-03
9.027682192943163597e-03
9.032700154992511291e-03
9.032268208478883009e-03
9.033917004824204219e-03
9.033724978358404628e-03
9.030734044830948312e-03
9.030254759887466898e-03
9.028956252770564336e-03
9.028756896077258162e-03
9.030526457803247226e-03
9.025901699813784415e-03
9.040683084710975093e-03
9.032197252807530607e-03
9.028009653499242601e-03
9.028042160613992603e-03
9.027503185794852683e-03
9.027392348300754960e-03
9.030544423124418907e-03
9.026871942931067108e-03
9.034303205829579547e-03
9.042691070737587933e-03
9.037577539929569567e-03
9.038998092730635148e-03
9.034547117865747087e-03
9.040000732397036540e-03
9.036211001443297461e-03
9.031778871749735621e-03
9.031187935335563757e-03
9.034356948697376197e-03
9.039020479730519239e-03
9.038922174762634501e-03
9.029878627059889987e-03
9.035889405962959503e-03
9.041259567931433927e-03
9.047855728726551805e-03
9.014642290986545417e-03
8.995988690738029175e-03
8.959371175223539499e-03
8.980774052724922046e-03
8.950887955637984797e-03
9.003520105147494110e-03
9.034941601821715185e-03
9.057925431963502819e-03
9.057960710948428917e-03
9.041816032221908564e-03
9.041726647700481720e-03
9.054158771170087508e-03
9.027316788299079298e-03
9.049975688839764776e-03
9.041249893580273478e-03
9.048358342950440017e-03
9.048559766612059713e-03
9.040942015936394294e-03
8.991423141885819190e-03
9.017100826228700156e-03
9.022526517882087371e-03
9.021513577452419316e-03
9.022367916798343726e-03
9.021426520004340727e-03
9.023309157723299889e-03
9.025526752757213195e-03
9.022629375133598556e-03
9.024333998117724590e-03
9.043803401051417334e-03
9.047107163769581642e-03
9.043550523613321998e-03
9.065399717185378820e-03
9.064768280685170376e-03
9.064921035773051278e-03
9.063696811849672116e-03
9.058436255554025429e-03
9.073483584017407594e-03
9.065197022850362760e-03
8.972201538895756973e-03
8.967579896941722112e-03
8.950132938510801592e-03
8.965823594508599836e-03
8.995727351977539366e-03
8.992788269578628341e-03
9.008991813471938295e-03
9.013360476331883434e-03
8.999821483627721067e-03
8.994609619178943125e-03
8.992206589094553504e-03
8.995423596261918966e-03
8.988148490238340865e-03
8.987770101680420121e-03
8.986415976429308269e-03
8.985065267230543662e-03
8.983219329725193950e-03
8.969692999775678507e-03
8.962632004211807876e-03
8.995646209894110276e-03
9.048633540522280083e-03
9.024731049950683592e-03
9.028544654938049432e-03
9.023808303321992005e-03
9.073765901046679239e-03
9.074065514599563564e-03
9.070437293207838855e-03
9.073096763716516355e-03
9.069611021973691956e-03
9.042414181949405549e-03
9.049565779354786302e-03
9.044504911922738796e-03
9.050627305113969137e-03
9.074031332388498433e-03
9.046367965964459065e-03
9.024810827103626337e-03
8.974180619106916779e-03
8.974505567197905639e-03
8.978322758049411823e-03
8.998921815821750436e-03
8.984101356186949272e-03
8.986569563833897781e-03
8.990120274496526953e-03
8.987894088570258511e-03
8.986107368643398915e-03
8.983516302155330688e-03
8.981175819186086248e-03
8.980005441482405426e-03
9.016641176593783585e-03
9.015493930503297101e-03
9.015289004013844060e-03
9.013657387754768838e-03
9.011745162194866737e-03
9.014658320357464560e-03
9.013145724843407702e-03
8.996536976125457663e-03
8.992312360754955991e-03
8.995171522506032954e-03
8.995571025641576485e-03
8.993824983383719163e-03
9.011532694850174843e-03
9.044402000502400202e-03
9.020244306552233429e-03
9.034211846025947540e-03
9.031772813821557430e-03
9.037621271328072012e-03
9.038228257937595475e-03
9.036132684705964341e-03
9.032480501202585360e-03
9.033919676453195172e-03
9.040281830550760817e-03
9.019929138121230913e-03
9.019239244841359068e-03
9.024450580719869594e-03
9.023739812630349535e-03
9.024518765045470153e-03
9.011473073640760903e-03
9.032092285886013025e-03
9.031737397518755511e-03
9.031479583581445564e-03
9.032130376795503846e-03
9.025954827563537758e-03
9.026809314210553631e-03
9.033565840820866402e-03
9.031201946442989070e-03
9.030006817929541948e-03
9.019419966954649037e-03
9.020101505049490931e-03
8.963824684928959480e-03
9.029676232738427857e-03
9.014565633037867343e-03
9.010728267992632393e-03
9.003781588286002141e-03
9.011125431414539547e-03
8.992978352709082857e-03
9.014412789224629519e-03
8.981825153338132695e-03
8.982542663080600454e-03
8.978288158667972058e-03
8.982529658919789772e-03
8.987886304530096071e-03
8.991607738585701698e-03
8.992533510955816323e-03
9.014756413601030666e-03
8.919761345333237709e-03
8.942592575320181328e-03
8.960832492575026079e-03
9.017874850056204622e-03
9.026438145465630336e-03
9.027666853909899550e-03
9.022104897911352450e-03
9.024745626484345987e-03
9.028850420881927991e-03
9.024578074359851723e-03
9.007777513011096943e-03
9.006959278021597209e-03
8.992182732939260972e-03
8.997310837169068126e-03
8.980498304047068725e-03
8.978217838439007600e-03
8.957882707571539899e-03
9.057808316264900211e-03
9.058841103097719366e-03
9.066592714432053501e-03
8.918640955965147568e-03
8.931222802253951584e-03
8.939072071837172659e-03
8.940472720210075261e-03
8.934940772593913047e-03
8.937819016104606856e-03
8.937766597554705136e-03
8.955976139965101182e-03
8.893505823368060698e-03
8.883360824844884970e-03
8.969462970449851649e-03
8.907497396519369753e-03
8.847703462534625349e-03
8.887485565030443097e-03
8.917257034622047898e-03
8.914340587293814039e-03
8.909025010799606972e-03
8.936868433372449627e-03
8.920047756239068287e-03
8.925423095063025197e-03
8.918100799068654980e-03
8.892489346483329823e-03
8.896816047411154962e-03
8.908432827070413007e-03
8.908808212751091749e-03
8.916186589901424139e-03
8.940952975448437576e-03
8.991501159430703716e-03
8.994631632931413337e-03
8.988843127766397989e-03
8.989716065649763430e-03
8.934853207991200197e-03
8.938911601857075367e-03
8.940947468867930029e-03
8.939447425940424963e-03
8.943144942988997745e-03
8.942560270337724868e-03
8.928508712203334433e-03
8.927093901426635253e-03
8.941166961095594126e-03
8.954992758873264735e-03
8.889424901971693452e-03
8.948412408752562386e-03
8.948868902074398266e-03
8.952045018254811345e-03
9.113659405349481060e-03
9.117077488506285243e-03
9.117402249388825708e-03
9.100796275638317265e-03
9.125663539645098576e-03
9.111312503887953815e-03
9.117385338227727495e-03
9.113906616404184383e-03
9.116032216710184127e-03
9.111456104959145957e-03
9.116443970790014464e-03
9.117486905743984321e-03
9.116009672360222624e-03
9.117252945916070467e-03
9.117117203592569122e-03
9.108616727055943163e-03
9.122140286803623321e-03
9.127469807122014223e-03
9.106353855830195965e-03
9.105406453202754755e-03
9.103040970567129880e-03
9.103388826382344950e-03
9.101584495316035819e-03
9.106009886195639419e-03
9.115796755637017162e-03
9.110666064790143640e-03
9.140475513266629187e-03
1.006578892047544672e-02
1.006652481639260660e-02
1.006759969316282921e-02
1.006965430860867761e-02
1.007137445636521918e-02
1.006143248122891645e-02
1.004384120463841512e-02
1.004568098638557519e-02
1.004981162403288143e-02
1.004839339520297893e-02
1.004651435460393247e-02
1.006724410825453331e-02
1.007634643952086753e-02
1.007643457056519275e-02
1.007996528109815840e-02
1.008189792985752023e-02
1.007253204069418970e-02
1.006021751335548810e-02
1.005906654191203280e-02
1.005291719419364529e-02
1.007225362605309454e-02
1.007618671548974471e-02
1.003060399640900817e-02
1.002670107262022131e-02
1.003102914650750785e-02
1.002899584611149052e-02
1.003650066277038053e-02
1.002870594794366167e-02
1.012688310182431779e-02
1.005112946598445134e-02
1.003628292377020323e-02
1.004824596511546576e-02
1.005343939714736443e-02
1.004790755110129309e-02
1.004959072732398810e-02
1.010770112246959888e-02
1.010066710670692695e-02
1.013368586708074393e-02
1.012782364437524001e-02
1.010076181239082972e-02
1.004062831355621507e-02
1.011514003824705299e-02
1.011225322622998427e-02
1.011259389351117782e-02
1.011136459575427519e-02
1.011192618851964806e-02
1.011139153669929173e-02
1.011193513379129647e-02
9.979456279743594005e-03
1.002915032133714496e-02
1.000462505003587958e-02
1.017208042654613696e-02
1.016803899979714862e-02
1.003232200521615540e-02
1.001454141942372845e-02
1.001685259076806091e-02
1.003237869204449788e-02
1.000007074943612059e-02
9.900493981887017667e-03
9.899231293454425346e-03
9.921257339390485500e-03
1.014803648290168135e-02
1.014818745287360616e-02
1.014464831806596162e-02
1.019472569147210177e-02
9.953749921217900157e-03
9.968769888231653747e-03
9.944859967520584820e-03
9.931150523311352285e-03
9.939474633127264383e-03
9.954227053542421752e-03
9.954094093239480509e-03
9.952174504295474566e-03
9.953657682931193670e-03
9.927920815515276637e-03
9.930991981874482885e-03
9.931145112384638651e-03
9.929527176294835125e-03
9.936895569332729675e-03
9.923116367974228400e-03
9.942636222781416067e-03
9.942479724285533185e-03
9.934299317557395911e-03
9.933478865042011038e-03
9.920300226395168189e-03
9.908416558351156728e-03
9.921804927841988350e-03
9.878718880372028624e-03
9.839836930530790685e-03
9.849966715667053327e-03
9.853681065504984668e-03
9.876747750460386499e-03
9.876958845370665749e-03
9.875726723401352311e-03
9.854323082164811315e-03
9.863341077400911497e-03
9.816981316632300905e-03
9.813244801462161007e-03
9.851393831371190596e-03
9.850378601751584237e-03
9.848376194971929926e-03
9.834833239653116219e-03
9.835584234891411523e-03
9.839751319524994017e-03
9.842281615167010680e-03
9.838695835022680941e-03
9.866482919476208049e-03
9.816195048306299714e-03
9.817775937253711213e-03
9.827073197606801119e-03
9.828007526065152960e-03
9.827491000395795206e-03
9.824153006062479043e-03
9.828284492846124654e-03
9.825893414068413712e-03
9.827552890298638447e-03
9.830013559835402287e-03
9.823489636369572842e-03
9.831374773085781518e-03
9.822506371330750816e-03
9.830670321163692549e-03
9.823636301846544461e-03
9.830405457187716897e-03
9.833245668898765376e-03
9.829481988156283517e-03
9.841398811431536012e-03
9.844650431035916957e-03
9.847501743700543680e-03
9.841730505350438502e-03
9.855128022516682421e-03
9.882437996781899200e-03
9.875507722730530319e-03
9.867415386795365742e-03
9.848484195202202723e-03
9.877390860308086704e-03
9.885720131223327961e-03
9.890121270875516443e-03
9.913941740717689341e-03
9.880510258640661306e-03
9.880697666793787637e-03
9.878305146465909264e-03
9.911240698394765611e-03
9.915003135820830635e-03
9.912221663285297052e-03
9.976357405671255202e-03
9.918580330549689808e-03
9.889268928661387043e-03
9.889232659082276139e-03
9.909788289726842447e-03
9.907453952270561109e-03
9.901183231119813424e-03
9.900084950666838621e-03
9.891576221190480009e-03
9.894916566833212440e-03
9.894922556892119664e-03
9.916007813086829756e-03
9.895771760795708805e-03
9.901617203925811711e-03
9.893444861287599770e-03
1.009247905007362028e-02
1.009039476427116624e-02
1.007880281272910752e-02
1.006139499478450952e-02
1.006432609505572388e-02
1.006955534217332700e-02
1.012192103991826041e-02
1.011975945171746626e-02
1.012076419861811585e-02
1.016575647938052461e-02
1.013190409766585517e-02
1.008506799335412950e-02
1.008381362113555321e-02
1.008294459754764151e-02
1.008600557709075050e-02
1.008505908703178841e-02
1.008652525947631440e-02
1.009156541607799523e-02
1.009597471651543614e-02
9.957415437517488227e-03
9.840591846204817250e-03
9.842100021491837283e-03
9.846629440986165091e-03
9.849671814550844257e-03
9.852460497757564717e-03
9.850190651828223329e-03
9.866462810834347036e-03
9.833153770094766460e-03
9.837910883897732842e-03
1.001519019948340916e-02
1.001803846388335702e-02
1.001557185161560358e-02
1.002241789183575156e-02
9.997162834890809674e-03
1.001021182368149950e-02
1.001656163146145972e-02
1.000593192154169801e-02
1.001057666379780338e-02
1.006115341143408448e-02
1.005415740394001271e-02
1.004746180715812738e-02
1.005212811771628509e-02
1.006963056976863807e-02
1.006344473416725428e-02
1.007621327604790902e-02
1.007851936168253568e-02
1.007518023421823811e-02
1.007358543015122489e-02
1.007301261612577117e-02
1.007659413347024822e-02
1.007669353725847497e-02
1.007599203340162584e-02
1.007304969690106349e-02
1.006986285195848874e-02
1.007343654586022319e-02
1.006133491784483476e-02
1.006643006672114891e-02
1.007029033542306690e-02
1.006838211691416136e-02
1.006348432897209363e-02
1.005664919319305441e-02
1.005026531129779577e-02
1.005621192448848990e-02
1.005722628409066489e-02
1.005865200528864405e-02
1.004979405209435392e-02
1.005483091892850518e-02
1.005958507551513170e-02
1.005270728533034889e-02
1.005595553489750660e-02
1.006017518107301528e-02
1.005620254174099254e-02
1.005596888510891691e-02
1.005902669125198663e-02
1.006199525221973881e-02
1.005605010408132383e-02
1.004496528990433783e-02
1.004653347083922683e-02
1.004367566967796950e-02
1.004201092566651271e-02
1.004214395748859873e-02
1.003920448724928728e-02
1.003984131844396638e-02
1.004166031046713897e-02
1.004217396020546348e-02
1.005448267902038333e-02
1.005807557450366131e-02
1.004868012384495246e-02
1.005305499343334998e-02
1.840463233276408775e-02
1.860415493161470327e-02
1.861661004484032114e-02
1.827104164114369891e-02
1.827511071684664173e-02
1.827973248967864131e-02
1.903324100266682792e-02
1.903013059760489192e-02
1.903090863406384226e-02
1.896486416117396448e-02
1.899568020665948903e-02
1.899544228868932719e-02
1.897597282641594676e-02
1.898073526601921218e-02
1.896889335769419774e-02
1.889248117027069254e-02
1.882548657612111848e-02
1.887110683372264855e-02
1.887532364478030494e-02
1.881199353691405396e-02
1.873448675741853225e-02
1.853048948559645609e-02
1.859238915319654656e-02
1.859170179018563088e-02
1.896226998281489579e-02
1.896794342870981864e-02
1.899269428823720587e-02
1.845580864128582368e-02
1.848889881394425241e-02
1.832712548397008243e-02
1.834664746951052833e-02
1.834249458378354319e-02
1.833258744021818917e-02
1.827252153880460153e-02
1.827942299859790926e-02
1.825178684865972831e-02
1.830656846397964513e-02
1.922589036886558286e-02
1.922668706222437074e-02
1.922655908496216648e-02
1.922724448445434914e-02
1.922818964916304246e-02
1.917260554427073840e-02
1.917016055283897111e-02
1.916483752431016874e-02
1.916650826324254805e-02
1.917360868107185687e-02
1.915067687947379430e-02
1.923330050807998959e-02
1.924233297922922983e-02
1.917818000623307609e-02
1.919550939806584020e-02
1.917961871159075751e-02
1.916998050024675340e-02
1.917438220310746858e-02
1.917402800696688114e-02
1.916883479811547220e-02
1.916982671763501483e-02
1.916241146799620501e-02
1.916652971406366049e-02
1.914520553852529228e-02
1.918822755094582236e-02
1.915454067784399389e-02
1.916216904271721491e-02
1.916198180602637566e-02
1.912049767113771157e-02
1.913030114137596535e-02
1.911606901160201391e-02
1.909872826758461650e-02
1.912805314653681643e-02
1.911698448255568991e-02
1.911976332795937636e-02
1.912114303898393430e-02
1.912151316215214211e-02
1.911888342194589113e-02
1.914197927715118042e-02
1.909792050844200464e-02
1.915604108017370313e-02
1.910381432279871158e-02
1.911315015461337655e-02
1.910862514306574736e-02
1.909259629504616099e-02
1.911238168557524708e-02
1.915556564377002974e-02
1.923666709546824338e-02
1.923621701996437727e-02
1.924290102933707766e-02
1.920702774588472356e-02
1.921627595151652323e-02
1.921830886825680318e-02
1.923375527211192842e-02
1.923206976936713344e-02
1.922890926094767208e-02
1.923179839133672478e-02
1.922664703329659414e-02
1.921640366277160838e-02
1.921141582210862328e-02
1.913984221857609538e-02
1.913975225468638255e-02
1.913401145358814906e-02
1.912504241029459179e-02
1.913793028048294681e-02
1.913830938530066555e-02
1.912724847520451410e-02
1.914530012386709071e-02
1.909911359119294966e-02
1.918368681898917003e-02
1.918111931926271690e-02
1.915171294340867539e-02
1.872897568341060429e-02
1.874477947758029089e-02
1.873924208459833499e-02
1.874996941476610862e-02
1.874580659163035956e-02
1.875238937767545466e-02
1.875038173595875921e-02
1.874834863994427961e-02
1.869622867977428424e-02
1.871440197314765477e-02
1.870948942101958654e-02
1.871118133202210460e-02
1.870834900158863112e-02
1.870925229219292871e-02
1.871045465265167018e-02
1.872143729041424523e-02
1.872672589071533444e-02
1.872749938386642984e-02
1.872987058811091329e-02
1.872433057055763322e-02
1.873352786681932100e-02
1.871062884275756510e-02
1.871262023404596589e-02
1.870349995928831041e-02
1.871475392462553997e-02
1.870149134894686857e-02
1.869482800274904766e-02
1.869997881286246735e-02
1.869756957540679235e-02
1.868952018008525340e-02
1.870906174035277467e-02
1.870292220971580058e-02
1.870676905835261250e-02
1.867631360701032736e-02
1.857782262105139859e-02
1.862575029753586742e-02
1.862221460558756078e-02
1.856230193651644059e-02
1.854842078163715033e-02
1.856399099787187090e-02
1.854321440405006655e-02
1.856737425343932268e-02
1.856615179052328174e-02
1.854651832096675806e-02
1.857942877030860709e-02
1.858886228943045296e-02
1.858995796881115006e-02
1.856417930265171282e-02
1.863991058506749704e-02
1.863695451211927132e-02
1.859645226338550034e-02
1.859769686150451740e-02
1.859079355425900804e-02
1.858838944664052348e-02
1.859004831194647003e-02
1.859630306321133700e-02
1.859212875956560082e-02
1.858857048016751556e-02
1.846874739236837107e-02
1.848625014606239056e-02
1.849450377841616380e-02
1.848680550189893412e-02
1.848775384478899136e-02
1.840038970439473662e-02
1.840701678967653424e-02
1.840116674514500825e-02
1.849940596305035823e-02
1.847061690355769614e-02
1.847005564241021094e-02
1.846535490196933929e-02
1.845106451394877209e-02
1.844927098634529389e-02
1.845268443247639542e-02
1.844926737527711330e-02
1.844605357702949755e-02
1.846024228040356319e-02
1.845589241048002302e-02
1.846274291352654681e-02
1.845249498395988216e-02
1.847529050416832699e-02
1.847299797860604484e-02
1.847805980589386013e-02
1.847295868534346366e-02
1.847326811797073837e-02
1.848420659238898117e-02
1.848119713725171476e-02
1.848139539845317092e-02
1.844242968336350444e-02
1.846841769231905711e-02
1.846503536818321078e-02
1.848122861628119853e-02
1.844531865468213711e-02
1.844006230241446512e-02
1.844128428804137770e-02
1.844216662353687780e-02
1.845543290350791163e-02
1.845405169635178436e-02
1.844549753954799476e-02
1.845014934900188197e-02
1.843971641553866087e-02
1.843816213438261020e-02
1.845001945589365769e-02
1.843565506375558979e-02
1.843502002735225576e-02
1.843818569543785243e-02
1.844316921619967506e-02
1.856614512410048948e-02
1.858813801264850435e-02
1.856301146661272147e-02
1.858137470191587384e-02
1.864229080232184671e-02
1.864224274929802277e-02
1.864399973013469020e-02
1.864057242793724228e-02
1.863649311041514628e-02
1.864680170321096966e-02
1.860699379086870608e-02
1.858131157958201052e-02
1.861981254392579971e-02
1.861458432523804482e-02
1.869824342491437086e-02
1.857616736888370937e-02
1.858336495300814961e-02
1.865565809579374998e-02
1.860861838323715767e-02
1.859346975725284165e-02
1.862492427483739693e-02
1.855253730866189901e-02
1.854604569526906513e-02
1.859078940776638308e-02
1.859018040528455026e-02
1.859377571302878868e-02
1.858919210905975519e-02
1.858034794028533276e-02
1.858900815005108675e-02
1.857716623936195646e-02
1.857383930947834744e-02
1.857440848501581629e-02
1.857475292537488776e-02
1.857606938424740881e-02
1.856711142817498231e-02
1.857107607254735934e-02
1.856818504029002573e-02
1.857159557097756361e-02
1.857060066099602488e-02
1.855907640046376358e-02
1.856833876063699804e-02
1.856781750605263417e-02
1.856774704483711569e-02
1.857300788307880701e-02
1.856993151751685361e-02
1.857639607313335897e-02
1.856719639152153503e-02
1.858580002644561954e-02
1.858474711442409388e-02
1.857668078259131633e-02
1.856127721163507507e-02
1.856262928291638886e-02
1.856436662685275255e-02
1.856371808376953980e-02
1.856494290549588408e-02
1.859935549339197108e-02
1.861806477387977984e-02
1.860858475960049108e-02
1.861150452193987767e-02
1.858255161542866907e-02
1.858561370349365652e-02
2.006800230200260840e-02
2.005375704718762378e-02
2.005953989917223790e-02
2.006075810153991681e-02
2.005461108040661189e-02
2.004303288075582473e-02
2.005772168043918474e-02
2.005001104826775390e-02
2.004091210837933429e-02
2.003931209340218192e-02
2.003999185088273585e-02
2.004088359289505836e-02
2.003646397184911943e-02
2.003533148412412618e-02
2.001357050430260104e-02
2.000818539023926576e-02
2.001188610440778060e-02
1.982910106690741192e-02
1.991112250402934589e-02
1.999393825462159394e-02
1.996421079608934335e-02
1.991933325455476356e-02
1.991934252619548609e-02
1.999766526900674524e-02
1.999156529824946266e-02
1.998333345145686737e-02
1.998606705683312820e-02
2.000003511734446335e-02
2.000520376915752158e-02
2.001725343924118383e-02
2.000928181186975227e-02
1.999604932915887215e-02
1.999360405505900065e-02
1.998984177214150476e-02
1.997511419303367453e-02
1.884755267399061338e-02
1.884786510073238608e-02
1.882324800315335681e-02
1.883127292319866641e-02
1.902320429574930888e-02
1.903172303572255031e-02
1.903887502709620747e-02
1.906042537688213898e-02
1.906312085961191227e-02
1.907210708431707896e-02
1.907052102133437177e-02
1.907102891105407275e-02
1.907821387061032006e-02
1.907830927601894891e-02
1.907508489962693801e-02
1.908729916663345211e-02
1.908601668120505496e-02
1.909158923295225380e-02
1.908965774477434582e-02
1.922879739265424479e-02
1.900262617277784227e-02
1.898239610999115021e-02
1.897896992127398944e-02
1.898077677017379061e-02
1.899337052132300807e-02
1.896084395022612154e-02
1.880716999209877324e-02
1.880556415653898347e-02
1.882123519771103717e-02
1.882919444667796247e-02
1.882246946746723645e-02
1.882689371631763101e-02
1.883232986284365598e-02
1.881937139363078909e-02
1.882369785784995808e-02
1.882320463020367360e-02
1.882463929347413106e-02
1.882834461813078300e-02
1.883758195908741273e-02
1.884406428029595029e-02
1.882345151525703988e-02
1.874249640151308405e-02
1.874397638474674735e-02
1.863808469891396064e-02
1.863452343188232163e-02
1.863405541815566641e-02
1.862751027433694542e-02
1.863746988117180939e-02
1.863071773145918986e-02
1.863468793655726971e-02
1.860032382222931782e-02
1.859306294234313803e-02
1.858900084057535720e-02
1.866887323517822661e-02
1.866679722562956945e-02
1.866648632598585239e-02
1.863887846295196951e-02
1.856493459343574667e-02
1.857159597627184439e-02
1.854576148119549406e-02
1.865388173580065020e-02
1.866388220184683061e-02
1.860526397133407950e-02
1.861356242034317016e-02
1.858116222207793766e-02
1.859344007485013925e-02
1.859246769243126998e-02
1.859059397989366175e-02
1.859061610938461673e-02
1.858693662094428392e-02
1.860158489670809059e-02
1.859958510378965230e-02
1.859201780712360988e-02
1.859252769954033296e-02
1.859195123739099814e-02
1.860122425299369497e-02
1.860885529497973909e-02
1.860813575934866862e-02
1.860414780516292041e-02
1.860445061340953304e-02
1.860450763165414148e-02
1.860747983365584196e-02
1.859646311661723728e-02
1.859229038066989581e-02
1.858075148130384699e-02
1.861108179522773243e-02
1.860671281302449243e-02
1.860691413450451387e-02
1.858115826361786405e-02
1.858179425929569473e-02
1.859054164817772539e-02
1.860846429192805629e-02
1.861013618022686750e-02
1.860995491288803053e-02
1.858938333206565374e-02
1.863077989269230905e-02
1.864698031234813397e-02
1.865323539744782877e-02
1.868063669736353197e-02
1.867399098584889700e-02
1.865665775047900196e-02
1.867468880769473233e-02
1.864714246089149707e-02
1.866390053481584155e-02
1.864618179519436647e-02
1.864508341566896779e-02
1.864682618224062366e-02
1.867889832285245591e-02
1.867902094857583004e-02
1.865076636962086087e-02
1.864638055303600300e-02
1.864706751320855879e-02
1.864686950947063229e-02
1.864693894573370148e-02
1.864650535115312119e-02
1.865277773328695432e-02
1.864559153916799800e-02
1.865360129100615202e-02
1.865260058711833147e-02
1.865073124100258967e-02
1.862781824220900370e-02
1.829726139325295667e-02
1.827172919286099151e-02
1.830215032314532961e-02
1.833446338559606772e-02
1.857941209646986683e-02
1.858569885218739129e-02
1.857274351795185421e-02
1.860455887486731075e-02
1.860678957107196260e-02
1.859929722171784622e-02
1.858499145378151446e-02
1.858716154404276358e-02
1.861665864478047328e-02
1.861438185258775316e-02
1.862120768259691375e-02
1.859740817762095197e-02
1.859611049785458992e-02
1.859955187237203114e-02
1.859567543238157053e-02
1.858803492296622062e-02
1.855174084167058451e-02
1.857564585469417481e-02
1.857379385033281621e-02
1.857486815146995943e-02
1.856773211644864238e-02
1.858288198171694980e-02
1.862957062329629460e-02
1.862533161556489264e-02
1.862092557021445896e-02
1.863264745686466287e-02
1.861792298680450472e-02
1.862349406784319719e-02
1.861503533277720709e-02
1.847117084928841593e-02
1.846919035136105475e-02
1.845287620565921535e-02
1.846796704973167891e-02
1.844175201891014651e-02
1.845613539720154447e-02
1.846774327288406778e-02
1.854725324614229717e-02
1.851472609055410112e-02
1.854757264797352728e-02
1.854700446981453685e-02
1.852114904772363124e-02
1.851895596268075123e-02
1.867213919687328930e-02
1.870531281005207228e-02
1.869967114360412963e-02
1.868262771699558469e-02
1.868776538903925422e-02
1.869246124162397132e-02
1.868294097487741001e-02
1.869643833842101616e-02
1.870326625638320944e-02
1.870198717361157628e-02
1.864628683644238560e-02
1.863995230192885474e-02
1.866229846170595896e-02
1.865814861121406140e-02
1.866116188267277418e-02
1.866361812962017905e-02
1.866323253571914795e-02
1.866335141580323029e-02
1.866048368964729962e-02
1.859659525277704631e-02
1.858613157385826178e-02
1.858299736129301674e-02
1.858676403913990874e-02
1.866733864783381644e-02
1.864553137508397421e-02
1.864471399473104085e-02
1.865508267579097865e-02
1.864947231576066441e-02
1.846168643962082037e-02
1.844732412075917455e-02
1.845471472087234499e-02
1.846923042087812716e-02
1.845591864962522685e-02
1.858893652707759372e-02
1.853168233715634869e-02
1.863130495040938792e-02
1.863091931777232854e-02
1.862628115522682939e-02
1.864137001131005097e-02
1.863076221439964250e-02
1.864583866911725604e-02
1.863672999513670339e-02
1.860461772910071074e-02
1.862286454319199425e-02
1.868698381846565365e-02
1.868926869941747726e-02
1.868744492262129631e-02
1.875050976391581456e-02
1.874553265532644467e-02
1.872120737260774687e-02
1.873805056172267794e-02
1.873882335061069146e-02
1.874238742158095342e-02
1.874800016388596807e-02
1.807340346483389884e-02
1.808794166131298675e-02
1.831196100527065010e-02
1.830340182830226745e-02
1.831422462184952027e-02
1.869876313020884390e-02
1.869641130864665643e-02
1.869688718423241983e-02
1.870307842961925829e-02
1.871000830747383478e-02
1.869391542362230929e-02
1.869904702390540879e-02
1.737449434389552044e-02
1.737021453151826877e-02
1.743046480696603187e-02
1.743849394144371054e-02
1.743043329029151170e-02
1.760804721785499960e-02
1.759384016214882163e-02
1.757752798568051542e-02
1.760257275080434614e-02
1.759049378657827692e-02
1.759191871684621933e-02
1.758964098579647931e-02
1.762937040320270918e-02
1.762354406157863596e-02
1.762949690169685404e-02
1.763093686972672103e-02
1.761932373005791266e-02
1.762917394857328734e-02
1.739694215822400192e-02
1.735599204379860427e-02
1.767952152677574121e-02
1.769772758478744754e-02
1.769785746736643808e-02
1.769825446709136912e-02
1.769702380653312770e-02
1.799088153534224646e-02
1.788644634641561176e-02
1.790919453574647477e-02
1.790762706874645185e-02
1.791243314095893394e-02
1.790415722478293226e-02
1.789947596936605420e-02
1.760954948116048857e-02
1.762123887702063754e-02
1.761746498256402949e-02
1.762055995293041258e-02
1.761520658869895548e-02
1.761673489848978799e-02
1.760226743487054019e-02
1.760925926906846753e-02
1.763942100440536384e-02
1.765368852609740594e-02
1.779526574656323940e-02
1.779487491073830641e-02
1.781330796542080278e-02
1.777438013567868291e-02
1.778796180832286841e-02
1.779509095743261882e-02
1.777744918324927065e-02
1.777818250261574071e-02
1.779101429836776882e-02
1.776039514328101726e-02
1.775466623821713927e-02
1.775836317192203487e-02
