-1.463501619228648907e-03
-1.463573162848439725e-03
-1.464009781709503391e-03
-1.464522421504383699e-03
-1.464764866994809622e-03
-8.328373433619775529e-03
-8.328353818124982835e-03
-8.328610852090651689e-03
-8.328560933843853417e-03
-8.328524841136022289e-03
-8.328242544974516492e-03
-8.327849541782892870e-03
-2.398252738930129347e-03
-2.398293902250103748e-03
-2.398142494637919842e-03
-2.398136544221668096e-03
-2.398439885023056183e-03
-2.398090574926159922e-03
-2.398153036089065854e-03
-2.398210962913722728e-03
-2.397842422580808309e-03
-2.397704166479134799e-03
-2.397721499977526621e-03
-2.397537926990364176e-03
-2.397572227140469352e-03
-2.396264905765176350e-03
-2.396329091046793362e-03
-2.396328917537643172e-03
-2.394940036377073145e-03
-2.394645047680577302e-03
-2.394944378910387854e-03
-2.395100770913643519e-03
-2.396214454425154433e-03
-2.396498109228955252e-03
-2.398147536126995008e-03
-2.398165712433658354e-03
-2.398251922586954431e-03
-2.398256856514202531e-03
-2.398172686971641963e-03
-3.728924071239753026e-03
-3.728916858367148715e-03
-3.728917443577534942e-03
-3.728944675157959583e-03
-3.728860983251815545e-03
-3.728850005511607363e-03
-3.728939797081503790e-03
-3.729028374714776252e-03
-3.729024746218779530e-03
-3.705614561318212700e-03
-3.361939022939268147e-05
-3.315446812636323626e-05
-3.229838469951550371e-05
-3.223708141884696200e-05
-3.222277025173257150e-05
-3.217452689221361636e-05
-3.145249788249438404e-05
-3.152672059600357174e-05
-3.077720819088748991e-05
-3.090376043605555403e-05
-3.232537892598597284e-05
-3.219228201184375424e-05
-1.990895082114217673e-03
-1.991442452167570699e-03
-1.991786112250201485e-03
-1.991846430332271795e-03
-1.991932501467508221e-03
-1.992005236564948871e-03
-1.992019517907382166e-03
-1.991990600544419655e-03
-1.992080748214527467e-03
-1.992171702482848413e-03
-2.292998215264923159e-03
-2.291512575421248300e-03
-2.291154207369068205e-03
-2.291291618640592300e-03
-2.291219232943669717e-03
-2.291413295538492073e-03
-3.781529383684352572e-03
-3.781632556230078105e-03
-3.771990750817492619e-03
-3.771949905182288201e-03
-3.990949447400825301e-03
-3.990791895309838029e-03
-3.990101817289856689e-03
-3.989743258991375677e-03
-3.989442434181901531e-03
-3.962162099357336570e-03
-3.943422507799295047e-03
-3.948473600817234593e-03
-4.062408517883645681e-03
-4.062527146062459675e-03
-4.062264884486433206e-03
-4.062419037895853395e-03
-4.063328891422528406e-03
-4.062158444902891179e-03
-4.061698474888270072e-03
-4.061761784844967332e-03
-4.061923489412642627e-03
-4.062496189201242856e-03
-4.062174293781835657e-03
-4.062123493631577403e-03
-4.061321214641495231e-03
-4.061274336464614117e-03
-4.059766627133074013e-03
-4.059257327831357690e-03
-4.059360438299975012e-03
-3.638788384804509876e-03
-3.638783894835665236e-03
-3.638772118663353202e-03
-3.638731824826300660e-03
-3.638579275886774222e-03
-3.638559856749367608e-03
-3.638491191094815527e-03
-3.638989187437753712e-03
-3.638792478801083918e-03
-3.638780433585451276e-03
-3.638772118729299149e-03
-3.638822731858228857e-03
-3.638802152699767336e-03
-3.638778607692302793e-03
-3.638601081506488612e-03
-3.638706188150409981e-03
-3.638789634459433254e-03
-3.638761952344451035e-03
-2.654462618692848483e-03
-2.652331568060293208e-03
-2.651794808748877616e-03
-2.652384498757980481e-03
-2.655369951477055436e-03
-2.655478403069605215e-03
-2.655488199173202356e-03
-2.655273251062848124e-03
-2.655563366752426279e-03
-2.655607004613585488e-03
-2.655597277074860010e-03
-2.655547998714961715e-03
-2.655546039755738146e-03
-2.655277264505267239e-03
-2.655280933669600281e-03
-2.913807000018773640e-03
-2.913781221063648560e-03
-2.913803181074192065e-03
-2.913761116550943765e-03
-2.913302707616607229e-03
-2.913352944721381114e-03
-3.457064793465169147e-03
-3.456942060149983693e-03
-3.457801572322583353e-03
-3.458009389656589716e-03
-3.456879406219541453e-03
-5.052902049573501295e-03
-5.053235452979233655e-03
-5.050934988894187003e-03
-5.051649695838151925e-03
-5.049715715828232386e-03
-5.054937382988958054e-03
-5.054848042846902048e-03
-5.054394377626688847e-03
-5.054161657690286504e-03
-5.054684759810103116e-03
-5.054496022277489217e-03
-5.054345273249342442e-03
-5.054303777004926120e-03
-5.040694927181251124e-03
-5.041168107581676591e-03
-5.051174774119394743e-03
-5.047668584712035680e-03
-5.038812543097980802e-03
-3.374469659216848549e-02
-3.374719780038655526e-02
-3.374694472471205520e-02
-3.374968075999406486e-02
-3.374901914698227173e-02
-3.374908436921992411e-02
-3.374915027202583101e-02
-3.374926702084676128e-02
-3.374837511702279830e-02
-3.374839538497028529e-02
-3.374848985100376009e-02
-3.374846491063196452e-02
-3.374834526850194194e-02
-3.374809183300076648e-02
-3.374834505059021855e-02
-4.011733953927495121e-03
-4.012133034206485926e-03
-3.959028354407031353e-03
-3.962490126195909561e-03
-3.962616140675240956e-03
-3.962571180303632069e-03
-3.962780753816986211e-03
-3.961894701273289965e-03
-3.961820567026454881e-03
-3.961817857351063697e-03
-3.961702979660230647e-03
-3.962112180306693460e-03
-3.960088102048035449e-03
-3.959856477176702111e-03
-3.959172840498851459e-03
-3.959460198281512452e-03
-3.959158059662241241e-03
-3.959065530209679440e-03
-3.821335097570874913e-03
-3.821531194295675442e-03
-3.821391815963341102e-03
-3.821542461896441922e-03
-3.820948194793445489e-03
-3.820923556818298875e-03
-3.820980399394661737e-03
1.028108002662168246e-03
1.028231060161402229e-03
1.247365833839456746e-03
1.241935484911171981e-03
1.546447166670268832e-02
1.473624811991447736e-01
1.473775389164068139e-01
1.473873219656224864e-01
1.473958440153832483e-01
1.473959117988593026e-01
1.474006841103583931e-01
1.136643140598770224e-01
1.136641592681085083e-01
1.136642403002275925e-01
1.136641461693641830e-01
1.136649975519204853e-01
1.136650102215494840e-01
1.136649455797535818e-01
1.136670702131315491e-01
1.136670629472394944e-01
-6.674100111941667912e-02
-6.674002405380990988e-02
-6.673214285355455466e-02
-8.959334383090390361e-03
-8.959094792640301397e-03
-8.957584000626390638e-03
-8.957728569039346764e-03
-8.957513641065581109e-03
-8.958538056204681799e-03
-8.960482009504795037e-03
-8.960438520645801902e-03
-8.960352896644560236e-03
-8.959912742380664319e-03
-8.960249287190188289e-03
-1.273782165680577110e-03
-1.274143676598559014e-03
-1.272255154464198507e-03
-1.272115498624214712e-03
-1.272156362433921398e-03
-1.272158470144547221e-03
-1.271960948154948800e-03
-1.271987258319240161e-03
-1.271944939914914242e-03
-1.272001355802830375e-03
-1.271428795823941046e-03
-1.271416347412356301e-03
-1.271264814246595527e-03
-1.271085021758448915e-03
-1.270967094052253415e-03
-1.271232834542624420e-03
-1.273260670946372262e-03
-1.273155074449954871e-03
-1.272812213096447941e-03
-1.444969097969238132e-03
-1.445471165744770378e-03
-1.444713784234602418e-03
-1.444621818296270470e-03
-1.443627399502697911e-03
-1.443734012876398852e-03
-1.443336835499273423e-03
-1.443493062148271458e-03
-1.443369343334317259e-03
-1.444259078838210086e-03
-1.443892386080437374e-03
-1.443911868887532216e-03
1.595378983816998731e-03
1.595182617537819819e-03
1.595135434493817573e-03
1.568984159329009451e-03
1.568247631816332152e-03
1.568130788702580937e-03
-1.146720753343316926e-03
-1.146951352119208144e-03
-1.147047419781663203e-03
-4.008104194681202248e-05
-3.995286600973462637e-05
-3.997434422629635268e-05
-4.014038444299643807e-05
-3.996801113158332010e-05
-4.000035868765845597e-05
-3.940530445650259077e-05
-3.939466578429859215e-05
-3.960759268972087851e-05
-3.964777353100420543e-05
-3.953156359485441158e-05
-3.951869281949706798e-05
-3.921771239118608163e-05
-3.927271821254402266e-05
-3.954239528077323695e-05
-3.942586698713070433e-05
-3.924602125581583642e-05
-3.963376470851059675e-05
-3.962797154962511192e-05
-3.965562306734820951e-05
-3.961127276031133711e-05
-3.959965202231288244e-05
-3.949083887167708154e-05
-3.944669080490869327e-05
-3.937807494551959290e-05
-3.934659424451186646e-05
-3.947820615165731285e-05
-3.944157705894295166e-05
-3.954162283527491142e-05
-3.953060451667390413e-05
-3.932659710098161692e-05
-3.972607505605086432e-05
-3.973804232153259504e-05
-3.967065777945542735e-05
-6.851113229393332275e-04
-6.849637690973152610e-04
-6.850051905155892309e-04
-6.856430641752784758e-04
-6.857319970042484447e-04
-6.855839539529800034e-04
-7.267609042753256409e-04
-7.527387655896940460e-04
-7.527768794821972781e-04
-7.527661771994183151e-04
-7.527524351409742298e-04
-7.539956949670327405e-04
-7.538752351723776533e-04
-7.538513106349446768e-04
-7.535958061937565256e-04
-7.534718535151257871e-04
-7.534755755201701273e-04
-7.534402339479821581e-04
-7.534303085158432179e-04
-7.535603378807372932e-04
-7.537403039973313533e-04
-7.536883678623424463e-04
-7.537746045629151615e-04
-7.540695764892763530e-04
-7.538680219117806442e-04
-7.540321318871570861e-04
-7.541914999006337763e-04
-7.536512525652656154e-04
-7.531575891965693135e-04
-7.534188653395735994e-04
-7.521180059392956838e-04
-7.520352489923725833e-04
-7.520075636845165558e-04
-7.520514698980169813e-04
-7.522248111106165109e-04
-7.522493572672429981e-04
-7.522354197700824871e-04
-7.525260962211042159e-04
4.002491118461200216e-04
4.001645398373695215e-04
4.001253144259752552e-04
4.002433497504281597e-04
4.000076707904220898e-04
3.991599166683904498e-04
3.994002020278608080e-04
3.989205846664027849e-04
3.988553050070670633e-04
5.016624176249435746e-04
5.015548029947190876e-04
5.017887375606973864e-04
5.009772681105029808e-04
5.010824742804123860e-04
5.011250189132257461e-04
5.016366929936378087e-04
5.012344663828636766e-04
5.012721663026956619e-04
5.015916991258412196e-04
5.015868881114036917e-04
5.012632618142066551e-04
5.014620999256325920e-04
5.018230340780381171e-04
4.664962812052388910e-04
4.666343748908257445e-04
4.665097707614500409e-04
4.665166055050620417e-04
4.662164547661077837e-04
4.666633573755468267e-04
4.665806999932252440e-04
4.665723514714700967e-04
-8.419227921273572668e-03
-8.419316988082282266e-03
-8.419277217896800614e-03
-8.419212939695427944e-03
-8.419219939580235151e-03
-8.419203218502639696e-03
-8.419277387046607622e-03
-8.419188205351717594e-03
-8.419186015236610962e-03
-8.419168880329931659e-03
-8.419173259954405505e-03
-8.419136611498586817e-03
-8.418385838733765184e-03
-9.057056311249195649e-03
-9.057154361035270676e-03
-9.056133505178771276e-03
-9.055340492710632974e-03
-9.055181765793252416e-03
-9.052774144755762475e-03
-9.051543415676295903e-03
-9.051521262578944571e-03
-9.051536718654726657e-03
-9.051682877127755975e-03
-9.051636558910482189e-03
-9.051628526037362038e-03
-9.051860537506267040e-03
-9.051799537425915532e-03
-9.051848544716838835e-03
-9.052344223355841130e-03
7.953979020334753540e-04
7.954283795138211276e-04
7.953810039776835865e-04
7.954475864655535453e-04
7.953113272092613567e-04
7.952478311823530993e-04
7.952644972775893941e-04
7.954211955135875650e-04
7.954700739455844091e-04
7.953954748233416257e-04
7.952387533913869060e-04
7.952176854234780387e-04
7.948532104446659127e-04
7.948545424218365083e-04
7.948328451895510325e-04
7.948415645908279894e-04
7.948484550347295315e-04
7.948307757186775027e-04
7.953875479741598017e-04
7.952335430436031482e-04
7.949881291645380594e-04
7.944369592591677938e-04
7.949251977016004618e-04
7.783289188452209443e-04
7.785017725860743452e-04
7.786221261056783900e-04
-1.259170456485952071e-02
-1.259170318633756613e-02
-1.259186245825486168e-02
-1.259189569830978725e-02
-1.259149374948159532e-02
-1.259155600518995291e-02
4.231894723597426702e-03
4.232312486058331831e-03
4.232334504741043155e-03
4.232298422107621215e-03
4.232217575991722124e-03
4.232158832494899159e-03
4.232147543506059074e-03
4.231977827266211745e-03
4.231845703675695541e-03
4.231788491347839368e-03
4.231638413400148555e-03
4.231868707815947088e-03
4.231745962655018498e-03
4.231819361083484672e-03
4.231717115860227085e-03
4.231772922858164851e-03
4.231885500409103378e-03
4.231787195631634031e-03
4.231791345519001803e-03
4.231713655821364023e-03
4.231766891594546977e-03
4.231526455745234297e-03
4.231357635365880394e-03
4.231573496592267933e-03
4.231969722464509580e-03
2.212365158023289757e-03
2.212407392348618440e-03
2.212279151688133997e-03
2.211745204650675950e-03
2.211708020714775111e-03
2.372131176747749228e-03
2.372449043621757681e-03
2.372392943840596902e-03
2.372298754798257431e-03
2.372312094346301289e-03
2.372240212110228539e-03
2.372335893987441956e-03
2.372183606829827637e-03
2.372284297209089482e-03
2.372846671468338466e-03
2.404208508557220333e-03
2.401737884493132958e-03
2.401572911798026660e-03
2.401405421900098310e-03
2.401468309164304753e-03
2.403483351915886284e-03
2.421626541638032676e-03
2.422286371936811702e-03
2.422445291375825878e-03
2.422217614901935306e-03
2.421519549231390851e-03
2.421591500979286982e-03
2.421893497473989135e-03
2.421681301631779630e-03
2.421592804677641549e-03
2.422389561149967691e-03
2.422439589801731515e-03
2.422404637458168246e-03
2.411635469685950803e-03
2.411686080964310901e-03
2.411578714330598304e-03
2.412512385569977325e-03
2.412410745995528186e-03
2.412506511451414665e-03
2.412442430041288055e-03
2.412421521936544862e-03
2.412356660676571660e-03
2.412118980304264835e-03
2.412586043533727388e-03
4.630093706389985624e-03
4.628995624451579319e-03
4.628931662522988051e-03
4.628847219170739019e-03
4.629257394034396594e-03
4.628873798195966283e-03
4.628723207134905968e-03
4.426349209564483383e-03
3.907715292436556714e-03
3.907195498929206569e-03
3.907007011942686091e-03
3.907249407952786795e-03
3.907244767928603341e-03
3.907491208545554005e-03
3.907451857820950711e-03
3.907610061136822764e-03
3.907577977074045555e-03
3.907630272675948271e-03
3.907564677534220224e-03
3.907572372634299934e-03
4.838574771504631014e-03
4.838715762492579002e-03
4.841782471788042864e-03
1.990927490744660161e-03
2.001593801002627803e-03
1.983182502370333267e-03
1.983265033495202386e-03
1.998262061921381866e-03
2.005878083072884510e-03
2.005822758715046505e-03
2.006983084640104765e-03
2.006903568928875350e-03
2.007261291082319474e-03
2.007004240199331078e-03
2.007547977568209692e-03
2.007527532359016948e-03
2.007312589690667635e-03
2.007523514480660971e-03
2.005936568895083649e-03
2.005679570662445912e-03
2.005679500574610204e-03
2.005780135573986909e-03
2.005790164042747618e-03
2.006289593833831576e-03
2.006874327080995606e-03
2.007235926167266586e-03
2.005320403359650040e-03
2.004116450842284309e-03
-1.895567834771018931e-03
-1.891207320107345363e-03
-1.892530411003930015e-03
-1.895899763105086434e-03
-1.892415350743664954e-03
-1.791264776804777714e-03
-1.791209171287503916e-03
-1.791205888157807206e-03
-1.791178904684453694e-03
-1.791210963988496344e-03
-1.791217086156936082e-03
-1.791192341861525461e-03
-1.791150765280264540e-03
-1.790966438199100442e-03
-1.791218270038153534e-03
-1.791274749036858615e-03
-1.791222090792178546e-03
-1.791183153499601713e-03
-1.790959144923697129e-03
-1.790918786949276861e-03
-1.830180669869565461e-03
-1.830207705954017177e-03
-1.830180892716386102e-03
-1.830129919050570457e-03
-1.829839048029216226e-03
-1.829672527529610125e-03
-1.829618280482988918e-03
-1.829767860394985231e-03
-1.829681672948774282e-03
-1.829888322062195490e-03
-1.834674562824451655e-03
-1.834200906479544662e-03
-1.833929445925879106e-03
-1.834542991346189804e-03
-1.857911137385431441e-03
-1.824756139910484101e-03
-1.824483385750224089e-03
-1.824493040734234944e-03
-1.825261585370282743e-03
-1.837662383299000285e-03
-1.837414902846213694e-03
-1.845199563685446468e-03
-1.843032368464109358e-03
-1.842929352253239259e-03
-1.837552651702654841e-03
-1.837698691255577324e-03
-1.837739030774859349e-03
-1.834232504227443095e-03
-1.834179013347900277e-03
-1.834728263656998024e-03
-1.834902347278810110e-03
-1.834637986007674236e-03
-1.834752151284062575e-03
-1.835222187586500872e-03
-1.835280787916547009e-03
-1.835223133568191422e-03
-1.837190863226553653e-03
-1.834526280863905869e-03
-1.835099483633552018e-03
-1.835113651711269131e-03
-1.835025241847842862e-03
-1.837598093050136572e-03
-1.837684354498008224e-03
-1.837555847861199482e-03
-1.837495745767640971e-03
-1.837642510687327070e-03
-1.837650753974854473e-03
-1.837991319454377421e-03
-1.837639387983024900e-03
-1.835102716867464392e-03
-1.835085398137976335e-03
-1.835855603058642472e-03
-1.835832009230723740e-03
-1.835787534424072670e-03
-1.835862822809388069e-03
-1.835783248135473876e-03
-1.835685219654893978e-03
-1.835679408942540855e-03
-1.835715466828937619e-03
-1.835594958008842682e-03
-1.835140119823574969e-03
-1.816144866193667579e-03
-1.816659942552046377e-03
-1.819338709418534756e-03
-1.830425458506833520e-03
5.338432607052917209e-03
5.338919690246907504e-03
5.339057944388661374e-03
5.339036323287091670e-03
5.338706879218082374e-03
5.338863554542411238e-03
5.338865244737861851e-03
5.338789915889547398e-03
5.339150661523578943e-03
5.339015425822358184e-03
5.339053464871237713e-03
5.338687505334505957e-03
5.337714909798074031e-03
5.334875916558069232e-03
5.334906107242271857e-03
5.334927338635064159e-03
5.334967117153803506e-03
5.333760459491159421e-03
5.333700497797916849e-03
5.330754953468443136e-03
5.330772306633592764e-03
5.330853559071697771e-03
5.330852427091785188e-03
5.330854383478065596e-03
5.330856658098950471e-03
5.330805080037442044e-03
5.330753548059335468e-03
5.330510727846433407e-03
5.330351799555942821e-03
5.330166326182659772e-03
5.330173773037670884e-03
5.330231265548637277e-03
5.329943176071529065e-03
5.329983041510800816e-03
5.330171273663477163e-03
5.330212342284443815e-03
5.330090312996024933e-03
5.330254300768023749e-03
5.330012669670630872e-03
5.329874033922961732e-03
5.331482170124784287e-03
5.330854125407569200e-03
5.330837103437091953e-03
5.330849096259157247e-03
5.331113020367204622e-03
5.331349384962640742e-03
5.331168901795567752e-03
5.331217225115931178e-03
5.330615529781639050e-03
5.330608672949382551e-03
5.330810236529853058e-03
5.330806351197005070e-03
5.330915555660308003e-03
5.330962955387504205e-03
5.330995222394281641e-03
5.330973640427125529e-03
5.331007905323040946e-03
5.330926874429977799e-03
5.325503673361577095e-03
-4.312192249511063134e-03
-4.310473105982611138e-03
-4.310584460745058542e-03
-4.310395157318451520e-03
-4.310512030756208195e-03
-4.563100911374354945e-03
-4.563148579935241700e-03
-4.564136951769501641e-03
-4.563985491864060336e-03
-4.564003201823841997e-03
-4.564034700590070999e-03
-4.564097851403348463e-03
-4.564036519462745002e-03
-4.564035376473425491e-03
-4.564071307120818634e-03
-4.564176509524029389e-03
-4.564159964066854917e-03
-4.564062855694764852e-03
-4.564286253326523685e-03
-4.563904402598527137e-03
-6.011883351163116798e-03
-6.011505572802855815e-03
-6.012155234650025035e-03
-6.012971995623545181e-03
-6.017763005085489947e-03
-6.015973468193032934e-03
-6.015719956345435236e-03
-6.015843378340417907e-03
-6.015642126259403838e-03
-6.015533015620787641e-03
-6.007469976718281431e-03
-6.007873283727838479e-03
-6.006406896357652757e-03
-6.004992472474942646e-03
-6.005489269929748831e-03
-6.005639177382691984e-03
-6.009096259531767834e-03
-6.009226253459412637e-03
-6.014379605849561744e-03
-5.908669839349681846e-03
-5.908635288526729173e-03
-5.908578020798093550e-03
-5.908323341274782786e-03
4.578055725794630826e-01
4.578033506685912912e-01
4.578077115838687927e-01
-1.492180720688523685e-03
-1.492522856922604739e-03
-1.491915791498882836e-03
-1.491835693405146619e-03
-1.492131257035601410e-03
-1.483255106232447915e-03
-1.483195920165205186e-03
-1.483228808491656499e-03
-1.483048423724511039e-03
-1.482973334437361979e-03
-1.481762522758449776e-03
-1.482033648557253913e-03
-1.481992741846397364e-03
-1.457311042279016639e-03
-1.457100699424639318e-03
-1.456740563530388357e-03
-1.456309012158562167e-03
-1.456252239103250547e-03
-2.894128310440423953e-03
-2.894479927611179858e-03
-2.901707128105046867e-03
-2.901595066996462500e-03
-2.901561715551734602e-03
-2.916973657296098414e-03
-2.917108234222704887e-03
-2.917114275018624792e-03
-2.917053924042036211e-03
-2.917456683135734308e-03
-2.917434203515724672e-03
-2.916897668041651837e-03
-2.916905771470116541e-03
-2.916936265159774527e-03
-2.916973079180329616e-03
6.055814846820918584e-03
6.055734090856903715e-03
6.055693301832645696e-03
6.055673919138305529e-03
6.056136038135703954e-03
6.112285669919312152e-03
6.112280263236734811e-03
6.112332683040207562e-03
6.112616611508919426e-03
6.112417935013962286e-03
6.112453314733511285e-03
6.112065638669612715e-03
6.112182043011396386e-03
6.111973148738312177e-03
6.112026392405730743e-03
6.111937504931273454e-03
6.112069813808482764e-03
6.112084954570067355e-03
6.112224133104758421e-03
6.112221217733664579e-03
6.112195464308124888e-03
6.112291737613918460e-03
6.112124223339203063e-03
6.112328339510295951e-03
6.112550956398787871e-03
6.111973460937724333e-03
6.111342280779968363e-03
6.111725403961909206e-03
6.111687924338372532e-03
6.111743652916279412e-03
6.111696449054707277e-03
4.802171320629535986e-03
4.787046708204298687e-03
4.789894032746650279e-03
5.168693800321017169e-03
5.168975537587166755e-03
5.168972283669776013e-03
5.169064500338909317e-03
5.169086421422432361e-03
5.169258028582532534e-03
5.169139025398063539e-03
5.169035359056551628e-03
5.168994753915136589e-03
5.168667733266848335e-03
5.168698858299379702e-03
5.168745773711169549e-03
5.169003821833902286e-03
5.168589503575356237e-03
5.168575422156963806e-03
5.146901707809632687e-03
5.146294400518701580e-03
5.146756405042518349e-03
5.146452333254433742e-03
2.432245484187885078e-03
2.432156423077060352e-03
2.432102327961305904e-03
2.432096844141451962e-03
2.432140235859526090e-03
2.432182280926731277e-03
2.432162959537326197e-03
2.431666203367368814e-03
2.431558129797777457e-03
2.431649750477392607e-03
2.431511724966238866e-03
2.431486075352441798e-03
2.431264556086241545e-03
2.431427897292801586e-03
2.431486699226466722e-03
2.431456214496504568e-03
2.431375206528737197e-03
2.431429213161524598e-03
2.431220930433283366e-03
2.431513475200586076e-03
2.454518426395327618e-03
2.455729401806764755e-03
2.455041294637116175e-03
2.455382714133688259e-03
2.456482203129874749e-03
2.456558924198264972e-03
2.456139623000615051e-03
2.455772592002735625e-03
2.455343588076035373e-03
3.171506839664585951e-04
3.170533310033207559e-04
3.171629553147819894e-04
3.171632916980518069e-04
3.172219904362183008e-04
3.161874958725453908e-04
3.161390178474576731e-04
3.161363842375135074e-04
3.161156820079782004e-04
3.161268584176172235e-04
3.160364607279604566e-04
3.160240374082092158e-04
3.160902977280038084e-04
3.160782068404742375e-04
3.160638178657499504e-04
3.160760795739523408e-04
3.159586792668176249e-04
3.140317154213049773e-04
3.140073384295289120e-04
3.140232044823319715e-04
3.140244738258326151e-04
3.210630139003917550e-04
2.639093645765448401e-03
2.639210218762022293e-03
2.639267088009528747e-03
2.637374676293830020e-03
-9.530390887296229241e-03
-9.530778061816036831e-03
-3.307669988329703728e-03
-3.307828645695354026e-03
-3.307903224281358735e-03
-3.307869907337444501e-03
-3.307889618701156335e-03
-3.307931399263909760e-03
-3.307992628064167565e-03
-3.308026223535182053e-03
-3.307985871190289012e-03
-3.308065806672050562e-03
-3.308125902460016740e-03
-3.308148552452464322e-03
-3.308572059100591250e-03
-3.308941049149186596e-03
-3.308905558248817404e-03
-3.308835983999060173e-03
-3.308663430361098202e-03
-3.308920125942749202e-03
-3.308921296451101338e-03
-3.308903329869613153e-03
-3.308835823504438240e-03
-3.309078424926232241e-03
-3.309166093160266931e-03
-1.165777969899132321e-02
-1.170054067645229755e-02
-1.170058318781890330e-02
-1.170571176917035647e-02
-1.170559945374881859e-02
-1.170548468251121112e-02
-1.170542903512628886e-02
-1.170548480577387855e-02
-1.170542889028180003e-02
-1.170546890354035897e-02
-1.170554087896359674e-02
-1.170563562086280804e-02
-1.170578932244965495e-02
-1.170572944402023009e-02
-1.170568207263041061e-02
-1.170558902163231808e-02
-1.170564075215394309e-02
-1.170559748875948589e-02
-1.170553417856740400e-02
-1.170552620044588987e-02
-1.170549358205644555e-02
-1.170614034020239433e-02
-1.170533436104146362e-02
-1.170458493597066434e-02
-1.170477203763488870e-02
-5.212443000774572661e-04
-5.207969543060349303e-04
-5.208692163370182626e-04
-5.204821149331326268e-04
-5.204819554838312082e-04
-1.195693513355118674e-03
-1.195877223379316484e-03
-1.196089083908414728e-03
2.591196666612583747e-03
2.590678033826598978e-03
2.590517853962033979e-03
2.590739704806548083e-03
2.590712617869880916e-03
4.315943925033069277e-03
4.316031482864846752e-03
7.772114121607099496e-03
7.771955497924316891e-03
7.771979910254489879e-03
7.772006639500660466e-03
7.771823552710743245e-03
7.770557195974263712e-03
7.770706095046976854e-03
7.773583850960131061e-03
5.514951313147125125e-03
5.515530049295461201e-03
5.515336248402539013e-03
5.515331776394078421e-03
5.515358519464231765e-03
5.515575944849266526e-03
-1.344534223449104712e-02
-1.344474858959720034e-02
-1.344476575668855471e-02
-1.408204112544573020e-02
-1.409193274334739551e-02
-1.409183175428944598e-02
-1.408135636734676385e-02
-2.095034561954168748e-02
-2.095043180506151251e-02
-2.095097149876138515e-02
-2.095954377787859896e-02
-2.095966146370070726e-02
-2.095964945024038698e-02
-2.095936394464829877e-02
-2.095976876980383194e-02
-2.100513568031821265e-02
-2.100470665463368899e-02
-2.100528482396027408e-02
-2.100464742769118931e-02
-2.100512301704369339e-02
-2.100627551749462141e-02
4.687419513047082209e-03
4.687426882875188501e-03
4.687447640519673726e-03
4.687362292433843239e-03
4.687514845544949425e-03
4.687467941953146408e-03
4.687982104845337533e-03
4.688053740767495273e-03
4.687759217650968972e-03
4.681383490611590315e-03
4.684363003161188740e-03
4.684374421635675856e-03
4.684270549397391223e-03
4.684283449942923221e-03
4.684326690561200178e-03
4.684305403933264160e-03
4.684209016299989078e-03
4.684137877096388250e-03
4.684075781672074508e-03
4.684167973649954429e-03
4.680347020001317943e-03
-3.343825057286098530e-04
-3.343408800069633778e-04
-3.343891304756519702e-04
-3.333714165473866480e-04
-3.333714165473433341e-04
-3.334080126944353908e-04
-3.334749922378737867e-04
-3.334493623511794826e-04
-3.335528148160443154e-04
-3.334177752634907973e-04
-3.327981760420065278e-04
-3.328769234520097004e-04
-3.328428038189985816e-04
-3.328100161268514887e-04
-3.328645400097561395e-04
1.873938085581360047e-02
1.873923284575271589e-02
1.873755889066847785e-02
1.873817565616328618e-02
-1.658702997840153350e-03
-1.655843390968138231e-03
-1.656039382441516815e-03
-1.655325112345609403e-03
-1.655418170932778862e-03
-1.655503344451378670e-03
-1.655316467544519802e-03
-1.655450883353621521e-03
-1.655423421803699658e-03
-1.655472861268995855e-03
-1.655132026556499318e-03
-1.655394956717019112e-03
-1.655275063223605927e-03
-1.655255147764907522e-03
2.185590964994659109e-03
2.186099621916956243e-03
2.185863767769324808e-03
2.185941457644329389e-03
6.198851379947928168e-03
6.200595133539979140e-03
6.201251151475168852e-03
6.201109196952469746e-03
6.207774037573939724e-03
6.208075810793112735e-03
6.206760029460814398e-03
6.243540173211542012e-03
6.244700694702502719e-03
6.244580484277148340e-03
6.272324026510270670e-03
6.271607843791822227e-03
4.784842095074122274e-03
4.784625460933699878e-03
4.784813653573392195e-03
4.784681629011315086e-03
4.784581242860025049e-03
4.784796096460038756e-03
4.784801457220043928e-03
4.784789351233871210e-03
4.784683061505973570e-03
4.784776456190912436e-03
4.784797862918561615e-03
4.784789219036991031e-03
4.784971761687149827e-03
4.784799809360442552e-03
4.787727912069069010e-03
4.787976452873634638e-03
4.787408542547673396e-03
4.787501084126644449e-03
4.787803120137031597e-03
4.787355843804095255e-03
4.787842831002785300e-03
4.787582874154204179e-03
4.054869732734970797e-03
4.054843764851983647e-03
4.054974901981298063e-03
4.054987703128293784e-03
4.054846329123391706e-03
4.054870558205849948e-03
4.055038986557638059e-03
4.054170303646825735e-03
-2.146716888168116386e-02
-2.146702548628443008e-02
-2.146706678572505439e-02
3.462378631421931998e-03
3.462383093079198296e-03
3.462372045556510840e-03
3.462385379689871673e-03
3.462327500056729384e-03
3.462255833128588273e-03
3.462353860642585022e-03
-5.889678732566155060e-03
-5.889642041593614458e-03
-5.889432996725225793e-03
-6.590619215396158193e-03
-6.590622694629649780e-03
-6.590323178419611912e-03
-6.590364512021270466e-03
-6.590285737983082176e-03
-6.590225142993727872e-03
-6.590220140493159573e-03
-6.590411992163662872e-03
-6.588868738225279846e-03
-6.587609391592063809e-03
-6.587638973307542029e-03
-6.587334809834725566e-03
-6.587245562626116088e-03
-6.587602365781977318e-03
-6.600806740619307930e-03
-6.601270250423484261e-03
-6.600619893361318359e-03
-6.598196221665289171e-03
-6.597956743590883619e-03
-6.598120670215734326e-03
-6.595119930692888190e-03
-6.524409794661620472e-03
-6.524548177749498086e-03
-6.524532983246191485e-03
-6.524613112798571986e-03
-6.524323889362063436e-03
-6.524771574535225341e-03
-6.420990901552184153e-03
-6.421641413012437252e-03
-6.421611113028913298e-03
-6.421607993297231108e-03
-6.326392056443913905e-03
-6.349622531067016830e-03
-6.349021709610503869e-03
-6.350405045275593977e-03
-6.350733403791331867e-03
-6.350176435266260445e-03
-6.350573274340708986e-03
-6.415428970029914829e-03
-7.110919033814473190e-03
-7.109886380290015781e-03
-7.112075839080680625e-03
-7.111481844820917442e-03
-7.111104820345916233e-03
-7.110809496193189021e-03
-7.111020955288328491e-03
-7.111081676739594917e-03
-7.113425487765746673e-03
-7.113524320279141291e-03
-7.113177815532408139e-03
-7.111630876253147160e-03
-7.112940949688314855e-03
-7.103230823045899103e-03
-7.192448949029091147e-03
-7.192431858395730362e-03
-7.193798138838566024e-03
-7.192516005035095097e-03
-7.204911208984495115e-03
-7.204781833681236404e-03
-7.204985823407411387e-03
-7.204991080009512036e-03
-7.208295314005766681e-03
-7.208466746135920589e-03
-7.208162188485543742e-03
-7.208315755842346038e-03
-7.051573026449035886e-03
-7.048754615326230030e-03
-7.051002619765840869e-03
-7.388881378120349189e-03
-7.389083884096120380e-03
-7.389171549997663666e-03
-7.389239669858431447e-03
-7.389237949935037637e-03
-7.370892880434378597e-03
2.482319160265433061e-03
2.482136772915561219e-03
2.482187317114521556e-03
2.482283867673901103e-03
2.482379681512436164e-03
2.481648538538919983e-03
2.481430675134557815e-03
2.533992867798563146e-03
2.533784687680068134e-03
2.533778544162635076e-03
2.534033511316654587e-03
2.533932889417606429e-03
2.533888773287231323e-03
2.533995324222183213e-03
2.539185391866514725e-03
2.539158057845960787e-03
2.539314992109640515e-03
2.540178836605246158e-03
2.536178411540406397e-03
6.950961317356791963e-04
6.950750768333264530e-04
6.948083018414959091e-04
6.947846054778447763e-04
6.953576319264168646e-04
6.912175814771343929e-04
6.896552657517713474e-04
6.930706239916267644e-04
6.578171283610531172e-04
6.578363707110169729e-04
6.577941547687278468e-04
3.743598980427872405e-05
3.711866746717845786e-05
3.665545791145165012e-05
3.686402331442567836e-05
3.684772280616207927e-05
3.674971416492748243e-05
3.675376748439945031e-05
3.685342402015448580e-05
3.683839144833125071e-05
3.687037082901071855e-05
3.686326368390041423e-05
3.680338447838572662e-05
3.682302977469280547e-05
3.691608065976568803e-05
3.685778676102471332e-05
3.685966074374480715e-05
3.684255248278750988e-05
3.680386305107821504e-05
3.682145700779426381e-05
3.688932872381765559e-05
3.682820057178477400e-05
3.682088561644622249e-05
-2.440620987012951954e-03
-2.439995435665965901e-03
-2.439974891712728966e-03
-2.439903317267773462e-03
-2.438703563713312105e-03
-2.438625013152038307e-03
-2.438786226131528512e-03
-2.438351248226406070e-03
-2.438930486774763037e-03
-2.438692992995140224e-03
-2.425815570170870156e-03
-2.426319376252569597e-03
-2.426006337280992280e-03
-2.425974722918812932e-03
-2.426027442744756093e-03
-2.426089313148739341e-03
-2.425943373557379323e-03
-2.426309587984007594e-03
-2.426168049325162258e-03
-2.410837369750935474e-03
-2.410805625935491612e-03
-2.410886362402033835e-03
-2.411013098303882440e-03
-2.411720301003188096e-03
-2.412347821100267221e-03
-2.412207341989547772e-03
-2.412938730183387167e-03
-2.412471327834484619e-03
-2.412357885250996162e-03
-2.412179252971688274e-03
-2.412264959135581189e-03
-2.411030708526829859e-03
-2.410639496591205234e-03
-2.410677438881401232e-03
-2.410900780489608815e-03
-2.410928119458441952e-03
-2.410415064323176513e-03
-2.410451693040039506e-03
-2.862298853989630847e-03
-2.862250338334015529e-03
-2.844672393635669979e-03
-2.844743960851203995e-03
-2.845633872663135520e-03
-2.845597996588111137e-03
-2.845507607005272593e-03
-2.846414216119675343e-03
-2.846447482582295518e-03
-2.846467332917834887e-03
-2.846489349006170108e-03
-2.846459195646567925e-03
-2.846466220739445139e-03
-2.846572233698861382e-03
-2.846551833213676989e-03
-2.846465730252682822e-03
-2.846628842256127608e-03
-2.846622665418962594e-03
-2.846599613450829635e-03
-2.846551266370911121e-03
-2.846597899654486081e-03
-2.843729849500309641e-03
-2.843786197762394625e-03
-2.843682494145978196e-03
-2.843953930305402351e-03
-2.845514786682237524e-03
-2.845510338909920407e-03
-2.845489359746330472e-03
-2.845478624950153069e-03
-2.845407275555053919e-03
-2.845454347939105778e-03
-2.842343887010097530e-03
-2.842032180641048539e-03
-2.888052774605080926e-03
-2.887828127634493088e-03
-2.887982183557850652e-03
-2.887955074521240083e-03
-2.887982176945912225e-03
-2.888176071102522419e-03
-2.888054375371144466e-03
-2.888191952145902075e-03
-2.888430674627245984e-03
-2.888385112045359360e-03
-2.887939500817086110e-03
-2.887308196900227348e-03
-2.887283794874104075e-03
-2.887362984049397611e-03
-2.888056598117721540e-03
-2.888184791571630963e-03
-2.887937935755874840e-03
-2.887777098991308865e-03
-2.887799378530664200e-03
-2.887809348021113526e-03
-2.887838631961916168e-03
-2.888090035391946593e-03
8.001060801165338224e-05
7.834348197723270684e-05
7.924640723375605503e-05
7.872709293681298334e-05
7.580911803909097188e-05
7.579132706778787169e-05
7.561388782448189678e-05
8.538312105932397507e-05
8.535004743398293071e-05
8.542075861791558898e-05
8.540052048354393477e-05
8.518421987647801683e-05
2.881305782495138720e-05
2.885665114396596199e-05
2.832652858290705147e-05
2.869546017797204126e-05
3.146005676725637581e-05
2.897522417435305416e-05
2.895487894535816081e-05
2.899390670177709681e-05
2.869813159120249220e-05
-2.804578066377582787e-05
8.786075423515435573e-05
8.787514490288943247e-05
8.781419533976891998e-05
9.129594344342578530e-05
9.138732959436209513e-05
9.130946028475769893e-05
9.099770921412760733e-05
8.965046640393665512e-05
8.883289436754412797e-05
8.886698348736221382e-05
8.882125240598318116e-05
8.929500565985782755e-05
8.281411828067404329e-05
8.281172570378398919e-05
8.278240054666021950e-05
1.287073526470791131e-04
1.289630120075633787e-04
1.290063071185936633e-04
1.290172553659491863e-04
1.290214119895849952e-04
1.290211679510247208e-04
1.290437436962258767e-04
1.290735661867137805e-04
1.280641294919783642e-04
1.284748446019043421e-04
1.298189800535048727e-04
1.297803960756636617e-04
1.298441602263252892e-04
1.298719668237299253e-04
1.297879415715015626e-04
1.297784298684748173e-04
1.300255148675470371e-04
1.296568121027205135e-04
1.284555476612626694e-04
-1.305607966296740488e-02
-1.306583738034453566e-02
-1.306581404478565460e-02
-1.306603419191489264e-02
-1.306593766457571706e-02
-1.306602475663141798e-02
-1.306457632015663693e-02
-1.306513124361143030e-02
-1.306522646876665840e-02
-1.306499222657567759e-02
-1.306514912162895330e-02
-1.306528656064885607e-02
-1.306575635595017860e-02
-1.306665330710247118e-02
-5.016066488006194930e-03
-5.016904572838995838e-03
-5.016789184045582391e-03
-5.016758622942248634e-03
-5.017249081077141196e-03
-1.789810236508904877e-03
-1.789825521515294587e-03
-1.789879591137384564e-03
-1.789737047412796357e-03
-1.789645869936602436e-03
-1.789633402954284198e-03
-1.789650996855309071e-03
-1.789646799948979876e-03
-1.789630999964842871e-03
-1.789690700156412262e-03
-1.789298823916580941e-03
-2.003399482781049838e-03
-2.004141599805513065e-03
-1.993056976530320577e-03
-1.993351776486282801e-03
-1.994065265507010201e-03
-1.993823148293253581e-03
-2.098213806100162997e-03
-2.097902851904435897e-03
-2.097895749500874353e-03
-2.097922686663075253e-03
-2.097946145099518177e-03
-2.097939149013408004e-03
-2.097904022935383021e-03
-2.097966079457078224e-03
-2.097786003158781318e-03
-2.097903138744146301e-03
-2.097908894960877433e-03
-2.097781995863288052e-03
-2.097696081578505692e-03
-2.097744353576523006e-03
-2.098080617777368755e-03
-2.096529116797219219e-03
-2.096559628586086403e-03
-2.098955693017303704e-03
-2.098782513297071071e-03
-2.098389240189631189e-03
-2.098331676879176561e-03
-2.098360861865725558e-03
-2.098489511582794179e-03
-2.098286951635913722e-03
-2.097538618436229230e-03
-2.098030175351261583e-03
-2.098018141288294971e-03
-2.098050317354704757e-03
-2.098226822793811293e-03
-2.098477922243097062e-03
-2.098206406319024029e-03
-2.098234138824716082e-03
-2.098127359645644840e-03
-2.098218695959188067e-03
-2.098588588655018582e-03
-2.098568529052503937e-03
-2.098429625285237830e-03
-2.098484137523361909e-03
-2.098455507865992688e-03
-2.098291932525643468e-03
-2.098330146709576592e-03
-2.098348487530426933e-03
-2.098244035738268658e-03
-2.097756963566761203e-03
-2.097991039948329372e-03
-2.097801250336790626e-03
-2.098112946629379118e-03
-2.098150090831389300e-03
-2.098108540045649263e-03
-2.098194370226404929e-03
-2.098098141942648671e-03
-2.098113862573813132e-03
-2.077083650576603841e-03
-2.077010644829953116e-03
-2.076392106605608277e-03
-2.076235104051218222e-03
-2.076626099429157435e-03
-2.076640606320633280e-03
-2.293337213702124466e-03
-2.293306352836436014e-03
-2.293076063009079086e-03
-2.243309585338658808e-03
-2.242803588666537201e-03
-2.242786130193575624e-03
-2.243349075395175297e-03
-2.262893399689765422e-03
-2.262892229737223024e-03
-2.262828751963192817e-03
-2.262874142156670338e-03
-2.262925620469410926e-03
-2.262862982713439736e-03
-2.262830029895874367e-03
-2.262765750848436726e-03
-2.263345598834485845e-03
-2.263373904230221029e-03
-2.263394203547850619e-03
-2.263380138156816882e-03
-2.263177914784805528e-03
-2.263182876554498558e-03
-2.263149292673733663e-03
-2.274554902883157807e-03
-2.274695070773580328e-03
-2.274827498891345001e-03
-2.274502029842059674e-03
-2.274711040835380223e-03
-2.274676845027188629e-03
-2.243749413124483151e-03
-2.237990772415863073e-03
-2.238082127641411075e-03
-2.237846861834126132e-03
-2.238046051838233838e-03
-2.236744992380182515e-03
-2.236703360572915317e-03
-2.236746053728849021e-03
-2.236455631493268741e-03
-2.236451665046362142e-03
-2.236370504406372250e-03
-2.236711865849490798e-03
-2.236032858818727282e-03
-2.236204132301806112e-03
-2.236147811367625391e-03
-2.235747262923629217e-03
-2.235812278367071797e-03
-2.235773214232649343e-03
-2.235721250986019704e-03
-2.235919804015550592e-03
-2.235777290312389136e-03
-2.235757505665006070e-03
-3.140762519281392693e-03
-3.151715804891110171e-03
-3.151734325520974545e-03
-3.151833950583198679e-03
-3.151724037071170631e-03
-3.151725328411140916e-03
-3.151727305914839468e-03
-3.151662918510302492e-03
-3.151701805787582734e-03
-3.151671164928735586e-03
-3.151680792930027213e-03
-3.151673343349637585e-03
-3.151644438182400840e-03
-3.151714625687463550e-03
-3.151680958857648249e-03
-3.151727518201879411e-03
-3.148591905953792083e-03
-3.149929358059824509e-03
-3.150071886246389591e-03
-3.149946296812505819e-03
-3.150260095397081506e-03
-3.148709034062791186e-03
-3.146625667138988700e-03
-3.170730496023617222e-03
-3.165349769332634518e-03
-3.157544248905987810e-03
-3.156357201772503479e-03
-3.158764313765393111e-03
-3.159166825933969365e-03
-3.156329412614898664e-03
-3.156668288832201706e-03
-3.157677599104714416e-03
-3.157307775101612923e-03
-3.155933361141267587e-03
-3.155787881289469094e-03
-3.155737931272715232e-03
-3.156010776355456810e-03
-3.156007644331470727e-03
-3.156551686145545391e-03
-3.156600435928853636e-03
-3.156623540390066356e-03
-3.156030342276228400e-03
-3.155927869077821205e-03
-3.155982605896889403e-03
-3.155913886214605814e-03
-3.171915597734464333e-03
-3.172513294860805112e-03
-3.151275919838005500e-03
-3.151505253361201134e-03
-3.151593181456071365e-03
-3.151642292244646957e-03
-3.151512619216298872e-03
-3.151492528526735927e-03
-3.151669131038549107e-03
-3.151595200138549487e-03
-3.148555667581970103e-03
-3.148062706544983193e-03
-3.150606047881934334e-03
-3.157577707796150636e-03
-3.158099626048395565e-03
-3.158084668238464367e-03
-3.158358162655135453e-03
-3.158160518081929921e-03
-3.157607614449803746e-03
-3.158827532079810669e-03
-3.157145330243778161e-03
-3.157151020701506015e-03
-3.157154683923228504e-03
-3.156968985877682890e-03
-3.157228343229602930e-03
-3.157161226536021187e-03
-3.157617139540937982e-03
-3.159396735087055975e-03
-3.159196959353443440e-03
-3.159313012841056308e-03
-3.159343907873303232e-03
-3.161306982000536454e-03
-3.160840137828274232e-03
-3.160795773907866275e-03
-3.160882759697971039e-03
-3.161067441620650249e-03
-3.161068878640884827e-03
-3.160945435648024240e-03
-3.160529360466039859e-03
-3.149031758204731257e-03
-3.148927702651519583e-03
-3.148597505739147550e-03
-3.148915282195937151e-03
-3.142789185356560395e-03
-3.142903089940200963e-03
-3.142934506485557927e-03
-3.144701102971421934e-03
-3.144912521745279067e-03
-3.144338126013362066e-03
-3.147866028995248942e-03
-3.147853152765265217e-03
-3.147815712289090545e-03
-3.147791004609312542e-03
-3.147469838496236814e-03
-3.147444791241894163e-03
-3.147139073880211597e-03
-3.147158840286405721e-03
-2.055212356053987780e-03
-2.055171578494649921e-03
-2.055243619805686810e-03
-2.055333472916798937e-03
-2.055301876063701013e-03
-2.055213252335789161e-03
-2.055275471880708624e-03
-2.055259082385173589e-03
-2.055186456397694456e-03
-2.055239705814409026e-03
-2.055232917643577597e-03
-2.055232032923970994e-03
-2.055239366599473372e-03
-2.055349662347793083e-03
-2.055434415816890115e-03
-2.055457146938786776e-03
-2.055329647479836510e-03
-2.055409435284853530e-03
-2.055522998708292446e-03
-2.057235374542535581e-03
-2.050903587853692995e-03
-2.051036016824886541e-03
-2.051095235176155634e-03
-2.077628951230674724e-03
-2.077622122978895619e-03
-2.077768500740725596e-03
-2.077763156626603012e-03
-2.077827675877437323e-03
-2.077670034216415069e-03
-2.077397862061321990e-03
-2.077560910218754966e-03
-2.077550745645733148e-03
-2.077635095401333086e-03
-2.077625982103140177e-03
-2.077711458705667948e-03
-2.077736346418031579e-03
-2.077598341569740752e-03
-2.077286204455235964e-03
-2.077232483645566775e-03
7.327659277535745509e-03
7.327581955494970149e-03
2.008622650315453669e-03
2.008527524826594045e-03
2.008911327541151697e-03
2.009228003560264986e-03
2.009147689046614661e-03
2.008614084899881542e-03
2.002374678033468688e-03
2.003185873542596973e-03
2.006115513042852714e-03
2.006415305830525943e-03
2.005984432991657004e-03
1.997790000447995529e-03
2.006470588625269402e-03
2.006415431556852862e-03
4.211586700506660293e-03
4.211432991248034372e-03
4.211696651793843740e-03
4.211682098581249513e-03
4.211326816918306917e-03
4.210061456795682194e-03
4.210075329725772482e-03
4.212571742685588400e-03
4.213754712820475500e-03
4.214014799914534218e-03
4.214136699025031706e-03
4.214047761882479259e-03
4.214005892964329050e-03
4.214152138651345268e-03
4.214143899683442385e-03
4.214116785789748763e-03
4.214153169397986953e-03
4.214139502118457482e-03
4.214115951122398770e-03
4.214007498261215789e-03
4.211053543616896482e-03
4.211266014038400618e-03
4.211106764713669175e-03
4.210984013543275957e-03
4.210870675906974725e-03
4.210887348156329250e-03
4.210870193851993723e-03
4.211358889858967877e-03
4.103951127982491572e-03
4.100761809749012277e-03
4.100867052808829585e-03
4.100792451205215357e-03
4.100418054940589176e-03
4.097121915025131629e-03
4.097299549635937885e-03
4.100548800357737417e-03
4.096645684126906488e-03
4.098419612236355210e-03
4.098055991682864919e-03
4.147763340100530695e-03
4.154527449497400979e-03
4.154536903123777491e-03
4.154361945363838939e-03
4.154401208409038565e-03
4.154484478829971288e-03
4.154548252043358501e-03
4.154495807784773335e-03
4.154322559370650716e-03
4.154563580415627025e-03
4.154510130957741326e-03
4.154563755503853928e-03
4.154491174448345266e-03
4.154456342376659089e-03
4.154540336799123282e-03
4.154508503156102185e-03
4.154461204659945159e-03
4.154621886730000026e-03
4.154611905096319835e-03
4.154427998670511338e-03
4.154415398450225783e-03
4.154298954285019774e-03
4.154409622345657180e-03
4.154605067272924661e-03
4.154604222620927878e-03
4.154545200977424746e-03
4.153448679687775369e-03
3.309234602078651565e-03
3.309228291443762782e-03
3.309030963372562844e-03
3.309099998201122262e-03
3.309045587900214663e-03
3.308987132371655950e-03
3.308559543162455964e-03
3.308868928872832783e-03
3.308581960973736892e-03
3.308550323721946764e-03
3.308537069242176946e-03
3.308548087131314881e-03
3.308573093440286741e-03
3.308564313213170627e-03
3.308566503761388704e-03
3.308571682760254318e-03
3.308559265129941418e-03
3.308102715957789847e-03
3.309136569562865036e-03
3.309109452533454902e-03
6.491525739615764626e-04
6.493155789232650391e-04
6.492454470804665152e-04
6.492164447023325612e-04
6.491987971208607738e-04
6.491217992834490049e-04
6.488005705889772663e-04
6.488580685997395910e-04
6.487810615192651266e-04
6.500851524725531454e-04
6.391375119760657258e-04
6.395219969409407079e-04
4.143260691128524483e-04
4.137513535658809082e-04
4.140614327126341892e-04
4.141697556274826614e-04
4.140691936152918586e-04
4.140965939750717922e-04
4.139051705130307804e-04
3.088079405178369152e-02
3.088177855805785549e-02
3.088073245050487400e-02
3.088020541045110451e-02
3.087983978323009457e-02
3.088007017821115321e-02
3.087892573414912495e-02
-6.117687418009979186e-03
-6.355226979808806416e-03
-6.355219370572841135e-03
-6.355233935707135969e-03
-6.355200219266800982e-03
-6.355427530420893270e-03
-6.355300195179988849e-03
-6.355382388417497516e-03
-6.355368423038773411e-03
-6.354901724194919783e-03
-6.355264797803666238e-03
-6.355439010375704689e-03
-6.354899591185337454e-03
-6.354778210668966809e-03
-6.354796887024906013e-03
-6.354904038977246539e-03
-6.354848321734377602e-03
-6.354885746330287723e-03
-6.354860447943533330e-03
-6.354892982180924271e-03
-6.354909282143075128e-03
-6.354888555670030331e-03
-6.355549466678730650e-03
-6.354985709379534775e-03
-6.354980859504255619e-03
-6.355105004815509752e-03
-6.355179031621855171e-03
-6.355201350549863001e-03
-6.355104208033254994e-03
-6.355414272711957385e-03
-6.355366182093680726e-03
-6.355681173284239566e-03
-6.355468575746842964e-03
-6.355471985505929157e-03
-6.355550482796889014e-03
-6.354047935192943738e-03
-6.354193994287795494e-03
-6.353501082263689030e-03
-6.353178288362134642e-03
-6.353019007074772739e-03
-6.372106548677979564e-03
-6.372180029176724263e-03
-6.372302296863042656e-03
-6.372273964860875571e-03
-6.372208848209794801e-03
-6.372223061701235043e-03
-6.372248129959359741e-03
-6.372193624806662092e-03
-6.372327058107286023e-03
-6.372750580805905916e-03
-6.372524405908511734e-03
-6.374051124861309162e-03
-6.374065142980183188e-03
-6.373994305790775527e-03
-6.371534016952913777e-03
-6.372182759545428829e-03
-6.371249271565759299e-03
-6.371181945509651542e-03
-6.371235815872322225e-03
-6.371444468085299233e-03
-6.371423757084067503e-03
-6.371523049367605954e-03
-6.371784936279988563e-03
-6.371589419073199305e-03
-6.371647037236886565e-03
-6.371801916704880261e-03
-6.371724370119857123e-03
-6.371680311532203038e-03
-6.371874653489044589e-03
-6.371807610777492983e-03
-6.371454957726649208e-03
-6.371422656892384087e-03
-6.371442851598083448e-03
-6.371571691573846286e-03
-6.371358570278347691e-03
-6.371320055555732519e-03
-6.371327387056444601e-03
-6.371650065654879506e-03
-6.372773703799444918e-03
-6.277215953463712549e-03
-6.276940015458201509e-03
-6.277644287673451659e-03
-6.283531565721128115e-03
-6.284511782656410604e-03
-6.285679894709208376e-03
-6.285620734976913974e-03
-6.286030469282052197e-03
-6.286165536017866186e-03
-6.291807226835469634e-03
-6.291796494342741762e-03
-6.080483953343820795e-03
-6.081784520357460914e-03
-6.081647649009203939e-03
-6.070077681889991632e-03
-6.069741671130493219e-03
-6.069744147270685411e-03
-6.069757416055461194e-03
-6.069729177603140798e-03
-6.069832331266516653e-03
-6.069463113269617412e-03
-6.069282684646994108e-03
-6.068845821678731794e-03
-6.068842943506553775e-03
-6.068987431655408979e-03
-6.069173379346867042e-03
-6.069072773036735327e-03
-7.307916041235062478e-03
-7.307958927215934923e-03
-7.307925827948390241e-03
-7.308304140311815827e-03
-7.308047326687215281e-03
-7.308112431516541538e-03
-7.307927757177247637e-03
-7.307984494964317804e-03
-7.308998586297260451e-03
-7.395245026988270069e-03
-7.380182961024974765e-03
-7.385477449225043116e-03
-7.385648857688764495e-03
-7.416650067892456739e-03
-7.417215475642845862e-03
-7.417170195006261846e-03
-7.417328782305958670e-03
-7.417647697281421273e-03
-7.417481809648273847e-03
-7.417499646593254774e-03
-7.416750709455906948e-03
-7.416627190642297376e-03
-7.416514035317000111e-03
-7.417077934775723191e-03
-7.417127840026095480e-03
-7.417725619526476140e-03
-7.417453246549461469e-03
-7.414567738718763623e-03
-5.240043123542350613e-03
-5.239926969802558357e-03
-5.399403427940758886e-03
-5.399253394310229125e-03
-5.399246518520117374e-03
-5.399248527075539185e-03
-5.399978795977739172e-03
-5.401142364699364727e-03
-5.401235258134292477e-03
-5.397931524122987976e-03
-5.340731811092153114e-03
-5.340792289310463195e-03
-5.340811809447606161e-03
-5.347246264755250653e-03
-5.347282285317489330e-03
-5.347892744639952921e-03
-5.347572298587139478e-03
-5.347464193605050084e-03
-5.347681603482526067e-03
-5.348083338961416230e-03
-5.348157245130039615e-03
3.346030199032048059e-03
3.347440099411009076e-03
3.347525094357480229e-03
3.346734663860280196e-03
3.346725751495688642e-03
3.346279245704453925e-03
3.347617966748580275e-03
3.347662557760898612e-03
3.347273553426729793e-03
3.347110985450488067e-03
3.347445210807540802e-03
3.347720104269987819e-03
3.347472352820973600e-03
3.347533543225192018e-03
3.346949885075312190e-03
3.347513051918346669e-03
3.347193982746210408e-03
3.346767049229606560e-03
3.346744893500790304e-03
3.357373437259175784e-03
3.357052456943942012e-03
3.357681732260039877e-03
2.482385017046948202e-03
2.482209556872606599e-03
2.485408206874103933e-03
2.485229671577725979e-03
2.485133278631231849e-03
2.484984094159055964e-03
2.485009367044649278e-03
2.485050577355558694e-03
2.485173469581606481e-03
2.485193372894657551e-03
2.485358669639923385e-03
2.485348334164816115e-03
1.580527622879017869e-03
1.580574105796715961e-03
1.580578777807693054e-03
1.580565497677421981e-03
1.580822680430412058e-03
1.580722420918194079e-03
1.580715571860050097e-03
1.580985778808208925e-03
1.580931417813078669e-03
1.580611486693340789e-03
1.580539377901526640e-03
1.580532284008504592e-03
1.580542047144170180e-03
1.580529479662967987e-03
1.580628828243387874e-03
1.580651077261888702e-03
1.580607837427020239e-03
1.580590072168681177e-03
1.580586945276551405e-03
1.580583621299332065e-03
1.580516297245316594e-03
1.559527534608652491e-03
1.559321206999583070e-03
1.559274643687841560e-03
1.559288704790128205e-03
1.559321749813749733e-03
1.551215650313759976e-03
1.551254765203269846e-03
1.551141318659309898e-03
1.173770572216682869e-03
1.173502095016371602e-03
1.173538510220933874e-03
1.172320125456383913e-03
1.172312382103158149e-03
1.172280563701446785e-03
1.171617834265087366e-03
1.171357596648437294e-03
1.171836825255464327e-03
1.171830270660778736e-03
1.171819653486784376e-03
1.171843110003489711e-03
1.170743593419913816e-03
1.170608707950277242e-03
1.170551421324703351e-03
1.170591472709134762e-03
1.170721683406285556e-03
1.170712969013411580e-03
1.170404717492694703e-03
1.173175860469631571e-03
1.163446217966257511e-03
1.163419454381556858e-03
1.163646961489989140e-03
1.163697354256797286e-03
1.163512832063493419e-03
1.163361794079948190e-03
1.163425243021021325e-03
1.163424715122945378e-03
1.163401957740214715e-03
1.163445611736841669e-03
1.163517053163391204e-03
1.163430819790507416e-03
1.163477906370933602e-03
1.163573932900949194e-03
1.163475717380961245e-03
1.163492219038076867e-03
1.163527016158177581e-03
1.163483107984802185e-03
1.163487904132417747e-03
1.163395574327137942e-03
1.163403261849600299e-03
1.163335473046922530e-03
1.163110045034126136e-03
1.163197384643736712e-03
1.163651041384455463e-03
1.163693051422477536e-03
1.163191645903498923e-03
1.163288193070595271e-03
1.163212314082000915e-03
1.163294277501212377e-03
1.163252096183554430e-03
1.163282669716911993e-03
1.163269089392572750e-03
-1.512966717347296979e-02
-1.512942544078545518e-02
-1.513045096472500142e-02
-1.512997378991732395e-02
-1.512994857100335121e-02
-1.513057082048219898e-02
-1.513057495149685433e-02
-1.513059492802176775e-02
-1.512983335187063905e-02
-1.512976865438811838e-02
-1.512975736154265061e-02
-1.512975238330049356e-02
-1.512976712847774810e-02
-1.513067645092657648e-02
-1.513044026035293213e-02
-1.513037367173836710e-02
-1.513078532655291221e-02
-1.512704009245608924e-02
-1.512714171684166956e-02
-1.512188021573256103e-02
-1.512208357112883664e-02
-1.512189003083744265e-02
-1.512277441729401387e-02
-1.512205045647936445e-02
-1.512199839073151593e-02
-1.512242821131987158e-02
-1.509937701204764129e-02
-1.509876231160980908e-02
-1.509909008988530831e-02
-1.509881124792135203e-02
-1.509901423157669620e-02
-1.509579237638122157e-02
-1.509571709229057604e-02
-1.509481733355031406e-02
-1.509558791933139806e-02
-1.509626829757106103e-02
-1.509632198010625245e-02
-1.509617056121054235e-02
-1.509673441830306113e-02
-1.509734569244587828e-02
-1.509763114521884934e-02
-1.509688671518827352e-02
-1.509698209185649301e-02
-1.509690414195628480e-02
-1.509599705416613848e-02
-1.509684827421859353e-02
-1.509639262502936868e-02
-1.509546061366404297e-02
-1.509544453438444074e-02
-1.509506135565805672e-02
-1.509476644229846079e-02
-1.509400631904859146e-02
-1.509349661281674145e-02
-1.509402890877920185e-02
-1.509408960132543193e-02
-1.509712370286492300e-02
-1.509712784197496729e-02
-1.509747678000824059e-02
-1.509698638373398530e-02
-1.509710506094470890e-02
-1.509721663967881176e-02
-1.509706477236259781e-02
-1.509724697039523632e-02
-1.509772068507795988e-02
-1.509750467587316763e-02
-1.509592938125126245e-02
-1.509677896527606734e-02
-1.509703774620688860e-02
-1.775767582107851822e-02
-1.776295482561698197e-02
6.171357486074659400e-03
5.872225843049578946e-03
5.872302098421693789e-03
5.882427886203297346e-03
5.882429514758666898e-03
2.374293114683756066e-04
2.380190428799059104e-04
2.381956993608847341e-04
2.381965826252005068e-04
2.381972069597045245e-04
2.381845093027707013e-04
2.381782928771454099e-04
2.378442295261147164e-04
2.377834105218465074e-04
2.377845853862264164e-04
2.380358362419111602e-04
2.382575819830311768e-04
2.373675314790419212e-04
2.374484117879906359e-04
2.371386141070728842e-04
2.367728177148597482e-04
2.378358181896764536e-04
2.377643980522277714e-04
2.377561994869009751e-04
2.377392037231445502e-04
2.377390387371103027e-04
2.377947101327196030e-04
2.371737373726908208e-04
2.365805862000585074e-04
2.371402112468574052e-04
2.371526640684621344e-04
2.370596161708165130e-04
2.369813622609809106e-04
2.370804011597475649e-04
2.370566449126183188e-04
2.370852426854763403e-04
2.369898906961347173e-04
2.371428453396795229e-04
2.369765564105006436e-04
2.371586008609056356e-04
2.369806932388779483e-04
2.370123594283411077e-04
2.370311529960306271e-04
2.369311213601753394e-04
2.369641460134479314e-04
2.369760238437136407e-04
2.370077452890066326e-04
2.370518432827034365e-04
2.354169221865671916e-04
2.356944775544458004e-04
2.353476179475355438e-04
2.355552226600764426e-04
2.364238461217396312e-04
2.361164607824798808e-04
2.839610601102090202e-04
2.838975539070667212e-04
2.838759156050188882e-04
2.837997570151498368e-04
2.838554784392275385e-04
2.840363250960430651e-04
2.834945959123988195e-04
2.715360466724990466e-04
2.716399813048394219e-04
2.716075265227915563e-04
2.714219825597230257e-04
2.715556476808336458e-04
2.715501636211701208e-04
2.715702772159369499e-04
2.715548859766336062e-04
2.711772140121561912e-04
2.709805695752392249e-04
2.711771473106710899e-04
2.710567185474612112e-04
2.713652027046833080e-04
2.722091199372821471e-04
2.815944716629264631e-04
2.816554854722218434e-04
2.816039705413538887e-04
2.816641304976173700e-04
2.818408556777983638e-04
2.819219557779182087e-04
2.820059835428269292e-04
2.819513552174290503e-04
2.819379274138100354e-04
2.820053866374594019e-04
2.820304087084623190e-04
2.817234340387090533e-04
2.818760308445447693e-04
2.616084423231410929e-04
2.616367878527217422e-04
2.652963895709051462e-04
2.653421805571117508e-04
1.309876168518651473e-03
1.307442042047474466e-03
1.307555226411573042e-03
1.292757152696492233e-03
1.292357628670477926e-03
1.294522011328259935e-03
1.294616553136114989e-03
1.298799651957537006e-03
1.298997375934313279e-03
1.299242162522866407e-03
1.299244898180506929e-03
1.299105175431799130e-03
1.597887127566825468e-03
1.597755430801233193e-03
1.597736664573717229e-03
1.597778419680260381e-03
1.597729646936060484e-03
1.597568091225942547e-03
1.597699183969738916e-03
1.597734391669007950e-03
1.597689441000551842e-03
1.597698205878498538e-03
1.597839717755680615e-03
1.597916086816502561e-03
1.597290401986178844e-03
1.817800871443189586e-03
1.819509877886009951e-03
1.819576073006443605e-03
-1.232339749079497913e-03
-1.301649622717809818e-03
4.866334829585096736e-03
4.865996556100955252e-03
1.515135439801398344e-03
1.515058512991430267e-03
1.514093438828151761e-03
1.514095229233727944e-03
1.569144828767687905e-03
-1.461476199508250466e-02
-1.461457377791929198e-02
-1.461439558695632086e-02
-1.461481956497067032e-02
-1.461556209780022660e-02
-1.461394975855231405e-02
-1.464622526706216114e-02
-1.464618239353895381e-02
-1.464606260508961345e-02
-1.464608594897412117e-02
-1.464656994074847729e-02
-1.464267090487627807e-02
3.225964079282316391e-03
3.226110466086902061e-03
3.225801142671546815e-03
3.225907034732324302e-03
3.226001061646592821e-03
3.226066604835048455e-03
3.225325502492994503e-03
3.225135998185021252e-03
3.225613873419482143e-03
3.225888300060409351e-03
3.225948088699395668e-03
3.225768249939905963e-03
3.225316990776041712e-03
-1.909109051905371257e-03
-1.908985037439602612e-03
-4.825776604825911297e-04
-4.827187655355529537e-04
-4.857548553308535869e-04
-4.879663472303788865e-04
-4.885068470546156732e-04
-4.894279023007730130e-04
-4.868677737382814930e-04
-4.865364020475199287e-04
-4.859827651802142040e-04
-4.870392439521410233e-04
-4.864843093397386927e-04
-4.868095072870938359e-04
-4.866268158474120744e-04
-4.875723878284530274e-04
-4.875475982452434501e-04
-4.868321116223802065e-04
-4.866366708826720959e-04
-4.868915764231745297e-04
-4.868334650971937690e-04
-4.871981395568412824e-04
-4.880359998651866843e-04
-4.879671993745866767e-04
-4.875375026023631752e-04
-4.872375367782739671e-04
1.792942556287776970e-03
1.792761733867599206e-03
1.792871601297871221e-03
1.792862463515877691e-03
1.793131457380225816e-03
1.793300630182463780e-03
1.793582660113087618e-03
1.793543051516122188e-03
1.793465659962510369e-03
1.793487240575260093e-03
1.793125382346649147e-03
1.793699099654072048e-03
1.793796447130786235e-03
1.793484305613621353e-03
1.793512560116093191e-03
1.793302291825714509e-03
1.793742339712326925e-03
1.793325391652286251e-03
1.793258604584774003e-03
1.793333485600371148e-03
1.793568686314689483e-03
1.793921719199877791e-03
1.793922640351617529e-03
1.793969773535365828e-03
1.793930877778508086e-03
1.793928983642753376e-03
1.793827801852747404e-03
1.413159484447753167e-03
1.412225089345800315e-03
1.410760869176978490e-03
1.412943383338649073e-03
1.585928535643663225e-03
1.585649450737884689e-03
1.584849705511777408e-03
1.529188133799499810e-03
-6.635804721902704853e-04
-6.638219771354758169e-04
-6.688770372667341996e-04
-6.689151925608947079e-04
-6.689575078397190337e-04
-6.681437585178743276e-04
-6.627610985274046520e-04
-6.627869826976330722e-04
-6.626379613252867274e-04
-6.619788359068752093e-04
-6.617959016462763742e-04
-6.609157991660591586e-04
-6.603994677268032422e-04
-6.602575829737124128e-04
-6.625241314611007414e-04
-6.624065671399970070e-04
-6.621272870548324712e-04
-6.623146393991176384e-04
-4.354729001175391598e-04
-4.353947261307681161e-04
-4.350413960523040685e-04
-4.350130172285317969e-04
-4.350372881317163916e-04
-4.350164129235536774e-04
-5.203931073000073832e-04
-5.096676319810647003e-04
-5.090562244989744502e-04
-5.207930819555139619e-04
-5.208100658841663096e-04
-5.209178167754201661e-04
-5.208870915262404054e-04
-5.109971171416223708e-04
-5.108619308401284335e-04
-5.110921014242649201e-04
3.193953537280037544e-03
3.194049166714027586e-03
3.193921795981494432e-03
3.193862287028716336e-03
3.193906742705416094e-03
3.193515093962868371e-03
3.193397720615913891e-03
3.193312530533907838e-03
3.193618690404447218e-03
3.193346645168414037e-03
3.190234834071399312e-03
3.190243364178974896e-03
3.190214213526355262e-03
3.190383578902517264e-03
3.190373842897699808e-03
3.189961373483199934e-03
3.190130420729968014e-03
2.472819423255541785e-02
2.473181037299186993e-02
2.472981141761977641e-02
-5.570313193146513887e-03
-5.571207597127097663e-03
-5.571234990751647818e-03
-5.570655482333048379e-03
-5.698660560244863879e-03
-6.596124970988311541e-03
-6.595908915040392569e-03
-6.595691211116129667e-03
-6.595684626655973735e-03
-6.595700264496792004e-03
-6.596253542275339055e-03
-6.596334065394666817e-03
-6.596263271878738919e-03
-6.596780081756958847e-03
-6.596603201473204801e-03
-6.595846896610461051e-03
-6.595951641458814088e-03
-6.595812145157550418e-03
-6.595219814246681619e-03
-6.595742771220516193e-03
-6.595734075729456358e-03
-6.595053662360818997e-03
-6.595097006697787576e-03
-6.595223462285852711e-03
-6.595249353533103910e-03
-6.595162559538995765e-03
-6.595060317323744349e-03
-6.595265751006783132e-03
-6.595134499763634015e-03
-6.595292188476709928e-03
-6.595288320353115928e-03
-6.598211995590384966e-03
-6.597635632771264337e-03
-6.597940575473573363e-03
-6.597934386603047062e-03
-6.597844301289526592e-03
-6.597897834835859433e-03
-6.597791060418416349e-03
-6.597808332580753880e-03
-6.597849856452156839e-03
-6.597941582520968490e-03
-6.598068691315591913e-03
-6.597930310809401767e-03
-6.597947551671919791e-03
-6.597994209627076369e-03
-6.614077461232793602e-03
-6.613602411693581679e-03
-6.602718330622984327e-03
-6.602102819872834004e-03
-6.602110644592241138e-03
-6.602226605665338297e-03
-6.601935229420111996e-03
-6.602013067709038355e-03
-3.777738916641908747e-03
8.115839365051263216e-03
8.115900463386336791e-03
8.116224523209701266e-03
8.116426856017525462e-03
8.115394957151602501e-03
8.115403444886518450e-03
-3.752939375281032219e-03
-3.752671161344655910e-03
-4.533385200532833413e-03
-4.532844062969652345e-03
-4.535181267923567121e-03
-4.535600879581264469e-03
-4.535580150161421485e-03
-2.318289733359983704e-03
-2.318157157734291283e-03
-2.318132063033354669e-03
-2.318210849584662839e-03
-2.318185240678224263e-03
-2.319383650922643425e-03
-2.319294278812301761e-03
-2.319979955022251177e-03
-2.318914860865013867e-03
-2.325379658327113123e-03
-2.325446456434589020e-03
-2.324581870015181902e-03
-2.325158671396547212e-03
3.034763016452054360e-05
3.030958535697115389e-05
3.049200781375544317e-05
2.768945455429940822e-05
2.820246394651416684e-05
2.834887666189778600e-05
2.840145538390846690e-05
2.832542435934962539e-05
2.831339231489353136e-05
2.827790901035382958e-05
-4.313831404464462207e-04
-4.314145014973738202e-04
-4.314537757039133654e-04
-4.312348276953075952e-04
-4.314883899179861363e-04
-4.314180712960436490e-04
-4.331967574823738674e-04
-4.332515153985782566e-04
-4.335329174578039920e-04
-4.331567924978900908e-04
-4.328331175960121189e-04
-4.332391629592745774e-04
-4.241817283125538037e-04
5.681548004633491097e-04
5.827956818371945536e-04
5.446482817399411714e-04
5.446341764549016921e-04
5.442561022476475382e-04
5.444392022335775095e-04
5.441037719422843911e-04
5.443232914814061631e-04
5.451923717668847539e-04
5.456119050311517915e-04
5.457636426872759013e-04
5.457927080560210633e-04
5.458142288449655899e-04
5.457850889145678943e-04
5.457905220677609741e-04
5.458044237013539440e-04
5.457976477684496576e-04
5.458142260789796904e-04
5.457505312967593112e-04
5.458122194304963542e-04
5.463652594746222805e-04
5.466609265911658022e-04
5.466701610298835149e-04
5.462161137776176201e-04
5.460537767826641360e-04
5.461071154780201527e-04
5.463316045982610477e-04
5.464457677782520034e-04
5.459952457861754491e-04
5.460403536383399894e-04
5.460350839897081454e-04
5.460594553853271010e-04
5.460445920567214440e-04
5.460369585265888994e-04
5.461281754204300263e-04
5.461623621524442024e-04
5.461757578003647575e-04
5.461580817470178305e-04
-1.035451775912450342e-03
-1.035677907069518493e-03
-1.035642349396815329e-03
-1.035635039029586665e-03
-1.035619388661315147e-03
-1.035999340622417763e-03
-1.036125960942907865e-03
-1.035917450830976414e-03
-1.035885321036878349e-03
-1.035892443505533793e-03
-1.035868868545168414e-03
-1.035919238915946434e-03
-1.035923209258977559e-03
-1.035946095386805705e-03
-1.035887398807129557e-03
3.793754468718310135e-03
3.793473008123667868e-03
1.028176469260635474e-02
1.028171076130587717e-02
1.028483527004974037e-02
1.028420176138562965e-02
1.028420043140342369e-02
1.024728263918396609e-02
1.024965009626622146e-02
1.024963375757781923e-02
1.024731301932834716e-02
1.024776088369961854e-02
1.024741692639635771e-02
1.025309023660930970e-02
1.025296811496942753e-02
1.025306520618492548e-02
1.025292421288153712e-02
1.025173114419171069e-02
1.025169925592213545e-02
1.025128375572405097e-02
1.025079738705521847e-02
1.025138339442481679e-02
1.025165360532668234e-02
1.025042103554741485e-02
9.616492636630372473e-03
9.615379455311229978e-03
9.885532233879681940e-03
9.885191737557121050e-03
9.884200234997227510e-03
9.884340202095904387e-03
9.884824282999228606e-03
9.884842062165586501e-03
9.884803574796366052e-03
9.884934961300370637e-03
9.884797941232849328e-03
9.886512934999111199e-03
9.886353650781647823e-03
9.885654039029178122e-03
9.884867475812889395e-03
9.886873331238886162e-03
9.884661535483082670e-03
9.884560681609465618e-03
9.884926668191684751e-03
9.884489717883722729e-03
9.884193432147402383e-03
9.883461004417018470e-03
9.885277962956663667e-03
9.881487668697353996e-03
9.881568123486785329e-03
9.920083082899943533e-03
9.919001785820575484e-03
9.918908506925099705e-03
9.918981517393631736e-03
9.860787331051064364e-03
9.860962941132341356e-03
9.860772589983307287e-03
-1.980321571236997539e-03
-1.980268651730535297e-03
-1.980226900458158853e-03
-1.980293856302086687e-03
-1.980318643950395620e-03
-1.979438036354006208e-03
-1.980594498693906066e-03
-3.658176758218573393e-03
-3.658594712709977229e-03
-3.658611423305920245e-03
-3.658151057518359110e-03
-3.658181188316409708e-03
-3.658023141060639128e-03
-3.658035209019513088e-03
-3.658030600130579828e-03
-3.658305401346590661e-03
-3.658023313569002625e-03
-3.658025099948996207e-03
-3.658065517031053229e-03
-3.658041478203228215e-03
-3.658073521304802244e-03
-3.658154820515177336e-03
-3.658120113930352947e-03
-3.658115852204943310e-03
-3.658287025144032339e-03
-3.658187815342015935e-03
-3.658186768807725284e-03
-3.658250167541781273e-03
-3.658163765106206122e-03
-3.658214440744853718e-03
-3.658212480368766128e-03
-3.658166992580266265e-03
-3.657958851802286908e-03
-3.658119683443456383e-03
-3.658033187386287247e-03
-3.658036546194438129e-03
-3.657911177833155555e-03
-3.657927006796058995e-03
-3.657954171633654057e-03
-3.657099280420410877e-03
-3.657119329044378024e-03
-3.657195124872651953e-03
-1.532104075668306860e-04
-1.529846173849609150e-04
-1.530976296156686442e-04
-1.531010681332847909e-04
-1.531241432769142108e-04
-1.453113089761715168e-04
-1.453209081670555529e-04
-1.452965875996994471e-04
-1.453106672852089978e-04
-1.451256501687570391e-04
-1.450519182340293033e-04
-1.449402633593599595e-04
-1.448925808255264363e-04
-1.455322046850389395e-04
-1.455708480895715016e-04
-1.455408164855157731e-04
-1.455458038257528570e-04
2.513509140376165695e-03
2.513887906703068768e-03
2.513874449628620070e-03
2.513763524922594129e-03
2.514914532640391467e-03
2.513302441722191621e-03
2.513001706651822077e-03
2.553473935980760893e-03
2.557445593562277224e-03
2.559671164043604563e-03
2.517267814711949929e-03
2.517557672984992948e-03
2.517645379794782208e-03
2.517520400856223303e-03
2.517496486605014239e-03
2.517594034942022968e-03
2.517877066775541222e-03
2.517835355312932673e-03
2.517914085058035704e-03
2.517894271312319521e-03
2.517234433304482710e-03
2.517456298102835333e-03
2.517487054501481997e-03
2.517307540243586290e-03
2.517224146158164762e-03
2.517291580616378820e-03
2.517439494642627860e-03
2.517729665549277383e-03
2.514607444400289438e-03
2.514583261692627560e-03
2.514547746567629988e-03
2.514721775794980917e-03
2.514637434333366270e-03
2.514683516424391294e-03
2.515029428465119943e-03
2.512527263417943350e-03
2.512368321551365028e-03
2.512895762153352381e-03
2.511623968089662408e-03
2.511657176825120991e-03
2.511600405929364458e-03
2.511665829965495367e-03
2.511656945677697306e-03
2.513341340124174584e-03
2.513335130926891078e-03
2.513413454020629184e-03
2.513522558759074405e-03
2.513509443139115389e-03
2.514022750638022965e-03
2.514131825301513072e-03
2.513281777134234590e-03
2.582266818102000368e-03
2.601470552550452266e-03
2.247366392568856536e-03
2.247444766062159371e-03
2.247530431819137059e-03
2.247627221972833215e-03
2.247813023828669921e-03
2.247315597630878976e-03
2.248140354708778009e-03
2.246878398178762861e-03
2.248251592003189681e-03
-1.325404874569464453e-04
-1.329137010474090003e-04
-1.328564194227850126e-04
-1.329595322381881863e-04
-1.328715757581811038e-04
-9.978309489522686586e-05
-9.961488538326779859e-05
-9.968340690450569616e-05
-6.529149049006221703e-05
-6.522425876040798215e-05
-6.515085299499408071e-05
-6.517504866404334751e-05
-6.518098625318072281e-05
-6.526045316850751594e-05
-6.527438792649479951e-05
-6.524645864969721965e-05
-6.520886418310921752e-05
-6.518310470910827564e-05
-6.525531457438850846e-05
-6.524997643067632935e-05
-6.527396644889058475e-05
1.963717499868775952e-03
1.963562106957031633e-03
1.963611622044431678e-03
1.963675278249381664e-03
1.963641671671470090e-03
1.699266963130758104e-02
1.699240624072112515e-02
1.700396723915153716e-02
1.700392167286933487e-02
1.700486973596501694e-02
1.700500603131849600e-02
1.700471898803692164e-02
1.700499044612160254e-02
1.700518236349820786e-02
1.700387346919894627e-02
1.700409926722055987e-02
1.700343328387536601e-02
1.700352568084365773e-02
1.700380125741269774e-02
1.700311523633946456e-02
1.700377994223739933e-02
1.700404381843449719e-02
6.285167803043775932e-03
6.285134920098215880e-03
6.285174012257125145e-03
6.285081693245250789e-03
6.284696116781667875e-03
6.284269696204416479e-03
6.284361633877264507e-03
6.284349882872192726e-03
6.283745236214702615e-03
6.278101856250558645e-03
6.278424739872968778e-03
6.278487398733502943e-03
6.277777308394835720e-03
6.034673194677341902e-03
6.034180432428305069e-03
6.034243329687567943e-03
7.117674128947264374e-03
7.117562608635306237e-03
7.117888334860624638e-03
7.120850414109080977e-03
7.120961254413766400e-03
7.120897303167702044e-03
7.121133621770854398e-03
7.121192600958991051e-03
7.121025192642159614e-03
7.114023392536901122e-03
7.113786017542903309e-03
7.113759396028375773e-03
7.113352661222684115e-03
7.113017971875212377e-03
7.113145327306294452e-03
7.112773032436756591e-03
7.112842485583525075e-03
7.112958637849017482e-03
7.112665185107890607e-03
7.113465509502089196e-03
7.070483155829944237e-03
7.070452084437334368e-03
7.070418867548291207e-03
7.069663236713003701e-03
7.069668352210291620e-03
7.065836102756320632e-03
7.068321588588435608e-03
7.068250235505553307e-03
7.068260190990072536e-03
7.068211971432602353e-03
7.068251619886220700e-03
7.068171323740365941e-03
7.068181953021362117e-03
7.068225769137404836e-03
7.068268381278948465e-03
7.066830131233694558e-03
7.066813904037792457e-03
7.066843528107625075e-03
7.067542076700241219e-03
7.067618791282310846e-03
7.069679536650374900e-03
7.069694461202908828e-03
7.070213866485830674e-03
7.072566524027568483e-03
7.071825339787258559e-03
-4.421025610133880353e-03
1.090839397080042373e-03
1.092506266200143341e-03
2.550531083808798855e-03
2.550633620013130314e-03
2.550581929578435610e-03
2.550594171228810856e-03
2.550678082834991704e-03
2.550680246919178728e-03
2.550640146402472462e-03
2.550568874202857259e-03
2.550327004517703288e-03
2.550421457586553049e-03
2.550370938693630359e-03
2.133930001815956701e-03
2.133746286310276435e-03
2.133682232346198297e-03
2.133612243235498591e-03
2.128644014831129663e-03
2.128778143411334464e-03
2.129034735177971586e-03
2.128239441210471022e-03
2.128764827322876009e-03
2.128714929011525127e-03
2.128746009127077937e-03
2.128701741355223508e-03
2.128711117593711389e-03
2.128672079490312192e-03
2.128727921540285017e-03
2.128658345116218875e-03
2.128551060342609609e-03
2.128434368861336669e-03
2.128629766124433362e-03
2.128675141244525202e-03
2.128628126218606344e-03
2.128796980400226788e-03
2.128778339772872605e-03
2.129247738505335354e-03
2.128758175586085294e-03
2.128543420064757819e-03
2.128936015155483748e-03
2.127135761429372295e-03
2.127041692991586946e-03
2.027489862005251841e-03
2.027229889954964941e-03
2.027415009770736597e-03
2.026842536924372638e-03
2.027723595885037432e-03
2.027642771944236037e-03
2.029330968894271000e-03
5.572132399834399570e-03
5.571751139636661396e-03
5.571839218933654497e-03
3.586425332582639670e-03
3.584864756502947631e-03
3.584831267807561412e-03
3.584462962223824555e-03
3.584599228111115879e-03
3.583933109621034122e-03
3.584196508314017177e-03
3.585216435534143483e-03
3.585042024467978948e-03
6.527786034393297720e-04
6.527533679820642564e-04
6.526553458686647951e-04
6.514861759260046157e-04
6.514047658559400395e-04
6.516293296898247349e-04
6.515270997242949549e-04
6.516024964705346458e-04
6.516267579367549011e-04
6.516476257758885629e-04
6.511451851489066236e-04
6.511493042689156822e-04
6.511441021590879232e-04
6.512949041930049358e-04
6.511674994925908651e-04
6.511273254817266827e-04
6.511027965672271925e-04
6.512420622213913523e-04
6.512580413208172558e-04
6.512703100570950334e-04
5.962475561272469540e-04
5.960298256273478291e-04
5.960131638651218304e-04
5.976003514779567628e-04
5.973916707073961569e-04
5.957668482518525084e-04
5.886472633655401819e-04
5.886581862881073773e-04
5.878710242192369774e-04
5.890592468672943604e-04
5.890871644483050909e-04
5.890369883244537738e-04
-9.104714325430753388e-03
-9.104696545136996971e-03
-9.104588589466599061e-03
-9.104601131470092118e-03
-9.104610155718541320e-03
-9.104456697182567240e-03
-9.104557849658266588e-03
-9.104159495316040476e-03
-9.104103912032106630e-03
-8.942784157806794171e-03
-3.141774549889388320e-03
-3.142003145819516601e-03
-3.142473105620553330e-03
-3.142171012382277522e-03
-3.142213226616881981e-03
-3.141842794236350458e-03
-3.142500676266070381e-03
-3.143410906776555446e-03
-3.143600436782249125e-03
-1.408718927970593893e-02
-1.408687485904264701e-02
-1.412682248619278116e-02
-1.767367079958766978e-04
-1.765345509078739266e-04
-1.764444338483622311e-04
-1.764846370950134632e-04
-1.790772387711112338e-04
-1.792453621995976213e-04
-1.798552524980195954e-04
-1.797685046774033198e-04
-1.796731585840377328e-04
-1.798775576597235739e-04
-1.788975386192378256e-04
-1.788915663806525615e-04
-1.786052161293226383e-04
-1.785820111899667512e-04
-1.785781940691719030e-04
-1.786051359862381681e-04
-1.785674643125520023e-04
-1.786361035274357581e-04
-1.786701710016229318e-04
-1.791748690511202270e-04
-1.790874890281815037e-04
-1.790925002933153735e-04
-1.790963325973417655e-04
-1.791485786765090410e-04
-1.793175884559469930e-04
-1.791009524859787233e-04
-1.791869317079788232e-04
-1.791853861834266811e-04
-1.792263863854673715e-04
-1.794155878054526300e-04
-1.794215906195099257e-04
-1.794768681795749440e-04
-1.799006622923975823e-04
-1.798530986829667197e-04
-1.798657112433048929e-04
-1.802104353040817186e-04
-1.800835846488749842e-04
2.680106553402860237e-03
2.680536155133481872e-03
2.681471375651192819e-03
2.681427503347815801e-03
2.681005200379713450e-03
