2.249862679960384047e-03
2.249614903768956849e-03
2.248857765222877191e-03
2.251675484970962118e-03
2.251658556319686630e-03
2.251656568702129109e-03
2.251154559864788213e-03
2.250445103413763887e-03
2.276012241655924005e-03
2.275990522151710629e-03
2.276140837882113799e-03
2.276170105243691903e-03
2.276096301257609159e-03
2.276036933661034715e-03
2.275980976097547771e-03
-1.757731425714895851e-03
-1.757615566436847646e-03
-1.757626496309468329e-03
-1.757650242387471130e-03
-1.757637429382641683e-03
-1.757690180987714085e-03
-1.757717161127124667e-03
-1.757712213703616034e-03
-1.757764337973699142e-03
-1.757684865545723011e-03
-1.757678643370749402e-03
-1.757612113474586041e-03
1.736173224088795840e-04
3.681128965786848589e-04
4.007668543135087073e-04
4.007817278095307523e-04
4.008485956708506253e-04
4.009393490005041735e-04
4.008662064345695189e-04
3.829032798120115904e-04
3.829249557829855614e-04
3.822702956820738071e-04
3.822628191207600649e-04
3.822746802036587448e-04
-9.503007952658503246e-03
-7.124319344156903114e-03
-7.114668218607617459e-03
-3.553297498280168394e-03
-3.553295803250661015e-03
3.768442975207333501e-04
3.732699984759457160e-04
3.732827954740062268e-04
1.008223965640510844e-03
9.891536455120183979e-04
9.597688671384879168e-04
9.597862931777909794e-04
-9.706116402330268260e-05
-9.772437692163634651e-05
-9.846105018881757067e-05
-9.511275213020316417e-05
-9.493195071407097528e-05
-9.544909957906941018e-05
2.632149318505683927e-03
2.855236893908492512e-03
2.859843022298240878e-03
2.859999407242513805e-03
2.863712459332475729e-03
2.861672132266585705e-03
2.861763915492208758e-03
2.861915244526449902e-03
2.861667685052048105e-03
2.862517814759677880e-03
2.862044566664422203e-03
2.863177386377889055e-03
2.864076772239956131e-03
2.863681837695374304e-03
2.827104183287293317e-03
2.827567985392915283e-03
2.827743544174123914e-03
2.827372388187912675e-03
2.829272641874785825e-03
2.828390720985893021e-03
2.829562668786872980e-03
2.801999227929050963e-03
2.802166209875103439e-03
2.802182184150337624e-03
2.803101205595356828e-03
2.803125584764140383e-03
2.799310829699030133e-03
2.799096336030616142e-03
2.798581335214265706e-03
2.798489905573282952e-03
-1.775896336616305041e-03
-1.775876034582516121e-03
-1.776014371237354681e-03
-1.798982266195029963e-03
-1.799404727115661842e-03
-1.798026856978698386e-03
-1.775529553856715348e-03
-1.775608672998220221e-03
-2.466131207103307906e-03
-2.469170589486893459e-03
-2.470109015950509423e-03
7.289252815450875632e-03
4.998862935769236805e-04
4.998333420100372444e-04
4.998006188867970675e-04
4.998664181993446890e-04
5.227521294920379948e-04
5.142407225635363573e-04
5.144347924061224092e-04
5.144379963356451391e-04
5.144005314060486490e-04
5.143664014737646482e-04
5.144701037966621822e-04
5.142999820258862447e-04
5.143674853372439760e-04
5.145364741036191104e-04
5.347076366636147743e-04
5.360923763206804039e-04
5.360113805529342999e-04
5.270784845995260320e-04
5.270082236925273172e-04
5.269777317272661063e-04
5.271865433266339183e-04
5.271759181821086392e-04
4.736166296444511612e-04
5.068158315248769271e-04
5.693205840618580180e-04
5.693522262661918380e-04
5.687979331303848196e-04
5.687815298523186784e-04
5.687116482950058506e-04
5.688164449510647999e-04
5.689781294292105534e-04
5.689763438450285218e-04
5.689632525022787638e-04
6.033122203056299126e-04
6.036345524461389934e-04
6.021007613479035028e-04
6.022146444586355500e-04
6.057773399603558163e-04
6.056381284159265783e-04
6.057276743447646220e-04
6.055999619484838271e-04
6.068736722728615808e-04
1.605793785481139224e-03
1.605606730558674193e-03
1.605726869421917084e-03
1.606908610788912711e-03
1.606905345331042243e-03
1.607743868500553612e-03
1.261190514088640722e-03
1.261251185183036999e-03
1.262336709370331109e-03
1.262344686160809257e-03
1.262363105371417608e-03
1.262391574267655858e-03
1.262410430519011768e-03
1.262345295379212629e-03
1.262376193509157215e-03
1.262370715499705779e-03
1.057888228795129427e-03
1.058092044822260113e-03
1.057910856435237412e-03
1.054572812328967695e-03
1.042471701755894389e-03
1.040501216399978331e-03
1.040702520347862791e-03
1.046177690727507657e-03
1.064992134152372870e-03
-6.319356702006967245e-04
-6.296952179287809183e-04
-6.311604044660103479e-04
-6.310156398970011250e-04
-6.307871089101732553e-04
-6.305768332059573421e-04
-6.380567018600705144e-04
-6.383474181386033239e-04
-6.381201633453946606e-04
-6.389000753356197668e-04
-5.841871131447505224e-04
-5.864536816854437878e-04
3.330912691876558758e-03
3.330492509962356632e-03
3.328023778565518311e-03
3.340264494938560529e-03
3.340237722576800284e-03
3.340197440499257774e-03
3.340419616274263679e-03
3.339390484306733846e-03
3.338717538570999156e-03
3.339748662866404583e-03
3.333298248595214890e-03
3.428911609374924526e-04
3.449473165850784812e-04
3.451080986299365780e-04
-3.457694117583230242e-04
-7.463395634401902810e-04
-7.465498195880176761e-04
-7.469941983649208000e-04
-7.483758076479838815e-04
-1.730297747925262520e-04
1.577104914167710894e-03
1.577071099306230975e-03
1.577062251464175389e-03
1.577102394899205064e-03
1.577076286455207383e-03
1.577348136373606536e-03
1.577317547417312824e-03
1.577502266339015887e-03
1.578495048885222981e-03
-2.496747403021099682e-03
-2.496058640170083828e-03
-2.496598209415985033e-03
-2.503118627777886889e-03
-2.504915367799642224e-03
-2.504759680892650053e-03
-2.504932685487446398e-03
-2.504484134132449902e-03
-2.504528345321659077e-03
-2.505433163536125666e-03
-2.505341306933539253e-03
-2.505463852355517204e-03
-2.505426164542001385e-03
-2.503807810569056574e-03
-2.504043744357527940e-03
-6.409938113231893053e-03
-6.410830069742681422e-03
-6.410657526059490401e-03
-6.410607276621223781e-03
-6.408984179064595998e-03
-6.575921866006725729e-03
-6.580233289365984735e-03
-6.588643405860378222e-03
-6.589360780676058356e-03
-6.589094392225701771e-03
-6.589079800962031365e-03
-6.581909542455442047e-03
-6.581884861142921379e-03
-6.581487671356278310e-03
-6.582235948334445343e-03
-6.374494136017230979e-03
-6.376913033255948021e-03
-7.167687057170976130e-03
-7.171001913813226242e-03
-3.193676126985304110e-03
-3.193777357529612761e-03
-1.221340478415229862e-04
-1.200904975485428904e-04
-1.431797646409226879e-04
-1.428541837024140235e-04
-1.426431527108789862e-04
-1.428056031565318261e-04
-1.428377736640528404e-04
-1.428299421802445464e-04
-1.426528013098706188e-04
-1.422942887677517928e-04
-1.682675380492260433e-04
1.071013875498593977e-03
1.071795426361543679e-03
1.071687122730323504e-03
-2.009000864270807200e-03
-2.008953275145581186e-03
-2.008923422602961004e-03
-2.009218698552493309e-03
-2.009361574817174201e-03
-2.008907756163520568e-03
-2.009096072736488853e-03
-2.009160987279442947e-03
-2.009183461624511943e-03
-2.009888198881120379e-03
-2.074171881967784917e-03
-2.072689003383156557e-03
8.696954047399545239e-04
8.690356593452995939e-04
8.683008971628225665e-04
8.682840372676273351e-04
8.684118107960025253e-04
-4.721129022128152082e-04
-4.718855241490523531e-04
-4.719773035610920595e-04
-4.719962089220252678e-04
-4.880440534788286024e-04
2.813403818237515848e-03
2.813494007924851464e-03
2.813393360685892148e-03
2.814305151605390153e-03
2.813296446609575129e-03
3.117186367616155487e-03
3.117362819361872012e-03
3.117373778180396529e-03
3.117156297806330210e-03
3.122604236004132647e-03
1.522410928279291625e-03
1.522313837637232544e-03
1.522160476160096644e-03
1.521684576330056956e-03
1.522145056728841381e-03
1.521873614439867668e-03
1.521752357924372563e-03
-6.088642885666111209e-04
-6.088549802220130777e-04
-6.087186229332228627e-04
-6.088248026886609789e-04
-6.084307791195107430e-04
-6.092440375829827294e-04
-6.092495363968179886e-04
-6.092486048216958243e-04
-6.091584253503235912e-04
-6.092869727690073886e-04
-6.092883970435535642e-04
-4.884222212545754997e-04
-4.882621807361815498e-04
-4.882971029571481821e-04
-4.883479492855493428e-04
-4.875554568026253788e-04
-4.891521347980326215e-04
-2.544972396543631644e-03
1.458257312036927676e-03
1.458493772258804807e-03
1.282067981933401792e-03
1.282232847860163925e-03
1.282028976584056621e-03
1.282046350678720447e-03
1.281926507771856969e-03
1.281950639995656747e-03
1.281916594543433064e-03
1.281940730054180163e-03
1.282427471749790536e-03
1.282003121102262859e-03
1.282571910850264282e-03
1.282727988872416893e-03
1.273252049612152168e-03
1.273369787455972714e-03
1.280205792468592021e-03
1.280213413394164701e-03
1.280292771650318878e-03
1.280268076868145734e-03
1.419278996047614993e-03
1.420529456031315377e-03
1.415435052019971491e-03
1.415419122460303625e-03
1.415402853554413847e-03
1.415433641578551366e-03
1.415440215045819924e-03
1.415429035814800727e-03
9.279480501494882403e-04
9.278716443702523945e-04
9.443876609070446775e-04
9.443088173896648906e-04
9.442116185905425349e-04
9.441493766866480494e-04
9.056566576705827242e-04
9.055306731948715776e-04
9.195217585544492554e-04
9.175241337251679487e-04
9.175345693569361780e-04
9.176587596379452271e-04
9.178221668949984677e-04
9.176697498295423956e-04
9.177452575929136635e-04
9.178282683422993174e-04
9.178140650813326621e-04
9.179270538076132269e-04
9.179319228030152940e-04
9.179434464742970440e-04
9.191254285014391042e-04
9.198102306379585648e-04
9.200043975229598445e-04
5.194109195642117663e-04
5.198697698713197497e-04
5.195752458606741437e-04
5.195861555891428561e-04
5.194568783775720209e-04
5.195006925951579793e-04
5.195257977321473316e-04
5.216435336033029479e-04
5.222201077421334634e-04
4.711971431209729944e-03
4.712953048554123156e-03
3.415313719661745677e-03
3.975033667359620035e-03
3.975020778427308839e-03
4.027938770801087025e-03
4.027611604100431522e-03
4.027531009756028443e-03
4.028092021658921662e-03
4.026276353346206101e-03
4.026449917806933405e-03
3.774364520647597188e-03
3.774432051895518572e-03
-4.999858169471660917e-03
-4.999991230786635966e-03
-4.999523851026526668e-03
-4.999592284148838758e-03
-5.000707778955642245e-03
-5.000678328806824370e-03
-5.004486876967210486e-03
-5.004502604921750794e-03
-5.005240635767436302e-03
-5.003978277523462616e-03
-5.002351590596585025e-03
-5.002936710444636642e-03
-5.002652801435614714e-03
-5.002672947997810135e-03
-5.002717044515865227e-03
-2.849607276224941452e-03
7.085906828560286676e-03
7.091340521663705085e-03
-1.638441171347811403e-03
-1.629457394269063098e-03
1.657680113238731243e-03
1.657234170189677072e-03
1.657446429813604115e-03
1.657344927923184302e-03
1.657452555976751197e-03
1.657374284223592014e-03
1.657631745427492640e-03
1.657270601054261234e-03
1.655051293856936011e-03
9.233539458892634638e-03
9.235141824008676059e-03
9.234041157877419595e-03
-4.217236810801271683e-03
-4.217126865148469218e-03
-4.216891769916130371e-03
-4.220211454022054082e-03
-4.220198940044547938e-03
-4.221591338194670417e-03
-4.221385823317435303e-03
-4.221344331496196950e-03
-4.221352924609438756e-03
-4.221534732884085761e-03
-4.225668406526655353e-03
-4.226612109416881188e-03
-4.224540637454372860e-03
-4.224780161214376946e-03
-4.223101740290324639e-03
-4.223244839312754843e-03
-4.223613888515155741e-03
-4.223017064367925837e-03
6.531778985066829125e-04
6.532000212645332595e-04
6.530711549303233132e-04
6.532142157219126069e-04
6.527778528536059893e-04
6.527933463379082587e-04
6.528005981870618800e-04
6.528538766361129900e-04
6.528022981599632601e-04
6.527978880702191332e-04
6.528684240883311004e-04
6.534108033150743929e-04
6.536970402620459345e-04
6.536833916423610748e-04
6.539786453056173647e-04
6.541426391965849026e-04
6.540760690286109152e-04
3.331113132915283076e-03
3.330966223978304094e-03
5.022482921466927056e-03
6.545498726031053274e-03
6.534172192450608818e-03
6.534005755827830726e-03
6.531344060135937588e-03
6.531107210293088904e-03
6.530955836128767532e-03
7.116314327047660107e-03
7.116098547171599217e-03
7.052080351481522340e-03
7.052292168358338491e-03
7.052840416046547364e-03
7.052832825075280865e-03
7.051593111447419966e-03
7.051339023900920523e-03
7.051618571328278039e-03
7.051541387753704725e-03
7.052413841386218941e-03
7.052091666513818011e-03
7.052740013374114367e-03
2.149228975127880342e-03
2.148426263751078858e-03
2.148459494629154174e-03
2.148762317393330176e-03
-2.897968168100155655e-03
-2.897856775400043088e-03
-2.897978014057258668e-03
-2.902512558161090585e-03
-2.901394742212759850e-03
-2.901281724568897848e-03
-2.902098641653419724e-03
-2.902431563203783111e-03
-2.901959554364733334e-03
-2.901953058025445644e-03
-2.901759853602511006e-03
-2.901943752589810493e-03
-2.901965086925261100e-03
-2.901930169618702378e-03
-2.901990682282504057e-03
-2.902094354216408403e-03
-2.901859939766272302e-03
-2.902580027077902077e-03
-2.902602961669627831e-03
-2.902435923794107701e-03
-2.902648005137693516e-03
-2.902128714277324700e-03
-2.902165515198752103e-03
-2.901693278025658813e-03
-2.257236758055919282e-04
-2.255147245110135574e-04
-2.251958964691435489e-04
-2.263346834714790028e-04
-2.260998298598507910e-04
-2.261472285342644580e-04
-2.261495946815174417e-04
-2.267737356948735844e-04
-2.252871929506586378e-04
-2.258098891111037440e-04
-2.258680017612207805e-04
-2.260952455807412043e-04
-2.262014701906473878e-04
-7.897267533101628729e-04
-7.896127036031432792e-04
-7.897859983488014031e-04
-7.895624046202321224e-04
-7.896379147010401060e-04
-7.901874333674966484e-04
-7.988112508747860800e-04
1.664833288482781178e-03
1.665141525512596954e-03
1.734734052338065668e-03
1.734726998008788261e-03
1.734768676242511021e-03
1.733872708062711345e-03
4.351647984826567672e-03
4.351672265993085202e-03
4.213928463182088635e-03
4.214010909611249842e-03
4.214131763177882302e-03
4.214114548287236500e-03
4.213957381933509071e-03
4.214046978804890375e-03
4.214273382990678385e-03
2.415105778563882925e-03
2.415126852252105338e-03
2.414985297011471542e-03
2.415363647719471173e-03
2.415341801240432178e-03
2.415222785482661842e-03
2.415219164776384944e-03
2.415221736519051424e-03
2.415224084471128546e-03
2.415275146430694540e-03
2.415335393936111387e-03
2.415316719522668694e-03
2.415291105532119034e-03
2.415437996205283076e-03
2.414794691084987035e-03
2.416129041260625492e-03
2.415776174330921348e-03
2.417106939022750645e-03
2.417244188736551811e-03
2.417265401759963878e-03
2.416100402582844250e-03
2.421894462829263153e-03
2.441861739338277697e-03
2.441091930659887964e-03
2.446427982140241247e-03
2.447243027277707858e-03
2.362907397607148189e-03
2.362881067658247330e-03
2.367053543696297658e-03
2.366997610189003082e-03
2.367135116954279406e-03
2.366924613246996437e-03
2.380709515107454037e-03
2.307021029270403187e-03
2.307219034236712100e-03
2.306538690679681754e-03
2.307176592938722619e-03
2.301917126856835045e-03
1.849306159782112885e-03
1.849741931851379712e-03
1.849673794678862023e-03
1.856047807450273736e-03
1.860476717290303122e-03
1.860333176193077094e-03
1.626471607819530377e-03
1.626387210571436344e-03
1.626237541004714763e-03
1.642055312638681340e-03
1.643020895674555601e-03
1.644016472589532709e-03
1.643705033104297161e-03
1.644059257122171876e-03
1.643754819010758393e-03
1.644249766328155418e-03
1.643774419831718191e-03
1.936243804052479797e-03
1.936331856593499594e-03
1.936267218732631813e-03
1.932784000292044708e-03
1.932853029135335422e-03
1.460010354692617104e-04
7.494690615579189218e-04
7.494536931733721853e-04
7.493301501971941832e-04
-1.437581578243382055e-03
-1.438320416260029360e-03
-1.438439067506320319e-03
-1.430480284653489614e-03
3.744627034525200237e-04
3.741734233518602382e-04
3.741611423120474794e-04
3.754703582725246389e-04
3.780956435995215547e-04
-9.375088662770715434e-04
1.365979508619810786e-03
1.362382427105325155e-03
1.362347021948525543e-03
1.194749702713896562e-03
1.194746313372052485e-03
1.194615810198818625e-03
1.194328545320147471e-03
1.194426937740043554e-03
1.194521199902787937e-03
1.196419591194098015e-03
1.196635938619033121e-03
1.196285260273941128e-03
1.196537872072978622e-03
-6.338819899591785273e-04
-6.340167584957414173e-04
-6.346266837490539088e-04
-6.297672545685840300e-04
-6.297681571410355950e-04
-6.298392244831631627e-04
-6.301186977665736199e-04
-6.305182178370789380e-04
-6.301814632663044983e-04
-6.301648315349097284e-04
-6.302610314509259721e-04
-6.304999681342327977e-04
-6.304106252989576629e-04
-6.309404159376444344e-04
-6.308938448492719137e-04
-6.309935089249426015e-04
5.162165236424738970e-03
5.154644350842179854e-03
5.154052709489611271e-03
5.140257899321542222e-03
5.157208650599893335e-03
5.157165534958338925e-03
5.157358233665842659e-03
5.157252569186841079e-03
5.156833145183923467e-03
5.161602452214626366e-03
5.161828974575190764e-03
5.161828001618787819e-03
5.162935067355286720e-03
5.162311083667590374e-03
5.162420366282147871e-03
5.152181618438926407e-03
5.424522325265225542e-03
5.424280693627458495e-03
5.515060056241450313e-03
5.537919762600375731e-03
5.538027406484377461e-03
5.538260609888530014e-03
5.537794529115343083e-03
5.537624304739411328e-03
5.537954812104841154e-03
5.538258359158546550e-03
5.538261477489091721e-03
5.538340526797407883e-03
5.537293294046675453e-03
1.339109323399857460e-03
1.339075524171287005e-03
1.339036677469831365e-03
1.339017735451633042e-03
1.338970310609609521e-03
1.339004143422927156e-03
1.338963889304062987e-03
3.684140614531960720e-03
3.684022317069587070e-03
3.684030727016818305e-03
3.684005640906393240e-03
3.684257564407054757e-03
4.789140665602842697e-03
4.788089528167169436e-03
4.792589155941359529e-03
4.794715962399782871e-03
4.794904298894158562e-03
4.795300285134639594e-03
4.794859652129099259e-03
4.794830665209529746e-03
1.201658756223781058e-03
1.205125020457451087e-03
1.204935126229125320e-03
1.204984856770182884e-03
1.204975226516470351e-03
1.205028727928147579e-03
1.204594353646100706e-03
1.204682566746551270e-03
1.204731209826987934e-03
1.136274843866440102e-03
1.137516884442158491e-03
1.150042765669176924e-03
1.151352422902467186e-03
1.153809337631808794e-03
1.154082117513387110e-03
1.153480515910075858e-03
1.153591018415497027e-03
1.153719970528240121e-03
1.153815589629036227e-03
1.153761934672372595e-03
1.153719054489767181e-03
1.153256604544503723e-03
-3.879489310606872000e-04
-3.879841732366416836e-04
-3.870623198675760858e-04
-3.877192333203496595e-04
-3.902056004248012091e-04
-3.925072494767297489e-04
-3.919311930159038093e-04
-3.803562570707116029e-04
-3.549769432362795938e-05
-3.547403020577870759e-05
-3.591493803565995284e-05
-3.469481292104659615e-05
-3.582543978793927111e-05
-3.627611085410935581e-05
-3.575815981192055892e-05
-3.578344740711036925e-05
-4.125432342770710337e-05
-4.116273057723585723e-05
-4.030997000669464677e-05
-4.036650352813253247e-05
-5.610637298037354226e-01
-5.612352966709878155e-01
-5.612344334671782731e-01
8.118405598555325509e-03
8.118653440036031899e-03
8.122205714427274681e-03
8.128789000592270136e-03
8.128950549733376246e-03
8.128994987688814913e-03
8.128889464295139047e-03
8.129026701007836114e-03
8.129020230750213030e-03
8.128935343155997001e-03
8.128614965237731041e-03
8.128953501013566965e-03
8.128484307762817024e-03
8.128818125945930229e-03
-2.002599515652307618e-03
-2.002518940570924538e-03
-2.002813756375730701e-03
-2.002402929378490314e-03
-8.361502509400789603e-04
-8.362474659523209215e-04
-8.360584756823797540e-04
-8.470698993576201595e-04
-8.472364858715302014e-04
-8.470908312767971762e-04
-8.471058583934471583e-04
-8.470876460984035679e-04
-8.471106613350065997e-04
-8.470884705600994222e-04
-8.472801116374674511e-04
-8.473751666660350691e-04
-8.396560867223453817e-04
-3.363851123378567513e-03
-3.363801383653315744e-03
-3.363777201777870107e-03
-3.363550583726893951e-03
-3.363753645175612296e-03
-3.367224962466605805e-03
-3.367511962087082859e-03
-3.366878193128899823e-03
-3.976603159642460271e-03
-3.977701870567504523e-03
-3.977760580147138986e-03
-3.978152031209267366e-03
-3.975912942207821162e-03
-3.975911113295873926e-03
-3.972152141466145717e-03
-3.972062859920551595e-03
-3.971952914244626133e-03
-3.972041357521628561e-03
-3.970013316285541695e-03
-3.976227031743053211e-03
-3.589960295585926508e-03
-3.473944087539577227e-03
-3.474415319552605526e-03
-3.475073126257772864e-03
-3.474479223963532985e-03
-3.474805714953157088e-03
-3.474579537117589330e-03
-1.933366951903913063e-03
-1.933216488138698704e-03
-1.933227746338929062e-03
-1.933224040057736305e-03
-1.933182685061302693e-03
-1.933213213089034731e-03
2.391012723326773129e-03
2.390733035049094624e-03
-1.166337987794940825e-03
-1.166197514142782929e-03
-1.166245459254161608e-03
-1.166225722986676721e-03
-1.166313656668785089e-03
-1.166245954097681285e-03
-1.166212539086384711e-03
-1.166491482624854980e-03
-1.143938102524587504e-03
-1.143959025026226048e-03
-1.143998381592391169e-03
-1.144018466238704013e-03
-1.144103682199775233e-03
-1.144048992178705237e-03
-1.197421639486243201e-03
-1.168843453447743468e-03
-1.168761072352585010e-03
-1.168620222755791232e-03
-1.168603450391004052e-03
-1.170665669003490179e-03
-1.170898617703770806e-03
-1.167480059085512127e-03
-1.167636504873437219e-03
-1.167506285841592596e-03
-1.142040665245224991e-03
-1.140997226800454867e-03
-1.141165398440374852e-03
-1.141370248683149435e-03
-1.141396722426824993e-03
-1.141429429139764968e-03
-1.141252168817343503e-03
-1.141357582321123791e-03
-8.530096628268264702e-03
-8.529811940202048151e-03
-8.529822841320953281e-03
-8.529967680532542923e-03
-8.529703894130215638e-03
-8.529718528610783987e-03
-8.529586108232302052e-03
1.332475809007390983e-04
-4.807588275180546978e-04
-4.806656471602091226e-04
-4.805868762351033245e-04
-4.809792818735285640e-04
-3.640488367242815035e-03
-4.045743063941144996e-03
-4.045498483098762185e-03
-4.045507794112648305e-03
-4.045510098402115007e-03
-4.046018373360924826e-03
-4.024208433402102873e-03
-4.025460471137309523e-03
5.681139701359701200e-04
5.684108359143922717e-04
5.695381145278015974e-04
5.695633603906002105e-04
5.695981273119668942e-04
5.695364626731172020e-04
5.695973157208792650e-04
5.699887704924406877e-04
5.700800434924429812e-04
5.701070559697700869e-04
3.929432120365471560e-04
3.930749508053526207e-04
3.928676069940663699e-04
3.927109647730765317e-04
4.142439485158540334e-04
4.114514975921424182e-04
4.118274623890351817e-04
4.143682205839672441e-04
4.143765699993897473e-04
4.145470157332622682e-04
4.145811899577105521e-04
4.118591164633248662e-04
6.651024820554299593e-04
6.606121970026097379e-04
6.626896054841280564e-04
6.603039619312003807e-04
6.605382067859742051e-04
6.605503362459707196e-04
6.605830951903887346e-04
6.605261778457370905e-04
6.605126273379439972e-04
6.605092238259073403e-04
6.605471435560904530e-04
6.621732843341675973e-04
6.620962684659436335e-04
6.623017907080300986e-04
6.619461548572245450e-04
8.870574812768778489e-04
8.673630168073770061e-04
8.724130244323650366e-04
-9.365455394756884043e-04
-9.361483769693791429e-04
-9.347691690398988399e-04
-9.345952458892834141e-04
-1.038565652407820667e-03
-1.022675545121072213e-03
-1.022985703501919389e-03
-1.022798244124311588e-03
-1.004334605172172530e-03
-8.353591542744748504e-04
-8.354503758779000455e-04
-8.350671687613587212e-04
-8.361438593753846770e-04
-8.361322512554821961e-04
-8.360665560064100763e-04
-8.360118663906539920e-04
-8.746151718133028706e-04
-8.746976716591558284e-04
-8.747141799216676941e-04
-8.748126315371007036e-04
-8.748137547290730761e-04
-8.740438394316301296e-04
-1.793343757519573521e-03
-1.793350135069309232e-03
-1.795673690599285674e-03
-1.796000448722115958e-03
-1.796481844810537444e-03
-1.796394262583647303e-03
-1.796692044136880039e-03
-1.796683272271373507e-03
-1.796590052668818561e-03
-1.796665032696948905e-03
-1.796320772152296434e-03
-1.796373718210518599e-03
-1.796317203134008928e-03
-1.796717921946783432e-03
-1.813988536825321060e-03
-1.815687782007915745e-03
-1.815471566077035432e-03
1.020548712368476085e-03
1.020019725390573393e-03
1.020374251867511113e-03
1.018880282064034892e-03
1.018932398368456015e-03
1.018861518439621991e-03
1.018789813882039867e-03
1.018496155965189142e-03
1.018684072393894434e-03
1.018366511368238485e-03
1.018565674512302488e-03
1.019396534664944150e-03
1.018631266270270466e-03
1.019506581706646495e-03
1.017229027222027503e-03
1.017158158331310947e-03
1.017115456799525582e-03
1.017182525955717502e-03
1.017944017379127661e-03
1.018097208305657371e-03
1.018034981375541504e-03
1.018310933794029432e-03
1.018507852571918755e-03
3.608335012228527493e-03
3.611533116822297600e-03
3.612481237943702354e-03
3.612113915344226326e-03
3.610371756577324467e-03
3.610001798090661969e-03
3.610879399812301754e-03
3.602536049447653804e-03
3.602890965782257638e-03
3.602433102023562279e-03
3.602141961698166958e-03
3.602231139001480908e-03
3.602393125619308099e-03
3.602398181109349885e-03
3.312510128339718040e-03
3.314371169301336389e-03
3.314373652211011125e-03
3.314267134407795738e-03
3.314299792706847363e-03
3.314436905078245021e-03
3.314248784646858879e-03
3.314389299765316786e-03
3.314396894459393974e-03
3.314604165074569540e-03
3.314622339659422257e-03
3.315340543338287510e-03
3.315345598601966530e-03
3.315351773031759933e-03
3.316030787423908822e-03
3.315996823591190346e-03
3.316011321169738159e-03
3.315545107370155772e-03
3.318178600267284849e-03
3.318133601068291080e-03
3.313579888468531475e-03
3.308774207007083353e-03
3.308774084635028156e-03
3.308840193645006238e-03
3.308769565616652072e-03
3.310178261743494926e-03
3.309802167928660270e-03
3.313696806953990697e-03
3.310262510134430805e-03
3.310114091865936151e-03
3.311362763162096004e-03
3.312529926232622973e-03
3.311773877260578910e-03
3.310820772021762400e-03
3.310678570275456256e-03
3.301924395864215458e-03
3.307535474096411337e-03
3.282920893551631927e-03
3.282081962241693938e-03
3.282356949031371447e-03
3.282524086383912382e-03
3.282705796093994457e-03
3.281821949216378979e-03
5.432929233059230522e-04
5.478734393867200868e-04
5.493240693132567546e-04
5.485255331700091301e-04
5.488793417862277389e-04
5.485177065525258982e-04
2.342804769438953071e-04
2.343329925742385317e-04
2.382624966014457461e-04
-2.613615735187268391e-03
-2.613917845877936161e-03
-2.613822325174454658e-03
-2.613953404840182234e-03
-2.613936775962533675e-03
-2.613848558270461756e-03
-7.013021922083520487e-02
6.424500770418935117e-04
6.433118805272486970e-04
6.430181225207729076e-04
6.442089881916637610e-04
6.442367741578869551e-04
9.116691867365794757e-04
9.121379132513632434e-04
9.120930577854640189e-04
9.120989900527407121e-04
9.119309178844023063e-04
9.120089600880657574e-04
9.106228953553649735e-04
9.104967031158608948e-04
9.035633298356288839e-04
9.036071044816733778e-04
9.053618486191953489e-04
9.047286862535372206e-04
9.050450465485247384e-04
9.092241119684619892e-04
9.088986778014435499e-04
9.088108905860217256e-04
9.086465566932090416e-04
9.104372691885092087e-04
9.089826374423764632e-04
9.089061763450463280e-04
9.088845689368802404e-04
9.089067836205187495e-04
9.089862644035330043e-04
9.089283843690953990e-04
9.089380576510581664e-04
9.089076689890834533e-04
9.075240149576199343e-04
9.074121528847993489e-04
9.083120953616085702e-04
9.081809043737626951e-04
9.085402483396067983e-04
9.084929447063346463e-04
9.085790456658470425e-04
9.085789238069383366e-04
9.083660076777210586e-04
9.084150451839924888e-04
9.084470355289605767e-04
9.084042981237613803e-04
9.083135972354544532e-04
-3.107275193744795869e-03
-3.107206895813555657e-03
-5.048839979737587344e-03
-5.048771531425461437e-03
-5.048593862039592144e-03
-5.048708409521562336e-03
-5.048853936893885237e-03
-5.048915987625919588e-03
-4.142654985651437159e-03
-4.142188107877538272e-03
-4.146703771549350298e-03
-4.146713881062761599e-03
-4.146833029976668659e-03
-4.146771351692671997e-03
-4.146696951990530740e-03
2.373470339130021381e-02
6.056291106492175426e-03
6.056279306967570636e-03
-5.446739030038129023e-03
-5.446453813607245349e-03
-5.446513250710525306e-03
-5.464516907321718617e-03
-5.466097138994053736e-03
-5.449942649461799599e-03
-5.606987563489556139e-03
-5.606586403009780270e-03
-5.606260405121319366e-03
-5.794987950688363677e-03
-5.794690567470511464e-03
-5.794617863409025002e-03
-5.794476076186712114e-03
-5.791357892049022772e-03
-3.204917999371583153e-03
-2.407221438718919887e-03
1.449643863672250496e-03
1.449750798617128024e-03
1.450977823767506027e-03
1.282984906614054697e-03
1.283068571863798992e-03
1.283378148166453665e-03
1.283358930974858253e-03
1.283637155321225515e-03
1.283210034037246235e-03
1.015649830419972782e-03
1.015599172154289581e-03
9.446886261302216235e-04
9.433763936746042021e-04
9.434086378868957205e-04
9.433840061545123576e-04
9.434164270235095243e-04
9.433911997898032122e-04
9.429177115402697772e-04
9.432437704727673683e-04
9.432677476233654714e-04
9.438320584939392105e-04
9.434948963745585799e-04
9.429147030745772817e-04
9.428647263683659178e-04
9.428787133878865998e-04
9.444972246795703928e-04
9.430675644586262313e-04
9.430601480084824370e-04
9.429793225618630014e-04
9.430303852275401634e-04
9.430244316679855252e-04
9.430086450243016115e-04
9.429979670139125190e-04
9.430155155150142044e-04
9.429579929449358189e-04
9.429526866391468474e-04
9.429882710239368727e-04
9.430539090945315450e-04
9.430207889227120235e-04
9.430236020243921167e-04
9.430477988238315443e-04
9.430497440602663654e-04
9.430473042551316401e-04
9.430406596333246573e-04
9.432599698646545192e-04
9.423166469344808208e-04
8.360048895777833172e-05
-2.328485112450542297e-03
-2.338186676870337901e-03
-1.809420367309682405e-03
-1.809444162025152956e-03
-1.738109331435129393e-03
-1.739311312201446665e-03
-1.739954506905723062e-03
-1.740192602763483871e-03
3.043992434433138473e-03
3.045478076619338812e-03
3.045406055974341983e-03
3.045446821655654369e-03
3.045560023310024157e-03
3.045411878148839707e-03
3.045802188843550404e-03
3.045942710045473640e-03
3.046340859049886593e-03
3.044826500368875716e-03
3.044909218967429415e-03
3.044818468799999171e-03
2.974640583868665405e-03
2.957940789410288922e-03
2.956999364872888066e-03
3.160072620759645391e-03
2.979038577596072358e-03
2.976519267138017389e-03
2.976556392841035303e-03
2.977020187182059709e-03
2.976770017269074736e-03
2.976564286789703216e-03
2.976079417545161605e-03
2.975034753486629525e-03
2.975433641940118234e-03
2.973191287604771190e-03
2.972687188851213212e-03
3.005440156680366879e-03
3.000792886499244194e-03
-1.960962519371454819e-03
-1.961092014268190579e-03
-1.960992944726138842e-03
-1.960493321230985173e-03
-2.044581238071116816e-03
-2.044403066194131532e-03
-2.043134855031446089e-03
8.190691846231527721e-04
8.274623282847152215e-04
8.274129979565339509e-04
8.122975505412957306e-04
2.942333843399242473e-03
2.942558848687947676e-03
2.942538813869455521e-03
2.942554433176428758e-03
2.954107387661984632e-03
2.954092856358246644e-03
2.954248975584401922e-03
2.954243816423984034e-03
2.954171102930711491e-03
2.954113411469398015e-03
2.954105907570096605e-03
2.954150327135667085e-03
2.953920081931805594e-03
2.953873728362958577e-03
2.939673434394776946e-03
2.939403963282665594e-03
2.939660556225714982e-03
2.939614859089831073e-03
2.939541970730894481e-03
2.939576033603492986e-03
2.939563150525043023e-03
2.939548591772896471e-03
2.939607132752839001e-03
2.939566500252679352e-03
2.939531294632225303e-03
2.939532864676396365e-03
2.939496483401969271e-03
2.939545269936704504e-03
2.939499550412736154e-03
2.940569444255308838e-03
2.940567172079100802e-03
2.941287687226323486e-03
2.919991672485845475e-03
2.921813391208188341e-03
2.921837579665327936e-03
2.921985277235176863e-03
2.921979890333332996e-03
2.922043267752720205e-03
2.922047977917289346e-03
2.921965844913332333e-03
2.922165356354361389e-03
2.922073494573966708e-03
2.918529392801489687e-03
2.918650691929626506e-03
2.915697062839628546e-03
2.916263849382893115e-03
-1.778993093257344319e-03
-1.778925088648858647e-03
-1.779222426093321442e-03
-1.779073304731339927e-03
-1.502428119561195242e-03
-1.502636100771417372e-03
-1.502739094187327757e-03
-1.502669611129287030e-03
2.130963828711101953e-03
2.129997924940919222e-03
2.134098500186130433e-03
2.133819414907495420e-03
2.133791021606982162e-03
2.134334364335565507e-03
2.134868314394387095e-03
2.134055242429511948e-03
2.134015409318863049e-03
2.134177980934556795e-03
2.135034003156187181e-03
2.135254062157546529e-03
2.135267439346478623e-03
2.135106751685994595e-03
2.134810623078119921e-03
2.134806894580089202e-03
2.134828007543621183e-03
2.134821251013056548e-03
2.132713676476015018e-03
2.132768988875860701e-03
2.133556646317260556e-03
2.133490177618563126e-03
2.133227289416115766e-03
2.133199869639882795e-03
2.133227477759300997e-03
-2.169282771532868054e-04
-2.168529036424205652e-04
-2.170316034611679342e-04
4.831935851653743064e-04
4.832844249264669546e-04
4.838566039925369308e-04
4.839452001486080845e-04
-1.834770959011374056e-04
-1.832383919280353916e-04
-1.831482371380552341e-04
-1.837065485033999323e-04
-1.836902573493739597e-04
1.090954491323162159e-03
1.089913880245851115e-03
1.085167508566010864e-03
5.136627923962385931e-04
5.432939324371523692e-04
-4.855154821716483465e-03
-4.855105826890311616e-03
-4.851410533193421283e-03
-3.070310001882022456e-03
-3.070358983424012825e-03
-3.019345297208622832e-03
-3.804986021131662936e-04
-3.805704165459305034e-04
-3.803930727676667041e-04
-2.852323843889986461e-03
-2.859073720351726789e-03
-2.511130334332383699e-03
-2.509729436115839662e-03
-3.758370698343222252e-03
-3.759115272368447613e-03
-4.064920860609805287e-03
-4.064841654378683646e-03
-4.065047799652081982e-03
-4.063235289745946964e-03
-4.064297121023344693e-03
-4.063260293072024076e-03
-4.691898280004132629e-03
-4.691770767299107553e-03
-4.693012349879634691e-03
-4.692893072313923143e-03
-4.692888852752917853e-03
-4.692755406101738018e-03
-4.694254418857114058e-03
-4.693337363760504040e-03
-4.683199299371162277e-03
-4.682916092013217867e-03
-4.682794685771613646e-03
-4.682954334831958623e-03
-4.682352302942457446e-03
-4.682894515074670361e-03
-4.682847089789508692e-03
-4.682770254988122792e-03
-4.684652603278025712e-03
-4.684853831637136867e-03
-4.685111059086520015e-03
-4.684828817201645151e-03
-4.684853163405710945e-03
-4.684451187004837897e-03
-4.680066176411771563e-03
-4.680004782093713338e-03
-4.679922054389894052e-03
-4.679931154302824012e-03
1.636927033667149797e-02
1.637176364451189275e-02
5.966301767059079691e-03
5.966280672962224162e-03
5.966156020981962065e-03
5.966018190650024429e-03
5.966132201792148822e-03
5.966100938955082311e-03
5.966150044197260360e-03
5.966139487059652670e-03
5.966127092352924675e-03
5.966607191375821080e-03
5.966537473804518245e-03
2.979802140094955747e-03
-3.419424583196634441e-04
-3.419086207736887805e-04
-3.423373240076574135e-04
1.091816874964467339e-02
-2.162106978032205581e-03
-2.162144051262655103e-03
-2.162176600441940554e-03
-2.162132911008339715e-03
-2.161896292232315994e-03
-2.161930349557032900e-03
-2.161944378955947630e-03
-4.270390743351453085e-03
-4.270977410167316364e-03
-4.270836842485901431e-03
-4.270820810432662644e-03
-4.270893224031949674e-03
-4.270818842274972868e-03
1.775171814430994950e-03
1.776168747085420715e-03
1.776720006971092185e-03
1.776358134431153942e-03
1.777559884590831094e-03
1.777335620306742065e-03
1.775401730642275650e-03
1.775295449264592844e-03
1.775768983094936021e-03
1.775757569560638439e-03
1.775952922939745375e-03
1.775599797181656291e-03
1.776102003355486784e-03
1.775212591962059203e-03
1.775257636947490548e-03
1.775379783493916987e-03
1.775454306392595201e-03
1.775565844436487965e-03
1.775664887015534306e-03
1.786325215668263045e-03
1.787075008375303871e-03
1.786866501102475722e-03
1.787143575524406929e-03
1.787045343121749022e-03
1.787173877290303310e-03
1.785893308953564540e-03
1.785982263389814277e-03
1.786220255157038549e-03
1.786908040139704090e-03
1.786872982806651496e-03
1.786893635886046194e-03
1.786935049179956894e-03
1.786358415266523034e-03
1.786089424543183630e-03
4.642366444855963790e-04
4.585933957514094317e-04
-1.192689936377561892e-03
2.204599108196246462e-03
2.204664329826736945e-03
2.204667527951972936e-03
2.204821709640983167e-03
2.204817664238959384e-03
2.204848895031060688e-03
2.206238237711056257e-03
2.206065110435226611e-03
2.205392503058018882e-03
2.205463744215416244e-03
2.205350235574256301e-03
2.205340808479265384e-03
2.204369450406573443e-03
2.204432008637336599e-03
2.204334693458676400e-03
2.208622610614926606e-03
2.208817451283799898e-03
-1.706549876999968003e-03
-1.706521215100528224e-03
-1.705965765219520603e-03
-1.706183930314026992e-03
-1.706928217923440929e-03
-1.705447661995072818e-03
-1.705453391889917006e-03
-1.705547096879208614e-03
2.021842991592439059e-03
2.021829224749888566e-03
2.021810788070526124e-03
5.647831086987960963e-03
5.646836476882456830e-03
5.647326088717682761e-03
5.648877068595100151e-03
5.653661404319720862e-03
2.502049601664042052e-03
2.497758206602965301e-03
2.497660710213529551e-03
2.498873326622453456e-03
-7.441791936116754977e-04
2.682045318816886608e-03
2.683075421104817292e-03
2.619757505193791216e-03
2.624036665689560496e-03
2.625756461732290346e-03
2.626649026122993523e-03
2.623597829200732465e-03
2.623498438325990237e-03
2.623577043987476622e-03
2.623641888629851902e-03
2.623457848248921236e-03
2.624210214318073789e-03
2.625069561645109600e-03
2.588377092201155343e-03
2.588115138813179041e-03
2.587715645747890470e-03
2.587778815816372136e-03
2.587728460999011177e-03
2.587708238428785158e-03
2.589660857420439909e-03
5.721341339147393993e-04
5.720371814866674490e-04
6.113287202542267698e-04
6.107879417073235626e-04
6.107648374520690312e-04
6.103456990752242342e-04
6.097934083324050734e-04
6.098214844823038588e-04
-2.024368936402657585e-03
-2.023766882870513869e-03
-2.023780525691622374e-03
-7.364467812595853211e-04
-3.859818438876868110e-04
1.326574444137140112e-03
1.327474434546508297e-03
1.322464097882246553e-03
1.323047931335403701e-03
1.322882091561646553e-03
-1.985873065227341844e-04
-1.981761634801481415e-04
-2.182790958413685211e-03
-2.182783729246243025e-03
-2.182796690636240773e-03
-2.182756934054746415e-03
-2.182805420974238009e-03
-2.182800423380154651e-03
-2.182774814497841307e-03
-2.197217438892468382e-03
-2.197421088686122431e-03
-2.197365771146197414e-03
-9.159467618587196136e-05
-9.169644054285539404e-05
-9.154951609438199327e-05
-9.156317798509587688e-05
-9.089339240842614560e-05
-9.084821435681282586e-05
2.381025538457907757e-03
2.380970280912744937e-03
2.380933983858661215e-03
2.380927184164466359e-03
2.380915403665249171e-03
2.381114235685084009e-03
2.381264901003696689e-03
2.381876694376217334e-03
2.381748183045717844e-03
2.381930040888585037e-03
2.381769867204074770e-03
2.381822407826926329e-03
2.165841436766114542e-03
2.165693964964142664e-03
2.165621327412083942e-03
2.167284592556324545e-03
2.167335590779565727e-03
2.167199290857181083e-03
4.279397091102901153e-03
4.279642915881398668e-03
4.281650416480956185e-03
4.273021519809145491e-03
4.274064598157044891e-03
4.274030368155873685e-03
4.273547885444994171e-03
3.845044925895371377e-03
3.845849236222254573e-03
3.845752246615073873e-03
3.845221820761622090e-03
3.663948521221559607e-03
3.661821584083316435e-03
3.661859066330035595e-03
3.661736091243020588e-03
3.719693525484775963e-03
3.719859047450104882e-03
3.719866426360264860e-03
3.719888721157342797e-03
3.720357495068893523e-03
3.719994287831920529e-03
3.720595739586340673e-03
3.721907494265955414e-03
3.722840368351887017e-03
3.721170053236268899e-03
-3.538662377537396542e-02
-3.538681462683769541e-02
-3.538587302747819852e-02
-3.538575851153022422e-02
-3.539085011223352256e-02
-3.539192218741711582e-02
-3.538877440914701272e-02
-1.695891981609036394e-03
-1.696013407084856831e-03
-1.696260094085293808e-03
-1.696447026869185928e-03
-1.695894150816148506e-03
-1.694929741028437364e-03
-2.645304223189354383e-03
-2.646254209667769051e-03
-1.140674148923455540e-02
-3.292972664522964780e-03
6.578970864947970842e-03
6.579388907638356217e-03
6.579763952286569670e-03
6.755514567896150901e-03
6.099125986976688257e-03
1.029618182385376543e-04
1.035326120985437910e-04
1.041708712389356918e-04
1.041752068110103044e-04
1.039528259170743527e-04
1.036933039390397601e-04
1.033358634540085144e-04
1.030873805876772833e-04
9.888964062925748196e-05
1.021941833929482387e-04
1.018764315255895383e-04
1.023219869573607934e-04
-1.226195665318125481e-03
-1.226294197777899695e-03
-1.224290774693103127e-03
-1.224058888008019855e-03
-1.225800576411910370e-03
-1.225788742644972435e-03
-1.225744949988595133e-03
-1.225777793270895963e-03
-1.226302095135302275e-03
-1.226402496209465362e-03
-1.226300452346033940e-03
-1.225616376714067611e-03
-1.225607651381094114e-03
-1.226367493186775182e-03
-1.226132672969259749e-03
-1.226133666741651383e-03
-1.226142297261673337e-03
-1.223181780279154057e-03
2.295508002722386367e-04
2.295351822374623206e-04
3.577210186204759883e-03
3.576261903171564730e-03
3.576558723663602647e-03
3.573365406147104451e-03
3.565997957671322022e-03
3.565761220503307211e-03
1.808283778632940398e-03
1.808325427353806806e-03
1.808944431640513309e-03
1.808733652134699409e-03
1.807424649041578261e-03
1.808953167384443625e-03
1.805983100272368688e-03
1.563160937636262540e-03
1.563159759247684851e-03
1.563134288874099866e-03
1.563276139696782949e-03
1.563259587349446859e-03
1.563124688378691876e-03
1.563183375257270677e-03
1.563205602105769126e-03
7.094868416215191487e-03
-6.845621326491492346e-03
3.610018151363319008e-03
3.656668534214910660e-03
6.700437351237952845e-03
6.704056319102244532e-03
6.704572035662359139e-03
6.704202039255177485e-03
6.704531515530464357e-03
6.704923390791272392e-03
6.705113046960932063e-03
6.704486068024397699e-03
6.704601269104366532e-03
6.705445206712344272e-03
6.704800713440497995e-03
6.705074373788802965e-03
5.616449149357562697e-03
5.616311775157740646e-03
5.622816966607660331e-03
5.623427190091132358e-03
5.623723069485771046e-03
5.623380467842387098e-03
5.027098007452078694e-03
5.458735651795536964e-03
5.460006046020983786e-03
5.459923750488385186e-03
5.459839949694962613e-03
5.459803071323570366e-03
6.039495195072538611e-03
6.039496496479434921e-03
6.041600808030832617e-03
6.041292254663819736e-03
6.041334903257614304e-03
6.041527546161084769e-03
4.680334320241191608e-03
1.207686138217577273e-03
1.262055336267324523e-03
1.262050096403608641e-03
1.262050824792864453e-03
1.262074712173148327e-03
1.262187199017512007e-03
1.262148829656862788e-03
1.262121265274819201e-03
1.262117121393049792e-03
3.145524886809071725e-03
3.145924922149736808e-03
3.892780665763527839e-04
3.882033825553453626e-04
3.907670845543946081e-04
3.906400833433195372e-04
3.869296514758474386e-04
3.878192472452599319e-04
3.877495401208496339e-04
3.877486272307120729e-04
3.876713076978778876e-04
3.872085508566734777e-04
3.883907752802150939e-04
4.818438582482978167e-04
4.815738017794220487e-04
4.787892799091115407e-04
4.788123804576580630e-04
4.785860694572553514e-04
4.782340065075763947e-04
4.781466337640637838e-04
4.777531133295189240e-04
5.051602456460415344e-04
2.783686947283536828e-03
2.783248381833155691e-03
-6.017297645792899202e-04
-6.041254687895639781e-04
-6.005666808127017560e-04
-6.006607334492458216e-04
-6.008429654711447410e-04
-6.000343881885004905e-04
-6.001181946076679418e-04
-6.001317349987206904e-04
-6.029690074992377418e-04
-6.031417452553570644e-04
-6.031723474545715342e-04
-6.038191555469889314e-04
-6.035731983240203357e-04
-6.034836518647078646e-04
-6.040298431215089829e-04
-6.023478096674521548e-04
-6.027333698816208195e-04
-4.856796630021361933e-04
-4.853657811342694897e-04
-4.860620950443175726e-04
-4.856040228162887291e-04
-4.590791940013706730e-04
-4.594575328963021476e-04
-4.820985869823200408e-04
-4.767609850482274576e-04
-4.767810260895630333e-04
-4.767389815219614060e-04
-4.767625805906396791e-04
-4.767198845372959078e-04
-4.767008635807612493e-04
-4.765835880807467928e-04
-4.766495283869871553e-04
-4.769188359452148545e-04
-4.768430936781632777e-04
-4.767709590225336453e-04
-2.565111498490939734e-04
-2.552868680623543874e-04
-2.552444513778555682e-04
-2.552788662367037908e-04
-2.550006758772301236e-04
-2.550403174260335352e-04
-2.551148629972969126e-04
-1.871330278237206483e-04
-1.873706584329016699e-04
-1.872672692768116178e-04
-1.263581716602692770e-04
-1.263331060470088054e-04
-1.254992867268004504e-04
-2.250660830346087329e-04
-2.239384197417432036e-04
-2.253836640295267383e-04
-2.255480120568980717e-04
-2.252868134236703235e-04
-2.243858255940478659e-04
-2.288429468941210977e-04
-2.223404711830220045e-04
-2.225195981674528954e-04
-4.851349238558236234e-04
-5.286059861069578340e-04
-5.287669414174574027e-04
-5.284694513653674436e-04
-2.145801617151010116e-03
-2.146078597144627630e-03
-2.146350759985819496e-03
-2.145125234236047555e-03
-2.082811751491059002e-03
-2.083594913385076585e-03
-8.780067787934514633e-04
-9.217877249927055802e-03
-9.218002533233045706e-03
-9.219460620504778270e-03
-9.505891223676947444e-03
3.498292985281233839e-03
-2.084375974217313882e-03
-2.085391269459390372e-03
-2.085605346712217454e-03
-2.083391693397546388e-03
-2.075357345811958826e-03
-2.087653400361075533e-03
-2.088196411304619766e-03
-2.087709741118752398e-03
-2.087883396896023005e-03
-2.087752617724211637e-03
-4.058141353275324928e-04
-4.059328468558592710e-04
-1.709252594372757039e-03
-1.630386733458019091e-03
-1.630304734411726700e-03
-1.630326006825946359e-03
-1.630213061333794528e-03
-2.832894539761172253e-03
-2.832359467721163454e-03
-2.833250305939594236e-03
-2.834533238586510549e-03
-2.832835428554309355e-03
8.583248013118594671e-04
8.583983262441074839e-04
8.584112835466913395e-04
8.585368827398435912e-04
8.585525535918622948e-04
-4.337576997801004578e-04
-4.337835504144861012e-04
-4.342966295323867545e-04
-4.346156218530788083e-04
-4.341751607687422006e-04
-4.341360196654431075e-04
-4.345839049380972180e-04
-4.345457639660754538e-04
-4.345804926073859294e-04
-2.074129386347425049e-03
-2.079695107940646333e-03
-2.080216973397448332e-03
-2.080241099418067563e-03
-2.080179026864002918e-03
-2.080128249052376477e-03
5.963745888317407810e-03
5.964309358437975585e-03
5.954762556361982255e-03
5.955776269446182679e-03
5.955611603883736831e-03
5.955670945257669595e-03
5.955559355585036269e-03
5.955988651379682565e-03
5.954590642457129220e-03
5.954646700609592114e-03
5.954781338990314254e-03
5.870023935978288185e-03
5.884390250004921039e-03
5.890449630799804610e-03
5.890198010009021524e-03
2.749630823144236236e-03
2.749639296270825484e-03
2.749614303612437759e-03
2.749623827940231215e-03
2.749419199577850248e-03
2.749293033259727313e-03
2.749225852990909349e-03
3.125467614701814777e-04
3.167414342944560243e-04
3.168470347338604113e-04
3.170150851054773255e-04
2.407686113846759304e-03
2.407828351607692059e-03
2.407807205886967720e-03
2.407948671889115124e-03
4.132051089382266645e-03
4.129072459752762894e-03
4.129183325657493839e-03
4.129591871976094793e-03
4.129524111607866914e-03
4.129359720926536331e-03
4.130002815443653379e-03
4.130379568190905779e-03
4.129070217418054356e-03
4.126543568663182393e-03
4.126747395096157234e-03
4.126722726450239576e-03
4.126762461800677524e-03
4.126699208129412308e-03
4.126460934826196685e-03
4.126449401346841094e-03
4.115185507677213139e-03
1.369766190366898152e-03
-1.448993707325918088e-03
-1.448723749259812248e-03
-1.448885516001169977e-03
-1.448851130496296193e-03
-1.448898616714738418e-03
-1.450906078213002335e-03
-1.451743903452740268e-03
-1.437432956588061139e-03
-1.436663254530040623e-03
-1.436619512895740075e-03
-1.323420934333637434e-03
-1.322351297922112799e-03
-1.322356487637521083e-03
-1.322374557479746469e-03
-1.322372625201361429e-03
-1.322190235947298589e-03
-1.322164265270699959e-03
-1.320991583679735496e-03
-1.321528824504862153e-03
-1.321467382287686964e-03
-1.323861255469189818e-03
-1.323860475241627355e-03
-1.326263449357065281e-03
-1.341971943593604690e-03
-1.342332328935313783e-03
-1.342026331900140470e-03
-1.341018000144082473e-03
-1.325966570806649163e-03
-1.325912869980418705e-03
-1.325882674878646039e-03
-1.325852880649802190e-03
-1.325826524375698680e-03
-1.326052705659242501e-03
-1.326211219488767105e-03
-1.326270170330976807e-03
-1.326171269708930006e-03
-1.326113104833120341e-03
-1.369787557184979276e-03
-1.411472826470598326e-03
-1.413798973612503951e-03
-1.367615017331307156e-03
-1.554475838148745544e-03
-1.554669043239054107e-03
-1.552280510135464102e-03
-1.563042240428270556e-03
-1.562876055422773077e-03
-1.562430446874250780e-03
-1.533287844508286367e-03
8.797104603804467560e-05
4.076163583997929711e-03
4.075888880021374949e-03
4.075993055998037781e-03
4.075919682191893149e-03
4.082859675209194426e-03
4.082831625238960739e-03
4.082887909058731390e-03
4.082838833335117150e-03
4.082649135844634847e-03
4.082849152941153172e-03
4.082785008794604167e-03
4.082952078785648080e-03
4.082849766844736522e-03
4.082902404842960603e-03
4.082734993103284693e-03
4.082788119296046521e-03
4.082835993175779402e-03
4.082787961346409644e-03
4.082683358574738623e-03
4.082709003744008913e-03
1.477359567555789179e-03
1.477310875119434942e-03
1.468208228207883506e-03
1.468185489102706576e-03
1.467377408844060781e-03
1.467204963540635681e-03
1.467364188939939296e-03
1.467337565349031243e-03
1.468448465852910303e-03
1.576518495219230483e-03
1.576321113179954660e-03
1.576329386415600267e-03
1.576341409792583097e-03
1.576075568671299418e-03
1.576125645714801559e-03
1.576087189092383349e-03
1.576082172969424725e-03
1.576055670942303486e-03
1.576020649943320326e-03
-3.970705748668185544e-04
-3.972147400294606255e-04
-3.973057573270253966e-04
-3.958005335970149062e-04
-3.958384387657857759e-04
-3.849885352913187762e-03
5.949010958465976960e-04
6.068295321864246219e-04
6.111921672393162393e-04
6.111429443736486828e-04
6.111227052748709155e-04
6.109394119542687794e-04
6.175805907709013345e-04
6.147358243520452186e-04
6.146454371068656034e-04
6.145663699501360475e-04
6.145552486985485447e-04
6.144113148341840422e-04
6.142716648274485196e-04
6.143582519254201565e-04
6.045678949642326874e-04
6.045308603334868932e-04
6.045115964982418185e-04
6.046401058573528699e-04
6.047379256278997885e-04
6.046826067102712646e-04
6.046785034509252494e-04
6.046675905269178683e-04
6.046547733368880587e-04
6.048549082042880805e-04
6.048995407689972863e-04
6.050202469300214108e-04
6.046963233069194837e-04
6.049205296265247134e-04
6.115811943183739304e-04
6.113886675879202015e-04
6.113497327340432176e-04
6.114633408931591024e-04
6.141521770633300058e-04
6.143584835319718020e-04
6.089027191246498350e-04
6.088101667994638829e-04
6.090059444112523547e-04
6.089957497283794013e-04
6.090966453400984684e-04
6.108492409657010659e-04
6.108084005334562389e-04
6.112734210099481091e-04
6.114486563496651607e-04
6.110986715036101184e-04
6.111333312729408601e-04
6.109771853250900876e-04
6.113868747119144496e-04
6.114713849496205070e-04
6.112641083943549415e-04
6.113538785471026070e-04
6.112359140342524862e-04
6.112254749112414802e-04
6.111022305163303940e-04
6.110805483359767329e-04
6.110866793107212237e-04
-2.513665646707910744e-04
-2.517982046166932896e-04
-2.390708596044023343e-04
-2.391601773519342797e-04
-2.390541031120466163e-04
-2.388244912647044288e-04
-2.389911823431677487e-04
-2.389364921323104121e-04
-2.388425988572162725e-04
-1.217393286876713348e-03
-1.218100864205739911e-03
-1.217679980133679670e-03
-1.217331769633731627e-03
-8.246555617193484285e-04
-8.229368108132948919e-04
-8.265323238435339599e-04
-8.215225641394701501e-04
-8.214209885719781900e-04
-7.058473214784590942e-04
-1.374147460725576222e-03
-1.373906187204069563e-03
-1.373919251480490650e-03
-1.369183142520671425e-03
-1.368861955290433209e-03
-1.520203720453083395e-03
-1.520203483180734708e-03
-1.520036208015065459e-03
-1.520081085846223742e-03
-1.520070009517895254e-03
-1.479336192987743773e-03
-1.488876474998201017e-03
-1.488912671802026773e-03
-1.488926657074250053e-03
-1.488389964287479411e-03
-1.488391823533485913e-03
-1.488961869920047473e-03
-1.488954794076545636e-03
-1.488886881715390832e-03
-1.488959048034389819e-03
-1.488932823475252933e-03
-1.488455144921873837e-03
-6.558365385012979859e-03
-6.558243372116375966e-03
-6.556881941016838751e-03
-6.556918816490038895e-03
-6.571711957292512667e-03
2.876636916534890641e-03
2.876888837096679922e-03
2.876951152641166621e-03
2.873646504112908201e-03
2.873405469574782153e-03
2.873448490860519133e-03
2.873482682216602774e-03
2.873411364853299243e-03
2.873293751986142047e-03
2.873231723937730905e-03
2.872211452351080153e-03
2.872303153683755921e-03
2.885424726400164994e-03
2.886997626748749341e-03
2.886662191630782331e-03
2.887188369130047443e-03
2.870255505224236520e-03
2.870442729817241322e-03
2.870451145765675997e-03
2.870506506501030019e-03
2.870484898672253336e-03
2.870336870071147316e-03
2.869015947855213522e-03
2.870893131412241128e-03
2.869140526636633666e-03
2.869182819846985942e-03
-3.721914418944924103e-03
-3.721921987335292080e-03
-3.722037599010752547e-03
-3.722074732749425501e-03
-3.722443362685921853e-03
-3.722490051544719188e-03
-3.722451622852432276e-03
-3.723396011990159210e-03
-3.723387065073287781e-03
-3.720649120139814248e-03
-3.720649367533206478e-03
-3.721080955004892315e-03
-3.721089567079058098e-03
-3.721103591069859634e-03
-3.721334809397193553e-03
-3.721267825923315307e-03
-3.721365673790244001e-03
-3.721197648167230698e-03
-3.721445475533036434e-03
-3.721092305168102223e-03
-3.721060727723878112e-03
-3.721114685308114269e-03
-3.721236355196677788e-03
-3.721190072462267611e-03
-3.720998312497842374e-03
-3.727889959055959070e-03
-4.021767968365614135e-03
-4.020742240155987871e-03
-4.020828199536255303e-03
-4.020697327125563776e-03
-4.020909362176522742e-03
-4.019396570908109582e-03
-4.019428968729665298e-03
-4.020308803641615275e-03
-4.020511456620416875e-03
3.707087119972975967e-03
3.708977659151624796e-03
3.708707788423601468e-03
3.711004016149783286e-03
3.703690007403867383e-03
3.706572115776023309e-03
3.706477945370311236e-03
3.706633585447230168e-03
3.708895483913312880e-03
3.708816542982198896e-03
3.709013413453305600e-03
3.708160862841097458e-03
3.708537743717934057e-03
3.709108695678693928e-03
3.706334901163272841e-03
3.705337032189517064e-03
3.705279314413331433e-03
3.705320697286183448e-03
3.596415596919460417e-03
3.596306068052578398e-03
3.596794978376023806e-03
1.787304012272478366e-03
1.787325090845301749e-03
1.787361589214925012e-03
1.881320676266935374e-03
-9.426856166595878319e-04
-9.438510057599207520e-04
-9.438862953237247937e-04
-9.440581783573655586e-04
-9.438394349710330696e-04
-9.438251486540699805e-04
-9.437759481660366748e-04
-1.950834732988380744e-03
-1.951313667475479061e-03
2.963898280333557549e-03
2.963186987083927214e-03
2.964032317511989482e-03
2.970146289741676729e-03
2.970333508120224630e-03
2.981854100978506301e-03
1.869046309459056112e-03
1.868842928258404937e-03
1.868559163027943247e-03
1.869552110973604891e-03
1.876213080375428157e-03
1.876226542219452866e-03
1.875886570527619725e-03
1.940413472474887980e-03
1.941920622295250460e-03
1.941767392653363225e-03
-2.493719262806162061e-06
-1.201462727745449552e-03
-1.201375812889312689e-03
-1.201248268954752379e-03
-1.204988491189779541e-03
-1.205403476544522883e-03
-1.205412104175754067e-03
-1.205536088555652936e-03
-1.205603693166382552e-03
-1.201814785447198001e-03
-1.203779830177316088e-03
-1.203842926478380882e-03
-1.203963687793096950e-03
-1.204296085123928188e-03
-1.202749995667945796e-03
-1.203335906684284765e-03
-9.950639964002778483e-04
2.437115581008729144e-04
-2.778101185119512002e-03
-2.777473766934115962e-03
-2.777815925799254852e-03
-2.777530044844497316e-03
-2.778360572729537525e-03
-2.778296242283716071e-03
-2.778343705465226993e-03
-2.776957291602577191e-03
-2.776889198187091137e-03
-2.776926594242806311e-03
-2.777091701733608916e-03
-2.777055312529956403e-03
-2.777149401809713130e-03
-2.777124801242947163e-03
-2.777047543872180734e-03
-2.777069566724973005e-03
-2.775890967345141097e-03
-2.776278232213015389e-03
-2.776204654805868813e-03
-2.775847024563117722e-03
-2.775933527500164602e-03
-2.784760275478136236e-03
-2.797568609811027906e-03
1.873300991209607500e-03
1.874107940919254043e-03
1.874985704194398776e-03
1.875146306717370096e-03
1.875160147875169206e-03
1.874249320173052274e-03
1.874435035761920368e-03
1.864060576884572079e-03
1.864876729161391977e-03
1.863699528527572747e-03
1.862753498111211978e-03
1.792111194274455992e-03
1.792102277733323380e-03
1.792104662101958205e-03
1.792124073928592605e-03
1.792125231287130171e-03
1.789680696324852903e-03
1.789755554663545641e-03
1.794667847538483629e-03
1.794805760167111561e-03
1.798344336683556149e-03
1.801775821519444737e-03
1.801980579115787994e-03
1.788810635277675570e-03
1.791408955745583563e-03
1.510983115768340908e-03
1.567508611475986607e-03
1.567726211696201122e-03
1.567715724023606384e-03
1.567475400492400776e-03
1.567434021714760126e-03
1.639209966882537988e-03
1.641640932303652448e-03
1.633083259457252575e-03
1.628178699375694167e-03
1.644991471704675048e-03
1.643664883390763077e-03
1.642900959523790807e-03
1.642938772693815653e-03
1.606962588313837073e-03
1.606923026080750959e-03
1.605630901617804539e-03
1.606234657783611004e-03
1.606060479224317647e-03
1.606044818781474093e-03
1.587211980433964748e-03
1.587226987659669068e-03
1.587259667161022327e-03
1.587341048787629678e-03
1.587402222264850966e-03
1.587396466785611499e-03
1.588350823972569520e-03
1.588673939737642168e-03
1.588269371394660911e-03
1.588366476669542940e-03
1.587795068256223074e-03
1.673412727828920603e-03
1.674163740742497068e-03
1.674083196743518433e-03
1.669897768457269437e-03
1.669861067942739240e-03
1.669697633515305904e-03
1.426413148867438415e-03
1.426663994845951385e-03
1.426759939871106823e-03
1.114997860816538687e-04
1.115179621283715849e-04
1.115660169204028590e-04
1.113796310639956751e-04
1.124208481585997881e-04
2.914976280066567868e-05
2.910174973410078905e-05
3.128613646780301901e-05
2.752012958637521073e-05
2.604146265489860104e-05
9.235092776310388019e-04
9.234661100151452797e-04
9.234967905959443925e-04
9.157682972492627114e-04
9.237018200853225379e-04
9.248807661889240413e-04
9.216084253814387081e-04
9.231880726116458878e-04
9.228400251101705285e-04
8.608712184788060422e-04
8.630302968243822211e-04
8.629508656943497792e-04
8.629009935989406408e-04
8.608627292082906462e-04
8.615688759220045808e-04
8.613739148409160426e-04
9.117327582856246714e-04
9.117812990000538458e-04
9.119341932206717627e-04
9.109436630167265861e-04
9.109543665284366770e-04
9.109923363253295738e-04
9.125710246659530242e-04
9.109777264894083340e-04
9.110552989007564923e-04
9.115186558167362538e-04
3.154551948075388148e-05
3.197997640626688799e-05
3.128014943193497107e-05
3.137118194876386423e-05
3.244115042224241435e-05
3.226287338793010402e-05
3.223101411448090251e-05
3.231666714557324886e-05
3.269770265757185920e-05
4.083063468748752354e-05
3.858453546980983155e-05
3.857857398223568532e-05
3.860699684922185715e-05
3.868221975878079357e-05
3.892627992552969568e-05
3.224752211809847602e-05
3.327745109124280286e-05
3.267125010384996963e-05
3.269809241641529092e-05
3.318695948674864338e-03
3.318720259537641642e-03
-2.597673240767122923e-04
-8.559229569752737190e-04
-8.558794983537604218e-04
-8.559268198672134167e-04
-8.559108271432531783e-04
-8.557638697452771542e-04
-8.557404747979497793e-04
-8.575101611707811695e-04
-8.578606460277588518e-04
-8.577017690659094733e-04
-8.543474003104357169e-04
-8.545960530041856774e-04
-8.540863437853621516e-04
-7.989101998722610010e-04
-7.988569115045157697e-04
-7.988609995058399424e-04
-7.988643631759257888e-04
-7.988464149398976288e-04
-7.988209624821438967e-04
-7.988185915574760399e-04
-7.988808501085143668e-04
-7.988544868267756071e-04
-8.960821360606889508e-04
-8.959495035228554061e-04
-9.001309607772687953e-04
-8.941587478909533097e-04
-9.680765833691835865e-04
-9.668674984289946355e-04
-2.003547868881725683e-04
-7.091137726683788625e-04
-7.092648256173516436e-04
-7.090718260863923539e-04
-7.153887196955802195e-04
-7.160172190299301511e-04
-7.166903911545256236e-04
-7.130972136742834465e-04
-3.396746729072390588e-05
-3.403593769521912884e-05
-3.418855030538616525e-05
-3.451588006816077984e-05
-1.523324845443740786e-03
-1.523250254998472939e-03
-1.522800198050445119e-03
-1.522925596960664554e-03
-1.523349199626967531e-03
-1.523087174285861576e-03
-1.522993883399857652e-03
-1.709097241242340691e-03
-2.270732676704326387e-03
-2.273385621297756461e-03
-2.272339723548940770e-03
6.267247155326167172e-04
6.271048893823011686e-04
6.271340611860088451e-04
6.274094086301503295e-04
-2.189352620251279035e-03
-2.189379566736213492e-03
-2.189379288539444919e-03
-2.189358984851750688e-03
-2.189357467449497795e-03
-2.189248256921510951e-03
-2.189259497760252544e-03
-2.189240784233943259e-03
-2.625046632804553352e-03
-2.625075129864459181e-03
-2.625098020228983607e-03
-2.624401869870434095e-03
-2.626538674091546347e-03
-2.625146659511056087e-03
-2.625132659190708168e-03
-2.625139125576599758e-03
-2.863254830762542499e-03
-2.863362720834883909e-03
-2.863308796874822378e-03
-2.863061499166471256e-03
-2.863058683005735225e-03
-2.863046468834663533e-03
-2.863084909631451441e-03
-2.863062729193844615e-03
-2.863116555549799058e-03
-2.863053549235764460e-03
-2.863004850287434368e-03
-2.863707331971503296e-03
-1.865775319676871201e-03
-1.866861693091138343e-03
-1.866788986992634842e-03
-2.005772890657476007e-03
-2.025402068175394081e-03
-2.024885309182054231e-03
-2.024782738763586908e-03
-2.994775695995130320e-03
-2.168676596010297997e-03
-2.168747421304271800e-03
-2.169865654817803701e-03
-2.170200985143237119e-03
-2.169630896184923663e-03
1.288218819506175769e-02
1.288054122892568452e-02
1.288063647301706388e-02
1.288061077606597084e-02
1.287220075532805215e-02
1.273054527029379018e-02
1.273123331881929714e-02
8.391136266959153128e-03
8.391538423048896730e-03
8.391066172952670391e-03
8.391057914842660337e-03
8.391269059422407778e-03
8.391345483524076387e-03
8.391320606829139744e-03
8.391385289521971838e-03
8.374868092984677839e-03
8.380737495326742378e-03
8.380099928568954595e-03
8.380557199501112095e-03
8.392415614562475853e-03
8.396180805340061615e-03
8.397314925984425762e-03
8.388533687230874739e-03
8.392781889515614144e-03
8.393003552813322471e-03
8.367931673776056109e-03
8.367511567633618280e-03
8.368035696901894929e-03
8.367929919821767010e-03
-3.086164212193816953e-03
-3.085243833219047244e-03
-3.085056764802869556e-03
-3.085806179408941662e-03
-3.085784486254425883e-03
-3.085757819918700379e-03
-3.085749861774930974e-03
-3.085936820118094590e-03
-3.085937025474937666e-03
-3.086120868749502380e-03
-3.085916504769686299e-03
-3.086661485767322292e-03
-3.086295410331674205e-03
-3.086041843389391616e-03
-3.086240933160894987e-03
-3.115435024796024775e-03
-3.114731744039434154e-03
-3.114999885858028665e-03
-3.110835968551776704e-03
-3.110485039359716514e-03
-3.120620878268701420e-03
-3.117675809279401612e-03
-3.117256584636854226e-03
-3.117871565441306982e-03
-3.117884856254662246e-03
-3.116763579533314826e-03
-3.100857474979073700e-03
-3.100944374502946892e-03
-3.100940609056072449e-03
-3.101100734170125599e-03
-3.101272283957819034e-03
-3.101305253611004106e-03
-3.101071433240349361e-03
-3.101377432358202839e-03
-3.101242331167593496e-03
-3.101291196411089593e-03
-3.100884541432714567e-03
-3.100822941824567160e-03
-3.100878424168686774e-03
-3.100900907466265510e-03
-3.100960683908825666e-03
-3.101247862245600558e-03
-2.825689007156261846e-03
-2.616126864056016275e-03
-2.606840912918516849e-03
-2.607112262080046872e-03
-2.607066398204195209e-03
-2.607214037086769479e-03
-2.581406684915302490e-03
-2.581423309680894000e-03
-2.581275849593721826e-03
-2.581191789609693209e-03
-2.581171881907842920e-03
-2.581241547126227748e-03
-2.626826164971553419e-03
-2.626451813824837948e-03
-2.626646586482252362e-03
-2.626661553410281329e-03
-2.582138486650579958e-03
-2.582082900618808130e-03
-2.582367347761609349e-03
-2.582358901106372989e-03
-2.582345249347678135e-03
-2.581654913913059447e-03
-2.580469906063752403e-03
-2.581449644147913811e-03
-2.581441918628819138e-03
-2.581502178149823728e-03
-2.581418172904315252e-03
-2.581191420240588896e-03
-2.581702848037376388e-03
-2.581712066214025478e-03
-2.581706424932868858e-03
-2.581696373848460513e-03
-2.581687708080480145e-03
-2.581437635137319268e-03
-2.581523368640324927e-03
-2.581540537729294042e-03
-2.581610006902718656e-03
-2.581602128369692162e-03
-2.581603534975889565e-03
-2.581931463619971390e-03
-2.581970601545629986e-03
-2.581941771241560556e-03
-2.581940504435772249e-03
-2.581964104276755594e-03
-2.581904816134002276e-03
-2.597853977849277907e-03
-2.597656728013782342e-03
-2.597699740636897053e-03
-2.597831671432305686e-03
-2.598016404676716917e-03
-2.598072374915046372e-03
-2.597698834473344438e-03
-2.598014064064886695e-03
-2.562727647002851356e-03
-2.562657867844698317e-03
-2.562655261211173839e-03
-2.562665040217233185e-03
-2.562629289756787870e-03
-2.562576370407607801e-03
-2.561917610614951758e-03
-2.562154218065430811e-03
-2.562221286329881623e-03
-2.562170123524061104e-03
-2.561923648488824076e-03
-2.562086504812373204e-03
-2.562480087346885593e-03
-2.563108953972775047e-03
-2.563204442817694755e-03
-2.562608509902453667e-03
-2.560857565443856818e-03
-2.560557870992316229e-03
-2.562109534545944315e-03
-2.562023083114570859e-03
-2.562110975905379767e-03
-2.562135369207148902e-03
-2.562204187668744044e-03
-2.562169815568104362e-03
-2.565135664921835978e-03
-2.563900756271019366e-03
-2.563727330869050493e-03
-2.563781907122318019e-03
-2.563573765875463289e-03
-2.563239363518596877e-03
-2.563774283587099984e-03
-2.563820564409124113e-03
-2.563498499727857611e-03
-2.560970512007377554e-03
-2.561078510887825153e-03
-2.561153098442780010e-03
-5.852982452967055204e-04
-5.856313880200507459e-04
-1.736143757330871297e-03
-1.736668149854834076e-03
-1.736112555439913623e-03
-1.736562793450834637e-03
-1.736734950200159201e-03
-1.736752900350646946e-03
-2.375296549963935334e-03
1.715488853048318003e-03
1.715286473078535441e-03
1.715440636009489149e-03
1.715444078134666702e-03
1.715391939521446023e-03
1.715442944159008536e-03
4.872172536479964233e-02
4.873486537514552797e-02
4.873424994350459422e-02
4.872793212755643921e-02
6.026624407402541780e-03
6.026640011788210807e-03
6.026850765290928114e-03
6.026575285547134710e-03
6.025695624054690051e-03
6.025814713136444858e-03
6.025696972067692489e-03
6.025093775864928322e-03
6.025532572667397987e-03
6.025508367051317024e-03
6.025365317774403554e-03
-1.418283672893208818e-03
-1.422595118055981680e-03
-1.418938888058898567e-03
-1.418831198817973325e-03
-1.418857889543122036e-03
-1.418941879843187842e-03
-1.418920845663964366e-03
-1.431450278684251150e-03
-1.432476573797713789e-03
-1.432481499118439926e-03
-1.431706252090436888e-03
-1.430016935363216234e-03
-1.430843823051267984e-03
-1.430852493705460230e-03
-1.430533457654647360e-03
-1.430572522060372760e-03
1.881610159312136973e-03
1.881750633169485768e-03
1.882319824982347546e-03
1.881557411150236534e-03
1.881644141248954832e-03
1.878052302987464825e-03
1.877954596554298836e-03
1.877967578116179195e-03
1.861099601198382700e-03
1.861050034583541270e-03
1.861104609249065837e-03
1.861093231345204791e-03
1.861147520011733388e-03
1.861115959729089811e-03
1.861077543628291081e-03
1.861181283506063624e-03
1.861284826765680599e-03
1.861288910512858257e-03
-6.609454773174473080e-03
-6.609344598618678568e-03
-6.609328597850177602e-03
-6.609365696082961962e-03
-6.609296041622877635e-03
-6.610384977291530219e-03
-6.610888777153528691e-03
-6.609566101519200043e-03
1.241133296964363802e-04
1.281897467304578383e-04
1.280428071751798093e-04
2.927839503162047081e-04
2.933088150618321454e-04
5.310452284235176856e-04
5.307263034181330941e-04
2.815425276559210301e-03
2.815399360973845980e-03
2.815313533297954685e-03
2.815358100493660712e-03
2.815207599470770025e-03
2.815024886277547617e-03
2.815037876797798697e-03
2.814998588568249239e-03
2.817312407351592329e-03
2.839160025436932369e-03
2.844317880424989276e-03
2.844575019229648050e-03
2.841648620531595296e-03
2.841899335922184761e-03
2.844904526814454569e-03
2.844520932402124381e-03
2.845116056007606069e-03
2.815889879754228907e-03
2.815801495014001732e-03
2.815792737501459763e-03
2.815899899138189430e-03
2.816177323597469136e-03
2.815829014998807913e-03
2.816031487594197313e-03
2.794242358640073101e-03
2.794944174771208517e-03
2.794949318743047712e-03
2.795077838190189543e-03
2.802635432156841931e-03
2.782584262408382188e-03
2.775749768915566299e-03
2.774834993895634525e-03
2.776468558155224548e-03
2.776735476287107637e-03
2.777262989404211298e-03
2.777203250540196885e-03
2.784563289930644045e-03
2.784538278590094600e-03
2.785122156677708686e-03
2.792587365698121545e-03
2.792613966884823287e-03
2.790740934605360438e-03
2.809411781034759810e-03
2.809401234629823382e-03
2.809995408163323480e-03
2.803373561382553787e-03
2.129874997322454572e-03
2.129854609292746066e-03
2.129709619219497321e-03
2.128517945559691652e-03
2.128883963551283717e-03
2.129109505830863430e-03
2.128612232058988991e-03
2.124786337854257193e-03
2.124789215241443350e-03
2.124780306952856520e-03
2.125239444590198545e-03
-5.670755213678465743e-04
-5.674562285774315418e-04
-5.158636034625523666e-04
-5.156283698315285375e-04
-5.158527050480485017e-04
-5.153784437918863077e-04
9.171258022978676094e-03
9.171341476868133044e-03
9.178182174723700792e-03
9.178851943652338585e-03
9.178454628175770902e-03
9.179190405439413211e-03
9.178601474714522673e-03
9.179056405811869893e-03
9.182234988811856236e-03
9.179613308934339577e-03
9.179394234758470050e-03
9.179750506253168268e-03
9.182109600150201167e-03
9.183114816911999018e-03
9.182250808617804100e-03
9.185067109444167155e-03
9.185056843900928775e-03
9.185204492942558932e-03
9.185360665874333155e-03
9.187085977942982887e-03
9.187055232722870016e-03
9.187057137895816503e-03
9.184538827414285428e-03
2.521988145538061818e-03
2.522355713438303223e-03
2.522416754272171178e-03
2.522556174408461215e-03
2.522549568691445296e-03
2.522424720203214447e-03
2.523367425988214206e-03
2.523392670383320640e-03
2.523346685428306223e-03
2.523026505470012462e-03
2.523521435808820813e-03
2.522378976470774498e-03
2.522559143890261858e-03
2.522514535952153324e-03
2.522557939629310915e-03
2.522391271683553388e-03
2.522384724185114998e-03
2.542788255484218669e-03
2.540785997611128520e-03
2.541582256230284949e-03
2.540593657541181504e-03
2.541414410580051814e-03
2.541929853101798902e-03
2.540451395936638938e-03
2.540126979859382624e-03
2.540383496233430440e-03
1.810105306015716894e-03
1.809964091443505606e-03
1.870883013013629938e-03
1.870727155463378045e-03
1.871086008451943242e-03
1.870772647917229997e-03
1.871462837001526850e-03
1.872321931739308895e-03
1.869628979837352663e-03
1.870307220935392900e-03
1.870493293205542727e-03
1.870389365045085819e-03
1.870342312860516238e-03
1.870265236287395327e-03
1.867545888048836693e-03
1.867791833649425689e-03
1.867736158476884442e-03
1.867655863863791448e-03
1.868626583876457567e-03
1.869129558826591528e-03
2.227029697175708384e-03
2.226893914845091364e-03
2.226833828752319486e-03
2.226932773424263913e-03
2.229378711250408571e-03
2.228839820829433323e-03
2.228892621726717097e-03
2.228948282849990085e-03
2.228952368761309005e-03
2.228975249987355696e-03
2.228453834315109218e-03
2.225128364010759731e-03
-1.836016833733733087e-03
-1.482561929494113483e-03
-1.482713290700259090e-03
-1.482549322810168676e-03
-1.482536534126129187e-03
-1.482518971101750172e-03
-1.482608594628626129e-03
-1.482648206576096762e-03
-1.482602669993327710e-03
-1.482513043601018168e-03
-1.482236046868934572e-03
-1.482380211565012844e-03
7.225482042929937468e-03
7.247774720922906672e-03
-3.136833235539375660e-03
-3.136697990709893386e-03
-3.139982898963018104e-03
-3.136375613641329430e-03
-2.833112489875842625e-03
-2.833368698794257005e-03
-2.835311487019276551e-03
-2.835252473709766637e-03
-2.835437986245694601e-03
-2.835422559485814651e-03
-2.835438109902974329e-03
-2.835540613745571835e-03
-2.835513861606384772e-03
-2.835503127806452989e-03
-2.835351117744504528e-03
-2.835356631726569307e-03
-2.835581485333280721e-03
-2.835842816234506510e-03
-2.835469186910290814e-03
-2.835406651361592652e-03
-2.835267630661824668e-03
-2.835239334084662527e-03
-2.835255268138386128e-03
-2.835318490086083561e-03
-2.838722269242852526e-03
-2.835305443324580375e-03
-2.835905388027401986e-03
-2.835938002644335793e-03
-2.835978926189035038e-03
-2.835571988923405676e-03
1.288856901301339885e-03
1.288373857477389433e-03
1.292513721391498095e-03
1.292464145442726985e-03
1.292381218068222332e-03
1.292436942743783752e-03
1.292406420497682965e-03
1.292154293798942208e-03
1.292186199701419970e-03
1.292130149325947499e-03
1.292197332391010686e-03
1.292166784831597906e-03
1.292189344727496560e-03
1.292099749971389140e-03
1.292133462374310711e-03
1.291906774114872248e-03
1.291742009402733603e-03
1.305301285999881794e-03
1.305095359876157343e-03
1.288613811267937028e-03
1.358178518579731273e-03
1.357686183299264965e-03
1.354520578757057152e-03
1.353874409730065767e-03
-1.177464393357295874e-04
-1.172342676349841440e-04
1.827283887636380055e-02
1.823132060339680699e-02
1.983732474375614341e-02
1.983768963993925993e-02
1.983787902227443847e-02
1.983671341544453182e-02
-2.544662702155892509e-03
-2.544737573704547017e-03
-2.544400853893930003e-03
-2.544673981198747152e-03
4.447261260030231167e-04
4.448168146331663215e-04
4.443735183760998261e-04
4.443773042331232090e-04
5.664118696905410004e-04
5.663468706954894643e-04
5.664395262053596291e-04
5.663708801705163998e-04
-7.470555791089150601e-04
-7.491372474273228594e-04
-7.491102994068716799e-04
-6.167531720016027237e-03
-6.167605663582134169e-03
-6.167015136391836710e-03
-6.141652502180089228e-03
-6.143642049581411399e-03
-6.143622724886824669e-03
-6.144026383199585259e-03
-7.395668507930940570e-03
-7.387344683085212207e-03
-7.392219194910999019e-03
-6.473059842304043979e-03
-6.472829022754807843e-03
-6.474014899911890823e-03
2.187917188923113425e-03
2.172627669541926567e-03
2.172883672750100439e-03
2.172582171269825738e-03
2.173791857739611547e-03
2.173175187732401953e-03
2.173284638506146112e-03
2.105559763487486677e-03
2.062135029475739220e-03
2.062353871870113275e-03
2.062383201577104499e-03
1.341026793377337809e-02
-2.729918550391185442e-04
-2.733612401525018485e-04
-2.718583526857873520e-04
4.632342741519297584e-03
4.632491225743991074e-03
4.632531117352428618e-03
4.632402938775139964e-03
4.632468380905538710e-03
4.632440218084928410e-03
4.632334020239636460e-03
4.634102505415346913e-03
4.633929583717023674e-03
4.635027539635454275e-03
4.635754254780730110e-03
4.654711007129555371e-03
4.652019874100493668e-03
4.652159199483721537e-03
4.646508138440043865e-03
4.646463055434989914e-03
4.646935587502654640e-03
4.646547074836575308e-03
4.646787981419572659e-03
4.646908449923181986e-03
4.646769422239563005e-03
4.646842691561928369e-03
4.646753485259305823e-03
4.649436095335526646e-03
4.647297337813289381e-03
4.647267823528082598e-03
4.646837387657145983e-03
4.649096259994479202e-03
4.648232856164523363e-03
4.648374239380320509e-03
4.647682309750380929e-03
4.647315322017333758e-03
4.647390905396038899e-03
4.648127871112605822e-03
4.647751569277422390e-03
4.648383597217514013e-03
4.648475718652281784e-03
4.647793500294298934e-03
4.648159195546898784e-03
4.648386315352824594e-03
-7.812232207763998180e-04
-7.817546531948860481e-04
-7.815430016400127730e-04
-7.814353296591709753e-04
-7.814887213548911806e-04
-7.813479618910764996e-04
-7.814321267624817864e-04
-7.813858201897556314e-04
-7.813266477639269634e-04
-7.815808822550823938e-04
-9.009102381267952925e-04
-9.009578844041684709e-04
-9.009634959069636731e-04
-9.009551029696622523e-04
-9.009486134618894084e-04
-9.009413542841010177e-04
-9.008819537794819036e-04
-9.098389836290350467e-04
-9.089373484002141301e-04
-9.091905529180567590e-04
-9.093643251101456897e-04
-9.089653132239970549e-04
-9.089622038648412705e-04
-9.089714083026265807e-04
-3.360107912916257870e-05
-3.362990178760906360e-05
-3.358887145846371834e-05
-3.346395559418085316e-05
-3.309240989376264341e-05
-3.284494802226270844e-05
-3.290142836860658675e-05
-3.295853734590831397e-05
-3.295785406967438830e-05
-3.289391459596580726e-05
-3.286642733091865037e-05
-6.494679927281142226e-03
-6.494111580791757897e-03
