-2.319760592289170104e-03
-2.362733456188903600e-03
-2.379019492757995444e-03
-6.586367528614932949e-04
1.213047263583086344e-02
1.212795832772615989e-02
1.135001819919466068e-02
5.091152939573553166e-02
1.897224376310992569e-02
1.585269154378547533e-03
1.586831423575772899e-03
-8.573098524188655506e-03
-2.391189955061856151e-03
-8.762855248085916343e-03
-8.951286539333353290e-03
-8.989380561446528098e-03
-5.510640991855377153e-03
-5.501414606417775847e-03
-5.501377219136601229e-03
-2.105758463641950462e-03
-2.105455587193687337e-03
-2.105424649798117061e-03
-2.105392368169571420e-03
-2.105574033259163032e-03
-2.105679272980697132e-03
-7.927767779358295408e-03
-7.927622366528103495e-03
-2.315461355394165480e-03
-2.315474596102976099e-03
-4.047420863647395277e-03
-3.184844518594979936e-03
-1.130440176442426038e-02
-1.130857509247734302e-02
-1.138587147190050185e-02
-3.805780836282800748e-03
-2.482518049580350120e-02
-4.299959254700822832e-03
7.947178880704756573e-03
7.946690200890674932e-03
7.946681507943946163e-03
7.946685656389661581e-03
7.946652613515778341e-03
7.947233307424370410e-03
7.946579602859462493e-03
7.946372629216713612e-03
-6.360654179007927712e-03
-6.360684522092057216e-03
-6.361914988177304504e-03
-6.325963984141957583e-03
-6.315884074689595562e-03
-6.309483439546198329e-03
-2.115512622893021832e-02
-2.115614587392282073e-02
-2.115636843448340937e-02
-2.114183181060175915e-02
-2.117159783021626759e-02
-2.334769080061012414e-02
-2.334940330441578893e-02
2.568732843117142294e-03
2.566515681956745530e-03
2.566304410060562050e-03
2.566269355898333736e-03
2.965491374984731421e-03
2.965505376491829690e-03
3.076384123168067475e-03
3.079132044716207783e-03
3.069359960026342947e-03
3.066015025751307396e-03
3.051086643076678876e-03
3.050992030215868636e-03
3.052657224740960504e-03
3.052817094064723662e-03
4.866769945914855731e-04
4.864828299520882241e-04
4.866025835451656266e-04
3.888000496261505377e-04
3.882674543457252962e-04
-3.015414160261655624e-02
-2.049858491393329596e-01
-2.049847405258226896e-01
-2.049591403293484770e-01
1.728751988926780989e-02
1.728753872474863076e-02
-4.522014593619457824e-03
-4.518874592293838088e-03
1.444097322974441031e-02
1.443957781449460402e-02
1.444075486807964298e-02
1.445545339330142620e-02
1.445426968175738194e-02
1.445535120845924809e-02
1.445535751728409951e-02
1.445481463818255354e-02
1.317029114198524711e-02
4.308090649841034812e-03
4.307873340566593413e-03
6.578103612729850440e-03
6.579295800274991869e-03
2.335601593695425526e-01
2.335623994280072169e-01
2.335643764788627730e-01
2.335079376674933926e-01
2.335045368153987611e-01
-3.916093606749076160e-03
-3.647869632033798760e-03
-3.648007179518380182e-03
-3.649810563624141142e-03
-3.649884593369880515e-03
-3.656705919308428539e-03
-3.646944245735199604e-03
-3.645729444607546856e-03
-3.647758608203269942e-03
2.883736324893412979e-03
2.763237833053133839e-03
2.767213462273291832e-03
2.762936765477673560e-03
6.446895437880784813e-03
6.572365922960510254e-03
6.572508146086095820e-03
6.572075390181964134e-03
6.571699768390858176e-03
6.571456124192830324e-03
7.290398687765356836e-03
5.015495819656859769e-03
5.014154086683916822e-03
5.013274449831056807e-03
6.719338080056842279e-03
-3.115912707972351078e-02
-4.387284250887375087e-03
-4.387328206164256041e-03
5.483586584709747129e-03
5.542796198759100332e-03
5.525543907916788573e-03
-3.310460017849703798e-03
-3.310310510095821820e-03
-3.199291537602322842e-03
-1.093828636794008137e-02
-1.093314968433165869e-02
-9.543815896620205796e-03
-1.022033426764496628e-02
-1.021950600462289034e-02
-1.022040658654270635e-02
-1.023325111864350177e-02
-1.022846163653870488e-02
2.078109768089722934e-02
1.651757876029558147e-02
2.725465199912671319e-03
2.725570510732341044e-03
2.726677848186114493e-03
2.726644260750113631e-03
2.503155232921736983e-03
2.552753432099455662e-03
2.355888053565386060e-03
2.355536263358691713e-03
2.355793988560458008e-03
5.956298026973387560e-03
5.953048788833653626e-03
5.952957757848150594e-03
5.937671311772736368e-03
5.941547321512352479e-03
5.938201181311178467e-03
6.037188120290377241e-03
5.974352203572155275e-03
1.257902724077962671e-02
1.257760344643161186e-02
1.258167670429655161e-02
-5.122864593709880454e-02
-5.121909633843900467e-02
-5.120084679513766529e-02
6.798724763345400691e-03
6.798562455548548718e-03
6.797239202984605745e-03
6.797205651307662057e-03
6.799262637972707142e-03
6.762935804419698688e-03
5.705972576085766891e-03
5.706256733918981840e-03
5.500925068230503971e-03
-2.636973493988560048e-04
-2.567420586782485285e-04
-2.713554084644737583e-04
-2.709753840654028126e-04
-1.948155345739797928e-02
-4.744240781886742138e-04
-4.818488284427000726e-04
-1.692352536815722132e-03
-1.692043690282488784e-03
-1.753931501125465366e-03
-1.753227714869561764e-03
-1.298003626904454741e-02
-1.298119124292364257e-02
-1.299311842575668306e-02
-1.299379286846890844e-02
-1.299370169445731964e-02
-1.299417937278646816e-02
-1.299373466924111896e-02
-1.299377409996491962e-02
-1.299373113148531017e-02
-1.299413223122949934e-02
-1.302470530498964392e-02
-1.302472492011931549e-02
-1.303258563903844820e-02
-1.303048267822970278e-02
-1.303033206419093072e-02
-1.303169946030060221e-02
-1.302418065271734524e-02
-1.302529652121268457e-02
-1.302364678314290106e-02
-1.302365964096224675e-02
-1.302367966300673092e-02
-1.301990257697793404e-02
-1.302488664580210738e-02
-1.302524331870730245e-02
-1.301843875558297836e-02
-1.301904615540013833e-02
-1.301879090707329552e-02
-3.041005024909031879e-02
-3.046815796316492547e-02
-3.046697613919846850e-02
-2.775002532287055082e-02
-2.810526987733622667e-02
-2.816463198294035311e-02
2.678687132637800825e-03
2.676944675770795770e-03
2.699187175408215324e-03
3.643609342270074606e-03
1.161152949219742452e-03
1.160760019947222089e-03
1.156371299313659366e-03
1.156593018782661872e-03
1.156434210113541387e-03
1.156613916257590111e-03
1.215089490501595213e-03
1.268221501568082355e-03
1.228427720048159803e-03
3.080238987117842400e-02
3.091623720704106057e-02
3.089986799826674110e-02
3.090110767665838615e-02
3.090079981224178735e-02
3.089901252899195441e-02
3.090029462221545800e-02
2.951168756698913055e-04
2.947286988679198214e-04
1.753287376353688143e-04
2.102925509247722722e-04
-1.255884487798307123e-02
-1.255969993858384488e-02
2.559286710408351963e-03
2.560023785492946541e-03
2.560308244437917245e-03
2.559928339337922722e-03
-6.163307704614515853e-03
-6.168783406845114621e-03
-6.168815610349849023e-03
-6.168899778578924679e-03
-6.168789792471924063e-03
-6.171284669735127570e-03
-6.172045081578890480e-03
-6.171984314229225256e-03
-6.172123134704442758e-03
-6.170829741586300252e-03
-6.170345203332532925e-03
-6.170790441512207652e-03
-6.170842630336083844e-03
-6.169568177191130098e-03
-6.169615281756540663e-03
-6.169650683092371343e-03
7.388488131131366529e-03
7.385814166194424636e-03
7.388307619821811272e-03
7.385228505046987496e-03
7.389705579409218406e-03
7.459648393159856380e-03
7.458091658989303256e-03
7.458468639367370027e-03
7.458511294046993485e-03
7.455847771718231674e-03
2.357382232810023570e-02
2.357230556685241049e-02
2.365269650637204235e-02
2.361014334866046865e-02
2.361054242011382392e-02
2.355568959011066985e-02
2.465297296027787327e-02
2.447053702687666810e-02
2.447067329105156314e-02
2.447041858422126237e-02
2.447109230435544000e-02
2.447084280289885810e-02
2.447322378214200275e-02
4.295751986862096639e-02
4.295690734881735945e-02
4.229002217588739843e-02
4.229062576571201298e-02
2.292204775225715682e-02
2.300831300060227069e-02
2.300905729238426900e-02
-4.128724700634208052e-03
-4.128668159554399475e-03
-4.124412235118950394e-03
2.127800611883357788e-03
2.127076727689528306e-03
2.137768763825146322e-03
2.139153483332394915e-03
2.139887385691606730e-03
2.139954108913018696e-03
1.952214188514101757e-03
1.916568786413543014e-03
1.916516874474458827e-03
1.916878050731180656e-03
1.918053272144093361e-03
2.080833345474576278e-03
2.080606763396769879e-03
4.328352914300539339e-02
-7.311814520704218272e-03
-7.316535118039145177e-03
-7.196374979092915423e-03
-7.195762493639637492e-03
-1.547806580952740436e-02
-1.547765009173986822e-02
-1.547438095926146652e-02
-1.548047183360497757e-02
-1.548023330948711251e-02
-1.548221836614090997e-02
-1.548109745266609653e-02
-1.548248681022362967e-02
-1.548320416678386144e-02
-1.548294877669556882e-02
-1.479610053264567536e-02
-1.502151364282603742e-02
-1.502152808883580430e-02
-1.502164364611081014e-02
-1.502131582035917505e-02
-1.502713690058276111e-02
-1.502495863807162650e-02
-2.318200590561809386e-03
-2.318189133635732268e-03
-2.315177050836112523e-03
-2.317443646604562188e-03
-1.282826119804311802e-03
-1.282937288963259407e-03
-1.295890111390702064e-03
-1.296040089499830112e-03
-1.296286863935552447e-03
-1.310764186481973379e-03
-1.978400484006783929e-04
-7.441671125496179817e-03
-7.441946144017933494e-03
-1.209420062212151342e-02
-1.123740554411699691e-02
-1.123844296283201503e-02
-4.421892276080896175e-03
1.164771078411513255e-02
1.164777601225376776e-02
-1.874199677280132805e-03
-1.849900699744118793e-03
-1.846848065230647816e-03
-1.848784088451379485e-03
-1.848384195745901917e-03
-1.846330888721930442e-03
-6.621701640167585411e-03
-2.483683297715098479e-02
-2.483816235187271890e-02
-2.531497979118524019e-02
-2.532915385992290727e-02
-2.531785261297977985e-02
-3.431889259661841975e-03
-3.439538049419539004e-03
-3.439446537410604816e-03
-3.907086501651685188e-03
-3.908352233908740821e-03
-4.179952905958965632e-03
-4.179475775387105421e-03
-4.177612361685838216e-03
-4.177600706182137136e-03
-4.175728029825224834e-03
-4.175732420790062224e-03
-4.203909053489003622e-03
-4.202410566719646211e-03
7.539650774343311865e-03
1.259708753291559000e-02
1.259767329482510377e-02
1.259426774390672542e-02
1.301966694648978504e-02
1.301910791175206125e-02
1.572487655902048490e-02
-1.604722568930225940e-02
-1.604722725869685979e-02
-1.604722637339115951e-02
-1.604691063490666647e-02
-1.604902667609110073e-02
-1.604311974197195761e-02
-9.861252961630548666e-03
-4.524198752181548058e-03
-4.526146266490870158e-03
-4.529937220746981831e-03
-4.527388644594036379e-03
-4.522262614682325856e-03
-4.501891570398359674e-03
-4.509814981918565564e-03
-4.498570713397391854e-03
-6.044416790922047845e-03
-6.058251081179871593e-03
-3.900889555101042221e-04
-3.010420700214016631e-04
-3.326432428195898270e-03
-1.523950703299165694e-03
-1.933882979106788750e-03
-1.933904242668828570e-03
-1.933924295443594345e-03
-1.934177443248134409e-03
-3.065044716045312034e-02
-3.078972427492126379e-02
-3.079082047294160254e-02
-3.079065175170419069e-02
-1.945587236672408809e-03
-1.850252946993129243e-03
-1.849474948465089710e-03
-1.913783434197025403e-03
-1.913724761660576951e-03
-2.523537750445387431e-03
-2.521164526689306535e-03
-2.521597211654283931e-03
-1.936470709540744767e-03
-3.539130475094297811e-03
-3.539198448892541971e-03
-3.539254220931528638e-03
-3.478553787767265509e-02
-3.478357428324169859e-02
-2.838766698261086484e-03
-2.839610592502945369e-03
-2.781775418036913899e-03
-1.155263240131516184e-02
-1.155267238505639643e-02
-3.103906098259066187e-02
-3.103933365530975666e-02
-3.103926830638661580e-02
-3.103955904762778842e-02
-3.103080769789770196e-02
-3.103009045882849232e-02
-3.103051450039655962e-02
-3.262943101526184775e-02
-3.262873116403817997e-02
2.482043230371055315e-03
3.477802748801995386e-02
3.479722119344443726e-02
3.479742959878258379e-02
3.476476744603342051e-02
3.477386285491690376e-02
3.477621301332460557e-02
3.480415001221420085e-02
3.480550089654528556e-02
3.462710695199848476e-02
-4.243875188937243706e-03
-4.244184338688480711e-03
-2.284018093614336841e-03
-2.267432249924584281e-03
-2.267490373405463278e-03
-2.258142788054785365e-03
-1.922303078112680766e-02
-1.597250936409489244e-02
-1.717871369894407793e-02
-1.717425109878331982e-02
-1.718359125679253321e-02
-1.718398070246043505e-02
-1.718364305117547897e-02
-1.719710280097483043e-02
-1.719707339977482111e-02
-1.719538533670045624e-02
-1.719452062263489983e-02
-1.719484823794056524e-02
-1.718430128030182247e-02
2.161798279074904350e-02
2.160428193792796742e-02
2.160771754236410352e-02
2.160722702835680270e-02
2.160700883149403381e-02
2.159973299951562647e-02
2.152328623547918734e-02
2.156765332679849018e-02
-6.422920449903102118e-03
-6.423413522105620235e-03
-6.422010327622781033e-03
-5.096087642589789551e-03
4.550250368964698679e-03
-2.296543212782809276e-02
-2.296534064597235275e-02
-2.296524757268977174e-02
-2.286397198282993579e-02
1.302021760323843896e-02
1.302087359435157368e-02
5.218337895789978628e-03
5.218092057562477050e-03
5.218090816395598575e-03
5.216269539180003537e-03
5.209692623148085358e-03
5.216980207143677613e-03
5.240297642586570423e-03
5.240195772306710346e-03
5.240638421669797757e-03
5.196341666251679849e-03
-7.838560742244250062e-03
-4.654872708287714940e-03
-4.654602680371137773e-03
-4.653699645529465675e-03
6.467337447358369185e-03
6.467109193248122764e-03
6.465461892737944805e-03
6.468275304290943897e-03
-1.184502330105252459e-02
-1.177381156144938039e-02
1.764228219868579917e-01
1.764229652452671271e-01
8.132794397055660707e-02
-1.874155445577527571e-02
-2.436167331422662771e-02
-2.435151835760084385e-02
-3.168087480656753968e-02
5.142293114069677027e-05
5.083130701155447959e-05
7.791511321314103947e-05
7.902660756232314987e-05
8.047501302046757541e-05
-3.994750407812295147e-04
3.604141669775331319e-02
-8.681745389121729023e-04
-9.155829993499538808e-04
-9.154856329793789344e-04
-9.070729362004824586e-04
-3.509414675954143636e-02
-9.674126775395544770e-04
-1.187317574927718297e-03
-1.196324222468435512e-03
2.884598858748466110e-02
2.885820198496407557e-02
-9.576082508039958710e-03
-3.889161388226247944e-03
-3.889341269039612789e-03
-4.042848922385164703e-03
-4.045248871829512649e-03
-1.218738964620977132e-02
-1.217754917308650799e-02
-1.218099702627059057e-02
-1.383598383970003785e-03
-1.386208912123802371e-03
-1.384309887431058560e-03
-1.070535712887372461e-03
-1.070325939196366304e-03
-1.667274327456732402e-02
-1.667344264763795034e-02
-1.667345275590996836e-02
-1.667287401035211919e-02
-1.667298800246666893e-02
-1.667761275009247562e-02
-2.392872985618176018e-02
-2.392418095313471327e-02
-2.392214419175767159e-02
-1.287319621456123634e-03
-1.295823931094221672e-03
-1.298895152470444037e-03
-1.284655386580311380e-03
1.803429461115220803e-02
-8.148915914877952540e-03
9.538030665355716128e-03
4.138501896226659885e-03
4.166345250279392814e-03
2.350273951340575707e-03
2.350083742749983686e-03
2.350137922643221345e-03
2.350348330328520981e-03
2.350406127344702254e-03
2.350321624739366410e-03
-7.328623414728019370e-02
-7.328755722811844397e-02
-7.328765116775108612e-02
-7.328714970974305187e-02
-7.328586033628635421e-02
-7.331075323100094687e-02
-7.330268220886815289e-02
-3.008611285922005701e-03
-3.066096682521614238e-03
-2.777172132678546596e-03
-1.819061610508737820e-03
-1.818950721119204882e-03
-1.818704209508026142e-03
-6.548830754541268284e-03
-6.500968340588201937e-03
-6.532998464191614764e-03
-1.800563132417109732e-02
-4.776049715761456274e-03
-4.775519188571279890e-03
-4.894585093432744956e-03
-4.903460967252020776e-03
-4.903238835605949753e-03
-4.904805145000599997e-03
-4.904743451393661635e-03
-4.904815393854485353e-03
2.687342701985095603e-02
2.686576815586563111e-02
2.701492115288583670e-02
2.701480247112493169e-02
2.701413239510735281e-02
2.693520691720547103e-02
2.693461988869733786e-02
4.326873940730514498e-03
4.325434046013217071e-03
1.935674779511826040e-04
9.250351398299904370e-05
1.030630464416960418e-04
1.061233287133693092e-04
1.024978120798333663e-02
1.041054710581472247e-02
1.041057361360018911e-02
1.041030156324542107e-02
1.041055782927261322e-02
1.041065992803943616e-02
1.111866751115511004e-02
-1.689648165826857645e-02
-2.460353374149889041e-02
-2.460500227910489279e-02
4.786611540438612776e-03
4.787423685213773594e-03
4.782140603918911236e-03
4.782749886387933740e-03
3.554273906896768340e-03
3.555485979960337425e-03
3.555593989915424927e-03
3.549647772794923932e-03
-4.283792473592669230e-03
2.978300916274826977e-03
2.996384896965302753e-03
3.004702649384146003e-03
2.946776984979976831e-03
-8.371099998173732806e-03
-8.388470762250946691e-03
-8.389089715701448374e-03
-8.389931298376391081e-03
9.554592363188705445e-03
3.574440339559422503e-02
-7.875140966206423771e-04
-9.209630963864188233e-04
-9.233081622091788860e-04
1.498502315105713911e-02
-1.863237669715342546e-04
-4.356459968082573224e-04
-4.355495172080994554e-04
-8.471077065812952561e-04
-8.454307499991718048e-04
-7.911355425171616136e-04
-7.916969103104119472e-04
-7.923097739027078071e-04
-7.912221980158221177e-04
-7.908013241939676171e-04
-1.288206129170058403e-02
-3.564068755433953684e-02
-3.564148592965159928e-02
-3.564006297444081289e-02
-1.195733109637546303e-02
-1.195732432269517448e-02
-1.195724854400068669e-02
8.937525181492411361e-03
8.937620435581517322e-03
8.921507599534637609e-03
8.921386067807440118e-03
8.907341361050719747e-03
8.973702034571004113e-03
8.973897570863236667e-03
1.900986770567652346e-03
1.898677254327753609e-03
1.898612779219474578e-03
1.898518076449493084e-03
1.897531215644589686e-03
1.900481298179259801e-03
1.905918737427279982e-03
5.805725665378281414e-03
5.802112728796497004e-03
5.801392343695340251e-03
5.869291267412821492e-03
5.869218088377751996e-03
-1.619206942619158063e-03
9.788657173295410227e-03
-3.941136393605025774e-03
7.743359151219377304e-03
-9.765003914802589113e-03
-5.175263149862145522e-03
-5.169235296077807559e-03
-1.343031776030391379e-03
-1.353786616588609649e-03
-1.323458655968844143e-03
-1.323513552904897984e-03
-1.323494580176549744e-03
-1.323348271440505071e-03
-1.323342867046474686e-03
-1.322364358381202237e-03
-1.595893820275936939e-03
-1.586694006874145605e-03
-1.614764499026355915e-03
-8.666244210636915926e-03
-8.671879458981204131e-03
-8.672932871875746463e-03
-1.332698347758459571e-02
2.111578875794145344e-03
2.015689179332034661e-03
-1.064347585830615998e-02
-9.712886297666069313e-03
-8.926370713299965412e-03
4.442552231328573270e-03
4.441788368960967147e-03
4.442725879287395298e-03
4.441413261092856495e-03
4.441384855674766763e-03
4.441454518985712974e-03
-1.467043343212216973e-02
-1.467051747637812369e-02
-1.007281603066576166e-02
-1.007290563569261839e-02
-1.007331964811274648e-02
-1.007282672995785458e-02
-1.007254419804364150e-02
-1.007258797502589252e-02
-1.007239187921714352e-02
-1.007212992167638189e-02
-1.007357407988650026e-02
-1.820110225708375037e-02
-1.862038037878663635e-02
-1.862753864804415557e-02
-1.862197370880320016e-02
-1.862350540177927505e-02
6.668218719663374094e-03
6.704302588096578037e-03
6.699784226616507972e-03
6.700860016728545955e-03
7.043690192293718295e-03
7.046930024828965133e-03
-2.389133041093914958e-02
-2.387962181081975527e-02
-2.387892002179089687e-02
-2.387924432631380670e-02
-2.387924968766244258e-02
-2.388497067668557058e-02
-2.389038724742156145e-02
-2.389225310181196729e-02
-2.377073026700364175e-02
-2.096767193999213991e-02
-2.096883226804021824e-02
-2.169611565896506500e-02
-2.169970526543721703e-02
-1.181684824498976591e-02
-1.116845472432676824e-02
-1.116813470954183991e-02
-1.116218564606269795e-02
5.134243370735707898e-03
5.134252345385494250e-03
5.243175339359758269e-03
5.240962483698565627e-03
5.054662677277422210e-03
7.133414644261798672e-03
6.801624903486895579e-03
1.626800573660655905e-02
-4.567046991849520112e-04
-4.532491020489260282e-04
-4.362010972032867541e-04
-4.360060724491269515e-04
-6.104104212001928119e-04
-6.099315332899499318e-04
-6.095147011586342107e-04
-7.467792718676277350e-04
-3.095075005845481951e-04
-3.070547637136466492e-04
-2.593974221808840585e-03
-2.593977761380531887e-03
-2.593690826767125306e-03
-2.593727914077362078e-03
-2.594524684447132180e-03
-2.594590153134325016e-03
-2.428321064215830348e-03
-2.229293263164206385e-03
-2.193028995527159918e-03
-2.188569711645753629e-03
-2.199758159563534269e-03
-2.197003503667717666e-03
-2.193043343935585730e-03
-2.195100671847789384e-03
-1.980547505673136647e-03
7.786638175865120449e-03
1.108795650796275990e-02
1.108709453777959389e-02
1.105597237505056250e-02
9.792274777693925000e-03
9.792330479258787301e-03
-5.691510870768292860e-03
-3.097360000050920163e-03
-3.099583927936479764e-03
-3.096775270696329897e-03
-3.098151860172915911e-03
-3.056652669792719965e-03
-3.049964123737617869e-03
-2.887444384719281467e-03
-2.887522053638937481e-03
-2.885920760786955721e-03
-2.755003045817275981e-04
-2.786274885175959917e-04
-2.731852418214891646e-04
-2.724897251842432213e-04
-2.395060280357273654e-04
-2.404503739706858158e-04
-4.238922077397031928e-04
-4.215858770884647194e-04
9.976853521171038120e-04
9.967345028279400807e-04
9.954374697306131881e-04
9.964602561005975537e-04
1.000606089142816414e-03
2.467988330766249846e-03
2.595669788816648386e-03
2.597258034171422928e-03
2.597150658907781094e-03
2.596926449486223684e-03
2.594504352677079895e-03
2.593480653118431737e-03
8.479122157963056225e-03
8.552034488937553663e-03
9.769907602398165622e-03
9.771137041032530723e-03
9.768733189447006623e-03
9.770747701555147074e-03
4.186159421926492763e-02
4.186407118403140393e-02
4.186507714000241298e-02
-9.845340522911761802e-03
-9.845547824025600858e-03
4.747261227524508798e-03
-4.286706303713158292e-03
-4.288302869570223899e-03
-4.287759517403257753e-03
-6.051819105571358028e-03
-6.051572624068969099e-03
-6.051929102994036205e-03
-6.051605566250037142e-03
-6.051745833867889536e-03
-6.051676167366001891e-03
-6.051611610558102483e-03
-6.051768322122855204e-03
-6.052334995363078778e-03
-6.052965589764860641e-03
-6.056291896314035250e-03
-6.071808260598835633e-03
-6.048938185542585867e-03
-5.888898923330210949e-03
5.560728769194631660e-01
-8.874351081297847735e-03
-8.874395710266437878e-03
-8.875084994464949723e-03
-8.869580755659859511e-03
-8.871067384502578923e-03
-8.866068168970444793e-03
-8.866101941923046001e-03
-1.330736794420966755e-02
1.293432335793782452e-02
1.293447766735624817e-02
1.324103746479612410e-02
1.324158194063124010e-02
-1.820132769684935925e-02
-1.820126750450304365e-02
-1.817594768196007307e-02
-1.818551590316118405e-02
-1.909329077039722752e-02
-1.909220198047507575e-02
-1.909228882776083797e-02
-1.909314316463585695e-02
-9.995054575286146589e-03
-2.633867019642242499e-03
-1.096713291933421736e-02
1.632113867094018775e-02
1.245380512710023493e-02
1.393537697557016390e-02
1.393507166204106633e-02
1.395282077531810258e-02
1.395262729821671044e-02
1.395919061370016166e-02
1.395917156334728314e-02
1.395899616232969265e-02
1.396028350625202509e-02
1.396064656527021969e-02
1.396083081151803032e-02
-1.036916140517483639e-02
-1.037463098591750316e-02
-1.037442881030058855e-02
-1.032033020756002555e-02
1.064909180413831612e-02
1.064227162615223946e-02
1.064412066485126776e-02
1.064427065382541650e-02
7.400156490799885724e-03
7.399896459118495383e-03
7.397492807372499889e-03
7.396806637245398504e-03
7.379470401599839274e-03
7.379420523431473762e-03
7.379060781403274337e-03
2.000271777895066064e-02
1.999881257837183429e-02
1.999980945657321707e-02
1.999835308497459330e-02
2.000035079148630365e-02
2.000064667174999283e-02
1.999987484868172988e-02
2.006351000590961622e-02
-5.155647535503645948e-03
-5.150116233473429547e-03
-5.149876636947394414e-03
-5.149985252121695202e-03
-5.149731825323809568e-03
-3.537842242598888704e-03
-2.319803967272353416e-03
-1.838259016123552567e-02
-1.837907381032803308e-02
-1.850008486673243580e-02
-1.850004259605349255e-02
-1.850935475905650038e-02
-1.850938640637731294e-02
-1.851269662579665964e-02
-1.851289920352529317e-02
-4.607524617862142845e-04
8.875252922702471861e-03
8.879977614431605257e-03
7.038499217042483089e-03
7.039622699313872155e-03
6.820109361777716706e-03
2.587769778358523214e-03
2.531737793314151833e-03
2.531835233160605481e-03
2.531519941983375720e-03
2.531467633767744800e-03
3.924428834589111133e-03
3.925961851895570093e-03
3.980423961270826254e-03
3.980079990597605762e-03
3.947057504942612371e-03
3.946953148373046928e-03
3.946873999998708887e-03
4.093479788028842395e-03
3.923205230933898661e-03
3.922614745405191179e-03
9.124422714372765891e-03
9.122614192321477564e-03
9.123733228126576847e-03
9.089361991093659193e-03
2.760533208324736604e-04
4.986349099627088860e-04
5.056714038819763290e-04
1.001258043298567735e-03
1.001410646033362760e-03
1.001953187141035829e-03
9.876449224848842488e-04
9.875321745240321115e-04
9.942502039210702591e-04
9.642381290116341323e-04
9.672585359588092629e-04
9.528561811034437371e-04
9.530984207389888840e-04
9.860370881997150474e-04
9.519478657753558922e-04
4.762519882569571025e-03
4.901077600287506546e-03
4.905881575545603321e-03
-1.057191573572747664e-02
-1.051146674013573278e-02
-1.051140851458945771e-02
-1.051148866556624560e-02
-1.050898702484858414e-02
-1.051027459973469941e-02
-1.051244182843595262e-02
-1.051133340199328185e-02
-1.051129789662888850e-02
-1.051100771878683664e-02
-1.051103179514148965e-02
-1.051114714313561641e-02
-1.051342381039719817e-02
-3.168669955157776049e-03
1.623938723660591854e-03
1.622485093671513804e-03
7.311437675545408299e-02
7.311157133762370697e-02
1.209182277155082183e-02
8.361248041470181400e-03
8.355486739331077772e-03
8.339589793144110835e-03
8.340717948978910307e-03
8.342335012826433693e-03
8.345516877861938396e-03
8.345369460163619066e-03
8.344387748317784459e-03
8.344416830577952235e-03
8.343830572113377503e-03
8.346036382695048647e-03
8.334766877008922478e-03
-1.005882101281613608e-02
-1.001679826231440668e-02
