-2.153910563740365353e-03
-2.153827538503998423e-03
1.186582313204136499e-02
1.186911021663993038e-02
1.186976199739336185e-02
1.186956212324396555e-02
1.187094471625873247e-02
1.187009342800396210e-02
-9.735928574761340548e-04
-9.737346538368596253e-04
-9.750876450319457406e-04
-8.945788330831714978e-04
-8.946255054421304448e-04
-8.946580101459309688e-04
5.314456939547404241e-04
5.315143632788710357e-04
5.311998915621043028e-04
5.311945551453110381e-04
5.314806941506670414e-04
5.314093973687798560e-04
5.329176070609318444e-04
5.323796468475882216e-04
5.321134857243137086e-04
5.320346160711127668e-04
5.321395678130806748e-04
5.321582310883223293e-04
5.264369675773909567e-04
5.264087670274180536e-04
5.264297621766634953e-04
5.264091384496068487e-04
5.264399384633275218e-04
5.264315733881162317e-04
5.264307647260672331e-04
5.263988629201570664e-04
5.263733908126730322e-04
5.263535609407201093e-04
5.263865455477665734e-04
5.264417813717332632e-04
5.263105918552570721e-04
5.263960829974148690e-04
5.263827954625539427e-04
5.263622896377053665e-04
5.251544211452899812e-04
5.253554760182028559e-04
5.250507260361867877e-04
5.250602104722560965e-04
4.261671201058553349e-03
4.264245258020398291e-03
4.273938583849020909e-03
4.272192975699470180e-03
4.272183961002907170e-03
4.272835043453820404e-03
4.270314476134269045e-03
4.160896255404628735e-03
4.160944259774241802e-03
4.160880379211653012e-03
4.160876998427693804e-03
4.160941871063524727e-03
4.160958395244566434e-03
4.148604460651173637e-03
4.148630046066364638e-03
4.150419997011916412e-03
4.150456158873475423e-03
4.150171873967638952e-03
4.149790254762462417e-03
-1.173365365871345100e-04
-1.173256464229753207e-04
1.346421912308177343e-03
1.346437225287769801e-03
1.346451454590927863e-03
1.346426985942028066e-03
1.346495896139787880e-03
1.346495063919063689e-03
1.346527549112676260e-03
1.346622423107414783e-03
1.346806638232837545e-03
1.346602016429171520e-03
7.412591511745216574e-04
7.363830200298564221e-04
7.397302993486535791e-04
7.403125422827736132e-04
7.403179854373414213e-04
7.402634169590760005e-04
7.402997615408389966e-04
-2.532980332767120605e-04
-2.532800951295809577e-04
-2.533018628754749491e-04
-2.533857976917022032e-04
-2.533463050493624485e-04
-2.534696816782780970e-04
-2.533126621687567873e-04
-2.533325316128459139e-04
-2.538014980790525080e-04
-2.537372429303966378e-04
-2.537632330855913582e-04
-2.537941411296468176e-04
-2.538405633025498103e-04
-2.538122061518125958e-04
-2.537726328224573411e-04
-2.537837315800754289e-04
-2.530063861991965475e-04
-2.529776897056949412e-04
-2.529195237457527632e-04
-2.529262255959613425e-04
-2.531574699407128652e-04
-4.187963326637109428e-05
-3.386005577012021588e-05
8.002362229619347902e-04
8.002294595498440997e-04
8.005421214247347489e-04
7.980942633417875643e-04
7.981911727487248998e-04
7.982378704307402156e-04
2.167677024506083159e-03
2.167988795081511946e-03
2.167605992075501142e-03
2.167427224907684472e-03
1.260413403711823461e-03
1.260501113208031950e-03
1.260641948659939511e-03
1.260668483931384927e-03
1.260642496842915954e-03
1.272577440701496993e-03
1.269039290412147690e-03
1.271215544874788536e-03
2.735648886192067674e-04
2.742021272953162436e-04
2.742518975574484365e-04
2.745460954827955223e-04
2.744322285947079594e-04
2.744286838377220806e-04
2.744657536238159085e-04
2.744793780200762323e-04
2.745504251802026560e-04
2.745232480265706230e-04
2.395402695010005365e-04
2.387430047861596695e-04
2.375583469859603007e-04
6.869600161396063843e-04
6.870423639235952651e-04
6.868793668868127542e-04
6.869787341352615690e-04
6.869575391533144174e-04
-7.709622206068657106e-04
-7.755610082764534396e-04
-7.755936043549653634e-04
-7.755975324676568205e-04
-7.755788762598083861e-04
-7.755358554917171198e-04
-7.755165572398490647e-04
-7.382846858691972328e-04
3.329690019196661355e-03
3.329765783595867168e-03
3.329744428284968621e-03
3.329770052810484410e-03
3.329787351953744211e-03
3.329777807518951357e-03
3.329271168180250075e-03
3.328714355354013988e-03
3.328773412246026527e-03
3.351603452057227896e-03
2.537748545456776795e-03
2.537872822892985568e-03
6.853759010092810335e-03
6.852962113444823616e-03
6.845598207140379116e-03
6.845624324940229911e-03
6.846043040881313532e-03
-1.187365179227383707e-03
7.297764866495699398e-04
7.297088501722650807e-04
7.323561184304338417e-04
7.306796436752675209e-04
7.307058088713197551e-04
7.307586687195540952e-04
7.307607485779886621e-04
7.306275706303822165e-04
7.363418517733887492e-04
1.636011393349784534e-03
1.636271928457264753e-03
1.636375795758923408e-03
1.636676159159114810e-03
1.635860964085038196e-03
1.629560590804436573e-03
1.629557532012069826e-03
1.629555731497170541e-03
1.629598317504819642e-03
1.629550861932637686e-03
1.629679438720365138e-03
1.629582359011653601e-03
1.629671721440872391e-03
1.629593741519589365e-03
1.629558540521794992e-03
-4.667420975927087873e-04
-4.672036161781088271e-04
-4.666750897025575564e-04
-6.016600279363187951e-04
-6.047650893750614433e-04
-6.043930509685100641e-04
-6.054195031773898896e-04
-6.025845056324496225e-04
-6.025737331249457528e-04
-6.025243063095738491e-04
-6.024790644743480096e-04
-5.711362459107804284e-04
-5.703557846836749537e-04
-5.734085935860807563e-04
6.439392029428803307e-04
6.439481552040838327e-04
6.439257421157655939e-04
6.438084452701791803e-04
1.068563192206680498e-03
1.068189319810540234e-03
1.068995012085652459e-03
1.068871609286173915e-03
1.070262672069996436e-03
1.070300995105898448e-03
1.067857845375316372e-03
1.067937598567303067e-03
1.067941103922446806e-03
1.067935417466412892e-03
1.067933863783671186e-03
1.068351718555205941e-03
1.069006617105857249e-03
1.068823007657187379e-03
1.068561335990161247e-03
1.068276394484474765e-03
1.068323630447965897e-03
1.068173033725988100e-03
1.068177592572502801e-03
1.068148050743256486e-03
1.068207880372120961e-03
1.068396254215607868e-03
1.068376460447007783e-03
1.068040054021427441e-03
1.068031402476087065e-03
1.069205869993691610e-03
8.138358031270848591e-04
8.136313302448143405e-04
8.136225457697789359e-04
8.136642648834167086e-04
8.135525968364062986e-04
8.135655597730452257e-04
8.868827272725876088e-04
1.138716528364299915e-03
1.138474051126223043e-03
1.138903235234750870e-03
1.138883862987517424e-03
1.138934509047176673e-03
1.139164949549200789e-03
1.139004204128183208e-03
-1.021788888876380089e-03
-1.021760190979039036e-03
-1.014610292683710158e-03
-1.014764706664898720e-03
-1.419187929323398702e-04
5.134661220560513212e-05
5.143338032206759488e-05
5.144746706999506365e-05
5.146437573163651892e-05
5.146276605000921651e-05
5.163151685680723212e-05
5.151843920242601195e-05
4.805979677118943534e-03
4.805748101709013918e-03
4.805713150385974158e-03
4.806541879494630014e-03
4.807276398265032148e-03
4.806689546061772463e-03
4.805797010450085782e-03
4.805799265787024689e-03
4.805779745560448055e-03
4.805841106599158252e-03
4.805833240636656241e-03
4.805936693134628922e-03
4.805866992021688537e-03
4.805839701033713836e-03
4.805859935261913053e-03
4.806109058368946210e-03
4.806458994436356609e-03
4.806176511738716184e-03
4.805773070540900541e-03
4.805742998689973601e-03
4.805757500364397396e-03
4.805615846861423929e-03
2.009370435890386625e-03
2.009344258716406519e-03
2.015190460358552531e-03
2.015187106837163997e-03
2.015386939662134648e-03
2.002446801709388286e-03
2.003105020538679081e-03
2.003003802445532059e-03
2.002922605743764906e-03
2.001713551620073420e-03
2.001616791514292375e-03
2.001760867348866338e-03
2.002122138281963414e-03
2.001182924501310363e-03
1.996673167307380214e-03
1.996592561985835630e-03
1.996574825892263524e-03
8.186509224405932872e-04
8.187069723170041372e-04
8.186662092520450651e-04
8.184521794902304076e-04
9.318691926671076285e-04
9.318299056858650757e-04
1.078715129678864708e-03
1.182164890281878688e-03
1.179176708648120315e-03
1.179981703634404517e-03
1.180073463090935406e-03
1.179814279485535576e-03
1.179824156738160969e-03
1.179768174165821181e-03
1.180001386657942176e-03
1.179923573299424249e-03
1.179920193456292102e-03
1.179912039275981097e-03
1.492986961524273362e-03
1.492997631137234302e-03
1.493009821069136945e-03
1.493002917724235148e-03
1.492995830194439235e-03
1.497654706200933841e-03
1.497695394634725348e-03
1.497831481513167478e-03
1.497759558991102738e-03
1.497784932698027587e-03
1.497782720955054790e-03
1.497846150506007556e-03
1.497868231312490502e-03
1.497839910410256889e-03
1.497879317919003760e-03
1.497876612226382636e-03
1.498012251684756107e-03
1.498000792581887690e-03
1.497988388478336966e-03
1.497938243782229520e-03
1.497964172519798860e-03
1.497969523191227574e-03
1.497942459736622840e-03
1.497862015250623876e-03
1.497903483035491461e-03
1.185639663012133744e-03
1.193596874639205356e-03
1.193522755072785142e-03
1.193557415823556832e-03
1.193634884791556269e-03
1.193693499253989506e-03
1.193426840862840763e-03
1.194502203754286944e-03
1.194195942495079269e-03
1.194178036489605124e-03
1.194204867148935915e-03
1.194208537358116976e-03
1.194197199199270283e-03
1.194140689450814367e-03
1.194137747143081624e-03
1.194136223256871913e-03
1.194153031261055474e-03
1.194145313184979008e-03
1.194147529420529338e-03
1.194149733964735595e-03
1.194211894032781327e-03
1.193875620736068073e-03
1.190835790990962730e-03
1.209181922409736411e-03
1.211369438650272690e-03
1.210623120453809117e-03
1.210793157110042146e-03
1.210749943079019722e-03
1.210727416939721014e-03
1.210495772667178954e-03
1.210438851493689455e-03
1.210562034873550758e-03
1.210832566490568441e-03
1.209887122596907437e-03
1.214589619649126791e-03
1.209035779376969226e-03
1.209033896407353060e-03
1.209069115072427831e-03
1.209081788176843541e-03
1.209063847859194116e-03
1.209056238021706531e-03
1.209070575843201271e-03
1.209052419900224573e-03
1.209056934613644309e-03
1.209059371884795920e-03
1.209061558371365410e-03
1.209063286402899898e-03
1.209175767425868563e-03
1.209253627664202925e-03
9.275927559077881647e-04
9.278795542278256859e-04
9.278756680507054553e-04
9.280754800247776248e-04
9.278126557934985794e-04
9.286317684663302494e-04
9.278361968799062835e-04
9.277744303234374988e-04
9.278109619768604155e-04
9.278166664729758017e-04
9.273549196026635751e-04
9.273675946753686403e-04
9.273591781770545951e-04
9.273302872357649853e-04
9.274113976751517619e-04
9.274039918030096584e-04
9.274221819931282619e-04
9.275056310508868022e-04
-4.417737470334792520e-03
-4.417496960195234877e-03
-4.417794572371351765e-03
-4.468377812090860643e-03
-4.468296737175852552e-03
-4.469305047911193048e-03
-4.469587893332109367e-03
-4.468439421885775711e-03
-4.467003644467028127e-03
-4.467465355956416577e-03
-4.468633640007672360e-03
-4.467685742865020251e-03
-4.467640955144391683e-03
-4.467648996532044663e-03
-4.467678415739004087e-03
-4.467859054546868998e-03
-4.467821667078201997e-03
-4.467791982884453117e-03
-4.467770670586774726e-03
-4.467740469567156418e-03
-4.467675543422834454e-03
-4.465604624020427099e-03
-4.465668143048589361e-03
-4.192535073909240545e-03
1.690600945786294770e-03
1.690543370106637692e-03
1.690577852525486369e-03
1.690590604910603006e-03
1.690588057485647782e-03
1.690602251739215878e-03
1.690569602429031846e-03
1.690390117232324707e-03
1.690285761445390602e-03
1.690202104207267839e-03
1.690244675157647055e-03
1.690168697513037702e-03
1.730637186546330614e-03
1.730453073191999406e-03
1.730760801142692358e-03
1.730751160704573121e-03
1.730521245622727508e-03
1.730539517111405468e-03
1.730707713657300088e-03
1.719459832539884910e-03
1.719461741223013125e-03
1.719468805725155253e-03
1.719421874610230650e-03
1.719408815939161683e-03
1.719362528021211277e-03
1.678482138178558894e-03
1.678632163914169778e-03
1.685974684176569155e-03
1.686416046134971754e-03
1.686416128443502405e-03
1.686498284862357477e-03
1.686657577380009515e-03
1.762571571010500488e-03
1.763878329481718792e-03
1.763940310974436605e-03
1.764067486310983259e-03
1.763925738772558057e-03
1.763756273952493507e-03
1.763220922356382048e-03
1.763205410939230671e-03
1.763199431879651632e-03
1.763404269173354712e-03
1.679038160236681881e-03
-2.760397285411340332e-03
-2.760393820850775681e-03
-2.776727587880921562e-03
-6.583318670344482076e-04
-6.583690621896664055e-04
-6.583429897053438493e-04
-6.583985401348670975e-04
-6.584770640122014412e-04
-6.585012858518863536e-04
-6.584843965497897290e-04
-6.585004997149241854e-04
-6.608202427279865872e-04
9.779806566953626237e-04
1.120760038758600004e-03
1.120973194590582948e-03
1.058525315748201504e-03
1.058448836040513106e-03
1.336380753883401095e-03
1.336966985882179692e-03
1.336572452264824830e-03
1.336418483209436247e-03
1.336420490408533066e-03
1.331615649173308177e-03
1.378741577532199315e-03
1.378838357308762291e-03
1.378715215571522414e-03
1.378753007836502637e-03
1.378682086300267277e-03
1.378684960426392742e-03
1.378634128867062963e-03
1.378806677006231673e-03
1.378967354728196076e-03
1.378936365944204070e-03
1.378812765006986888e-03
1.378743134330916815e-03
1.378694088198454152e-03
1.378627929957794906e-03
1.378745018909745528e-03
1.378704817469782748e-03
3.765446316650360105e-04
3.765554774923123341e-04
3.935315642619786371e-03
3.935354815480119478e-03
3.935441518667663098e-03
3.935425309046460506e-03
3.935604758367866433e-03
3.936291611212823158e-03
3.936493336379481671e-03
3.937009140090907619e-03
3.936804145502243411e-03
3.937390442324922163e-03
3.937039149512999887e-03
3.936870479100953654e-03
3.937855987808228965e-03
3.936465829365664790e-03
3.936319471265451765e-03
3.936727968786623948e-03
3.936426902472237380e-03
3.935993959884624520e-03
3.933080340171609020e-03
3.923068364190236169e-03
3.923089757462770721e-03
3.923342704060197098e-03
3.923390845743997962e-03
3.922118340840452695e-03
3.922240376482265950e-03
3.922071893831214837e-03
3.922578833915318225e-03
3.922384203449855167e-03
3.922621636506064269e-03
3.475456377496176277e-03
3.474815126120969159e-03
3.474762596588094627e-03
3.474831421156485828e-03
3.475094655865083350e-03
3.475073971404024024e-03
3.475119828092409786e-03
3.475133155811102343e-03
3.475131378964251266e-03
3.475141167361347604e-03
3.475090964296888990e-03
3.475116580617430753e-03
3.475135526884571419e-03
3.474764389042351697e-03
3.475273529016154744e-03
3.475278368280921865e-03
3.475307562687676363e-03
3.475311043709781045e-03
3.475338465329525471e-03
3.475451536137939227e-03
3.475516621833298504e-03
3.475519816467570033e-03
3.475261968657385962e-03
3.475243665284258061e-03
3.475148191950858372e-03
3.475153973827678142e-03
3.475869284926967357e-03
3.475340989580305660e-03
3.475131013934550355e-03
3.475123965838284451e-03
3.481284081814852924e-03
3.481299542432824551e-03
3.482059551810201721e-03
3.481462143143420566e-03
3.481852913910679897e-03
3.481472970048659233e-03
3.590967718691199465e-03
3.597996088615118288e-03
3.597973065895355982e-03
3.599033424626170343e-03
3.599012964572836926e-03
3.598627466323526310e-03
3.598794477894112515e-03
3.326039436283269313e-03
3.325783595892749765e-03
3.325931468419033882e-03
3.325857627181686132e-03
3.325852026717327371e-03
3.326383521900198002e-03
3.326497214925314833e-03
3.326246830285795562e-03
3.326200088740515447e-03
3.326244312729837588e-03
3.325893736433104507e-03
3.326434746825015533e-03
3.326371124286878374e-03
3.326502870450662348e-03
4.375010848467474100e-05
4.354528192796715475e-05
4.339109606924381965e-05
4.365794795945464584e-05
4.374906564971077619e-05
4.375476550733325775e-05
4.374023329414612499e-05
4.373557359074383159e-05
4.376232104653715924e-05
4.376580463818713286e-05
4.375986181868447660e-05
4.371996245868115238e-05
4.372605584237000876e-05
4.372188771563065605e-05
4.351946250601237850e-05
4.335608472004416121e-05
4.350044131213868154e-05
4.371044655499528581e-05
4.376482362751412113e-05
-2.372749726668209661e-04
-3.848060380206013852e-04
-3.824609070264481923e-04
-3.954606416958064479e-04
-3.960281376881792550e-04
-3.958853469330835071e-04
-3.961622904848858531e-04
-3.960122422351346769e-04
-3.947969605125865064e-04
-3.939142081714552086e-04
-3.939285564378537338e-04
-8.153332359094463914e-04
-8.152643179686699547e-04
-8.144751480058217341e-04
-8.144875318054940879e-04
-8.145543927075919169e-04
-8.145179440073067401e-04
-8.145386699992596992e-04
-8.144040122081756773e-04
-8.144461019185048056e-04
-8.144020116635424054e-04
-8.144342477582848646e-04
-8.144895404061246354e-04
-8.142000505444277510e-04
-8.143085563718964947e-04
-8.128080690210391429e-04
-8.128184357100374765e-04
-8.131113056131318486e-04
-8.130607524479600574e-04
-8.130476416879291483e-04
-8.124876397370890159e-04
-8.124316919768490453e-04
-8.368407243052635976e-05
-8.370976662595914683e-05
-8.419057195164452551e-05
1.045101454803021301e-03
1.045322427290251797e-03
1.045308801166664045e-03
1.045366140452905646e-03
1.045314769669271338e-03
1.045393021022251144e-03
1.045371201670229795e-03
1.045387498853039441e-03
1.045388752937070724e-03
1.045383215049721292e-03
1.045387383573833772e-03
1.624871226116378884e-04
1.625745101613574868e-04
-1.840364012667551835e-03
-1.840285830868565670e-03
-1.840336065303948372e-03
-1.840279964801911543e-03
-1.840294875135132678e-03
-1.840837664470069577e-03
-1.840472071925120055e-03
-1.840412293004829204e-03
-1.840425307773980480e-03
-1.840459312873883070e-03
-1.840542039252024940e-03
-1.840446784469496663e-03
-1.840848903799524551e-03
-1.840572590898115982e-03
-1.840704135508055596e-03
-1.840582136103914275e-03
-1.840398234123441371e-03
-1.840611272594338188e-03
-1.730498520202799475e-03
-1.730545796762993473e-03
-1.730601614069388451e-03
-6.191756537860991722e-04
-6.191972146511871659e-04
-6.192044646865340870e-04
-6.192500406379992679e-04
-6.190597343812348973e-04
-6.655693917297023565e-04
-4.119581378327603709e-04
-4.119538065182207567e-04
-4.116192778400740854e-04
-4.116749532438641087e-04
1.674913046028233621e-03
-8.748877359461179311e-04
-8.748898357236233395e-04
-8.748841233023216214e-04
-8.748953849440766059e-04
-8.748878503090200005e-04
-8.748949275551975557e-04
-8.748929501504385236e-04
-8.748967773304040449e-04
-8.748561675470585032e-04
-8.748548363558803810e-04
-8.749410977275380412e-04
-8.749252630603633445e-04
-8.749121563097899150e-04
-8.749211473605615456e-04
-8.749195535767190137e-04
-8.749036561062591751e-04
-8.749250430619114885e-04
-8.749192154183983326e-04
-8.749174724097599776e-04
-8.749178015935810213e-04
-8.749144497395306298e-04
-8.750928358587861059e-04
-8.749610505409654562e-04
-8.749436003853473288e-04
-8.749518022906132902e-04
-8.656730434687887532e-04
-8.658415988750983901e-04
-8.673883526383572868e-04
-8.651412586760828761e-04
-8.646061254431730700e-04
-8.645937500900143869e-04
-8.645754664668858650e-04
-8.646428362538734333e-04
-8.651521508298224816e-04
-8.649215197910254836e-04
-8.646503728949686031e-04
-8.646676180875418217e-04
5.466175267003509374e-05
5.455335679442942107e-05
5.458799368932371407e-05
5.460308869786868296e-05
5.454028983141018364e-05
5.398543474504635133e-05
5.428070587248566786e-05
5.898322488739839078e-05
5.894831221132163423e-05
5.922713723667321159e-05
1.399238451220712238e-04
1.400391902602185013e-04
1.400352574917115974e-04
1.400325378663613439e-04
1.395421768984157697e-04
1.396135207000282809e-04
2.598785025027012413e-04
2.603515549897712908e-04
2.603638508685830028e-04
2.605034943356266145e-04
2.603713826361331372e-04
2.605229588488437048e-04
2.603697392030870743e-04
2.717783859891227975e-04
2.720126912720993197e-04
2.717800552623250471e-04
2.539660003370286913e-04
2.539599233485723508e-04
2.540049373924235061e-04
2.539943215216597817e-04
2.539848021819379677e-04
1.536953395022168107e-04
1.540991431686699155e-04
1.200664298641922277e-04
1.165464239154113512e-04
1.167192517273498803e-04
1.167878895429624343e-04
1.167902275359483058e-04
1.069421084990222060e-04
1.180883798238338821e-04
1.180498605996981747e-04
1.180976904006789460e-04
1.180477582918964408e-04
1.180638500864219479e-04
1.181504662992439130e-04
1.180482675877265184e-04
1.179972844437936620e-04
1.179893118137865539e-04
1.180382407363930974e-04
1.180006950402893014e-04
1.120117512012162576e-04
1.120258928172564855e-04
1.120284678723038258e-04
1.120309903756203904e-04
1.120144812384062094e-04
1.120319351085890305e-04
1.120209745898604351e-04
1.118493850372667789e-04
1.314517157475918229e-04
1.314548203170442240e-04
1.314407124439203212e-04
1.314840526156223796e-04
1.315040122159942548e-04
1.315063103627208589e-04
1.314762664022247967e-04
1.314847324617851435e-04
1.314626429612349764e-04
1.314502495292357853e-04
1.314261749533846501e-04
1.314263351562853458e-04
1.314361469190459056e-04
1.314316334205180455e-04
1.314416538891178372e-04
1.314459026776282282e-04
1.314408925045831259e-04
1.314401619533451051e-04
1.314448934077138949e-04
1.315470048951692642e-04
1.314394402400453324e-04
1.314463285462849195e-04
1.314566311198490727e-04
1.314538225467264674e-04
1.314979260867388483e-04
1.312918629604661479e-04
1.313110999833416509e-04
1.249075462913943658e-04
1.248436107293083230e-04
1.249260423643297122e-04
1.305475675303285140e-04
1.302993160062980405e-04
1.303199220047638479e-04
1.303152658795645553e-04
1.302487388929860932e-04
1.302701084989246728e-04
1.302571821352057312e-04
1.302568190973559220e-04
1.303296388702554639e-04
1.304283247266401413e-04
1.276852789193230167e-04
1.278138278682141985e-04
1.271498293186650768e-04
1.270562545508265820e-04
1.302178851556982399e-04
1.302638840321640782e-04
1.302036156746062270e-04
1.303093500599885398e-04
1.300170827140568889e-04
1.299991854284511582e-04
1.296325845452330947e-04
1.296769057938426922e-04
1.284852339989504388e-04
1.285459133654022826e-04
1.285547216899677583e-04
1.284019541532530637e-04
1.255714281591333861e-04
-3.002668245597936279e-05
-3.007658319691444129e-05
-3.070620191263164113e-05
-3.092251059359743835e-05
-3.092013580733064755e-05
-3.098269346903902426e-05
-3.094375896199276558e-05
-3.055140627155435493e-05
-3.113696631766104897e-05
-3.114451271177631986e-05
-3.110156923802971825e-05
-3.109609498258232086e-05
-3.111376978474833310e-05
-3.111790394391884297e-05
-3.118624727809853308e-05
-3.121454811736847865e-05
-3.122698009373062932e-05
-3.075542724945520183e-05
-4.547281439984348267e-05
-4.569806584054819822e-05
-1.825658677200905564e-03
-1.829185322896883376e-03
-1.829478681494728105e-03
-1.830558621300759680e-03
-1.827529250483032365e-03
-1.827492036952597237e-03
-1.827631924661951525e-03
-1.827844289181246567e-03
-1.827870078435968109e-03
-1.690854573434625186e-03
-1.696299965976392913e-03
-1.507558880143695977e-03
-1.507445266456565632e-03
-1.507445266456626347e-03
-1.508371345574555404e-03
-1.509896618197990132e-03
-1.508105741490112835e-03
-1.508053323787167735e-03
-1.506457760783651680e-03
-1.387166341433150639e-03
-1.387068112138981459e-03
-1.387080035373891703e-03
-1.387104569689748181e-03
-1.387144241586252399e-03
-1.387035590018666957e-03
-1.386525530329060178e-03
-1.386571581077555935e-03
-1.386543177811468738e-03
-1.386541935575256405e-03
-9.669544230202271494e-04
-9.671945825916444112e-04
-9.669676724011054981e-04
3.069318490364718040e-04
3.106061560138432837e-04
3.024797363842355192e-04
3.028544814770269466e-04
3.027170589142614177e-04
3.033871779902087948e-04
3.048008904884083083e-04
3.048465151159788990e-04
3.047679621793559428e-04
3.032423452925483054e-04
3.032526061277733553e-04
3.032937500223243559e-04
3.021648328056682339e-04
3.022690931123393743e-04
3.023230975555047566e-04
3.022446624159988047e-04
3.024693394650126120e-04
3.026309568124167532e-04
3.027008504823197003e-04
3.031564295358626709e-04
3.031453357696937858e-04
3.139719348158279567e-04
3.140691133596574267e-04
3.138568389640844546e-04
3.138691540367601670e-04
3.627595845075953611e-04
3.628127365780083394e-04
3.630294720236412667e-04
3.631381740688957908e-04
3.627318219091430472e-04
3.627129172504727937e-04
3.629144120572947948e-04
3.629208992979258150e-04
3.629152032596820931e-04
3.628621734140663468e-04
3.628771933771223683e-04
3.630080765686707336e-04
3.625538174888108534e-04
4.356633931481666160e-04
4.377879834268272514e-04
4.398268211322411275e-04
3.519363246322925777e-04
3.595042270168858863e-04
7.603098276422425288e-04
7.615393068709967002e-04
7.594570114665779616e-04
5.435315665148154706e-05
5.433022482723392073e-05
5.434214966773885755e-05
5.413378054599257103e-05
5.396405809709893650e-05
5.396003154045186890e-05
4.340659609943689056e-04
-9.425640298705186123e-04
-9.425453035415659424e-04
-9.425258427264639628e-04
-9.425279360123643745e-04
-9.425046282602721898e-04
-9.424974446692617382e-04
-9.424927669492468019e-04
-9.424886257324642221e-04
-9.424776204008826269e-04
-3.978486536427213322e-05
-3.933669029315413042e-05
-3.889152226178847673e-03
-3.889177514625787469e-03
-3.888527119589997756e-03
-3.888503330142472573e-03
-3.898052983274486946e-03
-3.896946654710130818e-03
-3.901058214636190114e-03
-3.898578943833194525e-03
-3.927792534721233700e-03
-3.927741413094524084e-03
-3.927745243678075829e-03
-3.927614387167979379e-03
-3.927627781126988120e-03
-3.927538110862854003e-03
-3.927524238490018478e-03
-3.927522453610957955e-03
-3.927692280605373128e-03
-3.927724012228936239e-03
-3.927639769882214534e-03
-3.927585734592055518e-03
-3.927616109578825274e-03
-3.927567822028326348e-03
-3.927518968564880711e-03
-3.927653621144116744e-03
-3.927503734160884587e-03
-3.957212412579133066e-03
-3.954399905042801054e-03
-3.878978886540782565e-03
-3.878684405869949059e-03
-3.878593969157474817e-03
-3.878856169242441646e-03
-3.553400947026552625e-03
-3.553573414400448393e-03
-3.553438280634033716e-03
1.915014404515420684e-05
1.762716679662607405e-05
1.760722198806339480e-05
1.765119620794747664e-05
1.763563411421232750e-05
1.765709640327514052e-05
1.695497398664154334e-05
1.694793717841301491e-05
1.694844817276426518e-05
1.695134563410419010e-05
1.695597870116835932e-05
1.695628455780459444e-05
1.695264431971717819e-05
1.694001805771128171e-05
1.687772323425664378e-05
1.692738260912069186e-05
1.692718705035878255e-05
1.690324939349482577e-05
1.764043241202801218e-05
1.088405112025955317e-05
1.087136658405967910e-05
1.086135068447993918e-05
1.040739862226585565e-05
1.034668105431853062e-05
1.100307289440899736e-05
1.097382843637668836e-05
-9.960033867773855354e-01
-1.377768170228188668e-03
-1.377445549738996224e-03
-1.377462732285737561e-03
-1.377480910128956295e-03
-1.377532133738697305e-03
-1.378190276289168684e-03
-1.378091416228941629e-03
-1.378111806140791280e-03
-1.378012629995980804e-03
-1.378020034570976706e-03
-1.378071732833511349e-03
-1.378050952055081060e-03
-1.378015607638884751e-03
-1.377502796563351154e-03
-1.377379653261942560e-03
-1.377371951899056170e-03
-1.377279602537376897e-03
-1.377661802603879918e-03
-1.377669388643901118e-03
-1.377668973625403902e-03
-1.377680475590758232e-03
-2.142644318853504336e-03
-2.142981377053196790e-03
-2.143243659595717859e-03
-2.140865418323818336e-03
-2.140857218377617121e-03
-2.177689507471076025e-03
-2.178171414348806581e-03
-2.166769092345806162e-03
-2.166656413847951011e-03
-2.166634583931706555e-03
-2.167139067005340730e-03
-2.169464791143849939e-03
-2.169632459859860158e-03
-2.791656790393610369e-03
-2.788453639208871362e-03
-2.788436011622818633e-03
-3.472926935077337920e-04
-3.471767427241500160e-04
-3.471457141340809015e-04
-3.472094275177488656e-04
-3.472037294492899009e-04
4.763795913555063117e-04
4.764692295323795209e-04
5.829323995882607903e-04
5.872118713915613648e-04
5.871791651710536568e-04
5.886911181059516869e-04
5.886875154954646300e-04
5.886886049603122853e-04
5.886356407600458300e-04
5.886446339452579800e-04
5.886888502039985382e-04
5.886921859826658261e-04
5.886588060231496330e-04
5.886554102667369186e-04
5.886839570061790572e-04
5.886544550228854514e-04
5.886893363904724310e-04
5.887112634663740516e-04
4.844618389758569357e-04
4.869884003596291230e-04
4.898633305334275552e-04
4.898215631383908298e-04
4.847677140418161145e-04
4.847359581241595739e-04
4.848959771822156767e-04
4.846370270514264219e-04
4.848283991002883269e-04
4.848322423814448124e-04
4.848475528449585617e-04
5.723002537654706817e-03
5.722973046040363485e-03
5.722976769205558034e-03
5.722863620167867489e-03
5.722893704178036792e-03
5.722957999453631706e-03
5.722740518458334889e-03
5.722769376887192408e-03
5.722765233157122398e-03
5.723138047329128474e-03
5.723205612617170840e-03
5.723232266150403771e-03
5.723464748755622764e-03
5.723438421797663600e-03
5.722878761276767139e-03
5.723063136895588203e-03
1.705759286150935897e-03
1.705679410827784211e-03
1.707440784820441013e-03
1.707326698450221817e-03
1.707360344837682061e-03
1.707313493800955220e-03
1.739489909124681448e-03
1.739520601826593160e-03
1.629457450470134239e-03
1.629501580973803567e-03
1.629499316696576480e-03
1.629489096257564877e-03
1.629628113128991137e-03
1.629604168576400877e-03
1.629652594707146690e-03
1.629506522906585620e-03
1.629477920826821963e-03
1.657255038977034547e-03
1.656545761955362239e-03
1.656571230716244415e-03
1.656592964632945704e-03
1.659642997104368708e-03
1.659654922004752484e-03
1.658361359677891327e-03
2.321262889883066529e-04
2.240331056927111490e-04
2.238994349911631581e-04
1.268223902671794913e-03
1.268256645501005886e-03
1.268358085327079849e-03
1.269928255159962849e-03
1.269819633191249589e-03
1.269179170224290663e-03
1.268827397141630495e-03
1.268738252933981642e-03
1.264003793083121399e-03
1.264002337682394598e-03
1.263995872501123179e-03
1.264042784312121269e-03
1.264043657533065607e-03
1.264147708184483682e-03
1.264144021955401070e-03
1.264040393392887622e-03
1.264095735072152038e-03
1.264191306581521033e-03
1.263909108175938602e-03
1.263939433042227242e-03
1.275381320230572005e-03
1.275378014796329064e-03
1.275364640624142027e-03
1.275428287238606056e-03
1.275352697949729691e-03
1.275351313318621354e-03
1.275271432823715367e-03
1.275037426566080984e-03
-3.140681404796068178e-04
-3.491309346803322228e-04
-3.493502646108703866e-04
-3.493905197994771027e-04
-6.812816241628017909e-04
-6.813014779251153237e-04
-6.797014367184517694e-04
-6.798137436394860672e-04
-6.798358026141177986e-04
-6.796651174764015233e-04
-6.806213056909121055e-04
-6.806093898015900829e-04
-6.808971433811886187e-04
-6.808282614070586183e-04
-6.809967894883038435e-04
-6.810388461869367306e-04
-6.816705342851456370e-04
-6.815868927998229793e-04
-6.816704885581982348e-04
-6.818842614132491261e-04
-6.836769493531926617e-04
-6.834371192036607862e-04
-6.835647132766351332e-04
-6.836950498085750220e-04
-6.835436402836196331e-04
-6.835033951245345638e-04
-6.835237025874572967e-04
-6.835320810040720896e-04
-6.835970350405617957e-04
-6.833636303605342610e-04
-6.833289098724723695e-04
-6.833206555366130126e-04
-6.833491766695033330e-04
-6.833543826001019401e-04
-6.832897023715118730e-04
-6.800151957347494404e-04
-6.800245908473116080e-04
-6.840128070075508554e-04
-6.839714529282544869e-04
-6.840257273583055277e-04
-6.835993328675616515e-04
-6.833824325864106593e-04
-6.833833175832528537e-04
-6.818125907477190365e-04
-1.533410312698370965e-04
-1.534022354080505216e-04
-1.533594025213679283e-04
-1.533873186152044513e-04
-1.533836698628232695e-04
-1.533289976085699371e-04
-1.533202584692620277e-04
-1.533222017924820637e-04
-1.533706334769356519e-04
3.919633773873063020e-04
3.543551991492798489e-04
3.545351583229223785e-04
3.544993219980312475e-04
3.545042317984467626e-04
3.450058480216833191e-04
3.452525771258601705e-04
3.451843780865544221e-04
3.455263838622401966e-04
3.455546055243137200e-04
3.455123783497287388e-04
3.455375851858686568e-04
3.455338435898313177e-04
3.454683431578010368e-04
3.454750215508668666e-04
3.461410055261758220e-04
3.458173928020900076e-04
3.456741390734267903e-04
3.456906930117141551e-04
3.455802396101217912e-04
4.558622570992660510e-04
4.572469566301128182e-04
4.572295207233279240e-04
4.572262304948790184e-04
4.572203502359063472e-04
4.572913740931139315e-04
4.573354609070569982e-04
4.573466435919507512e-04
4.572775215615032074e-04
4.573968207926702094e-04
4.572669303945632677e-04
4.573007963982134378e-04
4.572369577789053103e-04
4.572406669328809171e-04
6.717464033558543345e-04
6.720175583024328358e-04
6.746817896212329831e-04
6.748645005955109617e-04
6.747969065662536752e-04
6.943647963643015918e-04
6.948300044616202145e-04
7.216244493322555680e-04
7.216751570556519764e-04
7.209810077549571455e-04
7.193344087902104169e-04
1.113455406223626959e-02
1.119444338169389708e-02
-1.302638761527144138e-03
-1.305023964094093611e-03
-1.304966654147808472e-03
5.788009755505936233e-04
5.756518267017934421e-04
5.756584672081094907e-04
5.768532518883331094e-04
5.768360453883056944e-04
5.768530053326727811e-04
5.768452241017610034e-04
5.768539060609393851e-04
5.765949370709510429e-04
5.765840880308159208e-04
5.768991758543097047e-04
5.761092585432998295e-04
5.761391363088445633e-04
5.761794811195581614e-04
5.761611951434077823e-04
5.761700626151983803e-04
5.762512066552896240e-04
5.763683772327768710e-04
5.765354205932120410e-04
5.763221008392949108e-04
5.762432483810809398e-04
5.763016680506821395e-04
6.006288702849108376e-04
6.008931878377022284e-04
6.008024739938337645e-04
6.007902569346058874e-04
6.010005625380569066e-04
6.009786342468871655e-04
6.009573715596470359e-04
5.999722617082780358e-04
4.557287781088991373e-03
4.557338089770868877e-03
4.557211993873769990e-03
4.557214772940586939e-03
4.557167296284698153e-03
4.557905660354856850e-03
4.557971307932463453e-03
4.557887514585468904e-03
4.557793560239207543e-03
4.557918128945337259e-03
4.558652279274188687e-03
4.558614961896375814e-03
4.558297328501497922e-03
4.554827110072240393e-03
4.555244932674667492e-03
4.555118871138199264e-03
4.555066011759281892e-03
4.555108966874178364e-03
4.555006920357599492e-03
4.430167912543521262e-03
3.731743640278602529e-04
3.732704558868758663e-04
3.733158266000970041e-04
3.732662561588253529e-04
3.734570485200806931e-04
3.732263878003836506e-04
3.730721555439145084e-04
3.655620734372075895e-04
3.653058417155330613e-04
3.669488496317158100e-04
3.752622071353391674e-04
3.756945651899237641e-04
3.754454888921687403e-04
3.848565424402684192e-04
3.848442555711388676e-04
3.848879401021557795e-04
3.849781783827949306e-04
3.657624642377755534e-04
3.657381663958467546e-04
3.657362098192165492e-04
3.013423429866015388e-04
-4.999729771414893617e-04
-4.999654268215266914e-04
-4.999772111299777321e-04
-4.999669299041042568e-04
-4.999509298486191997e-04
-4.999517036793892782e-04
-5.000048015212850720e-04
-5.000312592820200727e-04
-5.000161251500855443e-04
-5.004370155737458041e-04
-2.034150713749581334e-03
-2.037098327515610326e-03
-2.037514017089672811e-03
-2.037606559793147133e-03
-7.953726251929090808e-04
-7.951191208939759839e-04
-7.950479665793762233e-04
-3.539278566165972046e-03
-3.539344441304720888e-03
-3.539381045450331296e-03
-3.539371750896098262e-03
4.621116561532131783e-05
4.621374614294500934e-05
4.615225253540439356e-05
4.614372537046267179e-05
4.577594170315199594e-05
4.586980597905905745e-05
4.606317820817694376e-05
4.601737458634676682e-05
-1.908802819405427866e-04
-1.908581048255454551e-04
-1.908621759006004308e-04
-1.994001906701943364e-04
-1.992101807717486294e-04
-1.994693119617972122e-04
-1.994219205780751959e-04
-1.673757848429799561e-04
-1.674584365458916613e-04
-1.598637208376034447e-04
-1.598430727969050134e-04
-1.541667746610955389e-04
-1.541216334915691626e-04
1.039855136428661673e-03
2.352030556618572160e-03
2.352266652865875503e-03
2.352412353723558162e-03
2.353104343607453647e-03
2.351916385139477938e-03
2.351901008947445207e-03
2.351944329579757492e-03
2.351873600355845750e-03
2.351856358955928174e-03
2.351834270477770519e-03
2.401350932585270739e-03
2.401351234138267288e-03
2.401352845113213178e-03
2.402430111587658922e-03
2.401707618959337230e-03
2.401821718977642343e-03
-4.791966945132193254e-04
-4.793441971418807655e-04
-4.794139816126398988e-04
-4.794385869818240404e-04
-4.794514044038888359e-04
-4.794480345365819221e-04
-4.794457646259497972e-04
-4.794410869932599732e-04
-4.794382697686396097e-04
-4.794592712509413096e-04
-4.793940950272798933e-04
-4.792606190446499210e-04
-4.792434949676987912e-04
-4.792265754912931517e-04
-4.792031889419421558e-04
-4.793674758507508044e-04
-4.793878550875910216e-04
-4.795135116011130239e-04
-4.794957256884149885e-04
-4.797519932394635981e-04
-4.797455134867355080e-04
-4.797233507320151956e-04
-4.797176912870285441e-04
-4.797178486026517459e-04
-4.797233689806941308e-04
-4.797250739643535412e-04
-4.797113049458449040e-04
-4.797117402459238184e-04
-4.797034387181168462e-04
-4.790455819836131487e-04
-4.743964268828304923e-04
-4.772786319444673837e-04
-4.802747561465838129e-04
-7.447432320506325830e-03
-7.448970799084529519e-03
-7.448687078706247092e-03
-7.447951245512019099e-03
-7.448057956715408399e-03
6.753196774724792286e-04
6.753181315530967050e-04
6.747956107176385221e-04
6.754836981048299629e-04
6.755279981958460609e-04
6.755138529738043086e-04
6.753007519595725060e-04
6.751430351919234961e-04
6.752414017066997324e-04
6.759504618880627681e-04
6.759525794796841357e-04
6.759935799207544881e-04
6.759909765853625019e-04
1.035696709992160128e-03
1.035643775495142648e-03
1.035628344956310287e-03
1.035442193854008283e-03
1.035508609428989349e-03
-3.360558286059099403e-04
-3.358968287887241977e-04
-3.366251833686583752e-04
-3.366179165205992617e-04
-3.366219129300932855e-04
2.205261914070790114e-04
2.204728547479163658e-04
2.162294447602769671e-04
2.161201958797028227e-04
2.218798235009832465e-04
2.219002183052122589e-04
2.147368621400773858e-04
2.147134499838754674e-04
2.147188292335351363e-04
-1.196564879361216362e-04
-1.202385476269379202e-04
-1.202419468579717787e-04
-1.203822380309048151e-04
-1.203456355846067285e-04
-1.204115659120930484e-04
-1.204115640330802881e-04
-1.204085397967666961e-04
-1.204201880230068344e-04
-1.204146447955723934e-04
-1.204138874351687538e-04
-1.204156822107869040e-04
-1.204212517630886121e-04
-1.203929853464108372e-04
-1.203738455888004580e-04
-1.203673808259111922e-04
-1.203836806089306400e-04
-1.204053965583974309e-04
-1.203846794880213144e-04
-1.203856624949301512e-04
-1.203873649128028536e-04
-1.199577129079256219e-04
-1.202155252902645466e-04
-1.201701213948962069e-04
-1.200508343232296757e-04
-1.201457572485411710e-04
-1.201245752673528412e-04
-1.203653864676216347e-04
-1.202007097940134084e-04
-1.201194201326131810e-04
2.008245335591834786e-03
2.008226226748824252e-03
5.714974789417533564e-04
5.710008136287003308e-04
-4.955598957665544816e-04
-4.955531820290632944e-04
-4.956513550632286576e-04
-4.956165842793440295e-04
-5.030503949716229025e-04
-5.029612095547711164e-04
-4.999751007457119535e-04
-5.015945748108465536e-04
-5.016075024956375989e-04
-4.991744030226911901e-04
-4.991841746744181147e-04
-4.987337304831293994e-04
-4.208364467023478946e-03
-4.208429826370731902e-03
-4.208494202948697034e-03
-4.208422945171096628e-03
-4.208408549023213464e-03
-4.208398244495892629e-03
-4.208508301759589232e-03
-4.208725808649890071e-03
-4.208747337296096964e-03
-4.208619234127474601e-03
-4.208722875192695036e-03
-4.208690452254347861e-03
-4.208003683642889785e-03
-4.207979670114160922e-03
-5.526287338593310460e-04
-5.532764293430879983e-04
-5.532542909432330326e-04
-5.531209122133255371e-04
-5.531520556366927412e-04
-5.531847566811788370e-04
4.697395362267883377e-04
4.696647695975323571e-04
4.701605123628657418e-04
4.701576011960890782e-04
4.703091921729226211e-04
3.927169389434987832e-04
3.924769961755770879e-04
3.818782342352224643e-04
3.824992548910801510e-04
3.825466077541981973e-04
3.825329315162723644e-04
3.825262701443286222e-04
3.825290826723036237e-04
3.825503638201499523e-04
3.825380907147069888e-04
3.824096061178653208e-04
1.170478792955631248e-03
1.170477924510998202e-03
1.170224711400080862e-03
1.170402852093351031e-03
1.169653729419873776e-03
1.168923148172541825e-03
1.169236158696456080e-03
1.169243615014486752e-03
1.169745553509159109e-03
1.169926121538502088e-03
1.155833780434319157e-03
1.155833780434353201e-03
1.156001631932338956e-03
1.155644804880253534e-03
1.155525616283984043e-03
1.143969294820949010e-03
1.144001084037766071e-03
1.143999227133945043e-03
1.143993836230287973e-03
1.143984477778632212e-03
1.143953082515047816e-03
1.143956763689735158e-03
1.143940907048253321e-03
1.143932395702186144e-03
1.145758265101002324e-03
1.145721049682748736e-03
1.145718996793089689e-03
1.145696506541163482e-03
1.145734990300117115e-03
1.145724327785175179e-03
1.145741880401189702e-03
1.145716045923435809e-03
1.145965518661343999e-03
1.145771015184486987e-03
1.145750484657175354e-03
1.145776735105006206e-03
1.145829020652601058e-03
1.145837167859826543e-03
1.145760857559416932e-03
1.145770753376819211e-03
1.145767426200665264e-03
1.145766793680335748e-03
1.145775870665686601e-03
1.145717065107060024e-03
1.145825997445653038e-03
1.145744732318816671e-03
1.145731344552975654e-03
1.145720920400172772e-03
1.145721851005127414e-03
1.145616535730627304e-03
1.145750913139123627e-03
1.145721011271125462e-03
1.145718397948763132e-03
1.145833478330510798e-03
1.145593896160693702e-03
1.146039253832358950e-03
1.145634282999173116e-03
1.145586129352878105e-03
1.145711427047930433e-03
1.145710639345706456e-03
1.145711400033845888e-03
1.145711467041210388e-03
1.145894822982321780e-03
1.145796263361820557e-03
1.145810166616375138e-03
1.145805035580692429e-03
1.145837626950935205e-03
1.145763874193444359e-03
1.145754596131027918e-03
1.145762407373805084e-03
1.144818477159901138e-03
1.144864979211217097e-03
1.144840116853567021e-03
9.986257071021883806e-04
9.986057576367138484e-04
9.985481904931665237e-04
9.989195350527545116e-04
9.989605918128228318e-04
9.991417905586433366e-04
9.983335660519333105e-04
9.984334308340636968e-04
9.859033424679595863e-04
9.859684978990917916e-04
9.858071283465438990e-04
9.859345575051769485e-04
9.859653866658736870e-04
9.868010852417921815e-04
9.868000971879357843e-04
9.867596729190414827e-04
9.867697091461037889e-04
9.867908057434851467e-04
9.868138408485997454e-04
2.531353176791752645e-04
2.530991895142082650e-04
2.531040274435770684e-04
2.538544803925194644e-04
2.532577004387381566e-04
2.533161462175682302e-04
2.532910390367907249e-04
2.532390464970337546e-04
2.532697210587276770e-04
2.528495803626667560e-04
2.528688365708135505e-04
2.528506731746482336e-04
2.522410392564029781e-04
2.521610992190265904e-04
2.521605488358095071e-04
2.515587317342688595e-04
2.515573735444287507e-04
2.519249728200363280e-04
2.569427372712179258e-03
-1.860587022919969768e-04
-1.838923470262050612e-04
-6.040998320881983154e-05
-6.040117208421489254e-05
-6.040905088303421980e-05
-6.032671605708168249e-05
-6.030726013971703602e-05
-6.029019644739581294e-05
-6.027114126728977628e-05
-6.041756276257898353e-05
-6.040763249724566538e-05
-6.034539881381022913e-05
-6.033489491759291362e-05
-6.033963150077727497e-05
-6.034068739187530131e-05
-6.278534324821822220e-05
-7.467803640423126548e-05
-7.458657160784851789e-05
-7.448510399234548561e-05
-7.453717089122980483e-05
-7.447910562560596166e-05
-7.442845755584625211e-05
-7.533983718050789248e-05
-7.472993417281733079e-05
-7.460674535036421618e-05
8.676318387288995933e-06
5.893041723312355661e-04
5.892987033575680786e-04
5.892217473942238911e-04
5.893243368618014850e-04
5.892685687812596095e-04
5.854880597171550514e-04
5.852605172831596564e-04
5.853511932896551286e-04
5.854170086763642832e-04
5.852917649428310189e-04
5.855209956602919165e-04
5.854759707313215121e-04
5.854632821666960838e-04
5.847589650244916330e-04
5.845710187718428964e-04
2.132563868051578181e-03
2.132919236377662717e-03
2.132936605437878858e-03
2.136154307122046896e-03
2.136045738210239076e-03
2.137600560282787096e-03
2.137606122137540327e-03
2.138300470619841371e-03
2.137463786693845954e-03
2.138483039878860247e-03
2.138247844446328205e-03
2.122126057795513821e-03
2.121924717614405691e-03
2.117204657634955307e-03
2.117244300447875677e-03
2.117434176637270852e-03
2.117287449423427108e-03
2.117438544025124127e-03
-1.413991193826734469e-03
-1.413809529493514384e-03
4.376593772365381524e-03
4.376567161747620983e-03
-7.256672508942372873e-04
-7.256603842649709049e-04
-7.252054633297863552e-04
-7.250645755040189882e-04
-7.250654900619028396e-04
-7.250534800519301991e-04
-7.251823809273239690e-04
-7.280443011720416895e-04
-7.280504371018799159e-04
-7.284518292648493572e-04
-7.269385783674593921e-04
-7.272556130553068255e-04
-7.272429354576508088e-04
-7.272271039380710355e-04
-7.268623965486222752e-04
-7.268357109091077347e-04
-7.268661301432175490e-04
-7.269320961882198362e-04
-7.267881791930215539e-04
-7.515550892221394387e-04
-7.515620851760983776e-04
-7.516019370512609828e-04
-7.516295624351087635e-04
-7.524823147554076741e-04
-7.525060300797603054e-04
-7.563944524956385832e-04
-7.562894031024410164e-04
-7.562193893520465122e-04
-7.560176858619292034e-04
-7.196479964863832261e-04
-7.196213116589831671e-04
-7.201841822088598860e-04
-7.202968955244775338e-04
-7.201952653197975706e-04
-7.202240655417447689e-04
-7.201877359182909952e-04
-7.202494066991881700e-04
-7.202501576301287550e-04
-7.203103641570012591e-04
-7.203027316069772869e-04
-7.173386293278269203e-04
-7.173272496610099899e-04
-7.202365594042313456e-04
-7.202358877390627667e-04
-7.202138338127961900e-04
-7.202116318753173756e-04
-7.202290056593514244e-04
-7.205825591688692954e-04
-7.205011653693477918e-04
-7.205644117485011067e-04
-4.252328577344177771e-04
-4.253009724487005414e-04
-4.253478552204670001e-04
-4.253369537088079531e-04
-4.253422118087702244e-04
-4.253379297557507120e-04
-4.253505002351802219e-04
-4.253590261579277571e-04
-4.253609126388644443e-04
-4.252086134203857744e-04
-4.252199377124114723e-04
-4.256057502479940625e-04
-4.255027786592305381e-04
-4.257206551413033864e-04
-4.255852487045579504e-04
-4.256830226000460175e-04
-4.255515957777961079e-04
-4.254965572909624890e-04
-4.256344878765135867e-04
-4.256084428697725470e-04
-4.254216601183720111e-04
-4.259069094693336490e-04
-4.258562130105695881e-04
-4.257783928175419780e-04
-4.251486607685488477e-04
-4.221346765039703090e-04
-4.221876520944171755e-04
-4.221498747751263321e-04
-1.974622787542336128e-03
-1.974901054946173306e-03
-1.974752503866894146e-03
-1.974725446119713745e-03
-1.973012034862228672e-03
-1.972988821227224850e-03
7.041690500153457467e-04
7.042860695973397582e-04
7.042443120255694735e-04
7.044201880579544980e-04
7.041681459574545892e-04
-5.285692241750206697e-04
-5.283679080817946195e-04
-5.285393448452094245e-04
-5.288218199843522935e-04
3.119504446301033180e-04
3.118920474402036495e-04
2.995659048463193003e-04
2.995507085300676687e-04
3.000087333265218396e-04
2.999955546484753179e-04
3.006001974087919382e-04
3.165434771522796127e-03
3.214427871794879946e-03
3.213579060933910523e-03
3.214590559058515436e-03
3.213232810031865262e-03
3.213187561016791777e-03
3.213365046151213638e-03
3.213826103368406205e-03
3.213429313685847114e-03
3.212502674614459239e-03
3.212587440875341697e-03
3.212589731595044164e-03
3.212589069397557649e-03
3.210904633436020318e-03
3.210860838547662573e-03
3.210882897067247280e-03
3.210963059506384901e-03
2.599825507572544377e-03
2.599827358305278543e-03
2.599836891599395343e-03
2.599854866688380752e-03
2.599941733433762652e-03
2.599977481479514522e-03
1.646306554431218705e-04
-2.389350315002201994e-03
-2.403546811884231613e-03
-2.403779870085548734e-03
-2.403523192944110633e-03
-2.397387771199927659e-03
-2.397402813419594568e-03
-2.397389961461439314e-03
-2.397396478353169998e-03
-2.397392558564167067e-03
-2.397391473082794745e-03
-2.397390313222772917e-03
-2.397389725355613885e-03
-2.397400502161889813e-03
-2.397541435529355631e-03
8.722396911296895249e-05
8.720138274647368270e-05
8.687664587845777208e-05
1.156325866052436728e-03
1.156487211072917054e-03
1.156508546011499354e-03
1.156386538188202686e-03
1.157430008188561248e-03
1.122778624312845835e-03
-9.827137075318623845e-04
-9.831689055523791521e-04
-9.830868872173750741e-04
-1.108034563373257262e-03
-1.107961412387417155e-03
-1.107850397644968019e-03
-1.107819204072663837e-03
-1.107788211515991529e-03
-1.107813378323620071e-03
-1.107815089483569050e-03
-1.107826964533473613e-03
-1.107817687781051386e-03
-1.107829696672532659e-03
-1.107140733578490001e-03
-1.107143703141295725e-03
-1.107127191077131832e-03
-1.107167671002849685e-03
-1.107002714743405463e-03
-1.107028645040570355e-03
-7.548325640490049712e-04
-7.548497136070755941e-04
-7.549899480042992659e-04
-7.552991416217446794e-04
-7.552128255203811175e-04
-7.552724183284580031e-04
-7.552421663922114685e-04
-7.552839608327710248e-04
-7.552458270895907010e-04
-2.060371426030023294e-04
-2.060380900985398433e-04
-2.060326011818751238e-04
-2.062839946218839623e-04
-2.062207969706209682e-04
-2.059650170347952162e-04
-2.059416015233170901e-04
-2.059391589293337315e-04
-2.060011641630685099e-04
-2.060621819092332753e-04
-2.060451225590704193e-04
-2.060110346093422509e-04
-2.060180934642298774e-04
-2.059910967957152015e-04
-2.059065494761190139e-04
-2.059027541579400579e-04
-2.059137231648942650e-04
-2.060378629850548424e-04
-2.059116583951402745e-04
-2.059424101121130803e-04
-2.058917869925587518e-04
-2.059142301464010085e-04
-2.060846630283495230e-04
-2.103837854932681076e-04
-2.059464634292021412e-04
-2.058518585837021593e-04
-2.055738445877799405e-04
-2.055430861533611179e-04
-2.056280833017255338e-04
-2.056279374008023277e-04
-2.053885552023189398e-04
-2.051442671752661635e-04
-2.051414332102122434e-04
2.177726273295221577e-03
2.177740915433203257e-03
2.203144338520700383e-03
2.203152226596470642e-03
2.203181248889290924e-03
2.203010860735940026e-03
2.203024188815953365e-03
2.203154924584326338e-03
2.201549188973366596e-03
2.201506899319112445e-03
2.189473343945894709e-03
2.189441604876150339e-03
2.189736755261245324e-03
2.189737958044174135e-03
2.189724452197055506e-03
2.189780814411314107e-03
2.189794109601975181e-03
2.189775239882442610e-03
2.189590732988431175e-03
2.189722432304965112e-03
4.459778163947941232e-05
4.413814091122070373e-05
4.412383105391671411e-05
4.415406518648024839e-05
4.416453683928092092e-05
4.412848924809336103e-05
8.617021233204687431e-04
8.616984592450079505e-04
8.616967662311707547e-04
8.617544514994905213e-04
8.617237165397950574e-04
8.617111873341531036e-04
8.616975120502904338e-04
8.642216481453037901e-04
8.643137240733810229e-04
8.644237466731354447e-04
8.639769705518267557e-04
8.641179798315462698e-04
8.640461957392357338e-04
8.582300798712646324e-04
8.581070872019264410e-04
8.581126655027599553e-04
8.581987699142315561e-04
8.581867923958052613e-04
8.581707917696103837e-04
8.581408584120790153e-04
8.581580089905829420e-04
8.582106587987181449e-04
6.451416192439525651e-04
6.450968255874969717e-04
6.453579471577776047e-04
6.439581359714683815e-04
6.439079947602054012e-04
6.438848415931375767e-04
6.438397075034687882e-04
6.439513478328456712e-04
6.183007878805132310e-04
