1.475605252473129875e-02
1.475605252472987974e-02
1.475605252473460860e-02
1.475605252474154749e-02
1.504048229053922547e-02
1.504048229053417396e-02
1.533583728172294158e-02
1.533437465711584569e-02
1.533437465711644417e-02
1.533437465711633141e-02
1.533437465711663325e-02
1.504046087373611673e-02
1.504046087373608551e-02
1.504046087373618612e-02
1.504046087373619132e-02
1.504046087373620520e-02
1.533584614073014302e-02
1.533584614073009098e-02
1.504046517438537185e-02
1.533583736806467569e-02
1.504046517438520358e-02
1.504007567117067110e-02
1.504007567117095039e-02
1.504007567117089141e-02
1.504007567117046293e-02
1.504044000990270059e-02
1.504044000990262774e-02
1.596334893577743691e-02
1.475610956760647387e-02
1.475610956760681040e-02
1.475610956760653458e-02
1.475610956760664387e-02
1.475610956760661438e-02
1.503913469453820040e-02
1.533440293274164479e-02
1.475610956760636805e-02
1.475610956760647040e-02
1.475610956760674101e-02
1.475610956760666295e-02
1.475610956760662652e-02
1.503988553764847198e-02
1.503988553764834708e-02
1.503988553764826729e-02
1.475610956760640448e-02
1.475610956760668724e-02
1.475610956760666989e-02
1.475610956760636978e-02
1.504024664746055236e-02
1.475610956760652244e-02
1.475610956760647907e-02
1.475610956760676877e-02
1.550767944869685909e-02
1.550767944869702389e-02
1.550767944869706726e-02
1.550767944869711756e-02
1.582856114304908440e-02
1.504042708256344944e-02
1.504042708256362292e-02
1.533590814433143101e-02
1.533590814433141367e-02
1.533590814433143101e-02
1.533590814433118468e-02
1.475619320444549951e-02
1.475619320444555328e-02
1.475619320444550818e-02
1.504003331971041392e-02
1.504003331971063943e-02
1.564276149990391843e-02
1.504003331971032371e-02
1.504003331971024045e-02
1.533543629959262765e-02
1.504003331971053188e-02
1.502148517187191709e-02
1.502148517187190321e-02
1.531565719899313088e-02
1.502148517187183729e-02
1.502148517187198822e-02
1.502148517187192403e-02
1.502148517187192750e-02
1.502148517187183036e-02
1.473844008305473172e-02
1.473844008305499713e-02
1.473844008305474906e-02
1.448218791870707275e-02
1.448218791870731735e-02
1.448218791870706235e-02
1.448218791870704153e-02
1.448218791870690796e-02
1.475578949879050548e-02
1.475578949879062345e-02
1.475578949879104498e-02
1.475578949879091141e-02
1.448218791870702765e-02
1.448218791870683857e-02
1.448218791870695479e-02
1.448218791870698775e-02
1.448218791870683857e-02
1.448218791870713867e-02
1.448218791870686459e-02
1.448218791870698081e-02
1.448218791870685765e-02
1.448218791870701377e-02
1.448218791870720112e-02
1.448218791870680214e-02
1.448218791870682642e-02
1.475578949879025048e-02
1.475578949879044477e-02
1.475578949879045865e-02
1.475578949879048293e-02
1.475578949879004231e-02
1.594214465626463476e-02
1.594214465626468333e-02
1.594214465626468333e-02
1.594214465626456884e-02
1.594214465626456884e-02
1.590161716141704970e-02
1.575251345206936729e-02
1.590161716141704970e-02
1.590161716141673051e-02
1.564327392841239825e-02
1.564327392841224906e-02
1.664388185728082545e-02
1.664388185728033279e-02
1.658225760528454079e-02
1.624314803183061345e-02
1.624314803183059958e-02
1.624314803183066550e-02
1.624314803183058917e-02
1.624314803183065509e-02
1.624505964445415590e-02
1.658225760528462406e-02
1.730519396424196055e-02
1.664212817087205518e-02
1.664212817087199273e-02
1.664212817087188517e-02
1.664212817087152088e-02
1.664212817087161803e-02
1.664212817087187476e-02
1.629579293405834448e-02
1.629579293405845550e-02
1.629579293405831672e-02
1.629579293405847285e-02
1.629579293405826815e-02
1.629579293405842774e-02
1.664279596800516403e-02
1.664279596800550057e-02
1.629579293405832019e-02
1.629579293405844162e-02
1.629579293405844162e-02
1.629579293405856305e-02
1.629579293405850754e-02
1.629579293405853530e-02
1.629579293405851101e-02
1.629579293405859081e-02
1.629579293405831325e-02
1.629579293405850754e-02
1.629579293405842080e-02
1.629579293405875734e-02
1.659592644161527603e-02
1.490518819160679444e-02
1.206162493672325101e-02
1.226157682371955930e-02
1.226187352776021353e-02
1.205789666606348065e-02
1.205789666606351361e-02
1.226181952169637206e-02
1.226181952169720299e-02
1.226181952169637032e-02
1.243850817021573650e-02
1.243850817021582497e-02
1.226181952169654032e-02
1.226181952169654900e-02
1.226181952169638593e-02
1.247278509592334231e-02
1.205789666606365759e-02
1.205789666606353096e-02
1.226181230557749774e-02
1.205789666606364198e-02
1.205789666606362637e-02
1.567530819956877014e-02
1.567530819956894014e-02
1.567530819956873891e-02
1.567530819956909974e-02
1.502138099615347132e-02
1.502138099615359275e-02
1.502138099615361183e-02
1.502138099615361877e-02
1.534140243139161738e-02
1.534140243139109003e-02
1.534140243139151503e-02
1.478310555522391670e-02
1.478310555522380741e-02
1.560628957856006506e-02
1.595435787370102013e-02
1.595435787370138442e-02
1.595435787370104441e-02
1.542155163211892700e-02
1.509554497811938130e-02
1.542155695593909470e-02
1.448317557092301637e-02
1.448317557092292963e-02
1.448317557092283943e-02
1.448317557092307015e-02
1.478385841069208492e-02
1.478385841069213696e-02
1.025022424217197047e-02
1.025022424217199128e-02
1.025022424217199302e-02
1.025022424217196353e-02
1.025022424217196700e-02
1.025022424217198434e-02
1.050798313659587549e-02
1.041927646365074095e-02
1.041927646365081554e-02
1.041927646365079126e-02
1.041927646365084330e-02
1.050820804698779018e-02
1.041927646365081728e-02
1.050704807650763850e-02
1.041927646365078952e-02
1.031900923504846905e-02
1.031900923504841180e-02
1.031900923504842048e-02
1.040609927136977933e-02
1.040610419681926337e-02
1.058454298601651210e-02
1.108190233086897049e-02
1.108190233086896875e-02
1.108190233086896355e-02
1.108190233086896528e-02
1.108190233086905202e-02
1.108190233086897049e-02
1.108190233086897222e-02
1.108190233086889936e-02
1.108190233086904335e-02
1.108190233086901212e-02
1.108190233086899651e-02
1.108190233086899304e-02
1.118301739457681562e-02
1.128602351666146628e-02
1.108190233086894447e-02
1.108190233086899304e-02
1.108190233086890457e-02
1.108190233086896008e-02
1.108190233086900345e-02
8.344757923241855752e-03
8.344757923241911263e-03
8.390849287237583248e-03
8.393722951145583464e-03
8.347880419406603428e-03
8.347880419406629449e-03
8.347880419406523630e-03
8.347880419406730063e-03
8.347880419406657204e-03
8.347880419406601693e-03
8.347880419406613836e-03
8.393722951145586933e-03
8.393722951145569586e-03
8.347880419406655469e-03
8.347880419406631183e-03
8.347880419406634653e-03
8.347880419406700572e-03
8.390516938728052529e-03
8.390516938728031712e-03
8.390516938728042121e-03
8.390516938728033447e-03
8.390516938728026508e-03
8.390516938728094162e-03
8.390516938728029978e-03
8.390516938728047325e-03
8.436955937073394030e-03
8.390516938728050794e-03
8.390516938728024773e-03
8.531447528750062126e-03
8.436975460808333535e-03
8.390516938728061203e-03
8.530605519682803867e-03
8.578652032600520352e-03
8.483927853078890996e-03
8.531432228249606967e-03
8.531432228249587885e-03
8.531432228249558394e-03
8.531432228249610436e-03
8.531432228249600028e-03
8.390516938728066407e-03
8.390516938728055998e-03
8.390516938728049059e-03
8.390516938728010896e-03
8.390516938728033447e-03
8.390516938728033447e-03
8.390516938728002222e-03
8.390516938728064672e-03
8.436955937073376682e-03
8.390516938728054264e-03
8.390516938728038651e-03
8.390516938728080285e-03
8.390516938728080285e-03
8.438492080416767557e-03
8.391082768567949962e-03
8.391082768567972514e-03
8.390514220822901589e-03
8.344585898445798511e-03
8.344572468980442775e-03
8.299152328334755829e-03
8.299152328334828688e-03
8.299152328334764503e-03
8.299152328334748890e-03
8.344572468980515634e-03
8.436959906241230447e-03
8.436959906241188814e-03
8.436959906241220039e-03
8.436959906241213100e-03
8.436959906241242590e-03
8.436959906241166263e-03
8.436959906241204427e-03
8.483938528604401466e-03
8.483938528604392793e-03
8.344572468980546859e-03
8.299152328334676032e-03
8.299152328334788789e-03
8.299152328334792258e-03
8.299152328334804402e-03
8.299152328334748890e-03
8.299152328334780115e-03
8.436692613481495615e-03
8.436692613481476533e-03
8.436692613481476533e-03
8.579557019635447590e-03
8.437088593123776362e-03
8.437088593123785035e-03
8.437088593123767688e-03
8.436849712500353593e-03
8.436849712500308490e-03
8.437088593123762484e-03
8.437088593123776362e-03
8.437088595124618562e-03
8.437088595124630705e-03
8.437088595124609888e-03
8.437088595124609888e-03
8.390613628261177348e-03
8.298456291428932263e-03
8.298456291429013795e-03
8.298456291429050224e-03
8.298456291428965223e-03
8.298456291428998183e-03
8.298456291428878487e-03
8.343925824192716112e-03
8.343479335659162791e-03
8.343479335659124627e-03
8.298456291428923590e-03
8.298456291428992979e-03
8.298456291428947876e-03
8.298456291428972162e-03
8.298456291428979101e-03
8.343925824192778562e-03
8.439000464520059891e-03
8.439000464520089381e-03
8.439000464520085912e-03
8.392502103378775627e-03
8.392502103378775627e-03
8.485999407308181253e-03
8.485999407308170844e-03
8.485999407308184722e-03
8.533552872874822573e-03
8.485999407308156967e-03
8.485999407308222886e-03
8.485999407308195130e-03
8.485999407308189926e-03
8.485999407308179518e-03
8.347859703269892850e-03
8.253469809210453242e-03
8.253469809210338751e-03
8.253469809210335281e-03
8.298426202180252814e-03
8.253469809210340485e-03
8.253469809210390792e-03
8.253469809210373445e-03
8.253469809210375180e-03
8.253469809210387323e-03
8.253469809210382119e-03
8.298426202180238936e-03
8.298426202180240671e-03
8.298426202180245875e-03
8.253469809210390792e-03
8.253469809210359567e-03
8.253469809210380384e-03
8.253469809210392527e-03
8.253469809210430691e-03
8.298901518217756054e-03
8.253469809210402935e-03
8.253469809210496611e-03
8.253469809210399466e-03
8.477163492440436751e-03
8.477163492440455833e-03
8.483458883807720730e-03
8.483458883807710321e-03
8.483458883807694709e-03
8.483458883807724199e-03
8.483458883807696443e-03
8.483458883807694709e-03
8.531036490018826385e-03
8.483458883807727668e-03
8.483458883807708586e-03
8.483458883807706852e-03
8.483458883807661749e-03
8.483458883807687770e-03
8.483458883807677361e-03
8.483458883807670423e-03
8.483458883807672157e-03
8.531016854313353340e-03
8.531016854313367218e-03
8.164999700420769169e-03
8.164999700420842027e-03
8.164999700420710188e-03
8.164999700420821210e-03
8.164999700420748352e-03
8.164999700420703249e-03
8.164999700420772638e-03
8.166775415541267444e-03
8.166775415541265709e-03
8.166775415541201524e-03
8.210789182265934572e-03
8.210789182265925898e-03
8.210789182265943245e-03
8.210789182265927633e-03
8.210790585680657547e-03
8.210790585680617648e-03
8.210790585680661016e-03
8.210790585680615913e-03
8.300291283334766679e-03
8.300291283334834333e-03
8.212871142433688168e-03
8.166775415541241423e-03
8.166775415541263974e-03
8.166775415541246627e-03
8.166782571759305734e-03
8.166782571759323081e-03
8.300290175933535200e-03
8.210793330375391191e-03
8.166782571759364714e-03
8.244304692035530485e-03
8.255292402847469804e-03
8.255292402847445518e-03
8.255292402847407354e-03
8.210793874300337941e-03
8.210793874300365697e-03
8.210793874300431616e-03
8.210793874300403861e-03
8.210793330375417212e-03
8.210793330375467519e-03
8.210793330375420682e-03
8.210793330375434559e-03
8.210793330375431090e-03
8.210793330375396396e-03
8.210793330375413743e-03
8.210793330375441498e-03
8.210793330375424151e-03
8.210793330375476193e-03
8.210793330375484866e-03
8.300289830514336747e-03
8.300289830514315931e-03
8.300289830514267359e-03
8.300394884968524678e-03
8.300394884968493453e-03
8.300394884968529882e-03
8.300394884968562842e-03
8.300394884968611414e-03
8.305422734812098126e-03
8.210796634291273391e-03
8.673843229270856298e-03
8.673843229270856298e-03
8.531808101761486490e-03
8.387949870855362228e-03
8.434246388290567512e-03
8.387949870855383044e-03
8.387949870855357024e-03
8.387949870855403861e-03
8.387949870855383044e-03
8.387949870855403861e-03
8.387949870855377840e-03
8.387949870855381310e-03
8.387949870855383044e-03
8.387949870855383044e-03
8.387949870855407331e-03
8.576023572773098375e-03
8.722858837527621909e-03
8.624402400730406953e-03
8.624402400730415627e-03
8.576024605333576467e-03
8.576024605333614631e-03
8.576024605333618100e-03
8.576024605333592080e-03
8.576024605333592080e-03
8.528197209632881748e-03
8.528197209632869605e-03
8.576023572773061945e-03
8.576023572773096640e-03
8.576023572773115722e-03
8.576023572773098375e-03
8.576023572773101844e-03
8.528197209632855727e-03
8.576023186099368881e-03
8.528197209632862666e-03
8.528197209632857462e-03
8.528197209632855727e-03
8.528197209632862666e-03
8.528197209632874809e-03
8.528197209632866135e-03
8.576023572773133069e-03
8.528197209632848788e-03
8.528197209632860931e-03
8.576029369581570846e-03
8.626909045121722644e-03
8.576029369581551765e-03
8.576029369581570846e-03
8.528197209632855727e-03
8.528197209632862666e-03
8.576023983045220206e-03
8.576023983045253166e-03
8.624401767617142014e-03
8.624401767617131606e-03
8.576023983045220206e-03
8.576023983045211532e-03
8.528197209632857462e-03
8.528197209632862666e-03
8.528197209632867870e-03
8.576023572773115722e-03
8.722857378144537044e-03
8.624403638440686706e-03
8.624403638440716197e-03
8.624403638440721401e-03
8.624403638440688441e-03
8.624403638440712727e-03
8.722837082913303605e-03
8.673339296614695007e-03
8.624404684272711855e-03
8.624404684272730937e-03
8.624404684272708385e-03
8.624404684272729202e-03
8.624404684272685834e-03
8.624404684272710120e-03
8.624404684272708385e-03
8.624404684272732671e-03
8.624404684272732671e-03
8.624404684272711855e-03
8.673339084259788778e-03
8.673339084259802656e-03
8.576024188183924840e-03
8.624402180316551383e-03
8.624402180316547914e-03
8.624402180316513220e-03
8.576024188183938718e-03
8.528197209632855727e-03
8.528197209632867870e-03
8.576023572773077558e-03
8.576023572773143477e-03
8.528197209632876544e-03
8.528197209632867870e-03
8.528197209632847053e-03
8.673343708247172740e-03
8.673343708247165801e-03
8.673343708247179679e-03
8.673343708247176209e-03
8.673343708247139780e-03
8.673343708247153658e-03
8.673343708247106820e-03
8.673343708247118963e-03
8.673343708247136311e-03
8.528174641508673784e-03
8.576014260308859397e-03
8.528174641508677253e-03
8.528174641508701539e-03
8.528174641508672049e-03
8.528174641508675519e-03
8.528174641508665110e-03
8.528174641508680723e-03
8.528174641508666845e-03
8.528174641508661641e-03
8.528174641508656437e-03
8.528174641508668580e-03
8.624302672509569223e-03
8.575828420639355562e-03
8.576014260308859397e-03
8.576014260308876744e-03
8.576014260308883683e-03
8.576014260308845519e-03
8.625953659570669355e-03
8.625953659570648538e-03
8.577587935621654169e-03
8.622764030382892159e-03
8.724704085768664533e-03
8.724704085768664533e-03
8.625980360079355327e-03
8.625980360079388287e-03
8.625980360079381348e-03
8.625980360079402165e-03
8.625980360079386552e-03
8.480536305227655974e-03
8.480536305227685465e-03
8.433718781585320540e-03
8.433718781585315336e-03
8.527889442117433244e-03
8.527889442117428040e-03
8.480536305227678526e-03
8.433718781585308397e-03
8.433718781585294519e-03
8.433718781585299723e-03
8.433718781585266763e-03
8.480536305227721894e-03
8.480536305227676791e-03
8.480536305227688934e-03
8.480536305227702812e-03
8.528323622996925729e-03
8.625021364582086819e-03
8.625021364582088554e-03
8.576625329880524853e-03
8.576625329880538731e-03
8.528401736252501364e-03
8.528401736252482282e-03
8.528401736252499629e-03
8.528401736252492690e-03
8.528401736252522181e-03
8.528401736252520446e-03
8.528401736252513507e-03
8.528401736252506568e-03
8.624666578605102649e-03
8.576258317543151294e-03
8.576258317543123538e-03
8.481089458037605056e-03
8.481089458037620668e-03
8.481089458037605056e-03
8.481089458037598117e-03
8.481089458037622403e-03
8.481089458037622403e-03
8.530014720172599332e-03
8.577841148452879441e-03
8.530014720172627088e-03
8.530014720172594128e-03
8.530014720172616680e-03
8.576251472499941964e-03
8.576251472499921147e-03
8.576251472499900330e-03
8.481089458037610260e-03
8.481089458037629342e-03
8.481089458037629342e-03
8.481089458037650158e-03
8.481089458037657097e-03
8.481089458037591178e-03
8.528401736252518711e-03
8.528401736252523915e-03
8.528401736252523915e-03
8.528401736252492690e-03
8.528401736252506568e-03
8.528401736252497894e-03
8.528401736252499629e-03
8.528401736252490956e-03
8.528401736252492690e-03
8.528401736252510038e-03
8.528401736252503099e-03
8.570425090020971151e-03
8.570425090020969416e-03
8.570425090020971151e-03
8.570425090020943396e-03
8.570425090021002376e-03
8.570425090021023193e-03
8.570425090020991968e-03
8.570425090020972886e-03
8.570425090020988498e-03
8.619012145664220817e-03
8.619012145664234695e-03
8.570425090021011050e-03
8.529469966301248679e-03
8.577361705506150388e-03
8.625806690395289300e-03
8.577361705506181613e-03
8.577361499835961176e-03
8.577361499835964645e-03
8.577361499835947298e-03
8.693387822287415578e-03
8.693387822287420783e-03
8.643500401567924887e-03
8.643500401567895397e-03
8.643500401567907540e-03
8.643594467798706993e-03
8.692970498556593095e-03
8.643500401567900601e-03
8.643500401567888458e-03
8.643500401567895397e-03
8.643500401567905805e-03
8.643500401567900601e-03
8.643500401567924887e-03
9.005444860056903769e-03
9.005444860056950607e-03
8.951898828050350310e-03
8.794922310848034969e-03
8.794922310848038438e-03
8.898839515706215980e-03
8.898839515706177816e-03
8.898839515706157000e-03
8.898839515706200368e-03
8.898839515706151795e-03
8.795246700749640226e-03
8.744215262375660755e-03
8.744215262375664224e-03
8.744215262375681572e-03
8.744215262375695449e-03
8.744215262375679837e-03
8.744215262375662490e-03
8.744215262375659020e-03
8.693455080234157098e-03
8.693455080234124138e-03
8.693455080234157098e-03
8.693455080234144955e-03
8.693455080234153629e-03
8.693455080234162302e-03
8.693455080234153629e-03
8.693455080234150159e-03
8.693455080234153629e-03
8.693455080234129342e-03
8.693455080234153629e-03
8.743886521711267262e-03
8.743886521711232568e-03
8.693455080234141485e-03
8.693455080234131077e-03
8.693455080234146690e-03
8.693455080234150159e-03
8.795267415715131432e-03
8.693455080234144955e-03
8.743886745548443487e-03
8.743886745548492059e-03
8.743886745548500733e-03
8.743886745548466038e-03
8.743886745548486855e-03
8.743886745548471243e-03
8.743886745548474712e-03
8.743886745548471243e-03
8.743886745548479916e-03
8.794917302295948008e-03
8.743886745548474712e-03
8.743886745548493794e-03
8.743886745548474712e-03
8.743886745548474712e-03
8.743886745548467773e-03
8.693455080234118934e-03
8.693455080234117199e-03
8.693455080234127608e-03
8.743886521711282875e-03
8.743886521711284610e-03
8.647848692910820381e-03
8.647848692910823851e-03
8.647811515910760333e-03
8.647811515910730842e-03
8.648831328521858208e-03
8.647811515910758598e-03
8.599197178922071000e-03
8.551137505129913913e-03
8.551137505129858402e-03
8.551137505129896565e-03
8.551137505129851463e-03
8.551137505129886157e-03
8.551137505129867075e-03
8.551137505129905239e-03
8.551137505129906974e-03
8.551137505129900035e-03
8.599196348248423077e-03
8.551137505129880953e-03
8.551137505129896565e-03
8.551137505129906974e-03
8.652810380898299375e-03
8.652810380898299375e-03
8.652810380898290701e-03
8.599197031732867466e-03
8.599197031732846649e-03
8.599197031732872670e-03
8.599197031732827567e-03
8.599196348248438690e-03
8.551137505129893096e-03
8.599196554836003453e-03
8.647811511549889293e-03
8.599196554822783126e-03
8.599196554822750166e-03
8.599196554822753635e-03
8.599196554822765778e-03
8.599196554822772717e-03
8.599196554822755370e-03
8.599196554822788330e-03
8.599196554822814351e-03
8.599196554822784860e-03
8.599196554822835167e-03
8.599196554822791799e-03
8.599196554822797003e-03
8.599196554822795269e-03
8.599196554822812616e-03
8.599196554822816085e-03
8.647808394563657672e-03
8.599196554822795269e-03
8.702518873775625871e-03
8.702518873775662300e-03
8.702518873775672709e-03
8.702518873775641484e-03
8.702518873775613728e-03
8.702518873775615463e-03
8.702518873775608524e-03
8.702518873775631075e-03
8.752621534062678121e-03
8.752621534062646896e-03
8.752621534062683326e-03
8.752621534062697203e-03
8.752621534062712816e-03
8.752621534062667713e-03
8.752624185663471224e-03
8.752624185663446937e-03
8.752624185663472958e-03
8.752624185663467754e-03
8.752624185663436529e-03
8.702530177606606493e-03
8.702530177606623840e-03
8.702530177606630779e-03
8.702530177606644657e-03
8.702530177606639453e-03
8.702530177606656800e-03
8.702530177606596085e-03
8.702530177606642922e-03
8.702530177606635983e-03
8.803309213432187336e-03
8.803309213432119681e-03
8.803309213432218561e-03
8.803309213432189070e-03
8.752625729845114888e-03
8.803309213432185601e-03
8.752625729845128766e-03
8.752625729845114888e-03
8.752625729845137439e-03
8.752625729845146113e-03
8.752625729845128766e-03
8.803309213432164784e-03
8.803309213432171723e-03
8.752625729845142644e-03
8.752625729845111419e-03
8.752625729845154787e-03
8.752625729845142644e-03
8.752625729845109684e-03
8.752625729845128766e-03
8.752625729845081928e-03
8.604004249973548971e-03
8.604004249973569787e-03
8.604004249973571522e-03
8.604004249973542032e-03
8.604004249973528154e-03
8.604004249973536828e-03
8.652980081896324144e-03
8.604004668845735906e-03
8.604004668845749784e-03
8.604004668845723763e-03
8.604004668845715090e-03
8.604004668845723763e-03
8.604004668845741111e-03
8.604004668845739376e-03
8.604004668845751519e-03
8.604004668845741111e-03
8.604004668845709886e-03
8.604004668845732437e-03
8.604004668845734172e-03
8.604004668845730702e-03
8.604004668845728968e-03
8.604004668845730702e-03
8.604004668845711620e-03
8.604004668845725498e-03
8.652961832866365097e-03
8.752407873634857408e-03
8.752407873634843530e-03
8.752407873634862612e-03
8.755074011166113016e-03
8.755074011166095668e-03
8.743270516608772289e-03
9.002335077836544699e-03
9.002146504601528029e-03
9.002146504601599153e-03
9.002146504601574867e-03
9.002146504601550581e-03
9.055637687792435914e-03
9.056405761311643945e-03
9.002146504601531499e-03
9.002146504601529764e-03
9.002146504601560989e-03
9.002146504601578336e-03
9.002146504601540172e-03
9.002146504601547111e-03
9.002146504601541907e-03
8.949177428097972870e-03
8.949177428097976339e-03
9.055542053161785496e-03
9.109696136015940290e-03
9.055542296522643003e-03
9.055542296522705453e-03
9.002040829855529128e-03
9.002040829855543005e-03
8.548281877301267678e-03
8.548281877301226045e-03
8.548281877301245127e-03
8.548281877301243392e-03
8.548281877301255535e-03
8.548281877301234719e-03
8.548281877301236453e-03
8.596464421836379904e-03
8.645206522252587428e-03
8.645206522252545794e-03
8.645206522252592632e-03
8.645206522252566611e-03
8.645206522252592632e-03
8.645206522252571815e-03
8.645206522252589162e-03
8.645206522252603040e-03
8.645206522252603040e-03
9.006256623506082512e-03
8.901690084677537848e-03
8.901690084677572543e-03
8.851223684216882881e-03
8.851223684216891555e-03
8.851223684216896759e-03
8.851223684216905432e-03
8.902547160621363670e-03
8.851223684216900228e-03
8.851223684216922780e-03
8.851223684216921045e-03
8.851223684216896759e-03
8.850330690853142057e-03
8.902259884931028669e-03
8.902259884931006118e-03
8.799575166702143861e-03
8.901528850487947994e-03
9.059469861242140654e-03
9.006244066545319657e-03
9.059469861242092081e-03
9.006244066545281493e-03
9.006244066545312718e-03
9.006244066545330065e-03
8.899213004143072606e-03
8.899213004143060463e-03
8.899213004143053524e-03
8.847860561377499100e-03
8.847860561377455732e-03
8.847860561377476549e-03
8.847860561377478283e-03
8.847860561377464406e-03
8.847860561377504304e-03
8.847860561377474814e-03
8.847860561377473079e-03
8.847860561377493896e-03
8.847860561377492161e-03
8.899223393318221251e-03
8.847860561377462671e-03
8.847860561377467875e-03
8.847860561377490426e-03
8.847860561377466140e-03
8.847860561377441854e-03
8.922918751215879601e-03
8.797089985671649459e-03
8.847844564022901842e-03
8.797089985671684154e-03
8.797089985671692827e-03
8.899202239539116127e-03
8.797089985671680684e-03
8.797089985671673745e-03
8.797089985671698031e-03
8.797089985671699766e-03
8.797089985671687623e-03
8.797089985671670276e-03
8.951201200134054070e-03
8.899221477060636348e-03
8.847855179574405649e-03
8.847855179574407383e-03
8.847855179574410853e-03
8.847855179574412587e-03
8.847855179574409118e-03
8.847855179574405649e-03
8.899270995683014260e-03
8.899270995683047220e-03
8.899221248882897492e-03
8.899221477059621535e-03
8.951200970561767542e-03
8.899221477059633678e-03
8.746914900524689271e-03
8.746914900524696210e-03
8.746914900524701414e-03
8.746914900524701414e-03
8.797102143256076492e-03
8.797102143256093840e-03
8.951147839383485905e-03
8.951147839383487639e-03
8.951147839383440802e-03
8.746914900524682332e-03
8.746914900524651107e-03
8.746914900524659781e-03
8.746914900524680597e-03
8.746914900524677128e-03
8.797077959207161985e-03
8.746914900524687536e-03
8.746914900524697944e-03
8.746914900524663250e-03
8.797080165360810639e-03
8.797080165360833190e-03
8.797080165360821047e-03
8.847832696106750286e-03
8.847832696106821410e-03
8.847832696106764164e-03
8.797080165360836659e-03
8.797080165360803700e-03
8.797080165360829720e-03
8.847833144508128814e-03
8.847833144508128814e-03
8.847833144508125344e-03
8.899227975184728981e-03
8.899227975184744593e-03
8.852776226974659254e-03
8.852776226974659254e-03
8.797086492666326973e-03
8.797086492666309626e-03
8.848726315150875349e-03
8.797086492666326973e-03
8.797086492666323504e-03
8.797086492666309626e-03
8.847839403516891479e-03
8.847839403516889745e-03
8.847839403516889745e-03
8.899338195743459329e-03
1.231300253294581419e-02
1.231300253294573786e-02
1.231300253294571531e-02
1.231300253294579858e-02
1.231300253294590440e-02
1.231300253294588185e-02
1.231300253294586797e-02
1.231300253294580552e-02
1.231300253294579337e-02
1.231300253294580552e-02
1.231300253294578644e-02
1.231300253294588011e-02
1.231300253294587144e-02
1.231300253294586797e-02
1.231300253294581766e-02
1.231300253294584368e-02
1.231300253294584021e-02
1.231300253294576041e-02
1.231300253294574307e-02
1.231300253294582113e-02
1.231300253294582460e-02
1.245005329181464969e-02
1.245005329181467744e-02
1.257104753156634315e-02
1.257104753156628417e-02
1.257104753156636050e-02
1.257104753156624427e-02
1.257104753156635182e-02
1.245994194153129606e-02
1.213005390758141629e-02
1.203354950880593244e-02
1.213726605197013551e-02
1.203354950880590468e-02
1.213727808989232063e-02
1.213727808989221134e-02
1.234993783705156181e-02
1.234993783705156702e-02
1.224252071500946289e-02
1.224252071500950799e-02
1.224252071500953401e-02
1.224252071500951840e-02
1.224252071500949585e-02
1.224252424650275339e-02
1.224252424650276033e-02
1.234993641166131501e-02
1.234993641166139654e-02
1.234993641166142256e-02
1.234993641166129939e-02
1.234993641166136878e-02
1.213698487834816327e-02
1.257096849043936281e-02
1.257096849043934893e-02
1.257096849043923097e-02
1.257096849043920321e-02
1.257096849043924658e-02
1.257096849043913382e-02
1.257096849043925699e-02
1.257096849043923097e-02
1.257103820964605885e-02
1.268439691170836041e-02
1.268439691170831357e-02
1.268439691170831184e-02
1.268439691170830837e-02
1.224282938648431525e-02
1.224282938648430658e-02
1.224282938648424413e-02
1.224282938648420423e-02
1.213728703252093220e-02
1.213728703252098945e-02
1.213728703252087496e-02
1.213728703252090098e-02
1.213728703252092526e-02
1.213728703252099118e-02
1.213728703252090098e-02
1.213728703252089230e-02
1.224207107912592303e-02
1.224207107912583456e-02
1.224207107912580854e-02
1.234948281837065960e-02
1.234948281837055725e-02
1.213728703252098251e-02
1.213728703252077261e-02
1.213728703252084720e-02
1.213728703252096516e-02
1.224282938648430137e-02
1.213728703252076047e-02
1.213728703252089404e-02
1.213728703252096690e-02
1.213728703252096690e-02
1.213728703252075873e-02
1.224282647744887563e-02
1.234988752495787614e-02
1.234988752495784492e-02
1.245867925983907415e-02
1.279931905355040193e-02
1.279931905355042795e-02
1.279931905355046265e-02
1.291677386057232813e-02
1.279931905355034122e-02
1.279931905355048867e-02
1.279931905355047479e-02
1.279931905355044877e-02
1.279931905355048173e-02
1.279931905355043489e-02
1.291677386057222578e-02
1.291677386057228649e-02
1.279931905355040887e-02
1.279931905355037765e-02
1.279931905355047132e-02
1.279931905355042275e-02
1.279931905355042622e-02
1.291534547187618912e-02
1.291677386057216159e-02
1.279931905355041408e-02
1.291673303114933453e-02
1.303369283571786767e-02
1.303369283571797696e-02
1.303369283571793186e-02
1.303369283571796308e-02
1.303369283571798216e-02
1.303369283571786941e-02
1.315550934826867878e-02
1.315550934826863021e-02
1.328059013905527781e-02
1.328059013905515985e-02
1.315636065354647971e-02
1.328058926778813605e-02
1.328058926778812390e-02
1.328058926778814992e-02
1.340715380144785578e-02
1.328052923380192499e-02
1.315636418333079351e-02
1.315636418333075187e-02
1.315636418333056799e-02
9.809636314376075569e-03
9.880336844341981728e-03
9.809636314376056487e-03
9.809636314376082508e-03
9.880336844342002545e-03
9.880336844341971320e-03
9.809636314376079039e-03
9.809636314376072100e-03
9.809636314376056487e-03
9.809636314376058222e-03
9.809636314376056487e-03
9.809636314376072100e-03
9.809636314376066896e-03
9.809636314376049548e-03
9.809636314376053018e-03
9.809636314376046079e-03
9.809636314376046079e-03
9.809636314376047814e-03
9.809636314376042610e-03
9.809636314376037405e-03
9.739950730490252312e-03
9.739950730490252312e-03
9.739950730490257516e-03
9.952092638349735107e-03
9.952092638349728168e-03
9.880346136848475180e-03
9.880346136848421404e-03
9.880346136848423139e-03
9.880346136848417934e-03
9.880346136848409261e-03
1.002490882793690384e-02
9.952093437772004808e-03
9.880346533472743331e-03
9.880346533472743331e-03
9.880346533472732923e-03
9.880346533472748535e-03
9.880346533472755474e-03
9.602537873652733022e-03
9.602537873652736491e-03
9.602537873652726083e-03
9.603550596301484513e-03
9.603550596301486247e-03
9.603550596301484513e-03
9.603550596301493186e-03
9.666097375395294941e-03
9.666097375395303615e-03
9.603550596301484513e-03
9.671590254526190797e-03
9.671590254526176919e-03
9.603550596301486247e-03
9.603550596301481043e-03
9.701249025517845112e-03
9.701249025517834704e-03
9.701249025517838173e-03
9.669679706367154473e-03
9.669679706367151004e-03
9.669679706367119779e-03
9.669679706367128452e-03
9.536385200584970162e-03
9.536385200584958019e-03
9.536385200584964958e-03
9.603174423976059901e-03
9.603174423976065105e-03
9.536385200584933733e-03
9.534393477506550307e-03
9.534393477506578063e-03
9.534393477506541634e-03
9.536385200584959754e-03
9.536385200584947611e-03
9.536385200584970162e-03
9.536385200584952815e-03
9.536385200584970162e-03
9.536385200584987509e-03
9.536385200584984040e-03
9.535592484413143999e-03
9.535592484413143999e-03
9.878202567963241532e-03
9.878202567963210307e-03
9.878202567963215511e-03
9.878202567963218980e-03
9.878202567963210307e-03
9.878202567963232858e-03
9.878202567963194694e-03
9.877279100257896696e-03
9.877279100257917513e-03
9.878202567963210307e-03
9.878202567963208572e-03
1.002235869376494164e-02
9.949744946415556984e-03
9.878201794577604750e-03
9.878201794577604750e-03
9.878201794577618627e-03
9.878201794577635975e-03
9.878201794577634240e-03
9.878201794577620362e-03
9.471189360205340899e-03
9.603767417599176626e-03
9.603767417599183565e-03
9.470586704151896101e-03
9.470586704151875285e-03
9.470586704151866611e-03
9.470586704151890897e-03
9.470586704151878754e-03
9.470586704151878754e-03
9.470586704151896101e-03
9.470586704151850999e-03
9.470586704151847529e-03
9.470586704151838855e-03
9.470586704151866611e-03
9.470586704151823243e-03
9.671061955465649201e-03
9.739826366926176981e-03
9.671061955465631854e-03
9.671061955465650936e-03
9.741970848309864164e-03
9.741970848309865899e-03
9.671061955465650936e-03
9.671061955465663079e-03
9.671061955465673488e-03
9.671061955465630119e-03
9.603275417286782911e-03
9.603275417286755156e-03
9.808682281277226328e-03
9.808682281277207246e-03
9.808682281277271431e-03
9.808682281277217654e-03
9.808682281277191634e-03
9.808682281277236736e-03
9.880292007264241880e-03
9.671060831561856252e-03
9.470123793051229283e-03
9.605654093901416085e-03
9.605654093901374452e-03
9.600410659089944274e-03
9.600410659089954682e-03
9.600410659089940804e-03
9.668261960280340531e-03
9.600410659089944274e-03
9.600410659089961621e-03
9.600410659089956417e-03
9.469340782138171639e-03
9.469340782138188986e-03
9.469340782138195925e-03
9.469340782138201129e-03
9.469340782138171639e-03
9.469340782138162965e-03
9.469340782138215007e-03
9.469340782138161230e-03
9.469340782138187251e-03
9.535301428397776821e-03
9.535301428397799373e-03
9.535301428397799373e-03
9.535301428397790699e-03
9.469340782138216742e-03
9.469340782138188986e-03
9.936794381927975886e-03
9.936794381927974151e-03
9.724653953274563223e-03
9.724653953274547610e-03
9.724653953274559753e-03
9.724653953274545876e-03
9.724653953274559753e-03
9.722806812247148517e-03
9.722806812247129435e-03
9.722806812247113822e-03
9.722806812247110353e-03
9.794326701207464389e-03
9.724643272512895759e-03
9.655961949979006281e-03
9.689640818092273844e-03
9.689640818092256497e-03
9.794324833676129952e-03
9.724643444634103670e-03
9.724643444634096731e-03
9.724643444634138365e-03
9.756649256624281771e-03
9.723307971643172648e-03
9.723307971643176117e-03
9.724642897744771239e-03
9.770030805120923784e-03
9.770030805120925518e-03
9.770030805120890824e-03
9.770030805120896028e-03
9.770030805120890824e-03
9.479706758161218771e-03
9.479706758161243058e-03
9.479706758161225710e-03
9.479706758161206628e-03
9.546083510054800825e-03
9.546083510054799090e-03
9.546088183825511553e-03
9.546088183825535839e-03
9.546088183825504614e-03
9.546088183825513288e-03
9.751015116530878726e-03
9.681719870942481418e-03
9.681719870942479683e-03
9.681719870942491826e-03
9.681719870942502235e-03
9.681719870942479683e-03
9.680977359919141698e-03
9.680977359919112207e-03
9.680977359919070574e-03
1.009938266058519642e-02
1.009938266058522764e-02
1.009938266058524152e-02
1.017465485810185172e-02
1.017465485810184998e-02
1.017465485810186560e-02
1.017465485810186213e-02
1.017465485810184998e-02
1.017465485810185172e-02
1.017465485810186560e-02
1.017473049847122946e-02
1.017473049847122772e-02
1.017450103088302429e-02
1.017450103088303470e-02
1.017450103088305899e-02
1.017450103088304164e-02
1.029669237227785056e-02
1.029669237227787831e-02
1.029669237227781933e-02
1.029669237227782280e-02
1.029669237227782107e-02
1.017450103088305378e-02
1.017681676848617746e-02
1.002732866193887552e-02
1.002732866193891195e-02
1.010155222163880429e-02
1.010155222163881122e-02
1.002732866193890501e-02
8.982805340306151271e-03
8.982805340306151271e-03
9.036822846131666379e-03
8.982805340306191169e-03
9.091508920538038038e-03
9.091508920538058855e-03
8.982805340306139127e-03
8.982805340306142597e-03
8.982805340306135658e-03
8.982805340306137393e-03
8.982805340306154740e-03
8.982805340306177291e-03
8.982805340306123515e-03
8.982805340306179026e-03
8.982805340306163414e-03
8.982805340306144332e-03
9.036822846131659440e-03
9.036822846131680256e-03
8.982805340306135658e-03
9.036822846131633419e-03
9.036822846131673317e-03
9.036822846131730563e-03
9.036822846131683726e-03
9.036822846131676787e-03
8.982805340306144332e-03
9.036798841230753859e-03
9.036798841230800697e-03
9.036798841230802432e-03
8.982805340306203312e-03
9.082471364202074696e-03
9.082471364202086839e-03
9.082471364202128472e-03
8.985936477634744179e-03
8.985936477634723363e-03
8.985936477634693872e-03
9.089635298525022833e-03
9.089635298525010690e-03
8.981838203093908679e-03
8.981838203093915618e-03
8.981838203093912149e-03
8.875676074876657703e-03
8.875676074876616070e-03
8.875676074876697602e-03
8.927999383025289268e-03
8.927999383025232022e-03
8.927999383025232022e-03
8.875676074876760052e-03
8.875676074876661173e-03
8.875676074876612601e-03
8.875676074876723623e-03
8.875676074876649030e-03
8.875676074876704541e-03
8.697142434852585952e-03
8.644774254653287207e-03
8.795586798964825925e-03
8.745042474923126613e-03
8.745042474923107531e-03
8.644774254653332310e-03
8.644774254653375678e-03
8.644774254653306289e-03
8.644774254653292411e-03
8.644774254653301085e-03
8.644774254653358331e-03
8.644774254653314963e-03
8.644774254653365270e-03
8.644774254653415577e-03
8.750093225122618917e-03
8.750093225122636265e-03
8.750093225122665755e-03
9.031477520193566602e-03
9.031477520193552724e-03
9.031477520193568337e-03
9.031477520193585684e-03
9.030569472353467547e-03
8.925322758612120461e-03
9.031460894013521035e-03
9.031460894013515830e-03
9.031460894013512361e-03
9.031460894013510626e-03
8.978069706986242099e-03
9.031484982541849310e-03
8.978069706986238629e-03
8.978069706986216078e-03
8.978069706986250773e-03
8.978069706986245568e-03
8.978075143437172154e-03
8.925322758612106583e-03
8.925322758612071888e-03
8.759980180121591797e-03
8.759980180121636900e-03
8.759980180121579654e-03
8.709464134261955814e-03
8.709464134262011326e-03
8.709464134261912446e-03
8.709464134261921120e-03
8.709464134261914181e-03
8.709464134262018264e-03
8.709464134261908977e-03
8.709464134261934998e-03
8.709464134261976631e-03
8.709464134261999183e-03
8.811106936137427098e-03
8.709464134261999183e-03
8.709464134261974896e-03
8.811101433515973122e-03
8.811101433515974857e-03
8.862828704404740812e-03
8.862828704404739077e-03
8.862828704404732139e-03
8.811101433516006082e-03
8.862828704404711322e-03
8.811101433516007816e-03
8.811101433515990469e-03
8.811101433515921080e-03
8.811101433515962714e-03
8.811101433515987000e-03
8.811101433516000878e-03
8.811101433516040776e-03
8.709464134261971427e-03
8.709464134261961019e-03
8.709464134261987039e-03
8.709464134261981835e-03
8.759980180121720167e-03
8.759980180121727106e-03
8.759980180121711493e-03
8.759980180121652513e-03
8.759980180121638635e-03
8.759980180121704554e-03
8.759980180121652513e-03
8.759978112598282990e-03
8.811097538628553591e-03
8.862826342622783307e-03
8.759978112598303807e-03
8.759978112598277786e-03
8.759978112598298602e-03
8.759978112598227479e-03
8.709464134261973162e-03
8.709464134262000917e-03
8.709464134262018264e-03
8.709464134261995713e-03
8.709464134261999183e-03
8.812537612617452054e-03
8.812537612617486749e-03
8.812537612617403482e-03
8.812537612617476340e-03
8.812537612617476340e-03
8.812537612617486749e-03
8.709464134261992244e-03
8.759980180121532817e-03
8.709464134261974896e-03
8.862832836703552972e-03
8.811100064536111359e-03
8.970079343985895917e-03
8.970079343985882039e-03
8.970079343985921938e-03
8.862835231898924873e-03
8.653761960976134870e-03
8.653761960976150483e-03
8.653761960976117523e-03
8.754642631894529736e-03
8.653761960976124462e-03
8.813138710868324149e-03
8.759944247911743628e-03
8.759944247911740159e-03
8.759944247911726281e-03
8.759944247911767914e-03
8.759944247911786996e-03
8.709414739918795029e-03
8.709414739918850540e-03
8.709414739918786355e-03
8.709414739918847070e-03
8.709414739918782886e-03
8.659475045486548367e-03
8.659475045486600409e-03
8.659475045486527550e-03
8.659475045486515407e-03
8.709413638305957620e-03
8.709413638305926395e-03
8.709413638305917721e-03
8.709413638305980171e-03
8.659475045486527550e-03
8.659475045486504999e-03
8.659475045486440814e-03
8.709413638305931599e-03
8.709413638305955885e-03
8.659475045486558775e-03
8.659475045486531020e-03
8.659475045486550102e-03
8.659475045486550102e-03
8.659475045486487652e-03
8.659475045486446018e-03
8.659475045486524081e-03
8.659475045486489386e-03
8.811080831337341629e-03
8.709414080302391864e-03
8.709414080302417885e-03
8.709414080302371047e-03
8.709414080302419620e-03
8.709414080302424824e-03
8.759942476044370319e-03
8.709414080302365843e-03
8.709414080302417885e-03
8.760254588265516465e-03
8.709414080302424824e-03
8.709414080302398803e-03
8.709414080302393599e-03
8.709414080302384925e-03
8.709414080302400538e-03
8.709414080302397068e-03
8.811386569919348738e-03
8.811386569919345269e-03
8.810057533876956143e-03
8.811386569919355677e-03
8.811386569919352207e-03
8.811386569919359146e-03
8.811386569919350473e-03
8.811386569919388637e-03
8.659475045486446018e-03
8.709413638305905578e-03
8.659475045486385303e-03
8.659475045486489386e-03
8.659475045486395711e-03
8.659475045486390507e-03
8.659475045486442549e-03
8.659475045486404385e-03
8.811079477672224131e-03
8.811079477672201579e-03
8.811079477672210253e-03
8.811079477672196375e-03
8.811079477672253621e-03
8.811079477672196375e-03
8.811079477672196375e-03
8.811079477672213722e-03
8.759948944051000608e-03
8.759948944051045711e-03
8.759948944051042241e-03
8.571833340095825690e-03
8.571829424842079478e-03
8.523362482971415938e-03
8.523362482971485327e-03
8.523362482971499204e-03
8.523362482971495735e-03
8.571835969489953466e-03
9.139328263967860105e-03
9.084337940861707608e-03
9.084337940861756180e-03
9.195003638767778459e-03
9.084337940861763119e-03
9.195044202466020819e-03
9.251409243492398488e-03
9.251409243492400222e-03
9.251409243492434917e-03
9.251409243492422774e-03
9.251409243492405426e-03
9.251409243492401957e-03
9.195044202466015615e-03
9.424814442249389995e-03
9.135690195436869943e-03
9.195004422764647620e-03
9.195004422764593843e-03
9.195004422764581700e-03
9.139331062714747128e-03
9.139331062714696821e-03
9.139331062714728046e-03
9.139331062714747128e-03
9.139331062714738454e-03
9.139331062714731516e-03
9.139331062714719373e-03
9.139331062714755802e-03
9.139331062714767945e-03
9.139331062714726311e-03
9.139331062714729781e-03
9.139331062714733250e-03
9.139331062714729781e-03
9.139331062714721107e-03
9.194996968271276078e-03
9.139331062714712434e-03
9.139331062714712434e-03
9.139331062714724577e-03
9.139331062714752332e-03
9.139331062714752332e-03
9.139331062714734985e-03
9.139331062714767945e-03
9.139331062714722842e-03
9.307069830449023196e-03
9.250150561669662555e-03
9.250150561669655616e-03
9.139331062714748863e-03
9.194996968271293425e-03
9.139331062714740189e-03
9.139331062714741924e-03
9.139331062714747128e-03
9.139331062714729781e-03
9.194789412745832391e-03
9.194789412745828922e-03
9.139331062714721107e-03
9.139331062714734985e-03
9.139331062714708964e-03
8.382679845997548576e-03
8.382679845997423676e-03
8.382679845997526025e-03
8.382679845997807050e-03
8.429817477647616811e-03
8.480070903060674126e-03
8.476864003861425689e-03
8.476864003861422220e-03
8.335909713940041488e-03
8.335909713939987711e-03
8.429640582818007793e-03
8.429640582818129224e-03
8.429640582818084121e-03
8.477317178285233637e-03
8.477317178285233637e-03
8.429640582817993916e-03
8.429640582818124020e-03
8.382506381105478410e-03
8.382506381105537391e-03
8.382506381105310142e-03
8.382506381105285856e-03
8.477315547833043710e-03
8.477315547833040241e-03
8.477315547832995138e-03
8.429641393244174941e-03
8.429641393244188818e-03
8.477315547833064527e-03
8.429641393244298106e-03
8.429641393244296371e-03
8.429641393244084735e-03
8.429641393244246064e-03
8.429641393244109021e-03
8.429641393244209635e-03
8.429641393244070857e-03
8.429640376358484705e-03
8.429640376358432663e-03
8.429640376358389295e-03
8.429640376358385825e-03
8.429300674209105892e-03
8.429300674209203037e-03
8.429300674209078137e-03
8.429300674208965380e-03
8.429300674208939359e-03
8.429300674209107627e-03
8.429300674209036504e-03
8.574300063511109543e-03
8.382506381105291060e-03
8.335909713940053631e-03
8.335909713939923527e-03
8.335909713940025875e-03
8.335909713940116081e-03
8.479889421695455468e-03
8.479889421695484958e-03
8.479889421695425977e-03
8.479889421695323629e-03
8.429639772308632900e-03
8.429639772308678003e-03
9.406183589127715614e-03
9.406183589127694797e-03
9.406183589127724287e-03
9.406183589127696532e-03
9.406183589127724287e-03
9.406183589127741634e-03
9.530407939668333883e-03
9.530407939668300923e-03
9.346509089235635614e-03
9.346509089235656431e-03
9.346509089235640819e-03
9.346509089235640819e-03
9.346509089235649492e-03
9.346509089235625206e-03
9.346509089235647758e-03
9.346509089235663370e-03
9.346509089235642553e-03
9.346509089235614798e-03
9.346509089235614798e-03
9.346509089235625206e-03
9.346509089235623471e-03
8.717626701090207611e-03
8.717626701090250979e-03
8.717626701090193733e-03
8.771239442564512934e-03
8.769851494353999091e-03
8.769851494354002561e-03
8.717626701090330776e-03
8.717626701090283939e-03
8.931464293947428967e-03
8.822720277569669547e-03
8.822720277569669547e-03
8.822720277569754549e-03
8.822720277569745875e-03
8.822720277569756284e-03
8.822720277569811795e-03
8.822720277569681691e-03
8.769853902189827383e-03
8.769853902189875955e-03
8.930448059081046164e-03
8.930448059081077389e-03
8.930448059081080858e-03
8.930448059081122492e-03
8.930448059081119022e-03
8.876257498191805762e-03
8.876257498191866477e-03
1.014599532588743649e-02
1.014599532588743649e-02
1.014948205593077524e-02
1.014948205593077524e-02
1.014948205593084810e-02
1.021354443160515414e-02
1.014609585789057015e-02
1.014609585789072975e-02
1.008842467855859161e-02
1.002530965683804190e-02
9.962996282635453241e-03
9.962996282635474057e-03
9.962996282635477527e-03
9.962996282635487935e-03
9.962996282635480996e-03
1.008316172830944595e-02
1.014553261732140631e-02
1.008316172830945462e-02
1.008316172830943554e-02
1.008316172830943554e-02
1.008316172830938870e-02
1.008316172830941299e-02
1.008316172830933319e-02
1.008316172830939390e-02
1.008316172830943033e-02
1.014553261732142539e-02
1.014553261732148784e-02
1.014553261732142539e-02
1.014553261732136988e-02
1.027267125055545544e-02
1.033743432254462073e-02
1.014559760010877790e-02
1.014559760010879351e-02
1.014559760010875535e-02
1.014559760010888198e-02
1.014559760010893402e-02
1.014559760010881259e-02
1.014559760010887851e-02
1.014559760010886810e-02
1.014559760010891667e-02
1.027267063725289739e-02
1.014833811463100414e-02
1.014833811463100068e-02
1.014833811463097986e-02
1.020873470115483614e-02
1.027272876576742697e-02
1.020881580880243777e-02
1.020881580880236318e-02
1.027272968894449301e-02
1.027272968894446699e-02
1.027272968894447046e-02
1.040303472639476923e-02
1.033746320385425105e-02
1.027272968894455199e-02
1.027272968894458148e-02
1.027272968894455719e-02
1.027272968894447913e-02
1.014560118470638969e-02
1.014560118470647816e-02
1.014560118470646949e-02
1.014560118470648337e-02
1.014560118470642786e-02
1.020872212316599643e-02
1.020872212316617685e-02
1.014560118470646082e-02
1.014560118470643826e-02
1.014560118470641224e-02
1.014560118470652327e-02
1.014560118470654582e-02
1.014560118470648684e-02
1.014560118470651980e-02
1.014560118470653020e-02
1.014560118470647816e-02
1.014560118470659439e-02
1.020871704687857477e-02
1.020871704687867712e-02
1.020871704687858865e-02
1.020871704687857998e-02
1.020871704687862855e-02
1.020871704687859559e-02
1.014559882446576002e-02
1.014559882446574961e-02
1.014559882446573746e-02
1.008326879012247379e-02
1.008430936236714114e-02
1.008430936236711165e-02
1.014559882446571491e-02
1.008326879012256573e-02
1.008326879012249808e-02
1.008326879012245644e-02
1.008326879012238358e-02
1.008326879012238185e-02
1.008326879012238185e-02
1.008326879012251889e-02
1.008326879012249981e-02
1.020957340956257960e-02
1.020957340956257786e-02
1.020957340956258133e-02
1.020957340956254837e-02
1.014559882446574267e-02
1.008326879012251369e-02
1.008326879012252063e-02
1.008326879012256400e-02
1.008326879012254144e-02
1.008326879012246859e-02
1.008326879012256400e-02
1.008326879012248940e-02
1.008326879012258655e-02
1.014559335539793813e-02
1.014559335539790864e-02
1.014559335539792079e-02
1.014559335539791558e-02
1.014559335539788956e-02
1.014559335539791038e-02
1.033746392846896130e-02
1.039217579884709960e-02
1.033746392846901854e-02
1.033746392846904803e-02
1.033746392846901334e-02
1.033746392846899599e-02
1.033746392846893007e-02
1.033746392846898905e-02
1.033746392846909140e-02
1.040304523807222652e-02
1.033746392846902201e-02
1.033746392846907579e-02
1.033746392846902548e-02
1.033746392846902375e-02
1.033746392846907926e-02
1.033746392846903589e-02
1.040120976112328920e-02
1.040120976112321807e-02
1.008324859895588267e-02
1.008324859895592951e-02
1.008324859895592951e-02
1.008324859895592257e-02
1.008324859895588614e-02
1.008324859895588961e-02
1.008324859895597288e-02
1.014559045039668470e-02
1.014559045039664306e-02
1.008324859895587053e-02
1.008324859895589135e-02
1.008324859895592257e-02
1.008324859895593645e-02
1.008324859895589655e-02
1.008324859895589308e-02
1.014559045039667602e-02
1.014559045039671765e-02
1.014559045039678878e-02
1.014559045039669684e-02
1.020867304412406522e-02
1.020867304412405134e-02
1.020867304412402185e-02
1.014556907228790147e-02
1.014556907228797607e-02
1.020782997394542764e-02
1.020782997394542417e-02
1.014556907228789280e-02
1.014556907228788760e-02
1.002158966952480280e-02
1.002158966952478546e-02
1.002158966952480107e-02
1.002158966952482189e-02
1.008718057308492441e-02
1.008718057308491400e-02
1.008718057308491747e-02
1.002158966952482709e-02
1.002158966952480974e-02
1.002158966952488260e-02
1.002158966952484270e-02
1.002158966952483229e-02
1.008319357908576790e-02
1.008319357908579739e-02
1.005077072786745608e-02
1.005077072786748557e-02
1.017582366438005148e-02
1.005077072786751333e-02
1.005077072786751506e-02
1.005077072786758619e-02
1.005077072786747169e-02
1.005077072786749078e-02
1.020817994100489158e-02
1.020817994100491413e-02
1.027151005400584773e-02
1.027215604938823586e-02
9.780339647354856225e-03
9.780925923800346325e-03
9.780339647354821531e-03
9.780339647354823265e-03
9.665106757656262079e-03
9.665106757656248201e-03
9.665106757656249936e-03
9.665125046078058141e-03
9.665125046078028651e-03
9.665125822655527138e-03
9.665125822655546220e-03
9.665125822655556628e-03
9.722828920337244982e-03
9.722813307831727411e-03
9.722828920337279676e-03
9.665125822655584384e-03
9.665125046078054671e-03
9.665125046078059876e-03
9.665125046078087631e-03
9.665125046078085896e-03
9.665125046078059876e-03
9.665125046078085896e-03
9.665125046078059876e-03
9.665125046078070284e-03
9.722834713408271337e-03
9.722834713408267868e-03
9.722834713408318175e-03
9.722834713408283480e-03
9.722834713408285215e-03
9.722834713408290419e-03
9.722834713408312970e-03
9.722834713408309501e-03
9.722834713408309501e-03
9.722834713408309501e-03
9.722834713408299093e-03
9.840363400143754477e-03
9.781238980875907665e-03
9.781238980875909400e-03
9.781238980875902461e-03
9.781238980875900726e-03
9.781238980875878175e-03
9.781242311403178305e-03
9.781242311403186979e-03
9.650509886914539898e-03
9.650509886914565919e-03
9.650509886914616225e-03
9.650509886914626634e-03
9.650509886914590205e-03
9.650509886914633573e-03
9.650509886914598878e-03
9.650509886914598878e-03
9.650509886914595409e-03
9.650509886914590205e-03
9.650509886914611021e-03
9.650509886914626634e-03
9.650509886914605817e-03
9.650509886914593674e-03
9.962256373394802120e-03
1.008469004513600463e-02
1.014679601580547805e-02
1.014679601580544335e-02
1.008469004513611218e-02
1.008469004513604106e-02
1.008469004513602198e-02
1.008469004513610177e-02
1.008469004513605147e-02
1.008469004513611392e-02
1.008469004513611392e-02
1.008469004513605147e-02
1.008469004513610698e-02
1.008469004513610698e-02
1.008469004513599596e-02
1.008321820329438970e-02
1.002265939295858554e-02
9.841049973560321920e-03
9.841049973560344472e-03
9.841049973560328859e-03
1.007564531375820804e-02
9.951954292479678332e-03
9.951954292479699149e-03
9.951954292479685271e-03
9.951954292479671393e-03
9.951954292479669659e-03
9.951954292479671393e-03
9.951954292479688741e-03
9.951954292479671393e-03
1.014742601338354359e-02
1.014742601338359043e-02
1.014742601338363033e-02
1.014742601338368237e-02
1.014742601338367717e-02
1.002281069047487351e-02
1.002281069047481453e-02
1.002281069047478677e-02
1.014726317223911371e-02
1.014726317223920045e-02
1.021482389929475112e-02
1.020803623628517912e-02
1.002280752925193037e-02
1.002280752925193731e-02
1.002280752925191649e-02
1.002280752925192170e-02
9.961663436998701923e-03
9.901269545647134115e-03
9.901269545647144524e-03
9.901269545647141054e-03
9.901269545647132381e-03
9.901269545647163606e-03
9.901269545647177484e-03
9.901269545647142789e-03
9.901269545647165340e-03
9.961658296058670606e-03
1.002281352877531194e-02
1.002281352877529806e-02
1.008893092316376361e-02
1.008472869964646343e-02
1.008472869964647557e-02
1.008472869964640271e-02
1.008472869964640965e-02
1.027729530613232141e-02
1.027729530613226763e-02
1.027729530613230406e-02
1.021264048576369689e-02
1.034035161190857699e-02
1.034035926810526751e-02
1.034035926810528486e-02
1.034035926810521373e-02
1.034035926810531088e-02
1.034035926810525884e-02
1.034035926810517383e-02
1.034035926810514781e-02
1.034035926810523802e-02
1.034035926810528833e-02
1.034035926810535251e-02
1.034035926810527618e-02
1.040632962495877112e-02
1.040632962495871561e-02
1.027523302182454384e-02
1.034098627063092558e-02
1.014741924039202527e-02
9.961659145463430676e-03
1.008472259208474490e-02
1.002280520035577459e-02
1.014471513367845926e-02
1.014471513367842803e-02
1.014471513367846099e-02
1.014471513367844017e-02
1.014471513367842456e-02
1.014471513367841936e-02
1.014471513367842109e-02
1.014471513367845926e-02
1.014471513367843844e-02
1.020808342070695339e-02
1.014471513367849395e-02
1.008471254346987589e-02
1.008471254346983599e-02
1.008471254346988630e-02
9.961663122754017829e-03
9.961663122754049055e-03
9.961663122754002217e-03
9.961663122754002217e-03
9.961663122753995278e-03
9.961663122754010891e-03
9.961663122754010891e-03
9.961663122754028238e-03
9.961663122753984870e-03
9.961663122754002217e-03
9.961663122753995278e-03
9.961663122753997013e-03
9.961663122753972727e-03
9.961663122753981400e-03
9.961663122753986604e-03
9.961663122754016095e-03
9.961663122753955379e-03
9.961663122753953645e-03
9.961663122753946706e-03
9.961663122754009156e-03
9.961663122754000482e-03
1.008413011985959118e-02
1.014679171515002476e-02
1.014679171515000915e-02
1.014679171515010803e-02
9.961660562243306385e-03
1.002280634956069331e-02
1.002280634956064648e-02
1.008472201378985376e-02
1.008472201378984856e-02
1.008472201378987632e-02
1.027282651439002242e-02
1.027282651439007620e-02
1.027282651439009008e-02
1.027282651439005365e-02
1.027282651439002589e-02
1.027282651438995824e-02
1.027282651438995997e-02
1.027282651439002936e-02
1.027282651438996171e-02
1.027282651438995824e-02
1.027282651438996344e-02
1.033883979947046103e-02
1.033883979947038990e-02
1.033883979947033613e-02
1.001381651039939813e-02
1.001381651039939813e-02
9.951899563682597288e-03
9.951899563682560859e-03
1.001497040003308803e-02
9.951898979782559593e-03
1.001388681719177741e-02
9.951898979782547450e-03
9.951898979782552654e-03
9.951898979782550919e-03
9.770721868609475586e-03
9.770721868609473851e-03
9.770721868609473851e-03
9.770721868609466912e-03
9.741173563107606223e-03
9.741173563107547242e-03
9.741173563107581937e-03
9.741173563107602754e-03
9.741173563107621836e-03
9.770721868609459973e-03
9.891024557899405489e-03
9.830645772896398626e-03
9.830645772896412504e-03
9.830645772896396892e-03
9.830645772896409035e-03
9.830645772896414239e-03
9.830645772896400361e-03
9.830645772896386483e-03
9.830645772896384749e-03
9.830645494260150871e-03
9.771013041856502906e-03
9.771013041856523723e-03
9.627716282934876621e-03
9.627716282934887029e-03
9.627716282934888764e-03
9.627716282934892233e-03
9.627716282934887029e-03
9.627716282934885295e-03
9.627716282934845396e-03
9.627716282934921724e-03
9.685751691473549682e-03
9.685751691473603459e-03
9.685751691473606928e-03
9.742438902089655545e-03
9.742438902089678096e-03
9.742438902089648606e-03
9.742438902089650340e-03
9.742438902089650340e-03
9.742438902089678096e-03
9.742438902089648606e-03
9.742438902089648606e-03
9.801612278112190740e-03
9.685755363815762992e-03
9.685755363815761257e-03
9.685755363815714419e-03
9.685755363815766461e-03
9.685755363815756053e-03
9.685755363815757787e-03
9.685755363815761257e-03
9.685755363815735236e-03
9.685755363815735236e-03
9.685755363815762992e-03
9.685755363815759522e-03
9.685755363815759522e-03
9.685755363815766461e-03
9.803986518655759611e-03
9.803986518655759611e-03
9.685751691473528865e-03
9.627716282934864478e-03
9.627716282934907846e-03
9.627716282934907846e-03
9.627716282934890499e-03
9.627716282934890499e-03
9.627716282934888764e-03
9.627716282934883560e-03
9.627716282934861008e-03
9.745020017980447063e-03
9.745020017980462676e-03
9.745020017980506044e-03
9.745020017980466145e-03
9.745020017980480023e-03
9.745020017980464411e-03
9.745020017980467880e-03
9.806138330224485611e-03
9.852004183937205020e-03
9.806831953805165286e-03
9.806831953805179164e-03
9.806831953805161817e-03
1.001541599008148528e-02
9.892190809631317208e-03
9.892190809631308535e-03
9.892190809631312004e-03
9.953413647969509143e-03
9.953413647969519551e-03
9.953413647969521286e-03
9.652607504117498294e-03
9.652607504117536458e-03
9.652607504117520845e-03
9.652607504117548601e-03
9.652607504117569417e-03
9.710862454898400858e-03
9.652607504117520845e-03
9.652607504117531254e-03
9.710862454898395654e-03
9.652607504117571152e-03
9.652607504117581561e-03
9.652607504117559009e-03
9.595059221693779186e-03
9.769701110424798204e-03
9.829401485933288163e-03
9.769701110424770449e-03
9.710736404967090438e-03
9.769827994801935298e-03
9.769827994801938767e-03
9.769827994801943971e-03
9.710871141750081550e-03
9.710871141750088489e-03
9.710871141750105837e-03
9.710871141750104102e-03
9.710871141750083285e-03
9.710871141750079816e-03
9.710871141750114510e-03
9.710871141750086755e-03
9.710871141750107571e-03
9.710871141750100632e-03
9.710871141750112776e-03
9.710871141750117980e-03
9.710871141750085020e-03
1.001259078336062987e-02
1.001259078336059864e-02
1.001259078336057956e-02
1.001259078336057956e-02
1.001259078336061079e-02
-3.615217250982932090e-02
-3.615217250982939029e-02
-3.615217250982941111e-02
-3.573680125577848032e-02
-3.573680125577854971e-02
-3.573680125577848032e-02
-3.573680125577856359e-02
-3.573680125577857053e-02
-3.651014376130513883e-02
-3.651014376130512495e-02
-3.651014376130522210e-02
-3.532692949932616372e-02
-3.493415635978214251e-02
-3.533662904068185506e-02
-3.533662904068196609e-02
-3.533662904068185506e-02
-3.533662904068190364e-02
-3.533662904068175792e-02
-3.533662904068180649e-02
-3.533662904068173710e-02
-3.615214357546365359e-02
-3.615214357546365359e-02
-3.615214357546368135e-02
-3.615214357546374380e-02
-3.573677987821710644e-02
-3.573677987821707869e-02
-3.573677987821707175e-02
-3.573677987821714114e-02
-3.573677987821698848e-02
-3.573677987821708563e-02
-3.573677987821709950e-02
-3.615216182966728836e-02
-3.573676905448801983e-02
-3.573676905448797125e-02
-3.533664062633130182e-02
-3.533664062633112141e-02
-3.574376770276804782e-02
-3.533664062633118386e-02
-3.533664062633112141e-02
-3.615226705872456175e-02
-3.615226705872451318e-02
-3.493402395081038336e-02
-3.493402395081045275e-02
-3.493402395081034867e-02
-3.493402395081041112e-02
-3.493402395081041112e-02
-3.529976865673423864e-02
-3.570527113680806164e-02
-3.570527113680811021e-02
-3.570527113680796449e-02
-3.570527113680806858e-02
-3.570527113680812409e-02
-3.570421410145153962e-02
-3.570421410145148411e-02
-3.570421410145131064e-02
-3.611990435780760428e-02
-3.570421410145143554e-02
-3.611619992745810498e-02
-3.611619992745812580e-02
-3.529830896645060057e-02
-3.612032525084926671e-02
-3.570453656526116626e-02
-3.573605305568342688e-02
-3.567067761215591409e-02
-3.567067761215594185e-02
-3.573605305568343382e-02
-3.532937830858216832e-02
-3.532937830858208506e-02
-3.532937830858208506e-02
-3.532937830858205036e-02
-3.532937830858209199e-02
-3.532937830858209199e-02
-3.533517611698609728e-02
-3.533517611698612504e-02
-3.533517611698606953e-02
-3.533517611698599320e-02
-3.533517611698600708e-02
-3.533517611698601402e-02
-3.533517611698600708e-02
-3.615238320764654900e-02
-3.657854852057099149e-02
-3.615238320764657676e-02
-3.532943995250415609e-02
-3.532943995250423935e-02
-3.532943995250412833e-02
-3.532943995250430874e-02
-3.532943995250430874e-02
-3.532943995250430180e-02
-3.532943995250423241e-02
-3.532943995250421160e-02
-3.657856371243799198e-02
-3.657856371243790872e-02
-3.657856371243790872e-02
-3.657856371243795729e-02
-3.573611541923486096e-02
-3.573611541923485402e-02
-3.272208556037897037e-02
-3.238106506511140986e-02
-3.238106506511137517e-02
-3.238106506511140986e-02
-3.238106506511136129e-02
-3.238106506511138905e-02
-3.238106506511141680e-02
-3.272193923346711913e-02
-3.272193923346717465e-02
-3.272193923346716077e-02
-3.272193923346710526e-02
-3.272193923346710526e-02
-3.272193923346707750e-02
-3.336859377678177280e-02
-3.336859377678183525e-02
-3.342654358968163292e-02
-3.342654358968151496e-02
-3.342654358968150802e-02
-3.342654358968155659e-02
-3.342654358968152190e-02
-3.379025445848566483e-02
-3.379025445848573422e-02
-3.342654358968167455e-02
-3.342654358968162598e-02
-3.342654358968157741e-02
-3.342654358968157741e-02
-3.342654358968147332e-02
-3.342350356440577236e-02
-3.342350356440586256e-02
-3.342350356440582787e-02
-3.342350356440582787e-02
-3.342350356440582093e-02
-3.342350356440577930e-02
-3.342350356440572379e-02
-3.306778029886155851e-02
-3.306778029886159320e-02
-3.306778029886158626e-02
-3.306778029886160014e-02
-3.342350356440586256e-02
-3.342350356440592501e-02
-3.342350356440579318e-02
-3.342350356440579318e-02
-3.306778029886164177e-02
-3.306778029886165565e-02
-3.306778029886159320e-02
-3.307048228656210564e-02
-3.307048228656204319e-02
-3.272220465324848088e-02
-3.272220465324845312e-02
-3.272220465289171071e-02
-3.272220465289168989e-02
-3.272220465289170377e-02
-3.272220465289167601e-02
-3.272220465289178704e-02
-3.272220465289178704e-02
-3.272220465289171071e-02
-3.307045986464374199e-02
-3.307045986464369342e-02
-3.272220465289178010e-02
-3.272220465289177316e-02
-3.272220465289180785e-02
-3.272219910789063435e-02
-3.272219910789052333e-02
-3.272219910789056496e-02
-3.272219910789060660e-02
-3.238126066122858082e-02
-3.238126066122864327e-02
-3.306595188375232447e-02
-3.306595188375233141e-02
-3.306595188375227590e-02
-3.306595188375239386e-02
-3.105115793464434046e-02
-3.105115793464429882e-02
-3.105115793464432311e-02
-3.105115793464434046e-02
-3.105115793464431964e-02
-3.105115793464431617e-02
-3.105115793464430229e-02
-3.167251510028628453e-02
-3.167251510028623596e-02
-3.167251510028627065e-02
-3.167251510028631228e-02
-3.167251510028619432e-02
-3.135873011801992849e-02
-3.135871836811027213e-02
-3.160029362931541380e-02
-3.160029362931540686e-02
-3.105115793464437862e-02
-3.105115793464436474e-02
-3.105115793464433699e-02
-3.105115793464433005e-02
-3.105115793464424678e-02
-3.167171836923483863e-02
-3.167171836923485251e-02
-3.167171836923489414e-02
-3.167171836923491496e-02
-3.199180729488269176e-02
-3.167171836923485945e-02
-3.135875362935798549e-02
-3.135875362935802019e-02
-3.103988831471115109e-02
-3.135875362935808264e-02
-3.135875362935802019e-02
-3.135875362935805488e-02
-3.135875362935805488e-02
-3.199255531207414321e-02
-3.167244634270485748e-02
-3.167244634270481585e-02
-3.135875362935814509e-02
-3.135875362935802019e-02
-3.135875362935790223e-02
-3.135875362935806182e-02
-3.135875362935808958e-02
-3.135875362935808958e-02
-3.135875362935804794e-02
-3.135875362935804794e-02
-3.135875362935809652e-02
-3.135875362935801325e-02
-3.135875362935805488e-02
-3.135875362935809652e-02
-3.135875362935806876e-02
-3.135875362935805488e-02
-3.135875362935811039e-02
-3.135875362935802713e-02
-3.135875362935808958e-02
-3.135875362935797855e-02
-3.135875362935803407e-02
-3.135875362935798549e-02
-3.135875362935800631e-02
-3.135875362935801325e-02
-3.135875362935802713e-02
-3.167244392154604238e-02
-3.167244392154614646e-02
-3.167244392154600768e-02
-3.167244392154605626e-02
-3.167244392154604932e-02
-3.135875362935812427e-02
-3.135875362935797855e-02
-3.138718804436909510e-02
-3.138718804436902571e-02
-3.303194247051489257e-02
-3.303194247051487870e-02
-3.303194247051487870e-02
-3.303194247051483706e-02
-3.303194247051496196e-02
-3.303194247051489257e-02
-3.303194247051493421e-02
-3.338109044554547766e-02
-3.303194247051490645e-02
-3.303194247051492727e-02
-3.303194247051493421e-02
-3.303194247051489257e-02
-3.395850354896742807e-02
-3.395850354896737949e-02
-3.432820271073035168e-02
-3.432820271073042800e-02
-3.432820271073050433e-02
-3.432820271073048352e-02
-3.432820271073049739e-02
-3.432820271073044882e-02
-3.432820271073047658e-02
-3.432820271073045576e-02
-2.964147239247766352e-02
-2.992207405113673710e-02
-2.936615187069646291e-02
-2.936615187069646637e-02
-2.936615187069649066e-02
-2.964147040346257547e-02
-2.936615187069647678e-02
-2.936615187069645944e-02
-2.936615187069651495e-02
-3.005814661911092658e-02
-3.005814661911087454e-02
-3.005814661911095087e-02
-3.005814661911092311e-02
-3.064193472104354346e-02
-3.064193472104358162e-02
-3.064193472104368918e-02
-3.020746004964731599e-02
-3.020746004964735068e-02
-3.049715009857005554e-02
-3.005824233651867988e-02
-2.977483323688932121e-02
-2.977483323688928651e-02
-2.977483323688919978e-02
-2.977483323688922406e-02
-2.977483323688933509e-02
-2.977483323688932815e-02
-3.064179929450398104e-02
-3.064179929450398104e-02
-3.064179929450400186e-02
-3.064179929450398798e-02
-3.064179929450393594e-02
-3.003522295342940518e-02
-3.003522295342951620e-02
-3.003522295342944334e-02
-3.003522295342948845e-02
-3.003522295342956130e-02
-3.003522295342948498e-02
-2.996008483994619734e-02
-2.968022820323446692e-02
-2.940427614278606772e-02
-2.940427614278604343e-02
-2.940427614278609547e-02
-2.940427614278607812e-02
-2.940427614278608853e-02
-3.068899000404170380e-02
-3.068899000404157543e-02
-3.010373899608460857e-02
-3.010373899608472306e-02
-3.010373899608475776e-02
-3.010373899608468143e-02
-3.010373899608468143e-02
-3.010373899608468490e-02
-3.010373899608468490e-02
-3.010373899608471959e-02
-2.996153396100128402e-02
-3.024728179789263477e-02
-3.024817960569366540e-02
-3.024817960569357519e-02
-3.024817960569352315e-02
-2.996153396100122851e-02
-2.996153396100129790e-02
-2.996153396100124933e-02
-2.996153396100128055e-02
-2.940437091000523348e-02
-2.940437091000524042e-02
-2.940437091000523695e-02
-3.249315937909839219e-02
-3.249315937909838525e-02
-3.249315937909838525e-02
-3.184959047021160283e-02
-3.184959047021160283e-02
-3.184959047021157508e-02
-3.394972994018332496e-02
-3.394972994018330414e-02
-3.394972994018334578e-02
-3.326052327908013417e-02
-3.326052327908012723e-02
-3.194149014007974241e-02
-3.194149014007974241e-02
-3.194149014007979098e-02
-3.194149014007977017e-02
-3.194149014007964527e-02
-3.162778531906940832e-02
-3.162778531906940138e-02
-3.226156699811835032e-02
-3.226156699811839196e-02
-3.226156699811839890e-02
-3.226156699811844053e-02
-3.226156699811849604e-02
-3.226156699811841277e-02
-3.194149014007965914e-02
-3.194149014007962445e-02
-3.194149014007963833e-02
-3.194149014007973547e-02
-3.292061898695904792e-02
-3.292061898695896466e-02
-3.226176397461754525e-02
-3.225904115927426957e-02
-3.225904115927434590e-02
-3.360943335824814748e-02
-3.360943335824824463e-02
-3.326200191163334458e-02
-3.326200191163337233e-02
-3.326200191163329600e-02
-3.326200191163337233e-02
-3.326200191163333764e-02
-3.326200191163340703e-02
-3.326200191163338621e-02
-3.326200191163330294e-02
-3.326200191163330988e-02
-3.403347018138846991e-02
-3.403347018138842828e-02
-3.403347018138844216e-02
-3.368555540443442242e-02
-3.368555540443440854e-02
-3.368555540443433916e-02
-3.368555540443434609e-02
-3.368555540443434609e-02
-3.368555540443433222e-02
-3.403347018138833113e-02
-3.368555540443433916e-02
-3.403347018138831725e-02
-3.403347018138854624e-02
-3.403347018138855318e-02
-3.403347018138860869e-02
-3.403347018138859481e-02
-3.403347018138860175e-02
-3.403347018138867114e-02
-3.403347018138857399e-02
-3.403347018138863644e-02
-3.403347018138861563e-02
-3.403347018138861563e-02
-3.403347018138869196e-02
-3.368555540443432528e-02
-3.368555540443429058e-02
-3.403241208070607871e-02
-3.475160957732106870e-02
-3.511797258475666400e-02
-3.511797258475676808e-02
-3.474855071653493166e-02
-3.474855071653511901e-02
-3.474855071653489696e-02
-3.511795179728692540e-02
-3.474855071653490390e-02
-3.474855071653494554e-02
-3.474855071653493166e-02
-3.474855071653493166e-02
-3.511791345183428587e-02
-3.474859793890805459e-02
-3.511791345183424423e-02
-3.474859793890808235e-02
-3.474859793890811704e-02
-3.474859793890808235e-02
-3.474859793890811704e-02
-3.511791345183450097e-02
-3.511791345183435525e-02
-3.511791345183450097e-02
-3.511791345183448709e-02
-3.474859793890810317e-02
-3.474859793890814480e-02
-3.474859793890817256e-02
-3.474859793890812398e-02
-3.511791648441912883e-02
-3.549525979392401109e-02
-3.511791648441912883e-02
-3.474859793890803378e-02
-3.474859793890803378e-02
-3.474859793890803378e-02
-3.474859793890806153e-02
-3.474859793890817256e-02
-3.474924609060688063e-02
-3.474924609060690839e-02
-3.474924609060697778e-02
-3.474924609060697084e-02
-3.474924609060697084e-02
-3.474924609060697084e-02
-3.438896017322100318e-02
-3.511791648432057572e-02
-3.511791648432063817e-02
-3.511791648432063817e-02
-3.549524753045203707e-02
-3.511791648432069368e-02
-3.511791648432063123e-02
-3.511791648432065205e-02
-3.474855952873549120e-02
-3.474855952873544956e-02
-3.474855952873542181e-02
-3.474855952873557446e-02
-3.474855952873554671e-02
-3.474855952873551895e-02
-3.474855952873549814e-02
-3.511794288979576406e-02
-3.511794288979575018e-02
-3.511794288979570855e-02
-3.511794288979571549e-02
-3.474855952873558834e-02
-3.474855952873556753e-02
-3.474855952873553977e-02
-3.549537875842352641e-02
-3.474855403105606144e-02
-3.478812991858644399e-02
-3.474855403105606144e-02
-3.474855403105604756e-02
-3.474855403105609614e-02
-3.474855403105613083e-02
-3.474855403105601287e-02
-3.474855403105608920e-02
-3.474855403105601287e-02
-3.474855403105601287e-02
-3.334489165252399467e-02
-3.334489165252400855e-02
-3.334489165252405019e-02
-3.334489165252395304e-02
-3.334489165252395304e-02
-3.368523016274549420e-02
-3.361759250841592911e-02
-3.361759250841598462e-02
-3.361759250841604013e-02
-3.361759250841599850e-02
-3.361759250841591523e-02
-3.361759250841583196e-02
-3.361759250841594299e-02
-3.361759250841596380e-02
-3.361759250841606095e-02
-3.361759250841597074e-02
-3.361759250841592911e-02
-3.361759250841596380e-02
-3.368528551688979716e-02
-3.368528551688972777e-02
-3.368528551688973471e-02
-3.402655786582928915e-02
-3.403268083522798665e-02
-3.403268083522793808e-02
-3.403268083522804910e-02
-3.403268083522794502e-02
-3.403268083522793808e-02
-3.430209631191189629e-02
-3.430209631191186159e-02
-3.403269062673516809e-02
-3.403269062673520279e-02
-3.474969606969680047e-02
-3.403268083522771603e-02
-3.368528551688968614e-02
-3.403644041374149359e-02
-3.403644041374150747e-02
-3.403644041374153523e-02
-3.403644041374150747e-02
-3.403644041374150747e-02
-3.438748330520316476e-02
-3.438748901727720075e-02
-3.474982103442268710e-02
-3.474982103442261772e-02
-3.264023444375249716e-02
-3.264023444375262900e-02
-3.296798172018958195e-02
-3.296798172018974848e-02
-3.264023444375242777e-02
-3.231914287059144131e-02
-3.276670861861921691e-02
-3.276670861861925160e-02
-3.276670861861925854e-02
-3.309840334039867299e-02
-3.276670861861912670e-02
-3.276670861861927242e-02
-3.276670610576999654e-02
-3.276670610577001042e-02
-3.333710824485485585e-02
-3.333710824485483504e-02
-3.367743025696240400e-02
-3.333710824485482116e-02
-3.333710824485480728e-02
-3.333710824485485585e-02
-3.333710824485487667e-02
-3.300366378165330711e-02
-3.300366378165330711e-02
-3.333696417113626159e-02
-3.343708707329965529e-02
-3.377927245391380146e-02
-3.377927245391389166e-02
-3.377927245391385697e-02
-3.377927245391391942e-02
-3.377927245391382227e-02
-3.377927245391381533e-02
-3.313474447293343617e-02
-3.313474447293343617e-02
-3.347048557150848758e-02
-3.347048557150879983e-02
-3.347048557150884840e-02
-3.347048557150882758e-02
-3.347048557150884146e-02
-3.347048557150887615e-02
-3.347048557150879289e-02
-3.347048557150884146e-02
-3.347048557150893167e-02
-3.347048557150889003e-02
-3.347048557150887615e-02
-3.347048557150887615e-02
-3.347048557150882758e-02
-3.347048557150884146e-02
-3.347048557150882758e-02
-3.347048557150848064e-02
-3.313474447293354025e-02
-3.313474447293354719e-02
-3.313474447293353331e-02
-3.313474447293350555e-02
-3.313474447293356107e-02
-3.313474447293353331e-02
-3.313474447293355413e-02
-3.320452656244878009e-02
-3.313474447293343617e-02
-3.313474447293339453e-02
-3.313474447293339453e-02
-3.347048557150854309e-02
-3.347048557150855003e-02
-3.347048557150841125e-02
-3.347048557150852921e-02
-3.347048557150852921e-02
-3.347048557150848758e-02
-3.347048557150848758e-02
-3.450345814736174854e-02
-3.450345814736176242e-02
-3.450345814736167915e-02
-3.347095562466192303e-02
-3.347057120012572606e-02
-3.347057120012573300e-02
-3.381331126325707453e-02
-3.347057120012581627e-02
-3.347057120012573300e-02
-3.347057120012573994e-02
-3.347057120012565667e-02
-3.347057120012569137e-02
-3.280561189027326324e-02
-3.280561189027323549e-02
-3.280561189027327712e-02
-3.280561189027326324e-02
-3.280561189027322161e-02
-3.280561189027330488e-02
-3.280561189027329794e-02
-3.280561189027336039e-02
-3.381331420989160813e-02
-3.381331420989158731e-02
-3.381331420989158731e-02
-3.416314250360514421e-02
-3.381331420989155956e-02
-3.381331420989155956e-02
-3.381331420989162201e-02
-3.381331420989162895e-02
-3.416314250360524135e-02
-3.416314250360511645e-02
-3.381331420989153874e-02
-3.381331420989153180e-02
-3.381331420989155956e-02
-3.381331420989162201e-02
-3.381331420989164283e-02
-3.381331420989160813e-02
-3.347061857897632581e-02
-3.347061857897633275e-02
-3.347061857897631887e-02
-3.347061857897630499e-02
-3.347061857897640907e-02
-3.347061857897633275e-02
-3.313476873243220711e-02
-3.313476873243215159e-02
-3.347051848560991805e-02
-3.347051848560998744e-02
-3.347051848560989723e-02
-3.347051848560986254e-02
-3.347076136032632598e-02
-3.415656600686059474e-02
-3.447841134748081543e-02
-3.415656600686066413e-02
-3.415656600686069883e-02
-3.415656600686065719e-02
-3.415656600686056699e-02
-3.415656600686058780e-02
-3.415656600686062944e-02
-3.450985457125086558e-02
-3.450985457125080313e-02
-3.347076136032636762e-02
-3.347076136032629823e-02
-3.381342112635395830e-02
-3.347076136032627047e-02
-3.347076136032624966e-02
-3.347076136032629129e-02
-3.347076136032637456e-02
-3.347076136032638843e-02
-3.377145649466890137e-02
-3.347076136032630517e-02
-3.347076136032637456e-02
-3.347076136032637456e-02
-3.347076136032635374e-02
-3.387343524124070138e-02
-3.387343524124076383e-02
-3.387343524124063199e-02
-3.381343064383311725e-02
-3.381343064383313113e-02
-3.416325192011385875e-02
-3.416325192011390038e-02
-3.416325192011392814e-02
-3.381342112635419422e-02
-3.381342112635411790e-02
-3.381342112635418728e-02
-3.381342112635411790e-02
-3.347065509890752993e-02
-3.313486902646983756e-02
-3.313486902646986532e-02
-3.313486902646990001e-02
-3.313486902646978205e-02
-3.313486902646982368e-02
-3.313486902646972654e-02
-3.313486902646976817e-02
-3.313486902646986532e-02
-3.313486902646978899e-02
-3.313486902646983062e-02
-3.313486902646983062e-02
-3.313486902646978899e-02
-3.313486902646983062e-02
-3.313486902646974736e-02
-3.313486902646981674e-02
-3.313486902646982368e-02
-3.346471236547846756e-02
-3.347065772518318522e-02
-3.347065772518319909e-02
-3.347065772518314358e-02
-3.347065772518322685e-02
-3.347065772518318522e-02
-3.381339599443786148e-02
-3.280339599614715690e-02
-3.313308521368030224e-02
