-1.739258648378798691e-02
-1.739258648379228556e-02
-1.739258648378483318e-02
-1.739258648379271577e-02
-1.739258648378855937e-02
-1.739258648378818467e-02
-1.702555029522869259e-02
-1.702555029522880709e-02
-1.702555029522881055e-02
-1.702555029522876545e-02
-1.702555029522880015e-02
-1.683052541018724424e-02
-1.683052541018726506e-02
-1.683052541018719220e-02
-1.683052541018712975e-02
-1.683052541018709852e-02
-1.689850708453921602e-02
-1.683052541018718873e-02
-1.707819452053797871e-02
-1.707819452053792667e-02
-1.707819452053792320e-02
-1.637637702595247380e-02
-1.637637702595254319e-02
-1.637637702595248421e-02
-1.640994688714795743e-02
-1.643357109602269078e-02
-1.643357109602265609e-02
-1.643357109602268384e-02
-1.643357109602268384e-02
-1.643357109602270813e-02
-1.637637702595248421e-02
-1.637637702595248421e-02
-1.637637702595248421e-02
-1.637637702595248074e-02
-1.637637702595247727e-02
-1.650479996559839693e-02
-1.650479996559846285e-02
-1.650479996559839693e-02
-1.657019908315522649e-02
-1.663559973714677162e-02
-1.657019908315517098e-02
-1.683623442875015891e-02
-1.676901866801473392e-02
-1.676901866801464372e-02
-1.676901866801470617e-02
-1.676901866801471658e-02
-1.676901866801473046e-02
-1.676901866801473392e-02
-1.683629315161644033e-02
-1.676901866801473392e-02
-1.676901866801473046e-02
-1.676901866801473046e-02
-1.676901866801475474e-02
-1.683629282618705203e-02
-1.690405573401857972e-02
-1.683629282618699652e-02
-1.690377855528771289e-02
-1.690377855528785167e-02
-1.690377855528790371e-02
-1.690377855528782391e-02
-1.690377855528784473e-02
-1.690377855528785167e-02
-1.690377855528785167e-02
-1.683629147818338848e-02
-1.683629147818338848e-02
-1.683629147818341623e-02
-1.697210790990273666e-02
-1.697360106051261711e-02
-1.690405642693556046e-02
-1.690405642693556046e-02
-1.690405642693551883e-02
-1.690405642693551883e-02
-1.690405642693549801e-02
-1.690405642693545291e-02
-1.690405642693545984e-02
-1.690396322791029235e-02
-1.690396322791029235e-02
-1.690396322791029235e-02
-1.683629238177242193e-02
-1.697239150434185981e-02
-1.690406165963228777e-02
-1.676908543075723498e-02
-1.676908543075728703e-02
-1.676908543075724192e-02
-1.683629102556223611e-02
-1.696976015058043394e-02
-1.696976015058050680e-02
-1.696976015058050680e-02
-1.690348695595672232e-02
-1.683629215294009732e-02
-1.690405483107497442e-02
-1.690405483107497442e-02
-1.690405483107505769e-02
-1.690405483107503340e-02
-1.683629215294005915e-02
-1.683629215294008344e-02
-1.683629215294005915e-02
-1.683629215293997589e-02
-1.683624468439675823e-02
-1.683629363468787388e-02
-1.683629363468775592e-02
-1.683629363468775592e-02
-1.683629363468775592e-02
-1.687371246270399916e-02
-1.690294483101184228e-02
-1.690294483101177983e-02
-1.690405586547875233e-02
-1.683629363468773857e-02
-1.697238464253195134e-02
-1.697238464253192705e-02
-1.697238464253193399e-02
-1.697238464253196175e-02
-1.681690589752890541e-02
-1.681690589752885684e-02
-1.681690589752888113e-02
-1.681690589752892623e-02
-1.674918521531418986e-02
-1.674918521531415169e-02
-1.681690589752892623e-02
-1.681690589752892623e-02
-1.681686072538656623e-02
-1.674918521531403720e-02
-1.674918521531410312e-02
-1.674918521531406496e-02
-1.674918521531416210e-02
-1.738638754993594368e-02
-1.738638754993589164e-02
-1.738638754993597837e-02
-1.731406908719718488e-02
-1.731406908719714324e-02
-1.738638754993606164e-02
-1.731406908719717447e-02
-1.724236673143692000e-02
-1.724236673143688531e-02
-1.724236673143688531e-02
-1.724236673143688184e-02
-1.690200889339860471e-02
-1.690200889339847287e-02
-1.690200889339842083e-02
-1.682740345797744189e-02
-1.697043422205174457e-02
-1.690200889339844512e-02
-1.683415041060564235e-02
-1.683415041060561806e-02
-1.690200891411976214e-02
-1.683415041060561806e-02
-1.683415041060568051e-02
-1.683415041060564582e-02
-1.717839109489880181e-02
-1.710822403059551397e-02
-1.710822403059543764e-02
-1.697043562524177054e-02
-1.683415041060559031e-02
-1.683415041060559031e-02
-1.697002991324403701e-02
-1.690200891411976561e-02
-1.683415041060564929e-02
-1.683415041060559031e-02
-1.690200959446959764e-02
-1.690200959446962539e-02
-1.697043446521309673e-02
-1.697043446521306551e-02
-1.690200959446958029e-02
-1.696807388812946599e-02
-1.690200959446949355e-02
-1.690200959446947274e-02
-1.731927674495779140e-02
-1.753365066311670176e-02
-1.753365066311675727e-02
-1.753365066311678502e-02
-1.753365066311664971e-02
-1.753365066311673298e-02
-1.775702164289511345e-02
-1.768195786807652894e-02
-1.768195786807653241e-02
-1.768195786807652894e-02
-1.768195786807652894e-02
-1.768195786807659139e-02
-1.746724683028783379e-02
-1.746724683028790318e-02
-1.753835298919240171e-02
-1.746724834340479537e-02
-1.746724834340478497e-02
-1.746724834340475374e-02
-1.761426199782252511e-02
-1.746724683428987901e-02
-1.761342798207227861e-02
-1.746724835542210613e-02
-1.746724835542207144e-02
-1.746724835542210613e-02
-1.754034125512866915e-02
-1.732273733789973374e-02
-1.732273733789973374e-02
-1.739468061600970075e-02
-1.739468061600961749e-02
-1.732273733789968517e-02
-1.732273684299923816e-02
-1.732273684299928673e-02
-1.732273684299921387e-02
-1.732273684299926245e-02
-2.017996045663105267e-02
-2.017996045663104226e-02
-2.018006935410329716e-02
-2.018006935410329716e-02
-2.011977591398561582e-02
-2.011977591398559848e-02
-2.011977591398561929e-02
-2.011977591398561929e-02
-2.011977591398561929e-02
-2.011977591398560888e-02
-2.018006935410330410e-02
-2.018006935410330410e-02
-2.018006935410332492e-02
-2.011977591398560888e-02
-2.011977591398559501e-02
-2.011977591398558460e-02
-2.011977591398558807e-02
-2.011977591398559501e-02
-2.011977591398559848e-02
-2.011977591398558807e-02
-2.011977591398559848e-02
-2.011977591398558807e-02
-2.011977591398559848e-02
-2.011977591398559848e-02
-2.012200435251550873e-02
-2.012200435251550873e-02
-2.012200435251550179e-02
-2.012200435251551914e-02
-2.012200435251550179e-02
-2.012200435251550873e-02
-2.018116814771627604e-02
-2.018179673642328184e-02
-2.018179673642330960e-02
-2.018179673642331654e-02
-2.018179673642332000e-02
-2.018179673642332000e-02
-2.018179673642330613e-02
-2.018179673642330613e-02
-2.012200435251552608e-02
-2.012200435251552608e-02
-2.018179673642333041e-02
-2.018179673642334082e-02
-2.018179673642330960e-02
-2.024259900979042195e-02
-2.024259900979041155e-02
-2.024259900979041502e-02
-2.030322646232961964e-02
-2.041706778166443512e-02
-2.041706778166443512e-02
-2.047880105179715124e-02
-2.047880105179715124e-02
-2.047880105179716165e-02
-2.047880105179715471e-02
-2.047880105179716165e-02
-2.047880105179715124e-02
-2.041706778166444552e-02
-2.041706778166444552e-02
-2.041706778166443859e-02
-2.041706778166444552e-02
-2.030323292178605465e-02
-2.036423742635727271e-02
-2.036423742635723802e-02
-2.036423742635725190e-02
-2.036423742635725190e-02
-2.036423742635728659e-02
-2.036423742635723455e-02
-2.030323292178607894e-02
-2.042562618139708713e-02
-2.042656600327514074e-02
-2.042562618139707672e-02
-2.042562618139709060e-02
-2.030322646232959882e-02
-2.030322646232959882e-02
-2.030322646232959882e-02
-2.041872669178684124e-02
-2.041872669178683083e-02
-2.041872669178686553e-02
-2.024327308915751383e-02
-2.024327308915752077e-02
-2.024327308915753118e-02
-2.024327308915753118e-02
-2.024327308915752424e-02
-2.024327308915751383e-02
-2.030382757086586151e-02
-2.030382757086585457e-02
-2.024327308915751383e-02
-2.024327308915752077e-02
-2.024327308915751036e-02
-2.036476137601056155e-02
-2.036476137601057196e-02
-2.036476137601055114e-02
-2.030382802584511717e-02
-2.030382802584513452e-02
-2.030382802584513452e-02
-2.024327308915755200e-02
-2.024327308915753465e-02
-2.030382757086589621e-02
-2.024327308915751730e-02
-2.024327308915754159e-02
-2.024327308915753465e-02
-2.024327308915752424e-02
-2.024327308915750689e-02
-2.024327308915751730e-02
-2.031058638374807351e-02
-2.036400654639131461e-02
-2.036560006532754999e-02
-2.030445604154849926e-02
-2.036560006532756387e-02
-2.030445604154850620e-02
-2.030445604154849232e-02
-2.030445604154849926e-02
-2.024495946715238609e-02
-2.030445604154850620e-02
-2.030445604154850966e-02
-2.030445604154849232e-02
-2.036559230639478982e-02
-2.030445604154847844e-02
-2.030445604154848191e-02
-2.030445604154847497e-02
-2.024309357952833524e-02
-2.030375765050631762e-02
-2.030375765050634190e-02
-2.024309357952836994e-02
-2.024309357952834912e-02
-2.024309357952830749e-02
-2.024309357952835953e-02
-2.024309357952835953e-02
-2.024309357952834912e-02
-2.024309357952832830e-02
-2.030375886064817934e-02
-2.030375886064821403e-02
-2.030375886064820709e-02
-2.030375886064824179e-02
-2.036910812633264609e-02
-2.036910812633265302e-02
-2.036910812633263915e-02
-2.036910812633263915e-02
-2.036910812633265649e-02
-2.036910812633265302e-02
-2.036910812633265302e-02
-2.031009545594575708e-02
-2.031009545594573973e-02
-2.036986376256727516e-02
-2.036910812633267731e-02
-2.036910812633266690e-02
-2.036910812633265302e-02
-2.036910812633264262e-02
-2.036910812633263221e-02
-2.036910812633265302e-02
-2.036910812633266690e-02
-2.036910812633265649e-02
-2.042996550205410794e-02
-2.049112819310373867e-02
-2.042996565410494167e-02
-2.042996565410495555e-02
-2.042996565410494861e-02
-2.042996565410496249e-02
-2.042998403770418872e-02
-2.042998403770416790e-02
-2.042998403770418872e-02
-2.042998403770416790e-02
-2.049114390611967221e-02
-2.049121821834123253e-02
-2.055283631105928738e-02
-2.042998403770416097e-02
-2.036912961275979053e-02
-2.036912961275979053e-02
-2.036912961275979053e-02
-2.036912961275980094e-02
-2.036912961275980788e-02
-2.036912961275980094e-02
-2.036912961275979053e-02
-2.036912961275982176e-02
-2.036912961275981482e-02
-2.036912961275982523e-02
-2.036912961275979400e-02
-2.036912961275980788e-02
-2.036912961275982176e-02
-2.036912961275980788e-02
-2.036912961275980788e-02
-2.048535143880718390e-02
-2.048535143880718390e-02
-2.048535143880716655e-02
-2.042416003450488876e-02
-2.042996836480777054e-02
-2.042996836480777401e-02
-2.086629991911680831e-02
-2.086629991911680138e-02
-2.079229510594698613e-02
-2.079229510594700348e-02
-2.079229510594701388e-02
-2.079229510594701735e-02
-2.079229510594700694e-02
-2.079229510594700694e-02
-2.079229510594701735e-02
-2.091968780446197204e-02
-2.091968780446195816e-02
-2.091968780446198592e-02
-2.079229510594700694e-02
-2.079229510594700694e-02
-2.074002313083339252e-02
-2.074002313083339946e-02
-2.074002313083337518e-02
-2.080316813590622066e-02
-2.061489973371862308e-02
-2.067665363459304448e-02
-2.061489973371863349e-02
-2.061489973371863349e-02
-2.061489973371863349e-02
-2.067725733858100795e-02
-2.061489973371863349e-02
-2.061489973371863349e-02
-2.061489973371862655e-02
-2.061489973371861614e-02
-2.061490365919483800e-02
-2.074001325902679466e-02
-2.074001325902677731e-02
-2.074001325902676690e-02
-2.074001325902676343e-02
-2.074001325902678078e-02
-2.074001325902677037e-02
-2.074001325902675302e-02
-2.074001325902677384e-02
-2.074001325902677731e-02
-2.074001325902677037e-02
-2.074001325902678425e-02
-2.074001325902677731e-02
-2.080286234700338271e-02
-2.036922330335334125e-02
-2.043005928396775597e-02
-2.043005928396776638e-02
-2.043005928396776985e-02
-2.071600219277235436e-02
-2.071600219277233007e-02
-2.065334774467962597e-02
-2.061487362127735479e-02
-2.074001378414363009e-02
-2.080317960016114451e-02
-2.080317960016110634e-02
-2.067724563854084902e-02
-2.067724563854084902e-02
-2.067724563854084902e-02
-2.061486833617991524e-02
-2.061486833617991177e-02
-2.061486833617992565e-02
-2.061486833617992565e-02
-2.055288639169755918e-02
-2.061486833617992565e-02
-2.055288639169755918e-02
-2.055288639169755918e-02
-2.055288639169756265e-02
-2.049123101132603597e-02
-2.049123101132603250e-02
-2.049123101132604291e-02
-2.049123101132605332e-02
-2.049123101132605332e-02
-2.049123101132604291e-02
-2.049123101132606026e-02
-2.049123101132605332e-02
-2.049123101132606373e-02
-2.061465083392078484e-02
-2.061567596504963393e-02
-2.049173537489870286e-02
-2.049173537489872368e-02
-2.049173537489870633e-02
-2.049173537489870633e-02
-2.049173537489868899e-02
-2.055328292490828448e-02
-2.055328292490828102e-02
-2.055328292490828448e-02
-2.055328292490828102e-02
-2.049173537489868899e-02
-2.049173537489871327e-02
-2.049173537489869940e-02
-2.049173537489869940e-02
-2.049173537489872368e-02
-2.049173537489870286e-02
-2.049173537489871327e-02
-2.049173537489870286e-02
-2.049173537489870286e-02
-2.049173537489868899e-02
-2.055351050042721756e-02
-2.055351050042719674e-02
-2.055280216055644510e-02
-2.055280216055642428e-02
-2.055280216055643469e-02
-2.055280216055640694e-02
-2.055280216055639653e-02
-2.055280216055639653e-02
-2.061478278872964226e-02
-2.067700680860522916e-02
-2.061418023209385386e-02
-2.061418023209385386e-02
-2.061418023209382264e-02
-2.061418023209383998e-02
-2.061418023209385039e-02
-2.061418023209383998e-02
-2.061482420573049548e-02
-2.061482420573049548e-02
-2.061482420573048507e-02
-2.061482420573048507e-02
-2.055283435698603695e-02
-2.055283435698601613e-02
-2.055310024900785723e-02
-2.042957108568656602e-02
-2.042957108568656602e-02
-2.042957108568658336e-02
-2.042957108568657296e-02
-2.042957108568655908e-02
-2.042957108568655908e-02
-2.042957108568656949e-02
-2.042957108568656949e-02
-2.048995883211516059e-02
-2.048995883211516059e-02
-2.049074836016841206e-02
-2.049074836016841206e-02
-2.073934463196084113e-02
-2.073934463196082725e-02
-2.086596934092500161e-02
-2.086596934092498773e-02
-2.086596934092498426e-02
-2.080245642505113707e-02
-2.080245642505110237e-02
-2.080245642505112319e-02
-2.080245642505111625e-02
-2.080245642505110931e-02
-2.080245642505111625e-02
-2.080245642505111625e-02
-2.086596708017380772e-02
-2.080245642505111625e-02
-2.086531188277876772e-02
-2.086596708017382854e-02
-2.086596708017383547e-02
-2.080245642505109890e-02
-2.080245642505109890e-02
-2.080245642505109543e-02
-2.080245642505107462e-02
-2.080245642505110584e-02
-2.080245642505110584e-02
-2.055232811163447415e-02
-2.055232811163447415e-02
-2.055232811163448803e-02
-2.055232811163447415e-02
-2.067659789094598161e-02
-2.061426760431105121e-02
-2.061426760431065916e-02
-2.067659773412004048e-02
-2.061426760431065916e-02
-2.055232810152081077e-02
-2.061426541864281453e-02
-2.061426541864281453e-02
-2.061426541864282841e-02
-2.055232810152082812e-02
-2.055232810152081771e-02
-2.055232810152079689e-02
-2.055232810152081077e-02
-2.055232810152081077e-02
-2.055232810152081077e-02
-2.055232810152081771e-02
-2.055232810152082812e-02
-2.061422728863564202e-02
-2.055232810152081771e-02
-2.055232810152081077e-02
-2.055232810152079689e-02
-2.055232810152078995e-02
-2.055232810152081771e-02
-2.067295726642084941e-02
-2.061426541864284229e-02
-2.055232810152080730e-02
-2.055232810152080730e-02
-2.073907491856262150e-02
-2.073907491856261109e-02
-2.080041480278354074e-02
-2.086433419221554383e-02
-2.073907491856258681e-02
-2.080215855267589925e-02
-2.073930707741827167e-02
-2.073930707741828902e-02
-2.073930707741829249e-02
-2.073930707741827167e-02
-2.073930707741828902e-02
-2.073930707741828208e-02
-2.073930707741828208e-02
-2.073930707741828208e-02
-2.073930707741829249e-02
-2.073930707741828902e-02
-2.073930707741828902e-02
-2.073930707741829943e-02
-2.073930723217437197e-02
-2.073930723217434421e-02
-2.080064854720762441e-02
-2.067661968051549143e-02
-2.067661968051549143e-02
-2.067661968051549143e-02
-2.067661968051549490e-02
-2.067661968051547408e-02
-2.073930102713873042e-02
-2.073927743290928868e-02
-2.073927743290928175e-02
-2.067661968051546367e-02
-2.073930707741824392e-02
-2.073930707741826474e-02
-2.073930707741827514e-02
-2.073930707741826127e-02
-2.073930707741827167e-02
-2.073930707741825780e-02
-2.073930707741827167e-02
-2.073930707741827167e-02
-2.073930707741827514e-02
-2.073930707741825780e-02
-2.073930707741829596e-02
-2.073930707741826820e-02
-2.073930707741826820e-02
-2.073930707741826820e-02
-2.073930707741826820e-02
-2.067661968051548449e-02
-2.067661968051548449e-02
-2.080231795930363031e-02
-2.080231795930366154e-02
-2.080231795930363725e-02
-2.080231795930364072e-02
-2.080389854337516206e-02
-2.080389854337516206e-02
-2.067661968051549837e-02
-2.067661968051549837e-02
-2.043152633001164495e-02
-2.043152633001164842e-02
-2.043152633001164495e-02
-2.049289047750387990e-02
-2.049289047750387990e-02
-2.049289047750386950e-02
-2.049289047750386603e-02
-2.067659082682019034e-02
-2.067659082682019381e-02
-2.067659082682019728e-02
-2.067659082682019381e-02
-2.074364957566957740e-02
-2.074364957566959128e-02
-2.061678641712354210e-02
-2.067931482675407565e-02
-2.061678641712354557e-02
-2.067931482675409646e-02
-2.055465071934574686e-02
-2.061678469573114542e-02
-2.055465071934573992e-02
-2.055465071934574686e-02
-2.055465071934574339e-02
-2.078971434028734425e-02
-2.061153290125469772e-02
-2.061153290125468732e-02
-2.061153290125468732e-02
-2.061153290125468732e-02
-2.061153290125469772e-02
-2.061153290125471507e-02
-2.061059884758810121e-02
-2.054962782756691517e-02
-2.054962782756692558e-02
-2.054962782756692211e-02
-2.054962782756695333e-02
-2.061153290125471854e-02
-2.061153290125471507e-02
-2.061153290125471507e-02
-2.061153290125472895e-02
-2.061153290125471854e-02
-2.061153290125474977e-02
-2.061153290125472548e-02
-2.061153356030218098e-02
-2.067382263104081824e-02
-2.061153356030218098e-02
-2.061153356030218098e-02
-2.064967203260087425e-02
-2.064967203260087425e-02
-2.061153356030218098e-02
-2.061153356030218098e-02
-2.061153356030217057e-02
-2.061153356030217057e-02
-2.061153356030217057e-02
-2.061153356030217057e-02
-2.061153356030218098e-02
-2.061153356030219139e-02
-2.061153356030218098e-02
-2.061153356030217057e-02
-2.061153356030218098e-02
-2.061153356030217057e-02
-2.061153356030218098e-02
-2.061153356030216016e-02
-2.061153356030218098e-02
-2.061153356030218098e-02
-2.061153356030217057e-02
-2.067382263104083212e-02
-2.061153356030214281e-02
-2.061153356030217057e-02
-2.061153356030215322e-02
-2.061153356030217057e-02
-2.061153356030219139e-02
-2.061153356030219139e-02
-2.061153356030219139e-02
-2.061153356030218098e-02
-2.061153356030218098e-02
-2.061153356030218098e-02
-2.061153356030219139e-02
-2.061153356030218098e-02
-2.061153356030218098e-02
-2.061153356030219139e-02
-2.061153356030218098e-02
-2.061153356030218098e-02
-2.067359240083379429e-02
-2.061153356030219139e-02
-2.061153356030219139e-02
-2.061153356030218098e-02
-2.048891043239264853e-02
-2.048891043239263812e-02
-2.054989570634203552e-02
-2.054989570634203552e-02
-2.042871461125997726e-02
-2.042871461125994603e-02
-2.055157852412722863e-02
-2.055157852412723210e-02
-2.055157852412725639e-02
-2.055157852412723904e-02
-2.055157852412723904e-02
-2.055157852412724945e-02
-2.055157852412725639e-02
-2.055157852412724251e-02
-2.055157852412725986e-02
-2.055157852412724598e-02
-2.055157852412724598e-02
-2.055157852412724598e-02
-2.048995621138169354e-02
-2.048995621138170742e-02
-2.048995621138170048e-02
-2.048995452058835487e-02
-2.055157852411461372e-02
-2.048995452058834793e-02
-2.048995452058834793e-02
-2.042871461125993909e-02
-2.042871461125993909e-02
-2.055157929707168707e-02
-2.061359180184493128e-02
-2.017076375389881618e-02
-2.017076375389883006e-02
-2.011788853551500084e-02
-2.011788853551501124e-02
-2.006157634752641153e-02
-2.006157634752641153e-02
-2.006164764040890836e-02
-2.006164764040891529e-02
-1.969454669203301103e-02
-1.969454669203300756e-02
-1.963544684196143544e-02
-1.963544684196145279e-02
-1.969454669203301450e-02
-1.969454669203301450e-02
-1.969454669203301450e-02
-1.969454669203301797e-02
-1.969454669203302838e-02
-1.975327729673672858e-02
-1.975327729673674246e-02
-1.975327729673673552e-02
-1.975327729673672164e-02
-1.981237191408637133e-02
-1.969454901916480039e-02
-1.969454901916479345e-02
-1.969454901916480039e-02
-1.969454901916480039e-02
-1.969454901916480385e-02
-1.975327850111929101e-02
-1.975327850111930489e-02
-1.981237304969203986e-02
-1.975327850111927713e-02
-1.975327850111929448e-02
-1.969454901916477263e-02
-1.969454901916477610e-02
-1.975327715013400209e-02
-1.975327715013397087e-02
-2.049551023936006106e-02
-2.049551023936005412e-02
-2.049551023936006799e-02
-2.049551023936006452e-02
-2.055883551492963118e-02
-2.049551023936006452e-02
-2.049551023936004371e-02
-2.049551023936006452e-02
-2.055883551492962077e-02
-2.049551023936006452e-02
-2.049551023936005759e-02
-2.037006556312680183e-02
-2.043258659383312068e-02
-2.043259077414912028e-02
-2.043259077414911334e-02
-2.043259077414911334e-02
-2.043259077414913069e-02
-2.043259077414911334e-02
-2.043259077414911334e-02
-2.049550556382746802e-02
-2.055882561778241829e-02
-2.043259077414910294e-02
-2.043259077414912375e-02
-2.043259077414913069e-02
-2.055863726863510835e-02
-2.055863726863510835e-02
-2.043259077414911334e-02
-2.043259077414912375e-02
-2.043259077414912375e-02
-2.043259077414913069e-02
-2.043259077414911334e-02
-2.043259077414915151e-02
-2.043259077414916192e-02
-2.043259077414913069e-02
-2.043259077414915151e-02
-2.043259077414911334e-02
-2.043259077414910987e-02
-2.043259077414911334e-02
-2.043259077414912028e-02
-2.043259077414915151e-02
-2.043259077414912028e-02
-2.043259077414913069e-02
-2.043259077414910294e-02
-2.043259077414912375e-02
-2.043259077414908559e-02
-2.049550540159396708e-02
-2.043259077414909253e-02
-2.043259077414909600e-02
-2.043259077414909600e-02
-2.043259077414909600e-02
-2.043259077414910294e-02
-2.049550540159399831e-02
-2.049546724555386182e-02
-2.049546724555387223e-02
-2.049546724555387223e-02
-2.049546724555387570e-02
-2.049546724555389651e-02
-2.049546724555387917e-02
-2.049546724555386182e-02
-2.055814118667585039e-02
-2.049546724555386876e-02
-2.055878451079243621e-02
-2.055878451079245356e-02
-2.055878451079242580e-02
-2.049546724555387917e-02
-2.055789363394005045e-02
-2.055789363394003311e-02
-2.049457343828821679e-02
-2.049457343828820638e-02
-2.055789363394004005e-02
-2.055789363394002964e-02
-2.055789363394004005e-02
-2.055789363394000882e-02
-2.049673677323173709e-02
-2.049673677323174056e-02
-2.049673677323173362e-02
-2.055789363394006433e-02
-2.049457343828822720e-02
-2.068605821396866593e-02
-2.055818004157637310e-02
-2.049659395263176559e-02
-2.049659395263176906e-02
-2.056003060608611530e-02
-2.055883806128833147e-02
-2.055883806128833147e-02
-2.055883806128831759e-02
-2.055883806128830718e-02
-2.059337615394379525e-02
-2.059337579985617839e-02
-2.052978122055142129e-02
-2.052978122055143170e-02
-2.052978122055142476e-02
-2.052978122055143170e-02
-2.052978122055143170e-02
-2.043258659383314843e-02
-2.043258659383315884e-02
-2.052311573907100381e-02
-2.052311573907100034e-02
-2.052311573907100034e-02
-2.052311573907100034e-02
-2.052311573907100034e-02
-2.052311573907100034e-02
-2.052311573907099340e-02
-2.052311573907100034e-02
-2.052311573907100034e-02
-2.052311573907100034e-02
-2.052311573907100034e-02
-2.052311573907100034e-02
-2.052311573907100034e-02
-2.058668425766229867e-02
-2.052311573907099340e-02
-2.052311573907100034e-02
-2.052311573907100034e-02
-2.052311573907100034e-02
-2.052311573907100034e-02
-2.052311573907100034e-02
-2.052311573907100034e-02
-2.052311573907100034e-02
-2.052311573907100034e-02
-2.052311573907100034e-02
-2.052311573907100034e-02
-2.052311573907100034e-02
-2.052311573907098299e-02
-2.052311573907100034e-02
-2.052311573907101422e-02
-2.052311573907100034e-02
-2.052311573907100034e-02
-2.052311573907100034e-02
-2.052311573907103157e-02
-2.052311573907102116e-02
-2.052311573907102116e-02
-2.052311573907100034e-02
-2.058668425766230561e-02
-2.065066609234891132e-02
-2.071506093733522375e-02
-2.071506093733522375e-02
-2.071506093733522375e-02
-2.065066609234889744e-02
-2.065066609234889744e-02
-2.065066609234892520e-02
-2.057500639620710517e-02
-2.057500639620709476e-02
-2.057500639620706701e-02
-2.057500639620708782e-02
-2.057500639620707741e-02
-2.057500639620710517e-02
-2.057500639620711558e-02
-2.057500639620710517e-02
-2.057500639620708435e-02
-2.057500639620709476e-02
-2.057622925067885064e-02
-2.057622925067884370e-02
-2.057622925067884717e-02
-2.057622925067884717e-02
-2.058669160619210764e-02
-2.058669160619213193e-02
-2.058669160619212846e-02
-2.058669160619213193e-02
-2.058669160619211805e-02
-2.058669160619212152e-02
-2.058669160619213886e-02
-2.058669160619212846e-02
-2.098865929732729799e-02
-2.098865929732726676e-02
-2.098865929732729799e-02
-2.112241401593706325e-02
-2.105531564736621425e-02
-2.105531564736621425e-02
-2.105531564736621425e-02
-2.075349403992335362e-02
-2.075349403992334668e-02
-2.075349403992336403e-02
-2.069025420883890271e-02
-2.075325524893593260e-02
-2.095974757909496375e-02
-2.089368490934181630e-02
-2.081589788347529280e-02
-2.081589788347530667e-02
-2.088139180110917467e-02
-2.088139180110916426e-02
-2.081589788347531014e-02
-2.081822470457785415e-02
-2.081822470457787844e-02
-2.081822470457785068e-02
-2.081822470457784027e-02
-2.081822470457785068e-02
-2.081822470457786109e-02
-2.081822470457786109e-02
-2.081822470457788538e-02
-2.081822470457787150e-02
-2.081822470457786109e-02
-2.081822470457785068e-02
-2.081660685029410388e-02
-2.088199795129580191e-02
-2.081660685029410388e-02
-2.081660685029411775e-02
-2.081660685029411081e-02
-2.081660685029412122e-02
-2.081660685029410388e-02
-2.075082791103792165e-02
-2.075082791103790431e-02
-2.075082791103790431e-02
-2.075082791103792512e-02
-2.075082791103790431e-02
-2.079015010574093020e-02
-2.075082791103789390e-02
-2.081589747488476680e-02
-2.075349403992334321e-02
-2.075349403992334321e-02
-2.095004807432822996e-02
-2.095004807432823690e-02
-2.095004807432822649e-02
-2.101642289096959659e-02
-2.101642289096959659e-02
-2.101642289096958965e-02
-2.101642289096957925e-02
-2.101642289096959659e-02
-2.101642289096959659e-02
-2.095004807432823690e-02
-2.095004807432822649e-02
-2.015102428814936203e-02
-2.015102428814932733e-02
-2.015102428814935162e-02
-2.015102428814936550e-02
-2.015102428814933427e-02
-2.015102428814934815e-02
-2.015102428814936203e-02
-2.027477949993979067e-02
-2.021282660355075422e-02
-2.021282660355076810e-02
-2.021282660355076810e-02
-2.015126691426185473e-02
-2.015126691426183739e-02
-2.015126691426183739e-02
-2.015126691426184780e-02
-2.015126691426182698e-02
-2.015126691426184780e-02
-2.015126691426185473e-02
-2.020931435766984419e-02
-2.015102428814937244e-02
-2.002962008282484566e-02
-2.002962008282484566e-02
-2.002962008282485606e-02
-2.002962008282483872e-02
-2.002962008282482831e-02
-2.002962008282484913e-02
-2.002962008282485953e-02
-2.015167398839739013e-02
-2.015167398839741442e-02
-2.015167398839741442e-02
-2.015167398839740401e-02
-2.009047450994382727e-02
-2.009047450994384115e-02
-2.009047450994385156e-02
-2.015167398839740748e-02
-2.009047450994386197e-02
-2.009047450994385850e-02
-2.009047450994384115e-02
-2.009047450994383074e-02
-2.009047450994384115e-02
-2.009047450994382034e-02
-2.021303564182580503e-02
-2.021303564182580850e-02
-2.015167430058948175e-02
-2.015167430058945747e-02
-2.015167430058945747e-02
-2.015167430058946094e-02
-2.015167430058946788e-02
-2.021326236220169145e-02
-2.015167430058948175e-02
-2.015167430058946788e-02
-2.021326236220169145e-02
-2.015167430058946788e-02
-2.015167430058945400e-02
-2.015167430058946441e-02
-2.015167430058945400e-02
-2.015167523124290760e-02
-2.009081580158553204e-02
-2.015167523124291801e-02
-2.015167523124291801e-02
-2.015167523124290760e-02
-2.015167523124292495e-02
-2.015167523124293883e-02
-2.021326188665380566e-02
-2.015167523124292148e-02
-2.009147964136096670e-02
-2.021206992886588269e-02
-2.021206992886589657e-02
-2.021206992886588269e-02
-2.021206992886591738e-02
-2.021326204416489664e-02
-2.021326204416489664e-02
-2.021326204416490011e-02
-2.027520495276266890e-02
-2.015167523124293189e-02
-2.015167523124291454e-02
-2.015167523124291454e-02
-2.015167523124292842e-02
-2.015168097910184294e-02
-2.015168097910186376e-02
-2.015168097910186376e-02
-2.021234722442943887e-02
-2.021234722442943887e-02
-2.021234722442943887e-02
-2.033672000472002903e-02
-2.033672000472002903e-02
-2.033672000472003943e-02
-2.033672000472003943e-02
-2.021234722442943887e-02
-2.021234722442943887e-02
-2.015168097910186723e-02
-2.015168097910185682e-02
-2.015168097910183601e-02
-2.015168097910186376e-02
-2.015181452539006532e-02
-2.015181452539006532e-02
-2.015181452539005491e-02
-2.015181452539007226e-02
-2.027535134026703378e-02
-2.015181452539008267e-02
-2.015181452539008267e-02
-2.015181452539008267e-02
-2.015181452539009307e-02
-2.015181452539007226e-02
-2.015181452539007573e-02
-2.021260835491920857e-02
-2.021260835491919816e-02
-2.021260835491919469e-02
-2.021260835491918428e-02
-2.021260835491920163e-02
-2.021260835491920857e-02
-2.021260835491919816e-02
-2.021260835491920163e-02
-2.021260835491920163e-02
-2.021260835491922245e-02
-2.021260835491921204e-02
-2.021260835491920163e-02
-2.027456759376291412e-02
-2.027304852640263513e-02
-2.027304852640262472e-02
-2.027304852640263513e-02
-2.015181452539007226e-02
-2.015181452539007920e-02
-2.015181452539007226e-02
-2.015181452539007226e-02
-2.015181452539006185e-02
-2.021338586587845959e-02
-2.021338586587847000e-02
-2.015181452539006532e-02
-2.015181452539006532e-02
-2.015181452539005491e-02
-2.021338633845822658e-02
-2.027535118221271415e-02
-2.027535118221271415e-02
-2.027535118221271415e-02
-2.015181452539004450e-02
-2.015181452539004450e-02
-2.021338586587847000e-02
-2.021338586587847000e-02
-2.040055558663099455e-02
-2.040055558663100843e-02
-2.040055558663100843e-02
-2.040055558663099455e-02
-2.040055558663101537e-02
-2.040055558663101537e-02
-2.040055558663101537e-02
-2.040055558663099455e-02
-2.040055558663101537e-02
-2.040055558663101537e-02
-2.040055558663099455e-02
-2.052705437769886815e-02
-2.046360137496682982e-02
-2.046360137496682982e-02
-2.046360137496682982e-02
-2.040055558663101537e-02
-2.046360121179914907e-02
-2.046360121179914907e-02
-2.046360121179914907e-02
-2.046360121179914907e-02
-2.040055558663098761e-02
-2.040055558663099455e-02
-2.046360121179913519e-02
-2.040055558663098761e-02
-2.040055558663099455e-02
-2.040147730107138083e-02
-2.040147730107140858e-02
-2.040055558663099802e-02
-2.040055558663099802e-02
-2.040055558663100843e-02
-2.040055558663100843e-02
-2.040055558663100843e-02
-2.040055558663099802e-02
-2.040055558663099802e-02
-2.040055558663098761e-02
-2.040055558663098761e-02
-2.040055558663098761e-02
-2.040055558663099802e-02
-2.040055558663100843e-02
-2.040055558663099802e-02
-2.040055558663099455e-02
-2.040055558663100843e-02
-2.040055558663100843e-02
-2.040055558663100843e-02
-2.040055558663099455e-02
-2.059052703529724512e-02
-2.059052703529724859e-02
-2.065480535107229107e-02
-2.071883226085035820e-02
-2.058919208626268024e-02
-2.058919208626267677e-02
-2.058919208626267677e-02
-2.058919208626268024e-02
-2.052532474290713962e-02
-2.052532474290712922e-02
-2.052532474290712922e-02
-2.052532474290712922e-02
-2.058919125943638878e-02
-2.052532474290713962e-02
-2.046186913524550288e-02
-2.046372393548131705e-02
-2.040059698632515003e-02
-2.033787468028248890e-02
-2.033787468028248890e-02
-2.033787468028248890e-02
-2.033787468028248890e-02
-2.040059682433343485e-02
-2.052726124739782942e-02
-2.046372669978323289e-02
-2.046372669978324330e-02
-2.046372669978322942e-02
-2.046372669978322248e-02
-2.052726124739783289e-02
-2.040065055792562865e-02
-2.040065055792563906e-02
-2.040065055792564253e-02
-2.046373191819066129e-02
-2.046373191819066129e-02
-2.046373191819067169e-02
-2.040065055792560783e-02
-1.947148715251320258e-02
-1.947148715251320258e-02
-1.953020756786776405e-02
-1.953020756786776405e-02
-1.953020756786776058e-02
-1.953020756786774670e-02
-1.947148715251320258e-02
-1.947148715251320605e-02
-1.947148715251319565e-02
-1.953020756786773629e-02
-1.953020756786773629e-02
-1.947148715251319218e-02
-1.947148715251319218e-02
-1.947148715251318871e-02
-1.953020771496305485e-02
-1.953020771496307220e-02
-1.953020771496307220e-02
-1.953020771496306873e-02
-1.953020771496306179e-02
-1.958885491924346189e-02
-1.941079646619990259e-02
-1.941116838531853697e-02
-1.935293753571415767e-02
-1.935293753571415767e-02
-1.935293753571416461e-02
-1.929506952193279709e-02
-1.929506952193279015e-02
-1.929506952193280056e-02
-1.929506952193280403e-02
-1.929506952193279709e-02
-1.935172218327100777e-02
-1.935172218327100777e-02
-1.941116882352102863e-02
-1.953047794519947519e-02
-1.953047794519947519e-02
-1.953047794519947172e-02
-1.953047794519946131e-02
-1.953047794519946478e-02
-1.958966273312203257e-02
-1.958966273312203257e-02
-1.953047794519948213e-02
-1.953047794519945785e-02
-1.958966273312203951e-02
-1.964922430705186296e-02
-1.970916322934418430e-02
-1.970916322934419471e-02
-1.970916322934418430e-02
-1.959500219798895881e-02
-1.959500219798895534e-02
-1.959500219798895881e-02
-1.959500219798895881e-02
-1.959500219798895881e-02
-1.959500219798895534e-02
-1.970507350361185017e-02
-1.970507350361185017e-02
-1.947717062194337379e-02
-1.947717062194338072e-02
-1.947717062194337725e-02
-1.947717062194336685e-02
-1.947717062194335991e-02
-1.947740453644828881e-02
-1.941904025691807562e-02
-1.941904025691807562e-02
-1.941904025691807562e-02
-1.941904025691807562e-02
-1.941904025691807562e-02
-1.941904025691808602e-02
-1.941904025691809296e-02
-1.941904025691809990e-02
-1.941904025691812766e-02
-1.941904025691812419e-02
-1.941904025691811725e-02
-1.941904025691811031e-02
-1.941904025691812766e-02
-1.941904025691812766e-02
-1.930338237069132920e-02
-1.930338237069132226e-02
-1.939551600272662948e-02
-1.941903405883856071e-02
-1.941903405883857459e-02
-1.941903405883856071e-02
-1.941903405883856071e-02
-1.936103013052306240e-02
-1.936103013052304159e-02
-1.936103013052304159e-02
-1.936103013052304853e-02
-1.936103013052304853e-02
-1.941623024918198021e-02
-1.930338499487189996e-02
-1.930338499487187914e-02
-1.930338499487189649e-02
-1.936049812956760000e-02
-1.930338499487189649e-02
-1.930338499487189649e-02
-1.930338499487187914e-02
-1.930338499487188955e-02
-1.930338499487188608e-02
-1.941903478864962646e-02
-1.941903478864962646e-02
-1.936102956277595613e-02
-1.936102956277596654e-02
-1.924609234716744346e-02
-1.924609234716744693e-02
-1.924609234716743653e-02
-1.930338228535628115e-02
-1.936102941956254278e-02
-1.924609234716744000e-02
-1.924609234716744346e-02
-1.924609234716744693e-02
-1.924609234716744693e-02
-1.924609234716746428e-02
-1.924609234716745040e-02
-1.924609234716741918e-02
-1.924609234716744000e-02
-1.924609234716743653e-02
-1.924609234716745734e-02
-1.924609234716744000e-02
-1.924609234716743653e-02
-1.930338214260968882e-02
-1.930338214260968882e-02
-1.924609234716741571e-02
-1.924609234716741571e-02
-1.924609234716744693e-02
-1.930338214260968188e-02
-1.924609234716743653e-02
-1.941705003586435135e-02
-1.941705003586433401e-02
-1.936102807286456742e-02
-1.936102807286456395e-02
-1.936102807286456395e-02
-1.924521551652541920e-02
-1.924521551652541920e-02
-1.930247208738102710e-02
-1.930247208738102363e-02
-1.924521551652541573e-02
-1.924521551652540879e-02
-1.922278067290399475e-02
-1.922278067290399475e-02
-1.922278067290399475e-02
-1.928026632967418455e-02
-1.928026632967418455e-02
-1.928026632967417761e-02
-1.928026632967417414e-02
-1.922123626188605369e-02
-1.922123626188605716e-02
-1.918816942188936517e-02
-1.918816942188936517e-02
-1.918816942188936517e-02
-1.924321158922421074e-02
-1.924321158922421074e-02
-1.924321158922420727e-02
-1.925483022391019650e-02
-1.924521547418580822e-02
-1.930261404833303815e-02
-1.930261404833302080e-02
-1.924521547418581863e-02
-1.924521547418579781e-02
-1.941849869393288963e-02
-1.941849869393288269e-02
-1.941849869393288269e-02
1.742220769964157243e-02
1.742220769964157243e-02
1.742220769964157243e-02
1.714407194126755032e-02
1.718979617125687351e-02
1.718979617125688392e-02
1.766478154915548937e-02
1.766478154915548937e-02
1.766478154915548937e-02
1.776130368455985584e-02
1.776130368455985237e-02
1.776130368455984890e-02
1.771205324986458579e-02
1.771205281579263727e-02
1.771205281579261645e-02
1.766478101147933924e-02
1.766478101147932189e-02
1.766478101147932883e-02
1.766478101147933230e-02
1.747706025124618617e-02
1.747706025124618617e-02
1.752321129410748177e-02
1.747706025124620699e-02
1.747706025124618617e-02
1.747706025124620699e-02
1.747706025124620699e-02
1.747706025124620005e-02
1.747706025124618270e-02
1.747706025124619658e-02
1.752321129410750605e-02
1.752321129410750258e-02
1.747706025124618617e-02
1.747706025124618270e-02
1.747706025124618270e-02
1.747706025124618270e-02
1.747706025124618617e-02
1.747706156679312145e-02
1.747706156679315267e-02
1.747706156679314574e-02
1.747706156679317349e-02
1.752321469150049105e-02
1.752321469150051186e-02
1.752321469150048064e-02
1.752321469150049799e-02
1.756962213789683286e-02
1.752321469150049799e-02
1.756957655175328190e-02
1.752321469150049452e-02
1.752321469150049452e-02
1.752321469150049799e-02
1.752321469150051186e-02
1.747706288234861932e-02
1.747706278336717128e-02
1.747706278336716781e-02
1.747706278336716434e-02
1.756962495177668421e-02
1.747706278336715047e-02
1.756962336685042106e-02
1.756962336685040371e-02
1.756962336685041759e-02
1.756962336685043841e-02
1.756962336685041759e-02
1.776261750094070349e-02
1.776261750094070002e-02
1.776261750094071043e-02
1.776261750094071043e-02
1.776261750094071043e-02
1.776261750094071043e-02
1.776261750094071043e-02
1.776261750094070002e-02
1.781051380747219332e-02
1.771512189834170692e-02
1.771512189834169998e-02
1.771512189834168957e-02
1.776274894595129480e-02
1.776274894595131562e-02
1.771512189834170692e-02
1.771512189834171039e-02
1.766776140827546263e-02
1.766776140827544528e-02
1.766776140827546610e-02
1.766776140827546610e-02
1.766776140827546610e-02
1.766776140827544528e-02
1.766776140827543487e-02
1.766776140827545569e-02
1.766776140827543834e-02
1.766776140827544875e-02
1.766776140827546263e-02
1.766776140827544875e-02
1.766776140827544528e-02
1.781056795329314865e-02
1.781056795329315906e-02
1.781056795329314865e-02
1.781056795329314865e-02
1.766776045908324128e-02
1.766776045908323781e-02
1.766776045908323781e-02
1.772102835296447687e-02
1.772102835296447687e-02
1.776865005283873034e-02
1.772100659522173050e-02
1.772100659522173050e-02
1.772100659522170621e-02
1.772100659522170621e-02
1.772796893178655436e-02
1.772796893178653008e-02
1.777571752002128289e-02
1.777571752002126554e-02
1.772796893178652314e-02
1.772796893178652314e-02
1.772796893178655089e-02
1.772796893178654049e-02
1.772796893178653008e-02
1.772796893178653008e-02
1.772796893178655436e-02
1.772796893178652314e-02
1.772796893178653702e-02
1.772796893178652314e-02
1.772796893178652314e-02
1.772796893178653008e-02
1.782373705239550729e-02
1.772796893178651273e-02
1.772964362197647012e-02
1.772100721425112421e-02
1.772100721425112768e-02
1.772100721425109646e-02
1.776736989215241258e-02
1.776736989215241605e-02
1.776736989215241605e-02
1.780901272899677174e-02
1.776736989215240564e-02
1.767394784437945759e-02
1.767394784437944372e-02
1.767394784437946106e-02
1.767394784437945759e-02
1.762665638073803234e-02
1.762665638073803581e-02
1.762665638073803234e-02
1.762665638073807051e-02
1.761447478493421981e-02
1.761447478493422675e-02
1.766153192673261541e-02
1.766154616356372525e-02
1.766154616356373913e-02
1.766154616356374260e-02
1.766154616356372525e-02
1.766154616356372872e-02
1.757089476941279052e-02
1.761740375256450053e-02
1.757089476941277317e-02
1.757089476941278011e-02
1.757089476941279052e-02
1.757089476941278358e-02
1.757089476941278358e-02
1.757089476941276276e-02
1.757089476941278358e-02
1.761486700992691973e-02
1.765467468870753759e-02
1.765467468870752718e-02
1.765467468870752718e-02
1.765467468870753759e-02
1.753656675365489193e-02
1.753656675365488846e-02
1.753656675365488846e-02
1.753656675365487805e-02
1.763718388953623706e-02
1.767802129354683824e-02
1.763105224329703305e-02
1.763105224329702958e-02
1.767800135975659825e-02
1.763105224329699836e-02
1.763105224329702264e-02
1.763105224329701570e-02
1.767802067816628617e-02
1.767802067816628964e-02
1.767802067816628964e-02
1.767802067816628964e-02
1.767802067816629311e-02
1.753789407746242715e-02
1.753789407746243062e-02
1.758433714764770506e-02
1.753789407746242715e-02
1.753789407746245491e-02
1.758434317490443349e-02
1.758434317490443349e-02
1.763105079970057887e-02
1.763103999467769550e-02
1.763105079970061356e-02
1.749169851313451401e-02
1.749169851313453136e-02
1.749169851313453483e-02
1.749169851313453136e-02
1.749169851313453136e-02
1.749169851313453483e-02
1.749169851313453136e-02
1.749169851313455912e-02
1.749169851313456606e-02
1.753789161835967586e-02
1.749169851313453136e-02
1.753789161835966545e-02
1.753789161835965157e-02
1.776911843501994756e-02
1.776911843501994409e-02
1.772179326855678055e-02
1.772179326855678055e-02
1.772179326855678055e-02
1.781670994905906746e-02
1.786432964470371573e-02
1.781671026421502782e-02
1.781671047338932723e-02
1.781671047338933417e-02
1.786363151686199552e-02
1.786363151686200246e-02
1.767472898054591249e-02
1.767472898054592290e-02
1.767472898054592290e-02
1.767472898054593330e-02
1.767472898054589861e-02
1.772179127374650873e-02
1.767606185719428763e-02
1.767606185719427028e-02
1.767606185719428069e-02
1.767606185719425640e-02
1.767606185719424253e-02
1.767606185719424253e-02
1.767606185719425987e-02
1.767606185719425987e-02
1.767606185719427722e-02
1.767606185719427722e-02
1.771749217118354092e-02
1.771749217118354092e-02
1.771749248651442385e-02
1.776486651977910933e-02
1.776486651977910933e-02
1.776486651977911627e-02
1.776486726218448609e-02
1.776486726218450343e-02
1.776486726218451384e-02
1.776486726218449302e-02
1.776486726218451384e-02
1.776486726218449649e-02
1.776486726218447915e-02
1.781250654527164259e-02
1.776486726218447915e-02
1.786041502284384241e-02
1.784176840166386974e-02
1.785335969717081681e-02
1.786041728852389224e-02
1.786041728852389224e-02
1.781251114949834735e-02
1.786041728852391305e-02
1.781251114949836123e-02
1.781251114949836123e-02
1.781917990010614336e-02
1.781251114949837858e-02
1.786040432400616551e-02
1.786040432400616204e-02
1.781251114949838552e-02
1.777633278830642594e-02
1.772867863494917429e-02
1.777633278830641206e-02
1.777633278830640512e-02
1.772867863494917429e-02
1.772867863494913612e-02
1.777633278830641553e-02
1.777633278830646757e-02
1.777633278830646757e-02
1.777633278830643287e-02
1.777633278830643287e-02
1.777633278830644675e-02
1.777633278830647104e-02
1.777633278830646757e-02
1.777633278830647104e-02
1.772867863494918469e-02
1.762832499416429333e-02
1.762832499416429333e-02
1.762832499416430027e-02
1.762832499416427598e-02
1.762832499416431067e-02
1.762832499416431067e-02
1.762832499416431067e-02
1.767519935643717052e-02
1.762832499416428639e-02
1.762832499416427251e-02
1.772545037693432080e-02
1.772545037693431039e-02
1.772545037693430345e-02
1.772545037693430345e-02
1.767829997821211349e-02
1.767829997821211002e-02
1.767829997821211002e-02
1.767829997821214819e-02
1.777286582319198560e-02
1.777286582319195438e-02
1.727933005597491120e-02
1.727933005597491120e-02
1.727933005597494243e-02
1.741510634442168526e-02
1.732434235074366280e-02
1.732434235074364892e-02
1.732434235074366280e-02
1.732434235074366280e-02
1.732434235074366627e-02
1.727933161504122128e-02
1.727933161504121781e-02
1.743777215010801351e-02
1.743777215010801698e-02
1.743777215010802392e-02
1.743777215010802739e-02
1.743777215010802392e-02
1.743777215010802392e-02
1.743777215010802392e-02
1.743777215010802045e-02
1.743777215010801698e-02
1.738467417832726195e-02
1.738467417832724460e-02
1.738467417832726195e-02
1.738467417832723766e-02
1.738467417832726541e-02
1.738467417832726541e-02
1.738467417832725848e-02
1.738467417832723766e-02
1.738467417832723766e-02
1.738467417832723766e-02
1.738467417832723766e-02
1.738467417832723766e-02
1.738467417832725501e-02
1.747823272670040104e-02
1.747823272670039410e-02
1.747823272670039410e-02
1.752413630217700830e-02
1.791395109926645010e-02
1.791395109926643275e-02
1.749104846859526538e-02
1.749104846859523762e-02
1.753700552353792963e-02
1.753700552353792616e-02
1.749104846859525150e-02
1.758321723115417734e-02
1.753700552353793657e-02
1.753700552353792269e-02
1.753700552353792616e-02
1.749104846859525150e-02
1.749104846859524109e-02
1.753700582665962057e-02
1.753700582665962404e-02
1.753700582665963098e-02
1.753700582665962057e-02
1.758321652180501113e-02
1.758321652180502501e-02
1.753700582665962057e-02
1.753700582665963792e-02
1.753700582665962751e-02
1.758321652180502501e-02
1.753701558298172494e-02
1.753701558298174229e-02
1.753701558298174576e-02
1.753701558298172494e-02
1.753701558298173535e-02
1.758461602317983735e-02
1.758461602317983735e-02
1.758461602317983388e-02
1.763089826327707624e-02
1.763089826327706583e-02
1.763089826327706930e-02
1.794508058393716465e-02
1.794508058393716465e-02
1.794508058393716465e-02
1.794508058393716465e-02
1.799335713236723325e-02
1.799335713236722631e-02
1.799335713236721590e-02
1.799335713236721590e-02
1.794508058393714037e-02
1.794508058393715424e-02
1.794508058393714037e-02
1.794508058393713690e-02
1.794508058393714037e-02
1.794508058393714037e-02
1.794508058393713690e-02
1.794508058393714037e-02
1.794508058393713690e-02
1.794508058393714037e-02
1.794508058393713690e-02
1.794508058393713690e-02
1.794508058393714037e-02
1.794508058393713690e-02
1.794508058393715771e-02
1.794508058393716812e-02
1.784976783318991886e-02
1.784976783318991192e-02
1.784976783318989804e-02
1.789751080636213521e-02
1.789751080636214908e-02
1.789751080636215949e-02
1.789751080636215949e-02
1.784976783318991886e-02
1.789751091323961082e-02
1.789751091323961082e-02
1.789751091323961082e-02
1.789751091323961082e-02
1.794552246066185783e-02
1.789751080636213867e-02
1.789751080636215602e-02
1.789751080636211786e-02
1.789751091324029431e-02
1.794552278224512826e-02
1.784976783318992580e-02
1.784976783318993968e-02
1.789751080636210398e-02
1.789751080636212133e-02
1.789751080636212480e-02
1.789751080636212133e-02
1.789751080636211786e-02
1.789751080636212133e-02
1.799785331173278657e-02
1.790527727039326750e-02
1.790527727039328484e-02
1.790527727039328484e-02
1.790527727039330219e-02
1.795358648636892485e-02
1.790527727039328831e-02
1.790527727039328484e-02
1.790527727039330219e-02
1.785345591799004233e-02
1.785345591799004233e-02
1.785345591799001805e-02
1.785345602446423638e-02
1.785345602446423638e-02
1.785345602446423638e-02
1.785345602446423638e-02
1.790131803982480951e-02
1.785345602446422597e-02
1.785345602446422250e-02
1.785345602446422250e-02
1.809401918241457935e-02
1.809401918241456547e-02
1.804552914187981458e-02
1.794869982020047897e-02
1.794869982020048937e-02
1.794869982020048244e-02
1.794869982020049631e-02
1.804594346970510299e-02
1.804594346970508564e-02
1.799727990006379230e-02
1.794889061164779698e-02
1.794889061164778657e-02
1.794888750054851601e-02
1.794888750054850213e-02
1.794888750054850213e-02
1.794888750054848478e-02
1.799727641297023048e-02
1.799727641297022701e-02
1.765739889544086505e-02
1.765739889544084076e-02
1.765739889544083036e-02
1.780598520309122773e-02
1.780598520309121732e-02
1.766476018239373710e-02
1.766476018239371629e-02
1.766476018239375098e-02
1.766476018239373363e-02
1.771137144934733371e-02
1.771137144934733371e-02
1.771137144934733371e-02
1.771137144934734411e-02
1.771137144934733371e-02
1.771157292323828278e-02
1.766476018239372670e-02
1.766476018239374057e-02
1.766476018239373710e-02
1.766476018239377180e-02
1.766476018239377527e-02
1.766476018239372323e-02
1.766476018239375098e-02
1.766476018239377180e-02
1.775862021044089314e-02
1.779851276676765529e-02
1.779851276676765529e-02
1.784608413629240262e-02
1.779851276676765529e-02
1.779851276676766569e-02
1.775862021044088968e-02
1.775862021044092437e-02
1.775862021044090008e-02
1.775848817612961372e-02
1.775848817612962066e-02
1.775848817612962066e-02
1.775848817612962066e-02
1.775848817612961025e-02
1.775848817612961025e-02
1.775848817612959984e-02
1.780581672046382957e-02
1.780581672046381916e-02
1.775848817612961719e-02
1.785341016739698874e-02
1.785341016739699221e-02
1.785341016739698874e-02
1.785341016739701650e-02
1.785341016739701303e-02
1.780581724827781653e-02
1.780581724827781653e-02
1.780581724827783388e-02
1.780581724827782347e-02
1.780581724827781653e-02
1.780581724827781653e-02
1.780581724827782347e-02
1.780581724827782694e-02
1.780581724827783735e-02
1.771154320831205484e-02
1.771154320831203055e-02
1.775860415958307667e-02
1.775860415958307667e-02
1.775860415958309402e-02
1.775860415958309402e-02
1.775860415958309402e-02
1.775860415958308014e-02
1.771154320831200973e-02
1.771154320831202361e-02
1.776830785898579276e-02
1.781583531820235544e-02
1.781583531820233463e-02
1.781583531820234503e-02
1.781583531820234503e-02
1.781583531820235544e-02
1.772107755993694578e-02
1.767407783016349335e-02
1.767407783016349335e-02
1.767407783016348641e-02
1.767407783016350029e-02
1.767407783016350029e-02
1.768180398184700589e-02
1.768180398184700589e-02
1.767407783016350722e-02
1.767407783016347600e-02
1.767407783016347600e-02
1.767407783016347947e-02
1.767407783016350722e-02
1.739742394017819785e-02
1.739742394017821867e-02
1.739742394017819438e-02
1.739742394017820479e-02
1.739742394017817703e-02
1.739742394017819785e-02
1.739742394017819438e-02
1.739742394017819438e-02
1.739742394017818050e-02
1.739742394017818050e-02
1.744287236985919351e-02
1.739742394017820132e-02
1.739742394017818397e-02
1.739742394017820826e-02
1.739742394017819438e-02
1.739742394017819785e-02
1.739742394017818744e-02
1.739742394017820826e-02
1.739742394017820479e-02
1.739742394017820132e-02
1.739742394017816315e-02
1.739742394017820132e-02
1.739742394017818744e-02
1.744287236985919698e-02
1.772088260000316551e-02
1.772862891447464506e-02
1.772088260000316204e-02
1.772088260000314122e-02
1.772088260000315857e-02
1.772088260000318632e-02
1.776497608424961946e-02
1.772088260000314469e-02
1.772088260000315857e-02
1.772088260000320020e-02
1.776807524211181100e-02
1.776807524211180753e-02
1.776807524211180753e-02
1.753453623961799893e-02
1.758065928815652143e-02
1.758065928815652143e-02
1.753453623961797811e-02
1.753453623961793648e-02
1.753453623961796076e-02
1.758075065084031482e-02
1.754936179860223933e-02
1.754936179860222198e-02
1.754936179860222892e-02
1.754936179860221504e-02
1.758075075276682026e-02
1.758075075276680985e-02
1.758075075276680638e-02
1.762722159779756340e-02
1.763021427983309936e-02
1.767704503425796339e-02
1.763021427983309589e-02
1.767704503425796339e-02
1.767704503425793910e-02
1.767704503425794951e-02
1.763021427983310629e-02
1.763021427983309936e-02
1.763021427983310976e-02
1.763021427983310283e-02
1.763021427983310283e-02
1.767704503425794951e-02
1.753732480568177821e-02
1.758354002719146950e-02
1.758022840319133084e-02
1.758364007606157825e-02
1.753732480568176780e-02
1.758084827528850341e-02
1.758084827528848954e-02
1.771993489492316998e-02
1.771993489492315263e-02
1.771993489492314222e-02
1.762725601421889776e-02
1.767392063931809768e-02
1.767392063931809768e-02
1.767392063931813237e-02
1.762725601421888388e-02
1.762725601421888388e-02
1.758084875403750913e-02
1.758084875403750566e-02
1.758084875403752995e-02
1.762725570669307004e-02
1.762725570669306310e-02
1.758084875403752995e-02
1.758084875403750566e-02
1.758084875403750566e-02
1.758084875403749178e-02
1.758084875403749178e-02
1.758084875403751607e-02
1.758084875403749178e-02
1.758084875403750566e-02
1.758084875403752648e-02
1.758084875403750566e-02
1.758084875403750566e-02
1.762725570669308045e-02
1.758084875403748831e-02
1.758084875403751607e-02
1.758084875403748831e-02
1.758084875403750566e-02
1.758084875403750566e-02
1.758084875403751954e-02
1.758084875403749872e-02
1.758084875403749872e-02
1.758084875403747097e-02
1.758084875403747097e-02
1.758084875403747444e-02
1.762725570669310821e-02
1.762725570669310821e-02
1.762725570669310127e-02
1.775434042254136341e-02
1.775434042254137382e-02
1.838759129703026671e-02
1.844342769207946847e-02
1.844342769207949623e-02
1.838759129703030140e-02
1.833210628935087738e-02
1.833214352311724957e-02
1.833214352311723222e-02
1.833214352311722528e-02
1.833214352311722528e-02
1.833214352311725304e-02
1.833214352311725651e-02
1.827700615839671777e-02
1.662740602242023663e-02
1.662740602242023663e-02
1.662740602242024357e-02
1.662740602242025398e-02
1.662740602242025398e-02
1.662740602242025051e-02
1.671468013463961802e-02
1.671468013463960067e-02
1.671468013463960414e-02
1.675867477586150817e-02
1.671468013463960761e-02
1.671468013463961802e-02
1.671468013463960067e-02
1.671468013463960067e-02
1.671468013463960414e-02
1.671468013463958679e-02
1.671468013463959373e-02
1.671468013463961108e-02
1.671468013463961455e-02
1.671468013463960067e-02
1.667092624581977683e-02
1.667092624581978377e-02
1.667092624581978724e-02
1.667092624581978724e-02
1.671468003856639920e-02
1.670709600668923364e-02
1.670709600668925793e-02
1.670709600668926140e-02
1.676837739343101097e-02
1.676837739343099709e-02
1.666356810486157095e-02
1.666356810486157095e-02
1.666356810486158829e-02
1.670665128505121819e-02
1.670665128505121819e-02
1.670709463688128948e-02
1.675088043417151396e-02
1.675088043417152436e-02
1.675088043417152436e-02
1.675088043417156600e-02
1.675088043417156600e-02
1.675088043417156600e-02
1.670712880497384617e-02
1.670712880497386352e-02
1.670712880497383229e-02
1.670712880497387046e-02
1.670712880497384964e-02
1.670712880497387393e-02
1.670712880497383923e-02
1.675088043417153824e-02
1.675088043417154171e-02
1.675087659512585966e-02
1.675087659512586313e-02
1.675087659512589436e-02
1.675087659512585966e-02
1.675087659512587701e-02
1.688358622181938135e-02
1.670712880497384270e-02
1.670712880497383923e-02
1.670712880497386352e-02
1.670712880497383923e-02
1.670712880497384964e-02
1.675088043417154171e-02
1.675088043417152089e-02
1.675088043417156600e-02
1.675088043417157987e-02
1.675088043417157987e-02
1.675088043417158334e-02
1.675088043417160416e-02
1.675088043417160069e-02
1.675088043417158334e-02
1.675088043417158334e-02
1.679487373410866458e-02
1.670712880497383229e-02
1.670712880497383576e-02
1.670712880497383576e-02
1.670773840856094872e-02
1.670773840856094872e-02
1.670773840856092096e-02
1.670773840856091749e-02
1.670773840856090015e-02
1.670773840856091749e-02
1.670773840856090361e-02
1.670773840856091749e-02
1.670773840856092790e-02
1.670767701264650254e-02
1.675125584761529007e-02
1.675125584761529701e-02
1.675125584761529701e-02
1.675125584761530048e-02
1.675125584761530048e-02
1.652103415973093722e-02
1.656397632535135112e-02
1.656397632535136499e-02
1.652101672617885611e-02
1.652101672617885611e-02
1.652101672617884223e-02
1.647831312272352716e-02
1.647831312272351675e-02
1.647831312272352716e-02
1.647831312272353410e-02
1.647831312272353410e-02
1.647831312272351328e-02
1.647786616856897202e-02
1.652101672617884570e-02
1.645420441261407490e-02
1.645420441261404715e-02
1.645420441261404715e-02
1.645420441261405409e-02
1.643002934692001926e-02
1.643002934692003314e-02
1.647831262392457710e-02
1.647831262392455628e-02
1.656396642784239287e-02
1.650781342732896353e-02
1.646515864987013744e-02
1.646515864987014091e-02
1.646515864987013744e-02
1.646515864987013744e-02
1.646515864987013744e-02
1.646515864987014091e-02
1.646515864987014091e-02
1.635669001734017108e-02
1.639358913479423141e-02
1.635157033853847780e-02
1.635157033853847086e-02
1.635157033853847086e-02
1.635157033853847086e-02
1.635157033853848821e-02
1.635157033853847086e-02
1.635157033853847086e-02
1.635157033853847086e-02
1.635157033853845004e-02
1.652102128870879330e-02
1.652102128870876901e-02
1.656396158775902752e-02
1.655895902724179719e-02
1.651805031575569876e-02
1.651805031575569183e-02
1.639713090924585503e-02
1.643897360791145290e-02
1.643897360791144249e-02
1.643897360791148066e-02
1.644058744283367554e-02
1.644058744283367554e-02
1.639713090924580646e-02
1.639713090924586197e-02
1.643897360791147025e-02
1.652327843011777708e-02
1.643897360791145290e-02
1.639713090924585850e-02
1.639713090924586197e-02
1.639713090924585850e-02
1.643897360791147719e-02
1.639713090924585503e-02
1.639713090924585503e-02
1.639713090924585503e-02
1.639713090924585850e-02
1.652333723404408525e-02
1.635291511737864759e-02
1.639419478952876263e-02
1.639477761780604517e-02
1.639477761780604517e-02
1.639477761780603476e-02
1.635291476301857158e-02
1.631127625851972254e-02
1.631127625851973642e-02
1.631127625851973642e-02
1.631127625851973295e-02
1.639478025128542418e-02
1.639478025128544153e-02
1.639478025128544153e-02
1.643686722702072597e-02
1.639478025128546235e-02
1.639478025128546929e-02
1.639478025128544500e-02
1.639478025128544153e-02
1.639478025128542071e-02
1.639478025128544153e-02
1.639478025128544153e-02
1.643682720734594357e-02
1.639477228312811313e-02
1.635291511897622729e-02
1.635291511897623076e-02
1.639477663991837156e-02
1.635291511897624811e-02
1.635291511897623076e-02
1.635291511897623770e-02
1.635291511897625158e-02
1.635291511897623076e-02
1.635291511897622382e-02
1.635291511897620648e-02
1.635291511897621342e-02
1.635291511897622729e-02
1.635291511897623770e-02
1.635291511897620648e-02
1.631127625851973642e-02
1.631127625851972948e-02
1.631127625851970867e-02
1.635291476301856811e-02
1.635291476301857505e-02
1.631127625851972254e-02
1.631127625851975030e-02
1.635291476301856811e-02
1.635291476301856811e-02
1.635291476301857158e-02
1.635291476301857158e-02
1.639477681787742530e-02
1.639477681787743918e-02
1.635291494082656213e-02
1.635291494082656213e-02
1.635291494082658642e-02
1.635291494082658642e-02
1.635291494082658642e-02
1.635291494082658295e-02
1.635291494082656907e-02
1.635291494082656907e-02
1.635291494082656907e-02
1.635291494082656907e-02
1.635289709796219557e-02
1.635289709796217475e-02
1.635289709796218863e-02
1.639489996704442468e-02
1.639489996704438998e-02
1.635289709796219557e-02
1.643686689874553769e-02
1.643686689874552034e-02
1.643686689874551687e-02
1.652174034871357888e-02
1.639477894205129335e-02
1.639477894205128641e-02
1.639477894205128988e-02
1.643108116658062098e-02
1.643108116658061404e-02
1.617578623025458032e-02
1.617578623025458379e-02
1.617578623025456644e-02
1.617578623025457338e-02
1.617578623025455950e-02
1.609642405015217215e-02
1.605485525427529855e-02
1.605485525427531243e-02
1.605485525427530896e-02
1.605485525427530896e-02
1.609642405015216174e-02
1.609642405015217909e-02
1.609642405015215133e-02
1.609642405015217909e-02
1.609642405015219643e-02
1.609642405015218949e-02
1.609642405015216521e-02
1.613607781251057138e-02
1.613607781251057832e-02
1.621312457801150561e-02
1.621312457801148826e-02
1.621312457801150561e-02
1.621312457801150908e-02
1.621312457801152296e-02
1.621397654692929152e-02
1.625413668304773879e-02
1.625413668304771450e-02
1.625413668304773879e-02
1.625413668304773185e-02
1.625413942741779638e-02
1.629446580097278566e-02
1.625413942741777557e-02
1.625413942741778944e-02
1.625413942741778944e-02
1.625413942741778944e-02
1.625413942741778597e-02
1.629449611595362724e-02
1.629449611595362030e-02
1.629449611595361683e-02
1.629449611595362724e-02
1.629449611595360295e-02
1.629449611595363764e-02
1.629449611595364111e-02
1.629449611595362030e-02
1.629449611595364458e-02
1.629449611595364458e-02
1.629449611595363070e-02
1.629449611595362030e-02
1.629449611595363764e-02
1.625413942741780332e-02
1.625413942741776169e-02
1.625413942741778597e-02
1.625413942741778597e-02
1.625413942741779291e-02
1.625413942741777903e-02
1.625413942741778597e-02
1.625413942741778944e-02
1.625413942741778944e-02
1.625413942741779291e-02
1.629449611595362030e-02
1.629449611595362030e-02
1.629449611595363764e-02
1.629449611595363764e-02
1.625413942741777557e-02
1.625413942741777557e-02
1.625413942741780332e-02
1.625413942741781373e-02
1.625413942741780679e-02
1.625413942741781373e-02
1.625413942741781720e-02
1.625413942741780679e-02
1.625413942741783108e-02
1.625413942741778944e-02
1.625413942741778944e-02
1.625413942741782067e-02
1.625413942741781720e-02
1.625413942741780679e-02
1.625413942741780679e-02
1.625413942741781720e-02
1.629449611595365846e-02
1.625413942741781720e-02
1.629449628354445040e-02
1.629449628354446428e-02
1.629449628354445387e-02
1.629449628354444693e-02
1.629449628354445387e-02
1.629449628354444346e-02
1.629449628354446775e-02
1.629449628354445734e-02
1.633506379344757189e-02
1.633506379344756149e-02
1.629449628354445387e-02
1.629449628354445734e-02
1.654283403123193302e-02
1.654283403123193302e-02
1.613550294230934809e-02
1.613550294230934809e-02
1.613550294230936197e-02
1.613550294230936197e-02
1.613550294230935850e-02
1.625520648325612036e-02
1.625520648325609954e-02
1.625520648325608913e-02
1.625520648325611342e-02
1.621496262371618230e-02
1.621496262371618924e-02
1.621496262371618924e-02
1.621496262371618230e-02
1.621496262371615801e-02
1.621496262371617883e-02
1.621496262371618230e-02
1.621496262371615801e-02
1.625523946010590942e-02
1.629569297948258930e-02
1.629569297948258930e-02
1.637117726455331740e-02
1.637117726455332434e-02
1.637117726455332781e-02
1.637117726455333128e-02
1.637117726455332434e-02
1.633039304335622693e-02
1.633039304335624775e-02
1.633039304335624081e-02
1.633714223132731388e-02
1.625609260686023891e-02
1.625609260686023891e-02
1.621588479248365841e-02
1.625609260686023891e-02
1.621588479248366188e-02
1.621588479248363759e-02
1.624284621710728876e-02
1.629651119862394679e-02
1.629651119862393985e-02
1.629653434874203666e-02
1.629653434874206788e-02
1.629653434874208870e-02
1.625609436091053281e-02
1.625609436091052587e-02
1.625609436091052240e-02
1.625609436091052934e-02
1.629650999046035678e-02
1.629650999046035331e-02
1.625609436091052587e-02
1.625609436091052587e-02
1.629650999046034290e-02
1.629650999046035331e-02
1.629650999046038801e-02
1.629650999046036372e-02
1.625609436091055016e-02
1.625609436091055710e-02
1.625609436091053281e-02
1.625609436091056403e-02
1.629648220844410675e-02
1.625609436091054322e-02
1.625609436091056056e-02
1.632968941965014589e-02
1.628944776360302660e-02
1.628944776360300231e-02
1.633005181643575748e-02
1.628950886872134601e-02
1.628950886872134601e-02
1.628950870132905154e-02
1.628950870132905154e-02
1.602867273381015575e-02
1.598940811494546296e-02
1.598940811494543174e-02
1.591154217043772370e-02
1.591154217043772370e-02
1.591154217043770636e-02
1.591154217043769595e-02
1.591154217043769595e-02
1.595040431213071153e-02
1.595040431213071153e-02
1.591154217043769595e-02
1.591154217043769595e-02
1.591154217043768554e-02
1.591154217043769248e-02
1.595040510609978257e-02
1.595040510609977910e-02
1.595040510609978257e-02
1.595040510609978604e-02
1.595040510609978257e-02
1.595040510609978257e-02
1.598946677927300455e-02
1.598946677927300108e-02
1.598946677927300802e-02
1.598946677927300455e-02
1.598946677927300455e-02
1.598946677927300455e-02
1.598946677927298721e-02
1.595040510609978257e-02
1.598946685925920624e-02
1.602873072398475207e-02
1.595040431213074622e-02
1.602856536706279839e-02
1.602856536706277757e-02
1.606803231592473027e-02
1.602856536706278451e-02
1.595040518596031742e-02
1.595040518596028620e-02
1.595040518596031048e-02
1.595040518596031742e-02
1.595040518596031048e-02
1.595040518596030354e-02
1.595040518596029661e-02
1.598946709807604408e-02
1.598946709807606489e-02
1.587553429887010592e-02
1.587553429887010592e-02
1.587553429887014408e-02
1.595288086479114062e-02
1.595288086479113021e-02
1.587553429887014408e-02
1.587553429887015102e-02
1.595284086870227963e-02
1.595284086870226922e-02
1.595284086870228657e-02
1.591407778494509026e-02
1.591407778494506250e-02
1.591407778494504516e-02
1.591407778494506250e-02
1.591407778494509373e-02
1.595247787316217067e-02
1.599249271811433587e-02
1.595241828196824335e-02
1.595241828196824335e-02
1.595241828196825723e-02
1.595241828196826764e-02
1.595241828196821560e-02
1.587515343405389648e-02
1.587515343405391036e-02
1.587515343405390689e-02
1.587515343405390689e-02
1.587515343405390689e-02
1.591371646031167555e-02
1.591371646031168943e-02
1.591371646031170678e-02
1.587515343405390689e-02
1.587515343405387913e-02
1.595247771105671661e-02
1.595247771105670967e-02
1.587515343405391036e-02
1.587555951135772095e-02
1.591412725044601129e-02
1.591412725044603210e-02
1.591412725044603557e-02
1.591412725044602863e-02
1.591412725044602863e-02
1.591412725044602516e-02
1.595289199939448413e-02
1.587555951135773136e-02
1.587555951135774870e-02
1.587555951135774870e-02
1.587555951135776258e-02
1.587555951135775217e-02
1.587555951135776258e-02
1.587555951135775217e-02
1.587555951135775911e-02
1.598486208666371686e-02
1.587555951135773830e-02
1.583718867552992918e-02
1.583718867552994999e-02
1.583718867552994652e-02
1.583718867552991877e-02
1.591409707787349442e-02
1.587552990903819822e-02
1.587552990903821210e-02
1.587555951135771401e-02
1.583718867552991530e-02
1.591420418257144531e-02
1.591420418257144531e-02
1.591420418257144184e-02
1.591420418257144531e-02
1.591420418257144878e-02
1.595296788890350134e-02
1.591420448693674564e-02
1.591420448693674564e-02
1.591420448693675258e-02
1.591420448693676645e-02
1.591420448693674564e-02
1.591420448693677339e-02
1.587563879141185019e-02
1.591420448693671788e-02
1.587563879141186407e-02
1.603109719976970188e-02
1.603109719976969494e-02
1.591421214414475913e-02
1.603055179465083871e-02
1.599138371597599861e-02
1.599138371597599861e-02
1.603055179465087340e-02
1.603055179465088381e-02
1.603055179465088381e-02
1.599138371597598821e-02
1.599138371597599514e-02
1.603438944239162986e-02
1.603475159908784864e-02
1.603475159908787293e-02
1.603475159908785558e-02
1.603475159908785211e-02
1.603475159908785558e-02
1.603475159908786599e-02
1.603475159908785211e-02
1.607419906263805875e-02
1.607419906263802753e-02
1.603475159908785558e-02
1.603475159908786946e-02
1.603475159908784864e-02
1.558602403594278908e-02
1.558602403594277520e-02
1.558602462499488785e-02
1.558602462499486876e-02
1.558602462499488785e-02
1.562321931260091980e-02
1.558602462499488958e-02
1.558602462499488611e-02
1.558602462499489132e-02
1.558602462499490519e-02
1.558602462499490866e-02
1.558602462499490866e-02
1.562321931260093714e-02
1.562321931260096317e-02
1.562321931260097184e-02
1.562321931260097010e-02
1.562321931260096317e-02
1.562321931260095970e-02
1.562321931260097531e-02
1.577373513587847914e-02
1.577373513587850343e-02
1.577373513587848608e-02
1.581187979498866955e-02
1.585021922165119612e-02
1.585021922165120306e-02
1.581187979498866955e-02
1.577389634261406812e-02
1.569818383023496855e-02
1.569818383023495814e-02
1.566060782069386009e-02
1.562322640349053486e-02
1.562322640349055394e-02
1.562322640349055394e-02
1.562322640349053833e-02
1.562322640349053486e-02
1.562322640349056782e-02
1.572881397708799853e-02
1.569854641856840982e-02
1.569854641856837513e-02
1.572881397708798118e-02
1.572881397708800200e-02
1.584233860017017492e-02
1.580414304563620975e-02
1.580414304563620975e-02
1.580414304563619587e-02
1.580414304563619241e-02
1.580414304563620975e-02
1.580414304563620281e-02
1.569068630841651685e-02
1.572831417396050244e-02
1.576304010684505263e-02
1.572528477361463672e-02
1.572528477361464366e-02
1.569501422565016541e-02
1.569501422565018275e-02
1.572528477361465407e-02
1.572528477361465407e-02
1.572528477361465754e-02
1.572528477361465754e-02
1.572528477361465407e-02
1.572528477361464366e-02
1.572528477361464019e-02
1.576304010684505263e-02
1.572528477361465754e-02
1.576304010684505263e-02
1.576304010684506998e-02
1.572528477361465407e-02
1.572528477361465407e-02
1.572528477361465407e-02
1.576304010684507345e-02
1.576304010684507692e-02
1.576304010684506998e-02
1.576304010684508386e-02
1.576304010684506998e-02
1.576304010684506998e-02
1.572528477361465407e-02
1.572368800673594469e-02
1.572368800673595510e-02
1.572368800673595510e-02
1.572528477361463325e-02
1.572528477361462979e-02
1.576304010684505610e-02
1.572528477361462979e-02
1.572528477361463325e-02
1.572528477361463325e-02
1.568952423778671376e-02
1.568952423778672070e-02
1.568952423778671376e-02
1.568952423778672764e-02
1.572709788585908985e-02
1.572709788585908985e-02
1.568622081534483750e-02
1.568622081534483750e-02
1.568622081534483056e-02
1.568622081534483056e-02
1.568952423778670335e-02
1.568952423778670335e-02
1.568952423778670335e-02
1.568952423778670335e-02
1.587928888481506678e-02
1.587928888481509107e-02
1.587928888481509454e-02
1.584095561621107554e-02
1.580281717440339476e-02
1.584095561621108594e-02
1.584095561621109288e-02
1.576487085914394723e-02
1.576487085914394029e-02
1.576487085914392641e-02
1.580281648614744253e-02
1.580281648614745293e-02
1.580281648614742171e-02
1.580281648614741824e-02
1.580281648614744253e-02
1.580281648614744253e-02
1.576487085914390213e-02
1.576487085914391600e-02
1.580281648614739048e-02
1.576487085914392641e-02
1.580281648614741824e-02
1.580278703904136953e-02
1.580278703904139728e-02
1.580278703904137300e-02
1.580278703904137647e-02
1.580278703904137647e-02
1.580278703904139728e-02
1.580278703904137994e-02
1.580278703904135912e-02
1.576487085914394029e-02
1.576487085914395070e-02
1.580281648614738008e-02
1.580281648614739742e-02
1.580281648614741824e-02
1.580281648614741824e-02
1.576487085914390560e-02
1.576487085914392641e-02
1.576487085914392641e-02
1.576487085914392988e-02
1.576487085914394029e-02
1.576487085914394029e-02
1.576487085914392641e-02
1.576487085914391947e-02
1.576487085914392294e-02
1.576487085914392641e-02
1.576487085914392641e-02
1.576487085914390907e-02
1.576487085914390907e-02
1.580281648614740089e-02
1.576487085914390560e-02
1.576487085914391253e-02
1.576487085914392641e-02
1.580281648614738355e-02
1.576486805116927500e-02
1.576486805116926807e-02
1.576486805116928194e-02
1.576486805116927847e-02
1.580249845202010006e-02
1.584095973861422701e-02
1.580281777483381542e-02
1.580281777483381195e-02
1.580281777483381889e-02
1.580281777483381542e-02
1.580281769846354767e-02
1.580281769846356502e-02
1.580281769846355461e-02
1.580281769846355808e-02
1.587776571081131460e-02
1.587776571081133889e-02
1.584096117758049607e-02
1.584096117758053077e-02
1.584096117758050648e-02
1.584096117758049260e-02
1.584100576646621170e-02
1.584100576646618741e-02
1.587934151827113255e-02
1.584100576646620823e-02
1.576486805180618914e-02
1.576486805180616832e-02
1.576486805180617179e-02
1.580281739417412762e-02
1.580281762213195731e-02
1.580281762213194344e-02
1.580281762213194344e-02
1.580281762213193650e-02
1.580281762213193650e-02
1.580132668193699741e-02
1.580132668193699741e-02
1.580132668193699741e-02
1.583952486177415270e-02
1.583952911361833499e-02
1.583952911361833152e-02
1.583952911361832805e-02
1.583952911361831417e-02
1.583952911361832111e-02
1.583952911361833846e-02
1.583952911361831417e-02
1.583952911361831417e-02
1.587791799547227586e-02
1.587791799547230015e-02
1.583952911361832458e-02
1.583952911361831417e-02
1.583952911361831417e-02
1.583952911361831417e-02
1.583952911361832458e-02
1.583952911361832458e-02
1.583952911361832458e-02
1.587791748450750537e-02
1.587791748450750537e-02
1.583952911361833152e-02
1.583952911361831764e-02
1.591650290634976511e-02
1.591650290634975470e-02
1.591650290634974430e-02
1.591650290634974776e-02
1.591650290634974776e-02
1.595528501473029645e-02
1.591650290634975123e-02
1.591650290634976511e-02
1.591650290634974430e-02
1.591650290634974776e-02
1.587791748450748455e-02
1.583952911361832458e-02
1.583952911361834193e-02
1.583952911361834193e-02
1.583952911361832805e-02
1.576332207272595001e-02
1.576177183176945273e-02
1.576177183176943886e-02
1.576177183176943886e-02
1.576177183176942498e-02
1.576177183176942151e-02
1.576177183176941804e-02
1.576177183176941804e-02
1.576177183176941804e-02
1.576177183176943539e-02
1.576177183176942845e-02
1.572069286998210857e-02
1.576177183176942151e-02
1.580134342485338059e-02
1.580134342485338406e-02
1.576331439324239053e-02
1.576331439324236972e-02
1.576331439324237318e-02
1.576331439324237318e-02
1.576331439324239747e-02
1.576331439324239400e-02
1.576331439324241829e-02
1.583950738036780589e-02
1.576331439324239400e-02
1.576331439324240094e-02
1.572549908131924343e-02
1.572549908131925037e-02
1.572549908131925037e-02
1.572549908131926424e-02
1.572549908131923996e-02
1.572549908131925037e-02
1.572549908131925037e-02
1.572549908131926771e-02
1.572549908131926771e-02
1.572549908131930588e-02
1.572549908131927118e-02
1.572549908131926771e-02
1.576667947174696313e-02
1.562340417849468477e-02
1.562340417849467089e-02
1.562340417849466742e-02
1.562340417849466742e-02
1.562340417849466742e-02
1.562340417849467089e-02
1.562340417849468303e-02
1.562340417849468303e-02
1.562340417849467956e-02
1.561989207892107087e-02
1.565716440479682225e-02
1.565716440479682919e-02
1.565716440479685695e-02
1.565716440479685001e-02
1.595209330694850880e-02
1.595209330694854349e-02
1.595209330694853656e-02
1.583615186069190980e-02
1.583615186069190980e-02
1.587460012621260200e-02
1.583615186069190980e-02
1.583615186069190980e-02
1.583615186069192368e-02
1.587460012621259853e-02
1.583615186069190980e-02
1.587460028230365874e-02
1.587460028230364140e-02
1.587460028230364140e-02
1.591324561503121987e-02
1.591324561503121640e-02
1.587460028230363793e-02
1.587464485932322741e-02
1.581923709904091771e-02
1.581923709904091077e-02
1.581923709904090036e-02
1.585765823439733505e-02
1.581923709904091424e-02
1.583481023711155733e-02
1.611185260277121431e-02
1.611185260277120737e-02
1.611185260277122819e-02
1.615188266599285744e-02
1.619198695366168284e-02
1.611185260277120390e-02
1.611185260277120390e-02
1.611185260277120737e-02
1.611185260277122819e-02
1.611185260277124207e-02
1.619193256805802686e-02
1.619193256805800604e-02
1.619193256805800604e-02
1.615181645798312304e-02
1.615181645798312651e-02
1.615181645798312998e-02
1.615181645798312998e-02
1.607820800598701999e-02
1.607820800598701999e-02
1.607820800598700264e-02
1.607820800598700611e-02
1.607820800598700958e-02
1.607820800598700611e-02
1.607820800598703040e-02
1.607820800598700958e-02
1.607820800598699917e-02
1.611787325875948390e-02
1.607820800598700264e-02
1.607820800598700958e-02
1.607820800598701999e-02
1.607820800598702346e-02
1.607820800598700611e-02
1.607820800598699917e-02
1.607820800598698530e-02
1.607820800598699917e-02
1.607820800598698530e-02
1.607820800598702346e-02
1.611787325875946308e-02
1.611787232912446216e-02
1.588040000882190092e-02
1.588040000882189051e-02
1.588040000882187663e-02
1.588040000882189745e-02
1.588040000882189051e-02
1.591920600777091410e-02
1.591920600777092798e-02
1.595818326949065627e-02
1.588040000882189051e-02
1.588040000882189051e-02
1.588040000882189745e-02
1.603709403505121020e-02
1.603709403505123102e-02
1.591920321406053301e-02
1.595459660691006878e-02
1.599424222273875332e-02
1.599424222273875679e-02
1.599424222273875332e-02
1.599424222273878801e-02
1.599424222273878801e-02
1.588311564099935749e-02
1.588311564099936790e-02
1.592177586044512747e-02
1.595868710159856207e-02
1.595868710159857248e-02
1.599779489192911658e-02
1.595874801784904692e-02
1.595874801784903305e-02
1.595874801784902611e-02
1.595874801784902611e-02
1.595874801784904692e-02
1.595874801784904692e-02
1.603704328357739850e-02
1.603704328357738462e-02
1.607649487749939973e-02
1.599685153963819467e-02
1.599685153963820508e-02
1.599685153963819467e-02
1.599685153963819467e-02
1.599685153963821549e-02
1.599779472522978863e-02
1.599779472522981638e-02
1.599767874507247375e-02
1.599767874507247375e-02
1.595874691607373011e-02
1.595874691607370929e-02
1.595874691607369542e-02
1.591989949425991202e-02
1.591989949425992937e-02
1.591989949425989120e-02
1.591989949425990161e-02
1.591989949425989814e-02
1.591989949425990161e-02
1.591989949425990161e-02
1.591989949425991549e-02
1.591989949425989120e-02
1.591989949425989120e-02
1.595874691607369542e-02
1.595874691607369542e-02
1.591989949425992243e-02
1.591989949425991549e-02
1.615803032156312366e-02
1.615803032156310631e-02
1.740517667699081894e-02
1.723549495957492697e-02
1.729167483627854288e-02
1.729167483627853594e-02
1.729167483627855675e-02
1.729167483627857410e-02
1.729167483627855328e-02
1.734823777886292107e-02
1.723549495957490615e-02
1.723549495957490615e-02
1.723549495957490962e-02
1.723549495957491309e-02
1.723549495957491309e-02
1.723549495957491309e-02
1.723648628218512474e-02
1.712507724510290222e-02
1.712507724510290222e-02
