-9.001487918847183092e-03
-9.001487918848145864e-03
-9.119993328687958645e-03
-9.001487918839257141e-03
-9.080135130819899647e-03
-9.080135130821119158e-03
-9.080135130821096606e-03
-9.080135130821122627e-03
-9.080135130821145178e-03
-9.080135130821072320e-03
-9.080135130821136505e-03
-9.040636331587222421e-03
-9.040636331587224156e-03
-9.040636331587179053e-03
-9.040636331587224156e-03
-9.040635437343078409e-03
-9.080162251749868477e-03
-9.080162251749851129e-03
-9.080162251749851129e-03
-9.080162251749849395e-03
-9.080162251749845925e-03
-9.120015552855279331e-03
-9.080162251749878885e-03
-9.120015552855277596e-03
-9.120015552855296678e-03
-9.120015552855286270e-03
-9.120015552855307087e-03
-9.120015552855272392e-03
-9.120015552855315760e-03
-9.040636710438964066e-03
-9.040636710438934576e-03
-9.040636710439000495e-03
-9.040636710438951923e-03
-9.040636710438946719e-03
-9.080135639567388228e-03
-9.080135639567388228e-03
-9.080135639567348330e-03
-9.080135639567370881e-03
-9.080135639567403841e-03
-9.080135639567398637e-03
-9.080135639567362207e-03
-9.080135639567360473e-03
-9.040634666885089335e-03
-9.040634666885089335e-03
-9.040634666885080661e-03
-9.040634666885047702e-03
-9.040634666885047702e-03
-9.040634666885063314e-03
-9.040634666885054641e-03
-9.040634666885047702e-03
-9.040634666885091070e-03
-9.040634666885047702e-03
-9.040634666884971374e-03
-9.040634666885037293e-03
-9.040634666885061579e-03
-8.962683623253166892e-03
-9.001485135348867572e-03
-9.040631886814783427e-03
-9.040631886814870163e-03
-9.001487157128548744e-03
-9.001487157128569561e-03
-9.001487157128550479e-03
-9.001487157128569561e-03
-9.001487157128569561e-03
-9.040631886814825061e-03
-9.001487157128645888e-03
-9.040631886814792101e-03
-9.040631886814792101e-03
-9.001487157128585173e-03
-9.001487157128630276e-03
-9.001487157128616398e-03
-9.001487157128600786e-03
-9.001487157128605990e-03
-9.040631886814828530e-03
-9.001487157128583438e-03
-9.001487157128618133e-03
-9.001487157128600786e-03
-9.001487157128616398e-03
-9.001487157128602520e-03
-9.001487157128590377e-03
-9.001487157128651093e-03
-9.001487157128651093e-03
-9.001487157128609459e-03
-9.001487157128618133e-03
-9.001487157128618133e-03
-9.001487157128609459e-03
-9.001487157128651093e-03
-9.001487157128637215e-03
-9.001487157128645888e-03
-9.001487157128647623e-03
-9.080129255229576341e-03
-9.080129255229578075e-03
-9.080129255229597157e-03
-9.080129255229558993e-03
-9.080129255229558993e-03
-9.080190819299258781e-03
-9.080190819299257046e-03
-9.080190819299237964e-03
-9.080190819299237964e-03
-9.080190819299244903e-03
-9.080190819299257046e-03
-9.080190819299213678e-03
-9.080190819299220617e-03
-9.080190819299244903e-03
-9.080190819299263985e-03
-9.080190819299198066e-03
-9.080190819299244903e-03
-9.080190819299258781e-03
-9.080190819299257046e-03
-9.120020611670148075e-03
-9.120020611670108177e-03
-9.080190819299241434e-03
-9.080190819299220617e-03
-9.120020611670165422e-03
-9.080190819299244903e-03
-9.080190819299225821e-03
-9.120022430798459603e-03
-9.080190689979991681e-03
-9.120023723058062748e-03
-9.080190689980014232e-03
-9.080190689980015967e-03
-9.080190689980012497e-03
-9.040711876627360866e-03
-9.040711876627322702e-03
-9.040711876627355661e-03
-9.040711876627319232e-03
-9.040711876627338314e-03
-9.040711876627334845e-03
-9.040711876627357396e-03
-9.040711876627359131e-03
-9.040711876627303620e-03
-9.040711876627333110e-03
-9.040711876627338314e-03
-9.040711876627383417e-03
-9.040711876627364335e-03
-9.040711876627426785e-03
-9.040711876627364335e-03
-9.040711876627393825e-03
-9.040711876627362600e-03
-9.080184016484291187e-03
-9.080184016484268636e-03
-9.080184016484299861e-03
-9.080184016484256493e-03
-9.080184016484259962e-03
-9.080184016484279044e-03
-9.040711876627359131e-03
-9.080184016484289453e-03
-9.040711876627322702e-03
-9.040711876627359131e-03
-9.040711876627327906e-03
-9.040711876627317498e-03
-9.040711876627336580e-03
-9.040711876627383417e-03
-9.040711876627334845e-03
-9.040711876627338314e-03
-9.040711876627322702e-03
-9.040711876627355661e-03
-9.040711876627360866e-03
-9.040711876627338314e-03
-9.040711876627376478e-03
-9.080184016484279044e-03
-9.040711876627360866e-03
-9.040711876627345253e-03
-9.040711876627352192e-03
-9.040711876627345253e-03
-9.040711876627341784e-03
-9.040711876627261986e-03
-9.040711876627300150e-03
-9.040711876627360866e-03
-9.040711876627329641e-03
-9.040711876627360866e-03
-9.040711876627307089e-03
-9.040711876627329641e-03
-9.040711876627319232e-03
-9.040711876627362600e-03
-9.140731196880219622e-03
-9.080190177855329559e-03
-9.001584239580733698e-03
-9.001584239580721555e-03
-9.001584239580707678e-03
-9.001584239580768393e-03
-9.001584239580707678e-03
-9.080123532250480509e-03
-9.080123532250477039e-03
-9.119976378268562431e-03
-9.080123532250426732e-03
-9.080123532250426732e-03
-9.080123532250426732e-03
-9.080123532250426732e-03
-9.080123532250464896e-03
-9.080123532250464896e-03
-9.080123532250464896e-03
-9.080123532250464896e-03
-9.080123532250464896e-03
-9.080123532250464896e-03
-9.080123532250478774e-03
-9.080123532250451018e-03
-9.080123532250463161e-03
-9.119960571829498555e-03
-9.080123532250444079e-03
-9.080123532250447549e-03
-9.080123262594113828e-03
-9.040638807009636346e-03
-9.040638807009688388e-03
-9.001506258517097750e-03
-9.001506258517128975e-03
-9.001506258517109893e-03
-8.959264443843489509e-03
-9.001506258517097750e-03
-9.001506258517142853e-03
-9.001506258517075199e-03
-9.001506258517089076e-03
-9.001506258517090811e-03
-9.001506258517089076e-03
-9.001506258517118567e-03
-9.040638679356378590e-03
-9.040638679356368182e-03
-9.040297503887535085e-03
-9.079860914299332786e-03
-9.079860914299374419e-03
-9.079860914299332786e-03
-9.079860914299346664e-03
-9.079860914299355337e-03
-9.040297503887507330e-03
-9.079860914299355337e-03
-9.040297503887502126e-03
-9.001506258517090811e-03
-9.001506258517089076e-03
-9.001506258517111628e-03
-9.001506258517125506e-03
-9.001506258517113362e-03
-9.001506258517113362e-03
-9.040638679356415019e-03
-9.040638679356375121e-03
-9.040638679356401142e-03
-9.040638679356421958e-03
-9.040638679356401142e-03
-9.040638679356388999e-03
-9.040638679356442775e-03
-9.001506258517141118e-03
-8.999919727137850253e-03
-8.999919727137867601e-03
-9.001506258517106424e-03
-9.001506258517113362e-03
-9.001506258517144587e-03
-9.040638679356397672e-03
-9.040638679356397672e-03
-9.040638679356397672e-03
-9.001506258517130710e-03
-9.001506258517125506e-03
-9.040638679356390733e-03
-9.040638679356392468e-03
-9.040638679356418489e-03
-9.001506258517113362e-03
-9.237792869658851755e-03
-9.237792869658837877e-03
-9.237792869658830938e-03
-9.237792869658834408e-03
-9.237792869658858694e-03
-9.362297881898856353e-03
-9.362297881898889312e-03
-9.362297881898833801e-03
-9.362297881898826862e-03
-9.362297881898863292e-03
-9.362297881898842475e-03
-9.362297881898852883e-03
-9.362297881898832067e-03
-9.362297881898821658e-03
-9.320420772900546783e-03
-9.320420772900538109e-03
-9.320420772900538109e-03
-9.320420772900531170e-03
-9.320420772900525966e-03
-9.320420772900527701e-03
-9.320420772900486067e-03
-9.320420772900520762e-03
-9.320420772900534639e-03
-9.320420772900545048e-03
-9.320420772900520762e-03
-9.077080182488542898e-03
-9.116600845947444784e-03
-9.116600845947399681e-03
-9.077080182488525550e-03
-9.157394240070291028e-03
-9.077080182488542898e-03
-9.077080182488581062e-03
-9.077080182488542898e-03
-9.077080182488542898e-03
-9.077080182488551571e-03
-9.077080182488541163e-03
-9.077080182488549837e-03
-9.077080182488574123e-03
-9.077080182488594939e-03
-9.077080182488541163e-03
-9.077080182488584531e-03
-9.077080182488577592e-03
-9.077080182488574123e-03
-9.077080182488570653e-03
-9.077080182488542898e-03
-9.196715065496838259e-03
-9.196715065496815708e-03
-9.196715065496805300e-03
-9.196715065496789687e-03
-9.156483482273674104e-03
-9.156483482273681043e-03
-9.156483482273682778e-03
-9.156483482273717472e-03
-9.156483482273674104e-03
-9.156483482273660227e-03
-9.156483482273660227e-03
-9.156483482273698390e-03
-9.156483482273675839e-03
-9.237312747129551929e-03
-9.237312747129541521e-03
-9.237312747129543256e-03
-9.237312747129541521e-03
-9.237312747129557133e-03
-9.237312747129557133e-03
-9.361353061822971430e-03
-9.156480716145082299e-03
-9.156480716145113524e-03
-9.156480716145110055e-03
-9.156480716145103116e-03
-9.156480716145078830e-03
-9.156480716145078830e-03
-9.156480716145099646e-03
-9.156480716145054544e-03
-9.156480716145064952e-03
-9.156480716145115259e-03
-9.156480716145136076e-03
-9.156480716145089238e-03
-9.156477576599361679e-03
-9.196704010729302853e-03
-9.237296050015768312e-03
-9.156477576599353005e-03
-9.156477576599353005e-03
-9.156477576599377291e-03
-9.156477576599370352e-03
-9.156477576599354740e-03
-9.116610924557693243e-03
-9.116610924557708856e-03
-9.116610924557708856e-03
-9.116610924557686305e-03
-9.116610924557677631e-03
-9.116610924557679366e-03
-9.116610924557693243e-03
-9.116610924557677631e-03
-9.116610924557707121e-03
-9.116610924557698448e-03
-9.156477575453585496e-03
-9.156477575453578557e-03
-9.156477575453576823e-03
-9.156477575453576823e-03
-9.156477575453578557e-03
-9.156477575453566414e-03
-9.156477575453550802e-03
-9.156477575453580292e-03
-9.156477575453576823e-03
-9.156477575453549067e-03
-9.196701248579755572e-03
-9.156477575453556006e-03
-9.156477575453568149e-03
-9.156477575453573353e-03
-9.156477575453582027e-03
-9.156477575453580292e-03
-9.156477575453585496e-03
-9.156477575453578557e-03
-9.196701248579807614e-03
-9.196701248579785062e-03
-9.156477575453578557e-03
-9.156477575453620191e-03
-9.156477575453594170e-03
-9.156477575453594170e-03
-9.156477575453578557e-03
-9.156477575453599374e-03
-9.156477575453620191e-03
-9.156477575453620191e-03
-9.196705202869701404e-03
-9.156480065862102058e-03
-9.156480065862110732e-03
-9.156480065862058690e-03
-9.156480065862079507e-03
-9.156480065862124609e-03
-9.156480065862086445e-03
-9.156480065862121140e-03
-9.156480065862095119e-03
-9.156480065862115936e-03
-9.156480065862093384e-03
-9.156480065862102058e-03
-9.156480065862095119e-03
-9.156480065862088180e-03
-9.156480065862095119e-03
-9.156480065862114201e-03
-9.156477183019639046e-03
-9.156477183019659863e-03
-9.156477183019647720e-03
-9.156477183019633842e-03
-9.156477183019633842e-03
-9.156477183019600882e-03
-9.156477183019600882e-03
-9.156477183019614760e-03
-9.156477183019630373e-03
-9.156477183019573127e-03
-9.156477183019585270e-03
-9.156477183019585270e-03
-9.196704534136011452e-03
-9.116610924557674162e-03
-9.116610924557649875e-03
-9.116610924557651610e-03
-9.156477183019595678e-03
-9.156477183019588739e-03
-9.156477183019588739e-03
-9.156477183019621699e-03
-9.156477183019578331e-03
-9.116610924557665488e-03
-9.197330609683144337e-03
-9.197330609683132194e-03
-9.197330609683151276e-03
-9.197330609683172092e-03
-9.197330609683161684e-03
-9.197330609683132194e-03
-9.197330609683140867e-03
-9.237871237765805238e-03
-9.237871237765850341e-03
-9.237871237765820850e-03
-9.237871237765848606e-03
-9.237871237765848606e-03
-9.237871237765796564e-03
-9.237871237765808707e-03
-9.237871237765850341e-03
-9.278777076012913183e-03
-9.278777076012875019e-03
-9.278777076012878489e-03
-9.237871237765817381e-03
-9.237871237765839932e-03
-9.237871237765817381e-03
-9.237871237765848606e-03
-9.237871237765848606e-03
-9.237871237765815646e-03
-9.237871237765824320e-03
-9.278777076012904509e-03
-9.278777076012907979e-03
-9.237871237765822585e-03
-9.237871237765817381e-03
-9.237871237765819116e-03
-9.237871237765834728e-03
-9.237871237765834728e-03
-9.237871237765845137e-03
-9.237871237765834728e-03
-9.237871237765819116e-03
-9.237871237765819116e-03
-9.237871237765829524e-03
-9.237871237765808707e-03
-9.320066149326552973e-03
-9.361730393537810377e-03
-9.320066149326532157e-03
-9.077026209720194527e-03
-9.077026209720206670e-03
-9.077026209720194527e-03
-9.116567876881547308e-03
-9.077026209720185854e-03
-9.077026209720222283e-03
-9.077026209720196262e-03
-9.077026209720185854e-03
-9.077026209720203201e-03
-9.077026209720185854e-03
-9.077026209720170241e-03
-9.036391868711628195e-03
-9.036391868711628195e-03
-9.075715026723982226e-03
-9.036391868711629929e-03
-9.036391868711661154e-03
-9.036391868711624725e-03
-9.036391868711607378e-03
-9.036391868711636868e-03
-9.036391868711621256e-03
-9.036391868711628195e-03
-9.036391868711621256e-03
-9.036391868711614317e-03
-9.036391868711607378e-03
-9.075715026724016921e-03
-9.075715026724011716e-03
-9.075715026724013451e-03
-9.115390343012275826e-03
-9.075715411915808578e-03
-9.075715411915818986e-03
-9.075715411915836334e-03
-9.075715411915791231e-03
-9.075715411915824191e-03
-9.075715411915836334e-03
-9.075715411915798170e-03
-9.075715411915808578e-03
-9.075715411915798170e-03
-9.075715411915836334e-03
-9.075715411915825925e-03
-9.075715411915817252e-03
-9.075715411915824191e-03
-9.075715411915836334e-03
-9.075715411915846742e-03
-9.075715411915846742e-03
-9.075715411915857150e-03
-9.075715411915857150e-03
-9.115390343012258478e-03
-9.115390343012281030e-03
-9.036391868711617786e-03
-9.075715026724020390e-03
-9.075715026724008247e-03
-9.075715026723997839e-03
-9.075715026723982226e-03
-9.075715026723985696e-03
-9.075715026723994369e-03
-9.075715026723994369e-03
-9.075715283530228633e-03
-9.075715283530244246e-03
-9.075715283530265062e-03
-9.075715283530265062e-03
-9.075715283530280675e-03
-9.115392019907193888e-03
-9.115392019907212970e-03
-9.075715026723966614e-03
-9.037835082414466883e-03
-9.037835082414468618e-03
-9.037835082414498108e-03
-9.037835082414453006e-03
-9.037835082414451271e-03
-9.037835082414449536e-03
-9.037835082414451271e-03
-9.037835082414453006e-03
-9.077026209722664774e-03
-9.077026209722664774e-03
-9.077026209722664774e-03
-9.077026209722647426e-03
-9.116568645509868021e-03
-9.037835082414484231e-03
-9.037835082414506782e-03
-9.037835082414491170e-03
-9.077026082204644325e-03
-9.077026082204632182e-03
-9.077026082204652999e-03
-9.077026082204647794e-03
-9.077026082204644325e-03
-9.077026082204642590e-03
-9.077026082204620039e-03
-9.077026082204620039e-03
-9.077026082204606161e-03
-9.077026082204609631e-03
-9.077026082204628712e-03
-9.077026082204665142e-03
-9.077026073755411692e-03
-9.077026073755415161e-03
-9.077026073755415161e-03
-9.077026073755434243e-03
-9.075716056536292306e-03
-9.075716056536297510e-03
-9.362529708850115401e-03
-9.362529708850129279e-03
-9.362529708850124074e-03
-9.362529708850089380e-03
-9.362529708850103258e-03
-9.196977107088203165e-03
-9.196977107088199696e-03
-9.448359062966775815e-03
-9.320401244133188351e-03
-9.320401244133190086e-03
-9.320401244133191820e-03
-9.320401244133188351e-03
-9.076761181682567459e-03
-9.076761181682558785e-03
-9.076761181682557050e-03
-9.076761181682524091e-03
-9.116463279851513488e-03
-9.076761181682532764e-03
-9.076761181682536234e-03
-9.076761181682558785e-03
-9.076761181682524091e-03
-9.076761181682546642e-03
-9.076761181682546642e-03
-9.076761181682537968e-03
-9.076761181682525825e-03
-9.076761181682550111e-03
-9.076761181682565724e-03
-9.076761181682576132e-03
-9.076761181682539703e-03
-9.076761181682550111e-03
-9.076761181682550111e-03
-9.076761181682570928e-03
-9.076761181682572663e-03
-9.076761181682550111e-03
-8.730686506710513481e-03
-8.730686506710490929e-03
-8.730686506710499603e-03
-8.730686506710515216e-03
-8.804882280882143919e-03
-8.804882280882168205e-03
-8.767622433380729829e-03
-8.767622433380714217e-03
-8.767622433380729829e-03
-8.694070293670979818e-03
-8.694070293670950328e-03
-8.694070293670952063e-03
-8.694070293670952063e-03
-8.694070293670974614e-03
-8.730686506710473582e-03
-8.767620341909714357e-03
-8.767620341909742113e-03
-8.730687432082259725e-03
-8.730687432082249316e-03
-8.730687432082270133e-03
-8.730687432082270133e-03
-8.730687432082277072e-03
-8.730687432082277072e-03
-8.730687432082230234e-03
-8.730687432082273602e-03
-8.767620341909743847e-03
-8.767620341909729970e-03
-8.767620341909738643e-03
-8.767620341909726500e-03
-8.767620341909750786e-03
-8.767620341909747317e-03
-8.730687432082275337e-03
-8.730687432082254520e-03
-8.730687432082256255e-03
-8.730687432082240643e-03
-8.730687432082280541e-03
-8.730687432082282276e-03
-8.730687432082270133e-03
-8.730687432082270133e-03
-8.730687432082290950e-03
-8.730687432082277072e-03
-8.730686506710485725e-03
-8.730686506710483991e-03
-8.730687194264733636e-03
-8.730687194264718023e-03
-8.730687194264733636e-03
-8.730687194264735371e-03
-8.767620218648171024e-03
-8.730687194264707615e-03
-8.730687194264728432e-03
-8.730687194264756187e-03
-8.730687194264763126e-03
-8.730687194264733636e-03
-8.730687194264730167e-03
-8.730687194264721493e-03
-8.730687194264728432e-03
-8.730687194264707615e-03
-8.730687194264750983e-03
-8.730687194264754453e-03
-8.730687194264750983e-03
-8.730687194264773535e-03
-8.730687194264730167e-03
-8.730687194264730167e-03
-8.730687194264750983e-03
-8.730687194264711085e-03
-8.730687194264731901e-03
-8.730687194264747514e-03
-8.730687194264730167e-03
-8.730687194264730167e-03
-8.767620218648157146e-03
-8.767620218648157146e-03
-8.730687194264747514e-03
-8.767620218648157146e-03
-8.767620218648145003e-03
-8.767620218648186636e-03
-8.767620218648160615e-03
-8.767620218648157146e-03
-8.767411856482642749e-03
-8.767411856482632340e-03
-8.767411856482571625e-03
-8.767411856482616728e-03
-8.767411856482614993e-03
-8.767411856482609789e-03
-8.767411856482632340e-03
-8.767411856482632340e-03
-8.804671827535070008e-03
-8.804671827535019701e-03
-8.804671827535064804e-03
-8.804900304675346637e-03
-8.804900304675383066e-03
-8.804900304675362249e-03
-8.804900304675346637e-03
-8.804900304675362249e-03
-8.804900304675355310e-03
-8.804900304675362249e-03
-8.804900304675398678e-03
-8.804900304675400413e-03
-8.804900304675365719e-03
-8.804900304675351841e-03
-8.804900304675379596e-03
-8.804900304675379596e-03
-8.804900304675379596e-03
-8.804900304675384801e-03
-8.804900304675436842e-03
-8.767678835074241631e-03
-8.767678835074232957e-03
-8.767678835074250304e-03
-8.767678835074248569e-03
-8.767678835074239896e-03
-8.842459717926454826e-03
-8.842459717926425336e-03
-8.842459717926472174e-03
-8.880340492261584381e-03
-8.880340492261603463e-03
-8.880340492261582647e-03
-8.880340492261622545e-03
-8.880340492261603463e-03
-8.880340492261575708e-03
-8.880340492261558361e-03
-8.880340492261582647e-03
-8.880340492261544483e-03
-8.880340492261561830e-03
-8.880340492261603463e-03
-8.880340492261577443e-03
-8.804907603569432986e-03
-8.804907603569426047e-03
-8.804907603569377475e-03
-8.804907603569406965e-03
-8.804907603569431251e-03
-8.804907603569405231e-03
-8.804933470430421211e-03
-8.804933470430422945e-03
-8.804933470430440293e-03
-8.767673531853559590e-03
-8.767673531853557856e-03
-8.767673531853575203e-03
-8.730767980172700338e-03
-8.730767980172689929e-03
-8.767682578995912579e-03
-8.767673180484368903e-03
-8.767673180484346351e-03
-8.730767980172705542e-03
-8.804902258123380177e-03
-8.804902258123397524e-03
-8.842456359437972715e-03
-8.845199721890798644e-03
-8.804902258123414871e-03
-8.804902258123399258e-03
-8.804902258123376707e-03
-8.804902258123374972e-03
-8.804902258123342013e-03
-8.842447068948098773e-03
-8.804894313598012751e-03
-8.804894313598047445e-03
-8.804894313598030098e-03
-8.804894195030011847e-03
-8.804894195029992765e-03
-8.804894195029989296e-03
-8.804894195030006643e-03
-8.767668569054757471e-03
-8.767668569054754002e-03
-8.767668569054778288e-03
-8.767668569054771349e-03
-8.767668569054769614e-03
-8.767668569054769614e-03
-8.767668569054766145e-03
-8.767668569054776553e-03
-8.767668569054783492e-03
-8.767668569054771349e-03
-8.767668569054790431e-03
-8.767668569054767880e-03
-8.767668569054771349e-03
-8.767668569054788696e-03
-8.767668569054771349e-03
-8.767668569054745328e-03
-8.767668569054752267e-03
-8.767668569054774819e-03
-8.767668569054769614e-03
-8.804894195030008378e-03
-8.767668569054795635e-03
-8.767668569054767880e-03
-8.767668569054785227e-03
-8.767668569054686348e-03
-8.767668569054684613e-03
-8.767668569054674205e-03
-8.767668569054722777e-03
-8.767668569054724512e-03
-8.754005925868392837e-03
-8.754005925868415389e-03
-8.754005925868415389e-03
-8.754005925868404980e-03
-8.754005925868422328e-03
-8.754005925868404980e-03
-8.754005925868410184e-03
-8.754005925868411919e-03
-8.754005925868401511e-03
-8.754005925868417123e-03
-8.800968684019165253e-03
-8.800968684019120150e-03
-8.800968684019144436e-03
-8.838503870210304147e-03
-8.838503870210321495e-03
-8.763760113650353664e-03
-8.763760113650350195e-03
-8.842453532904706592e-03
-8.842453532904704858e-03
-8.842453532904659755e-03
-8.842453532904694449e-03
-8.842453532904677102e-03
-8.804899800351633637e-03
-8.804899800351635372e-03
-8.804899800351635372e-03
-8.804899800351605882e-03
-8.804899800351623229e-03
-8.804899800351621494e-03
-8.804899800351638842e-03
-8.804899800351661393e-03
-8.804899800351602412e-03
-8.750663688459163481e-03
-8.750663688459140929e-03
-8.750663688459199910e-03
-8.750663688459168685e-03
-8.750663688459133990e-03
-8.750663688459116643e-03
-8.787803519835910709e-03
-8.787803519835926322e-03
-8.787803519835908975e-03
-8.787803519835877750e-03
-8.787803519835919383e-03
-8.787803519835917648e-03
-8.787803519835928057e-03
-8.787803519835912444e-03
-8.787803519835947139e-03
-8.750663688459113174e-03
-8.750663688459149603e-03
-8.750663688459116643e-03
-8.750663688459121847e-03
-8.767678648054479107e-03
-8.804953629179702174e-03
-8.804953629179717786e-03
-8.804953629179702174e-03
-8.804953629179755950e-03
-8.804911243757235217e-03
-8.804911243757247361e-03
-8.804911243757236952e-03
-8.804911243757197054e-03
-8.804911243757242156e-03
-8.804911243757217870e-03
-8.804911243757243891e-03
-8.804911243757242156e-03
-8.804911243757219605e-03
-8.804911243757224809e-03
-8.804911243757238687e-03
-8.804911243757219605e-03
-8.804911243757197054e-03
-8.880361797663372664e-03
-8.880361797663417767e-03
-8.880361797663381337e-03
-8.804911958369254082e-03
-8.804911958369299185e-03
-8.804911958369316533e-03
-8.804911958369339084e-03
-8.804911958369333880e-03
-8.804911958369323471e-03
-8.804911958369363370e-03
-8.804911958369309594e-03
-8.804911958369333880e-03
-8.842470364596722449e-03
-8.842470364596686019e-03
-8.842470364596720714e-03
-8.840324920050265239e-03
-8.842470364596741531e-03
-8.842470364596739796e-03
-8.842470364596741531e-03
-8.843455345233265652e-03
-8.804912664316360410e-03
-8.804912664316360410e-03
-8.842470371402252546e-03
-8.804912664316317042e-03
-8.804912664316355206e-03
-8.804912664316374288e-03
-8.804912664316353471e-03
-8.804912664316341328e-03
-8.804912664316337859e-03
-8.804912664316353471e-03
-8.804912664316374288e-03
-8.804912664316376023e-03
-8.842470491590852938e-03
-8.880359985775295589e-03
-8.804911243757254299e-03
-8.804911243757235217e-03
-9.280920736980948285e-03
-9.280920736980943081e-03
-9.280920736980956959e-03
-9.280920736980958693e-03
-9.280920736980917060e-03
-9.323073739925955006e-03
-9.323073739925982761e-03
-9.323073739925920311e-03
-9.280975627843173620e-03
-9.280975627843204845e-03
-9.280975627843175355e-03
-9.280975627843220457e-03
-9.280975627843197906e-03
-9.280975627843190967e-03
-9.323116950820862364e-03
-9.280975627843177089e-03
-9.280975627843173620e-03
-9.280975627843215253e-03
-9.280975627843220457e-03
-9.323116950820848486e-03
-9.323116950820851956e-03
-9.323116950820839813e-03
-9.280975627843190967e-03
-9.280975061318664024e-03
-9.239222130796406751e-03
-9.280975061318636268e-03
-9.280975061318643207e-03
-9.280975061318686575e-03
-9.280975061318688310e-03
-9.280975061318639738e-03
-9.197847808446278986e-03
-9.668695538746963428e-03
-9.668695538746979040e-03
-9.668695538746968632e-03
-9.668695538746961693e-03
-9.668695538746961693e-03
-9.668695538746953019e-03
-9.668695538746933937e-03
-9.668695538746947815e-03
-9.668695538746949550e-03
-9.668695538746979040e-03
-9.668695538746966897e-03
-9.668695538746954754e-03
-9.668695538746959958e-03
-9.668695538746935672e-03
-9.668695538746946080e-03
-9.716025717099811485e-03
-9.716025717099832301e-03
-9.763833888733426669e-03
-9.810568076373050658e-03
-9.810539346634141594e-03
-9.714882939307577236e-03
-9.714882939307582441e-03
-9.714882939307568563e-03
-9.714882939307565093e-03
-9.714882939307582441e-03
-9.714882939307544277e-03
-9.714882939307552950e-03
-9.714882939307556420e-03
-9.762475196739823710e-03
-9.714882939307585910e-03
-9.714882939307563359e-03
-9.714882939307559889e-03
-9.714882939307559889e-03
-9.714882939307544277e-03
-9.714882939307566828e-03
-9.714882939307568563e-03
-9.714882939307568563e-03
-9.714882939307610196e-03
-9.714882939307587645e-03
-9.714882939307587645e-03
-9.714882939307587645e-03
-9.714882939307587645e-03
-9.714882939307615400e-03
-9.810549157504511175e-03
-9.810549157504540665e-03
-9.762475196739834118e-03
-9.762475196739847996e-03
-9.762475196739887895e-03
-9.762475196739867078e-03
-9.714602217618653265e-03
-9.714602217618639388e-03
-9.667758700739515279e-03
-9.667758700739515279e-03
-9.810563165583258485e-03
-9.762481780701425318e-03
-9.762481780701432257e-03
-9.714882245050323120e-03
-9.714882245050304038e-03
-9.714882245050298834e-03
-9.714882245050326590e-03
-9.714882245050326590e-03
-9.762481780701449605e-03
-9.762481780701454809e-03
-9.667751886153045510e-03
-9.667751886153045510e-03
-9.667751886153040305e-03
-9.667751886153047244e-03
-9.667751886153028162e-03
-9.667751886153005611e-03
-9.667751886153028162e-03
-9.667751886153028162e-03
-9.667751886153012550e-03
-9.667751886153007346e-03
-9.667751886153029897e-03
-9.667751886153024693e-03
-9.714880171421920452e-03
-9.714880171421969024e-03
-9.714880171421951677e-03
-9.714880171421951677e-03
-9.714880171421949942e-03
-9.714880171421937799e-03
-9.714880171421949942e-03
-9.714880171421951677e-03
-9.714880171421969024e-03
-9.810620409498841885e-03
-9.810620409498841885e-03
-9.810620409498899130e-03
-9.859166914485189767e-03
-9.859166914485207114e-03
-9.810620409498857497e-03
-9.810620409498857497e-03
-9.810620409498843619e-03
-9.810620409498840150e-03
-9.810620409498843619e-03
-9.810620409498843619e-03
-9.859166914485174155e-03
-9.859166914485156807e-03
-9.762556663219451938e-03
-9.762556663219458877e-03
-9.714975808913207944e-03
-9.714975808913218353e-03
-9.714975808913218353e-03
-9.714975808913180189e-03
-9.714975808913221822e-03
-9.714975808913197536e-03
-9.762556663219387754e-03
-9.762556663219401631e-03
-9.762556663219462347e-03
-9.762556663219417244e-03
-9.762556663219391223e-03
-9.762556663219391223e-03
-9.762556663219415509e-03
-9.762553842712396596e-03
-9.762553842712396596e-03
-9.762553842712407004e-03
-9.762553842712429555e-03
-9.762553842712398330e-03
-9.762553842712400065e-03
-9.908172444066699891e-03
-9.762553842712393126e-03
-9.762553842712380983e-03
-9.810608274602646353e-03
-9.810608274602620332e-03
-9.810608274602665435e-03
-9.810608274602700130e-03
-9.810608274602667170e-03
-9.810608274602689721e-03
-9.810608274602655027e-03
-9.810608274602649823e-03
-9.859148500209529917e-03
-9.859148500209502161e-03
-9.859148500209519508e-03
-9.859148500209522978e-03
-9.762553842712453842e-03
-9.762553842712436494e-03
-9.762553842712450372e-03
-9.762553842712415678e-03
-9.762553842712405269e-03
-9.762553842712422617e-03
-9.810607563809617751e-03
-9.810607563809583057e-03
-9.810607563809631629e-03
-9.810607563809603873e-03
-9.762553842712419147e-03
-9.762553842712420882e-03
-9.762553842712403535e-03
-9.762553842712403535e-03
-9.762553842712436494e-03
-9.762553842712412208e-03
-9.762553842712436494e-03
-9.762553842712469454e-03
-9.762553842712453842e-03
-9.762553842712443433e-03
-9.762553842712420882e-03
-9.762553842712398330e-03
-9.810607563809583057e-03
-9.762556663219422448e-03
-9.667728132844929934e-03
-9.715029965176069301e-03
-9.715029965176069301e-03
-9.715029965176072771e-03
-9.715029965176065832e-03
-9.667452704653949763e-03
-9.667452704653958437e-03
-9.620897332351316389e-03
-9.667728132844964628e-03
-9.667728132844975036e-03
-9.667728132844964628e-03
-9.667728132844980241e-03
-9.667728132844980241e-03
-9.667728132844968097e-03
-9.667728132844971567e-03
-9.667728132844969832e-03
-9.667728132845001057e-03
-9.667728132844978506e-03
-9.661412185538450353e-03
-9.661412185538426067e-03
-9.661412185538415659e-03
-9.661412185538433006e-03
-9.661412185538443415e-03
-9.661412185538453823e-03
-9.661412185538426067e-03
-9.661412185538453823e-03
-9.661412185538448619e-03
-9.661412185538429537e-03
-9.661412185538429537e-03
-9.661412185538438210e-03
-9.661412185538426067e-03
-9.661412185538453823e-03
-9.661412185538459027e-03
-9.661412185538460762e-03
-9.661412185538465966e-03
-9.661412185538434741e-03
-9.661412185538424333e-03
-9.661412185538438210e-03
-9.661412185538462497e-03
-9.661412185538452088e-03
-9.661412185538408720e-03
-9.661412185538429537e-03
-9.661412185538422598e-03
-9.661412185538429537e-03
-9.708579173211875565e-03
-9.661412185538464231e-03
-9.661412185538434741e-03
-9.661412185538434741e-03
-9.852963947971051656e-03
-9.852963947971065534e-03
-9.852963947971072473e-03
-9.852963947971095024e-03
-9.852963947971096759e-03
-9.759108172191551661e-03
-9.664416432288717301e-03
-9.664416432288734649e-03
-9.664416432288751996e-03
-9.664416432288745057e-03
-9.664416432288736383e-03
-9.664416432288734649e-03
-9.664416432288701689e-03
-9.664416432288712097e-03
-9.664416432288734649e-03
-9.664416432288743322e-03
-9.664416432288729444e-03
-9.664416432288715567e-03
-9.664416432288743322e-03
-9.664416432288734649e-03
-9.664416432288734649e-03
-9.664416432288745057e-03
-9.664416432288687811e-03
-9.664416432288679137e-03
-9.664416432288694750e-03
-9.664416432288734649e-03
-9.664416432288755465e-03
-9.664416432288694750e-03
-9.664416432288734649e-03
-9.664416432288734649e-03
-9.711525063330568586e-03
-9.664416432288738118e-03
-9.664416432288717301e-03
-9.664416432288729444e-03
-9.617876091258355936e-03
-9.571866316423857657e-03
-9.571866316423869800e-03
-9.617876091258343793e-03
-9.571866316423869800e-03
-9.571866316423876739e-03
-9.617876091258324711e-03
-9.572417605314518727e-03
-9.571866316423880208e-03
-9.571866316423880208e-03
-9.571866316423866330e-03
-9.571866316423869800e-03
-9.571866316423843779e-03
-9.571866316423861126e-03
-9.571866316423883678e-03
-9.571866316423890617e-03
-9.571866316423892351e-03
-9.571866316423899290e-03
-9.571866316423873269e-03
-9.571866316423866330e-03
-9.571866316423855922e-03
-9.571866316423840310e-03
-9.571866316423861126e-03
-9.617876091258331650e-03
-9.617876091258333385e-03
-9.571866316423881943e-03
-9.571866316423862861e-03
-9.571866316423838575e-03
-9.571866316423840310e-03
-9.571866316423833371e-03
-9.571866316423861126e-03
-9.571866316423881943e-03
-9.617876091258331650e-03
-9.571866316423861126e-03
-9.571866316423855922e-03
-9.571866316423857657e-03
-9.571866316423821228e-03
-9.571866316423836840e-03
-9.571866316423845514e-03
-9.571866316423852453e-03
-9.571866316423843779e-03
-9.571866316423824697e-03
-9.571866316423809085e-03
-9.571866316423817758e-03
-9.571866316423833371e-03
-9.664316976964688888e-03
-9.664316976964688888e-03
-9.664316976964699296e-03
-9.664316976964675010e-03
-9.664316976964687153e-03
-9.664316976964675010e-03
-9.664316976964669806e-03
-9.710091659212429990e-03
-9.710091659212431725e-03
-9.710091659212417847e-03
-9.710091659212407439e-03
-9.710091659212429990e-03
-9.710091659212423051e-03
-9.664316976964718378e-03
-9.664316976964683684e-03
-9.664316976964702766e-03
-9.711227479413884686e-03
-9.664316976964683684e-03
-9.664316976964695827e-03
-9.664316976964707970e-03
-9.664316976964711439e-03
-9.664316976964728786e-03
-9.664316976964702766e-03
-9.711227479413891625e-03
-9.571871939930946468e-03
-9.571871939930920448e-03
-9.571871939930923917e-03
-9.571871939930859732e-03
-9.571871939930925652e-03
-9.571871939930925652e-03
-9.571871939930882284e-03
-9.617874236931705373e-03
-9.571871939930908305e-03
-9.571871939930916978e-03
-9.571871939930922182e-03
-9.571871939930910039e-03
-9.617871038794368818e-03
-9.617871038794361879e-03
-9.617871038794351471e-03
-9.617871038794348001e-03
-9.617871204806857297e-03
-9.617871204806859031e-03
-9.617871204806852092e-03
-9.617871204806895460e-03
-9.617871204806918012e-03
-9.617871204806923216e-03
-9.617871204806916277e-03
-9.617871204806928420e-03
-9.617871204806904134e-03
-9.617871204806888522e-03
-9.617871204806895460e-03
-9.617871204806891991e-03
-9.617871204806923216e-03
-9.617871204806914542e-03
-9.617871204806912808e-03
-9.617871204806895460e-03
-9.617871204806893726e-03
-9.617871204806872909e-03
-9.617871204806898930e-03
-9.617871204806928420e-03
-9.617871204806905869e-03
-9.617871204806923216e-03
-9.617871204806898930e-03
-9.664320530692578973e-03
-9.617871204806911073e-03
-9.617871204806902399e-03
-9.617871204806895460e-03
-9.617871204806907603e-03
-9.617871204806921481e-03
-9.617871204806923216e-03
-9.617871204806923216e-03
-9.617871204806891991e-03
-9.617871204806895460e-03
-9.617871204806904134e-03
-9.617871204806888522e-03
-9.617871204806883317e-03
-9.617871204806853827e-03
-9.617871204806895460e-03
-9.617871204806867705e-03
-9.617871204806888522e-03
-9.617871038794360145e-03
-9.571871939930864936e-03
-9.571871939930871875e-03
-9.571871939930866671e-03
-9.617875541557746252e-03
-9.617875541557768804e-03
-9.617875541557754926e-03
-9.617875541557754926e-03
-9.571871939930852793e-03
-9.571871939930847589e-03
-9.571871939930840650e-03
-9.571871939930859732e-03
-9.571871939930847589e-03
-9.571871939930889223e-03
-9.617871038794389635e-03
-9.617871038794372288e-03
-9.617871038794382696e-03
-9.571871939930868406e-03
-9.571871939930842385e-03
-9.430499670284163416e-03
-9.430499670284154742e-03
-9.430499670284142599e-03
-9.430499670284135660e-03
-9.430499670284137395e-03
-9.430499670284153008e-03
-9.430499670284153008e-03
-9.352749605776689706e-03
-9.352749605776686237e-03
-9.399571508381672491e-03
-9.399571508381715859e-03
-9.399571508381738411e-03
-9.352749605776661951e-03
-9.352749605776689706e-03
-9.352749605776686237e-03
-9.352749605776667155e-03
-9.352749605776687972e-03
-9.446877479292483532e-03
-9.446877479292473123e-03
-9.469193930647873750e-03
-9.469193930647875485e-03
-9.421754597329802874e-03
-9.421754597329783792e-03
-9.421754597329771649e-03
-9.421754597329813283e-03
-9.951717153960615639e-03
-9.951717153960631251e-03
-9.951717153960626047e-03
-9.906047358420768181e-03
-9.906047358420839305e-03
-9.906047358420806345e-03
-9.819033093442588317e-03
-9.819033093442628216e-03
-9.774386289673678632e-03
-9.774386289673682102e-03
-9.774386289673661285e-03
-9.819033093442605664e-03
-9.774386289673645672e-03
-9.774386289673624856e-03
-9.774386289673654346e-03
-9.774386289673636999e-03
-9.774386289673645672e-03
-9.774386289673687306e-03
-9.774386289673678632e-03
-9.774386289673680367e-03
-9.774386289673661285e-03
-9.774386289673624856e-03
-9.819033093442603929e-03
-9.819033093442602195e-03
-9.819033093442628216e-03
-9.819033093442607399e-03
-9.774386289673702918e-03
-9.774386289673685571e-03
-9.774386289673661285e-03
-9.774386289673640468e-03
-9.774386289673680367e-03
-9.774386289673659550e-03
-9.774386289673657816e-03
-9.774386289673661285e-03
-9.817589331150010021e-03
-9.817589331149982265e-03
-9.817589331150010021e-03
-9.817589331149970122e-03
-9.817589331150011756e-03
-9.817589331149994408e-03
-9.817589331149994408e-03
-9.817589331150029103e-03
-9.817589331150016960e-03
-9.862419432044376710e-03
-9.862419432044364567e-03
-9.862419432044374976e-03
-9.862419432044402731e-03
-9.862419432044397527e-03
-9.862419432044378445e-03
-9.862419432044399262e-03
-9.862419432044397527e-03
-9.862419432044387119e-03
-9.862466999313791727e-03
-9.817587814165189275e-03
-9.817586297789568719e-03
-9.817586297789527086e-03
-9.817586297789584332e-03
-9.817586297789584332e-03
-9.817586297789547903e-03
-9.773123428331021573e-03
-9.817579077360569229e-03
-9.817579077360557085e-03
-9.817579077360546677e-03
-9.773123428331002491e-03
-9.773123428330999021e-03
-9.773123428331023307e-03
-9.773123428330997287e-03
-9.773123428331040655e-03
-9.773123428331038920e-03
-9.773123428331004225e-03
-9.773123428331019838e-03
-9.817579077360541473e-03
-9.817579077360543208e-03
-9.817579077360518922e-03
-9.817579077360518922e-03
-9.817579077360518922e-03
-9.773123428331007695e-03
-9.773123428330985143e-03
-9.773123428330997287e-03
-9.773123428330997287e-03
-9.773123428331018103e-03
-9.773123428331023307e-03
-9.773123428330997287e-03
-9.773123428330983409e-03
-9.773123428331026777e-03
-9.773123428331045859e-03
-9.773123428331044124e-03
-9.773123428331021573e-03
-9.773123428331000756e-03
-9.773123428331000756e-03
-9.773123428331000756e-03
-9.773123428331030246e-03
-9.773123428330985143e-03
-9.773123428331007695e-03
-9.773123428330967796e-03
-9.773123428331023307e-03
-9.773123428331005960e-03
-9.773123428330966062e-03
-9.817579077360548412e-03
-9.773123428331004225e-03
-9.817579077360517187e-03
-9.773123428331025042e-03
-9.773123428331019838e-03
-9.773123428331023307e-03
-9.773123428331005960e-03
-9.773123428331005960e-03
-9.773123428331005960e-03
-9.773123428330997287e-03
-9.773123428331007695e-03
-9.773123428331007695e-03
-9.773123428330966062e-03
-9.773123428330962592e-03
-9.817579077360550147e-03
-9.817579077360572698e-03
-9.817579077360581372e-03
-9.817579077360579637e-03
-9.773123428330985143e-03
-9.773123428331000756e-03
-9.773123428331025042e-03
-9.773123428331025042e-03
-9.773123428331005960e-03
-9.862465493659889823e-03
-9.773122381895191224e-03
-9.773122381895175612e-03
-9.773122381895180816e-03
-9.773122381895182550e-03
-9.773122381895182550e-03
-9.773122381895180816e-03
-9.773122381895198163e-03
-9.773122381895194694e-03
-9.773122381895198163e-03
-9.773122381895168673e-03
-9.773122381895182550e-03
-9.773122381895165203e-03
-9.817584644197142538e-03
-9.817584644197135599e-03
-9.817584644197165089e-03
-9.817584644197165089e-03
-9.817584644197163354e-03
-9.729069173108948962e-03
-9.773121332488959173e-03
-9.773121332488945295e-03
-9.863565121166451358e-03
-9.908952867835338699e-03
-9.908952867835342168e-03
-9.908952867835362985e-03
-9.908952867835356046e-03
-9.908952867835378597e-03
-9.908952867835357781e-03
-9.908952867835376863e-03
-9.908952867835395945e-03
-9.908952867835373393e-03
-9.908952867835362985e-03
-9.908952867835362985e-03
-9.908952867835380332e-03
-9.908952867835397679e-03
-9.908952867835354311e-03
-9.908952867835362985e-03
-9.908952867835366454e-03
-9.908952867835389006e-03
-9.908952867835401149e-03
-9.863565121166470440e-03
-9.863565121166470440e-03
-9.863565121166487787e-03
-9.863565121166499930e-03
-9.863565121166482583e-03
-9.863565121166482583e-03
-9.863565121166465235e-03
-9.863565121166473909e-03
-1.000104683769242539e-02
-1.000104683769241672e-02
-1.000104683769243059e-02
-1.000104683769246008e-02
-1.000104683769245835e-02
-1.000104683769244100e-02
-1.000104683769242019e-02
-1.000104683769242539e-02
-1.000104683769240631e-02
-1.000104683769241672e-02
-1.000104683769241151e-02
-1.000104683769246008e-02
-1.004774250462361386e-02
-1.000104683769244274e-02
-1.000104683769243233e-02
-1.000104683769242539e-02
-9.908972198699340234e-03
-9.908972198699378398e-03
-9.908972198699355846e-03
-9.908972198699355846e-03
-9.954790231718286739e-03
-9.954790231718288473e-03
-9.818549228511393168e-03
-9.818549228511410515e-03
-9.818549228511387963e-03
-9.818549228511405311e-03
-9.863526640814239410e-03
-9.863526640814242880e-03
-9.773989721942022077e-03
-9.729845309315183696e-03
-9.729845309315181962e-03
-9.729845309315187166e-03
-9.729845309315188900e-03
-9.729845309315183696e-03
-9.729845309315168084e-03
-9.729845309315168084e-03
-9.729845309315149002e-03
-9.729845309315145532e-03
-9.863398622536156957e-03
-9.863398622536148283e-03
-9.820003055966043323e-03
-9.773991679166111474e-03
-9.773991679166073310e-03
-9.773991679166069840e-03
-9.773991679166088922e-03
-9.773991679166069840e-03
-9.773991679166114943e-03
-9.818548017153008040e-03
-9.818548017152976815e-03
-9.818548017152978549e-03
-9.818548017152978549e-03
-9.818548017152966406e-03
-9.818548017152964671e-03
-9.863524658312273000e-03
-9.863524658312274734e-03
-9.818555224640618251e-03
-9.818555224640581822e-03
-9.818555224640595699e-03
-1.000500516190393555e-02
-1.000500516190391820e-02
-1.000500516190390779e-02
-1.000500516190390779e-02
-1.000500516190392340e-02
-1.000500516190390779e-02
-1.000500516190392340e-02
-1.000500516190392340e-02
-9.958921201922096150e-03
-9.913274806480191353e-03
-9.913274806480170537e-03
-9.913274806480151455e-03
-9.913274806480187884e-03
-9.913274806480151455e-03
-9.913274806480187884e-03
-9.913274806480168802e-03
-9.913274806480130638e-03
-9.913274806480154924e-03
-9.913274806480130638e-03
-9.958012401874204514e-03
-9.958012401874221861e-03
-9.958012401874228800e-03
-9.958012401874220126e-03
-9.958012401874240943e-03
-9.913274806480168802e-03
-9.913274806480210435e-03
-9.913274806480189619e-03
-9.913274806480189619e-03
-9.913274806480189619e-03
-9.913274806480213905e-03
-9.913274806480194823e-03
-9.913274806480189619e-03
-9.913274806480189619e-03
-9.913274806480168802e-03
-9.913274806480132373e-03
-9.913274806480186149e-03
-1.000668894323616769e-02
-1.000668894323614860e-02
-1.000668894323616769e-02
-1.000668894323619024e-02
-1.000668894323617289e-02
-1.005328836533910322e-02
-1.005328836533911883e-02
-1.000668894323619891e-02
-1.001114705119566205e-02
-1.001114705119566378e-02
-1.005331146599445016e-02
-1.005331146599447965e-02
-1.005331146599449006e-02
-1.005331146599449180e-02
-1.005331146599449006e-02
-1.000668894323618156e-02
-1.000668894323617289e-02
-1.000668894323614513e-02
-1.000668894323616248e-02
-1.000668894323617983e-02
-1.000668894323616075e-02
-9.960508226064696338e-03
-9.960508226064694604e-03
-9.960508226064678991e-03
-9.960508226064713685e-03
-9.960508226064715420e-03
-9.960508226064661644e-03
-9.960508226064699808e-03
-9.960508226064665113e-03
-9.960508226064701542e-03
-9.960508226064675522e-03
-9.960508226064701542e-03
-9.960508226064692869e-03
-1.001166559756249200e-02
-9.960508226064678991e-03
-1.005331061686305129e-02
-1.000668838837469841e-02
-1.000668838837470535e-02
-1.000668838837469668e-02
-1.000668822761180930e-02
-1.000668822761177808e-02
-1.000668822761178328e-02
-9.960507890605044962e-03
-9.960507890605046696e-03
-9.960507890605041492e-03
-9.960507890605055370e-03
-9.960507890605097003e-03
-1.000668582046486919e-02
-1.000668582046489348e-02
-9.960507890605046696e-03
-9.960507890605025880e-03
-9.960507890605025880e-03
-9.960507890605070982e-03
-9.960507890605048431e-03
-9.960507890605010267e-03
-9.960507890605055370e-03
-9.960507890605013737e-03
-9.960507890605046696e-03
-1.000668582046484838e-02
-9.960507890605024145e-03
-9.960507890605053635e-03
-9.960507890605062309e-03
-9.960507890605055370e-03
-9.960507890605053635e-03
-9.960507890605044962e-03
-9.960507890605025880e-03
-1.000668582046486225e-02
-1.000668582046486225e-02
-1.000668582046486225e-02
-9.960507890605048431e-03
-9.960507890605055370e-03
-9.960507890605064044e-03
-1.000668582046487440e-02
-9.960507890605050166e-03
-9.960507890605044962e-03
-9.960507890605055370e-03
-9.960506781358983638e-03
-9.960506781358978434e-03
-9.914760094856318873e-03
-9.914760094856346628e-03
-9.960504485640545372e-03
-9.960504485640566188e-03
-9.960504485640528025e-03
-9.914696882864422814e-03
-9.914696882864405467e-03
-9.914696882864478325e-03
-9.914702350552360641e-03
-9.951752795545543845e-03
-9.914702322082797128e-03
-9.914702322082821415e-03
-9.914702322082778047e-03
-9.914702322082802333e-03
-9.914702322082795394e-03
-9.869342937099708293e-03
-1.005343954593402103e-02
-1.005343954593401930e-02
-1.005343954593402103e-02
-1.005343954593398113e-02
-1.005343954593400542e-02
-1.005343954593400542e-02
-1.005343954593398287e-02
-1.005343954593396205e-02
-1.005343954593396032e-02
-1.005343954593396032e-02
-1.005343954593396032e-02
-9.610010570122746315e-03
-9.610010570122756723e-03
-9.610010570122767132e-03
-9.610010570122735907e-03
-9.610010570122763662e-03
-9.610010570122779275e-03
-9.610010570122781010e-03
-9.610010570122767132e-03
-9.610010570122744580e-03
-9.610010570122770601e-03
-9.610010570122767132e-03
-9.610010570122767132e-03
-9.653300180717281492e-03
-9.567586166043152637e-03
-9.567586166043175189e-03
-9.608916459771870214e-03
-9.608916459771892765e-03
-9.608916459771851132e-03
-9.608916459771845928e-03
-9.608916459771885826e-03
-9.608916459771859805e-03
-9.608916459771870214e-03
-9.608916459771866744e-03
-9.567586166043225496e-03
-9.567586166043209883e-03
-9.567586166043209883e-03
-9.610010858818865409e-03
-9.653301776062018016e-03
-9.653301776062052711e-03
-9.653301776062070058e-03
-9.610010570128082324e-03
-9.653301776061074327e-03
-9.653223713543447257e-03
-9.653223713543462869e-03
-9.653223713543442053e-03
-9.653223713543455931e-03
-9.653223713543450726e-03
-9.653223713543422971e-03
-9.653223713543426440e-03
-9.653223713543429910e-03
-9.653223713543468074e-03
-9.653223713543445522e-03
-9.653223713543459400e-03
-9.653223713543438583e-03
-9.653223713543448992e-03
-9.653223713543462869e-03
-9.653223713543468074e-03
-9.653223713543429910e-03
-9.696891450210576302e-03
-9.653223713543428175e-03
-9.653223713543428175e-03
-9.696891450210571098e-03
-9.653223713543424706e-03
-9.696891450210591915e-03
-9.696891450210572833e-03
-9.696891450210557220e-03
-9.653223713543409093e-03
-9.696891450210548546e-03
-9.696891450210552016e-03
-9.696891450210576302e-03
-9.653223713543464604e-03
-9.653223713543464604e-03
-9.653223713543447257e-03
-9.696891450210619670e-03
-9.653223713543450726e-03
-9.653223713543481951e-03
-9.653223713543469808e-03
-9.653223713543464604e-03
-9.653223713543428175e-03
-9.653223713543464604e-03
-9.653223713543442053e-03
-9.653223713543466339e-03
-9.653223713543480217e-03
-9.653223713543464604e-03
-9.653223713543464604e-03
-9.653223713543464604e-03
-9.653223713543448992e-03
-9.653223713543461135e-03
-9.653223713543436849e-03
-9.653223713543480217e-03
-9.696891450210612731e-03
-9.696891450210645691e-03
-9.653223713543464604e-03
-9.653223713543461135e-03
-9.653223713543421236e-03
-9.653223713543428175e-03
-9.696891450210633548e-03
-9.653223713543442053e-03
-9.653223713543461135e-03
-9.653223713543448992e-03
-9.653223713543448992e-03
-9.653223713543421236e-03
-9.653223713543403889e-03
-9.653223713543398685e-03
-9.653223713543421236e-03
-9.653223713543440318e-03
-9.653223713543409093e-03
-9.653223713543424706e-03
-9.653223713543450726e-03
-9.653223713543405624e-03
-9.654026254343969077e-03
-9.653223713543405624e-03
-9.696609222095739500e-03
-9.653310614786575830e-03
-9.653318144419489530e-03
-9.653318144419454835e-03
-9.741067681125151895e-03
-9.741067681125151895e-03
-9.741067681125172711e-03
-9.741067681125162303e-03
-9.741067681125183120e-03
-9.696972091373438213e-03
-9.696972091373448621e-03
-9.696972091373434743e-03
-9.696972091373438213e-03
-9.653318144419494734e-03
-9.653318144419513816e-03
-9.697014250312836758e-03
-9.697014250312836758e-03
-9.697014250312843697e-03
-9.697014250312836758e-03
-9.697014250312836758e-03
-9.697014250312835024e-03
-9.697014250312855840e-03
-9.697014250312838493e-03
-9.610022039791879175e-03
-9.610022039791879175e-03
-9.610022039791903462e-03
-9.610022039791901727e-03
-9.610022039791879175e-03
-9.610022039791860093e-03
-9.610022039791899992e-03
-9.703874907675363176e-03
-9.747046270484048883e-03
-9.747046270484062760e-03
-9.747046270484054087e-03
-9.748178479594627605e-03
-9.697013996859791748e-03
-9.697013996859791748e-03
-9.697013996859791748e-03
-9.697013996859777871e-03
-9.697013996859791748e-03
-9.697013996859786544e-03
-9.697013996859803892e-03
-9.697013996859793483e-03
-9.697013996859776136e-03
-9.697013996859793483e-03
-9.697013996859786544e-03
-9.697013996859800422e-03
-9.697013996859816035e-03
-9.697013996859817769e-03
-9.697013996859793483e-03
-9.697013996859786544e-03
-9.697013996859803892e-03
-9.697013996859803892e-03
-9.697013996859774401e-03
-9.697013996859784810e-03
-9.697013996859762258e-03
-9.697013996859762258e-03
-9.697013996859810830e-03
-9.830827459293598261e-03
-9.830827459293619078e-03
-9.830827459293577444e-03
-9.830827459293599996e-03
-9.830827459293579179e-03
-9.830827459293561832e-03
-9.830827459293567036e-03
-9.830827459293575710e-03
-9.830827459293619078e-03
-9.830827459293575710e-03
-9.830827459293575710e-03
-9.876231335181638593e-03
-9.830827459293596526e-03
-9.830827459293615608e-03
-9.830827459293612139e-03
-9.830827459293634690e-03
-9.830827459293615608e-03
-9.830827459293598261e-03
-9.830827459293596526e-03
-9.918935774270627032e-03
-9.918935774270625297e-03
-9.918935774270628766e-03
-9.918935774270633970e-03
-9.875016759192714252e-03
-9.875016759192696905e-03
-9.875016759192700375e-03
-9.920800889342402257e-03
-9.920800889342400522e-03
-9.920800889342400522e-03
-9.920800889342416135e-03
-9.920800889342416135e-03
-9.920800889342416135e-03
-9.920800889342417869e-03
-9.920800889342376236e-03
-9.920800889342400522e-03
-9.920800889342398787e-03
-9.920800889342407461e-03
-9.734373023721983736e-03
-9.734373023721980267e-03
-9.734373023721982002e-03
-9.734373023721957716e-03
-9.689848200440545276e-03
-9.689848200440545276e-03
-9.689848200440545276e-03
-9.645733066639121389e-03
-9.645733066639159553e-03
-9.645733066639156084e-03
-9.645733066639117920e-03
-9.645733066639097103e-03
-9.645733066639137002e-03
-9.645733066639137002e-03
-9.645733066639140471e-03
-9.645733066639121389e-03
-9.645733066639156084e-03
-9.645733066639161288e-03
-9.645733066639137002e-03
-9.645733066639137002e-03
-9.645733066639121389e-03
-9.645733066639121389e-03
-9.645733066639121389e-03
-9.645733066639097103e-03
-9.689832585738576351e-03
-9.645733066639133532e-03
-9.645733066639076286e-03
-9.645733066639100572e-03
-9.645733066639098838e-03
-9.559694871173040481e-03
-9.646695561875917591e-03
-9.646704296946776933e-03
-9.646704296946780402e-03
-9.602713469353832410e-03
-9.602713469353832410e-03
-9.602713469353863635e-03
-9.602713469353849757e-03
-9.602713469353846287e-03
-9.602713469353856696e-03
-9.602713469353867104e-03
-9.602713469353894860e-03
-9.602713469353877512e-03
-9.602713469353872308e-03
-9.646704296946841117e-03
-9.646704296946841117e-03
-9.646704296946809892e-03
-9.647273987191912897e-03
-9.603285177103232720e-03
-9.603285177103232720e-03
-9.603285177103229250e-03
-9.603285177103229250e-03
-9.603285177103232720e-03
-9.603285177103215373e-03
-9.603285177103218842e-03
-9.647273987191911163e-03
-9.647273987191933714e-03
-9.647273987191973613e-03
-9.603285177103234455e-03
-9.603285177103230985e-03
-9.603285177103234455e-03
-9.603285177103234455e-03
-9.647273987191925040e-03
-9.603285177103232720e-03
-9.603285177103232720e-03
-9.603285177103217107e-03
-9.603285177103215373e-03
-9.603285177103217107e-03
-9.603285177103217107e-03
-9.603285177103220577e-03
-9.647273987191952796e-03
-9.647273987191958000e-03
-9.647273987191925040e-03
-9.647273987191945857e-03
-9.647273987191945857e-03
-9.647273987191935449e-03
-9.647273987191937183e-03
-9.647273987191945857e-03
-9.647273987191935449e-03
-9.603285177103227516e-03
-9.603285177103239659e-03
-9.603285177103224046e-03
-9.603285177103236189e-03
-9.603285177103230985e-03
-9.647274289724902877e-03
-9.647274289724894203e-03
-9.647274289724894203e-03
-9.647274289724906346e-03
-9.647274289724920224e-03
-9.647274289724916754e-03
-9.647274289724908081e-03
-9.647274289724916754e-03
-9.647274289724902877e-03
-9.647274289724897672e-03
-9.647274289724911550e-03
-9.691678025222446105e-03
-9.691678025222461718e-03
-9.647273987191926775e-03
-9.647273987191912897e-03
-9.647273987191931979e-03
-9.609268158249969355e-03
-9.609268158249950273e-03
-9.609268158249953742e-03
-9.609268158249957212e-03
-9.609268158249972824e-03
-9.557970469925619952e-03
-9.601213128548597917e-03
-9.644788850455304763e-03
-9.601142857998965288e-03
-9.515127828236425583e-03
-9.515127828236425583e-03
-9.515388839142524188e-03
-9.515388839142505106e-03
-9.515388839142473881e-03
-9.515388839142461738e-03
-9.515388839142475616e-03
-9.515388839142494698e-03
-9.515388839142494698e-03
-9.515388839142492963e-03
-9.515388839142505106e-03
-9.515388839142480820e-03
-9.515388839142480820e-03
-9.515388839142484290e-03
-9.515388839142486024e-03
-9.515388839142479085e-03
-9.515388839142498167e-03
-9.515388839142517249e-03
-9.558383982298397294e-03
-9.515388839142484290e-03
-9.515388839142449595e-03
-9.472784538547969826e-03
-9.472784538547985439e-03
-9.472784538547981970e-03
-9.472784538548065236e-03
-9.472784538548063502e-03
-9.472784538548030542e-03
-9.472784538548006256e-03
-9.472784538548006256e-03
-9.472784538548011460e-03
-9.472784538548030542e-03
-9.472784538548039215e-03
-9.472784538547994113e-03
-9.472784538548021868e-03
-9.472784538548023603e-03
-9.430571679891629547e-03
-9.430571679891629547e-03
-9.430571679891636486e-03
-9.430571679891669445e-03
-9.430571679891665976e-03
-9.430571679891646894e-03
-9.430571679891639955e-03
-9.430571679891641690e-03
-9.430571679891691997e-03
-9.430571679891681589e-03
-9.430571679891695466e-03
-9.430571679891679854e-03
-9.430571679891679854e-03
-9.430571679891714548e-03
-9.430571679891714548e-03
-9.430571679891695466e-03
-9.430571679891693732e-03
-9.430571679891678119e-03
-9.430571679891698936e-03
-9.430571679891700670e-03
-9.430571679891702405e-03
-9.430571679891695466e-03
-9.430571679891695466e-03
-9.430571679891691997e-03
-9.430571679891707609e-03
-9.430571679891724957e-03
-9.430571679891718018e-03
-9.430571679891707609e-03
-9.430571679891690262e-03
-9.430571679891709344e-03
-9.430571679891712814e-03
-9.430571679891697201e-03
-9.472784538547981970e-03
-9.472675470208181264e-03
-9.472675470208181264e-03
-9.472675470208163917e-03
-9.472675470208163917e-03
-9.515127859763642185e-03
-9.515127859763642185e-03
-9.472675470208176060e-03
-9.472675470208176060e-03
-9.472675470208176060e-03
-9.472675470208158713e-03
-9.472675470208163917e-03
-9.472675470208160448e-03
-9.472675470208158713e-03
-9.472675470208158713e-03
-9.472675470208158713e-03
-9.472675470208160448e-03
-9.472675470208158713e-03
-9.472786695319680705e-03
-9.472675470208188203e-03
-9.472675470208188203e-03
-9.472675470208188203e-03
-9.472675470208179530e-03
-9.472675470208193407e-03
-9.472675470208176060e-03
-9.472675470208195142e-03
-9.472675470208198611e-03
-9.515127859763616164e-03
-9.472675470208196877e-03
-9.472675470208212489e-03
-9.472675470208195142e-03
-9.388913314898474083e-03
-9.388913314898482756e-03
-9.388913314898501838e-03
-9.388913314898470613e-03
-9.388913314898470613e-03
-9.430602333801623230e-03
-9.430602333801621495e-03
-9.430602333801635373e-03
-9.430588081658763250e-03
-9.430588081658751107e-03
-9.430588081658732025e-03
-9.601504630432702858e-03
-9.601504630432720205e-03
-9.558275015647731132e-03
-9.558275015647755418e-03
-9.558275015647746745e-03
-9.558275015647736336e-03
-9.558275015647753683e-03
-9.558275015647769296e-03
-9.558275015647755418e-03
-9.558275015647746745e-03
-9.558275015647750214e-03
-9.558275015647731132e-03
-9.558275015647734602e-03
-9.558275015647712050e-03
-9.558275015647755418e-03
-9.558275015647720724e-03
-9.601547530670674277e-03
-9.601547530670662134e-03
-9.601547530670641317e-03
-9.689214552499237146e-03
-9.689214552499261432e-03
-9.689214552499218064e-03
-9.915710952942576734e-03
-9.915710952942561121e-03
-9.915710952942550713e-03
-9.915710952942578468e-03
-9.915710952942550713e-03
-9.915710952942550713e-03
-9.915710952942554182e-03
-9.915710952942562856e-03
-9.823822729105690169e-03
-9.823822729105652005e-03
-9.823822729105652005e-03
-9.823822729105639862e-03
-9.823822729105629453e-03
-9.823822729105610371e-03
-9.823822729105639862e-03
-9.869541238024583454e-03
-9.823822729105612106e-03
-9.869541238024581720e-03
-9.823822729105617310e-03
-9.823822729105650270e-03
-9.823822414164967362e-03
-9.690167473600368522e-03
-9.690167473600373726e-03
-9.690167473600356379e-03
-9.601516367006887598e-03
-9.601516367006887598e-03
-9.601516367006873720e-03
-9.645138358192450675e-03
-9.601516367006880659e-03
-9.601516367006828617e-03
-9.601516367006828617e-03
-9.645137756554662475e-03
-9.601516367006847699e-03
-9.601516367006887598e-03
-9.601516367006845964e-03
-9.601516367006863312e-03
-9.601516367006845964e-03
-9.601516367006854638e-03
-9.601516367006868516e-03
-9.601516367006868516e-03
-9.601516367006863312e-03
-9.601516367006906680e-03
-9.601516367006901476e-03
-9.601516367006884128e-03
-9.601516367006901476e-03
-9.601516367006929231e-03
-9.601516367006906680e-03
-9.558305237570169713e-03
-9.558305237570140223e-03
-9.558305237570138488e-03
-9.558305237570129814e-03
-9.558305237570159305e-03
-9.558305237570148896e-03
-9.558305237570147161e-03
-9.645153870807493882e-03
-9.601527300285381955e-03
-9.601527300285376751e-03
-9.689192019128604200e-03
-9.689192019128604200e-03
-9.689192019128619812e-03
-9.689192019128602465e-03
-9.689192019128619812e-03
-9.734995153889433941e-03
-9.780221450641035305e-03
-9.734995153889437411e-03
-9.734995153889418329e-03
-9.734995153889437411e-03
-9.734995153889437411e-03
-9.734995153889451289e-03
-9.734995153889433941e-03
-9.734995153889437411e-03
-9.734995153889463432e-03
-9.734995153889480779e-03
-9.557839101404976695e-03
-9.557839101404966287e-03
-9.557839101404985369e-03
-9.557839101404961082e-03
-9.557839101404974960e-03
-9.601226478041737303e-03
-9.645020257045593820e-03
-9.601226478041747711e-03
-9.601226478041756385e-03
-9.601226478041735568e-03
-9.601226478041752915e-03
-9.601226478041752915e-03
-9.557839101404976695e-03
-9.557839101404964552e-03
-9.557839101404957613e-03
-9.601226330194478562e-03
-9.645028974627517515e-03
-9.645028974627533128e-03
-9.645028974627517515e-03
-9.645028974627540067e-03
-9.645028974627519250e-03
-9.645028974627503637e-03
-9.645028974627517515e-03
-9.645028974627515780e-03
-9.689228306757054904e-03
-9.689228306757054904e-03
-9.733847641547426627e-03
-9.733847641547398871e-03
-9.733847641547398871e-03
-9.778889263700797987e-03
-9.778889263700797987e-03
-9.778889263700860437e-03
-9.689226784131496281e-03
-9.689226784131492812e-03
-9.689226784131506690e-03
-9.689226784131543119e-03
-9.689226784131546588e-03
-9.689226784131553527e-03
-9.689226784131492812e-03
-9.689226784131496281e-03
-9.689226784131511894e-03
-9.689226784131511894e-03
-9.689226784131536180e-03
-9.689226784131510159e-03
-9.689226784131489342e-03
-9.689226784131517098e-03
-9.689226784131515363e-03
-9.689226784131515363e-03
-9.645029108292488967e-03
-9.689226784131461587e-03
-9.645029108292442130e-03
-9.645029108292459477e-03
-9.645029108292469885e-03
-9.645029108292469885e-03
-9.645029108292435191e-03
-9.645029108292454273e-03
-9.645029108292445599e-03
-9.645029108292456008e-03
-9.689226784131437301e-03
-9.829322296369414833e-03
-9.829322296369420037e-03
-9.829322296369418302e-03
-9.829322296369390546e-03
-9.829322296369423506e-03
-9.829322296369420037e-03
-9.829322296369394016e-03
-9.829322296369440853e-03
-9.829322296369418302e-03
-9.829322296369420037e-03
-9.829322296369440853e-03
-9.647843972132644913e-03
-9.647843972132639709e-03
-9.647843972132655321e-03
-9.647843972132622362e-03
-9.603650253360950309e-03
-9.603650253360932962e-03
-9.603650253360932962e-03
-9.647843972132644913e-03
-9.603650253360948574e-03
-9.603650253360948574e-03
-9.647843972132677873e-03
-9.647843972132663995e-03
-9.603650253360958983e-03
-9.603650253360941635e-03
-9.603650253360903472e-03
-9.603650253360908676e-03
-9.603650253360932962e-03
-9.603650253360969391e-03
-9.603650253360969391e-03
-9.603650253360969391e-03
-9.603650253360950309e-03
-9.603650253360910410e-03
-9.603650253360950309e-03
-9.603650253360950309e-03
-9.603650253360932962e-03
-9.603650253360948574e-03
-9.603650253360943370e-03
-9.603650253360924288e-03
-9.603650253360948574e-03
-9.603650253360969391e-03
-9.603650253360929492e-03
-9.603650253360919084e-03
-9.603650253360943370e-03
-9.603650253360924288e-03
-9.603650253360948574e-03
-9.647843972132618892e-03
-9.603650253360948574e-03
-9.603650253360922553e-03
-9.603650253360948574e-03
-9.603650253360948574e-03
-9.603650253360919084e-03
-9.603650253360931227e-03
-9.603650253360948574e-03
-9.603650253360926023e-03
-9.692456430435970188e-03
-9.647844277429684298e-03
-9.647844277429642665e-03
-9.647844277429644400e-03
-9.647844277429660012e-03
-9.647844277429630522e-03
-9.647844277429639195e-03
-9.692438749021035568e-03
-9.647844277429644400e-03
-9.647844277429684298e-03
-9.647844277429653073e-03
-9.647844277429653073e-03
-9.647844277429620113e-03
-9.647844277429625318e-03
-9.647844277429663482e-03
-9.647843972132655321e-03
-9.559858536230503648e-03
-9.559858536230514056e-03
-9.559858536230514056e-03
-9.604271135380898494e-03
-9.604271135380870739e-03
-9.604271135380827371e-03
-9.781890328487637815e-03
-9.781890328487604855e-03
-9.781890328487603120e-03
-9.781890328487606590e-03
-9.781890328487606590e-03
-9.781890328487606590e-03
-9.781890328487606590e-03
-9.781890328487606590e-03
-9.781890328487646488e-03
-9.781890328487632610e-03
-9.781890328487632610e-03
-9.781890328487606590e-03
-9.781890328487594446e-03
-9.781890328487630876e-03
-9.781890328487623937e-03
-9.781890328487629141e-03
-9.781890328487613528e-03
-9.603319075719676107e-03
-9.603319075719695189e-03
-9.603319075719714271e-03
-9.603319075719696923e-03
-9.430378595744191503e-03
-9.430378595744184564e-03
-9.430378595744170686e-03
-9.430378595744148135e-03
-9.430378595744148135e-03
-9.430378595744168951e-03
-9.473048257748814885e-03
-9.473048257748790599e-03
-9.473048257748807946e-03
-9.473048257748788864e-03
-9.473048257748788864e-03
-9.516116472885112823e-03
3.327562379615538191e-02
3.327562379615552762e-02
3.327562379615559007e-02
3.327562379615559007e-02
3.327562379615559007e-02
3.327562379615579130e-02
3.327562379615565946e-02
3.327562379615561089e-02
3.327562379615579130e-02
3.327562379615582600e-02
3.327562379615565946e-02
3.327562379615570110e-02
3.369836604880275394e-02
3.369836604880264291e-02
3.327562379615544436e-02
3.327562379615565946e-02
3.327562379615565946e-02
3.327562379615579130e-02
3.327562379615579130e-02
3.327562379615579130e-02
3.327562379615574273e-02
3.247320818347252530e-02
3.247320818347252530e-02
3.287559143062514927e-02
3.247320818347260857e-02
3.287562997771033974e-02
3.287562997771033974e-02
3.287562997771038137e-02
3.287562997771020096e-02
3.287562997771020790e-02
3.287562997771030504e-02
3.287562997771033974e-02
3.287562997771034667e-02
3.287562997771020096e-02
3.287562997771024953e-02
3.287562997771014545e-02
3.371713264969116580e-02
3.371129195500639775e-02
3.371129195500646020e-02
3.371129195500650877e-02
3.371129195500655734e-02
3.287930607051495202e-02
3.287930607051520182e-02
3.329052581003043298e-02
3.329052581003043298e-02
3.329052581003043298e-02
3.329052581003049543e-02
3.329052581003043298e-02
3.371128668553696750e-02
3.414480397235380299e-02
3.329052581003049543e-02
3.329052581003049543e-02
3.329052581003049543e-02
3.329052581003048156e-02
3.329052581003048156e-02
3.329052581003044686e-02
3.329052581003043992e-02
3.329052581003042605e-02
3.329052581003048156e-02
3.329052581003042605e-02
3.371222432841303879e-02
3.371222432841298328e-02
3.371222432841298328e-02
3.371222432841287919e-02
3.329052964171881623e-02
3.329052964171858725e-02
3.329052964171849704e-02
3.329052964171858725e-02
3.329052964171858725e-02
3.329052964171871909e-02
3.329052964171849704e-02
3.371211710721334909e-02
3.329057276450222980e-02
3.329057276450222980e-02
3.329057276450241021e-02
3.329057276450236857e-02
3.371211710721345317e-02
3.371211710721340460e-02
3.371211710721354338e-02
3.329057276450231306e-02
3.329057276450222980e-02
3.329057276450236857e-02
3.371211710721341848e-02
3.371211710721347399e-02
3.371211710721359195e-02
3.371211710721340460e-02
3.329057276450221592e-02
3.329057276450217429e-02
3.329057276450231306e-02
3.329057276450232000e-02
3.329057276450230612e-02
3.329057276450217429e-02
3.329057276450222980e-02
3.329057276450231306e-02
3.371211710721352950e-02
3.371211710721342542e-02
3.371211710721341848e-02
3.371211710721359195e-02
3.371211710721339766e-02
3.329057276450222980e-02
3.329057276450222980e-02
3.329057276450228531e-02
3.329057276450228531e-02
3.329057276450222980e-02
3.329057276450207020e-02
3.329057276450222980e-02
3.329057276450225755e-02
3.329057276450228531e-02
3.329057276450228531e-02
3.329057276450228531e-02
3.329057276450211877e-02
3.329057276450211877e-02
3.329057276450211877e-02
3.329057276450222980e-02
3.329057276450222980e-02
3.329057276450222980e-02
3.329057276450222980e-02
3.329057276450228531e-02
3.371211710721343235e-02
3.371211710721344623e-02
3.371225621315493415e-02
3.414492625788066726e-02
3.329051787545969643e-02
3.329051787545958541e-02
3.371223624633808147e-02
3.329051787545963398e-02
3.329051787545969643e-02
3.407447701222061226e-02
3.287930607051502835e-02
3.329051395307946332e-02
3.329051395307950495e-02
3.329051395307945638e-02
3.329051395307951189e-02
3.371041737179945874e-02
3.328872757063363469e-02
3.414555526463618207e-02
3.414555526463632779e-02
3.414555526463605717e-02
3.414555526463588370e-02
3.371257150302229416e-02
3.371257150302229416e-02
3.371257150302219702e-02
3.287623174883846228e-02
3.247633050229194185e-02
3.247633050229203899e-02
3.247633050229199042e-02
3.247633050229217777e-02
3.247633050229203205e-02
3.247633050229198348e-02
3.247633050229191409e-02
3.247633050229198348e-02
3.247633050229210838e-02
3.287797489989039562e-02
3.287797489989039562e-02
3.287800159142100637e-02
3.328963671881155634e-02
3.287800159142090228e-02
3.287800159142094392e-02
3.287800159142110351e-02
3.287800159142099249e-02
3.287800159142119372e-02
3.287800159142114514e-02
3.287800159142096473e-02
3.287800159142091616e-02
3.287800159142110351e-02
3.287800159142110351e-02
3.287800159142115208e-02
3.287800159142099943e-02
3.287800159142114514e-02
3.287800159142100637e-02
3.287800159142109657e-02
3.287800159142104800e-02
3.287800159142090228e-02
3.287800159142094392e-02
3.287800159142119372e-02
3.287800159142099943e-02
3.287800159142110351e-02
3.287800159142114514e-02
3.287800159142096473e-02
3.287800159142096473e-02
3.287800159142096473e-02
3.287800159142094392e-02
3.287800159142099943e-02
3.287800159142097861e-02
3.287800159142094392e-02
3.287800159142089534e-02
3.287800159142083983e-02
3.287800159142083983e-02
3.287800159142083983e-02
3.287800159142103412e-02
3.287800159142094392e-02
3.287800159142083289e-02
3.287800159142089534e-02
3.287800159142114514e-02
3.287800159142100637e-02
3.287800159142089534e-02
3.287800159142099943e-02
3.328963671881143144e-02
3.328963671881143144e-02
3.371182449275851589e-02
3.371182449275846038e-02
3.414053051598159999e-02
3.414053051598151672e-02
3.414053051598156530e-02
3.414053051598157917e-02
3.414053051598158611e-02
3.414053051598170407e-02
3.414053051598162081e-02
3.414053051598167632e-02
3.414053051598167632e-02
3.414053051598153060e-02
3.414053051598158611e-02
3.459106734238232006e-02
3.459106734238231312e-02
3.459106734238231312e-02
3.459106734238226455e-02
3.165419340374635293e-02
3.165419340374636681e-02
3.165419340374654028e-02
3.165419340374650559e-02
3.203808639894289989e-02
3.203808639894301091e-02
3.203808639894301785e-02
3.203808639894306642e-02
3.203808639894303867e-02
3.203808639894289989e-02
3.203808639894303867e-02
3.203808639894285132e-02
3.203808639894287907e-02
3.203808639894285132e-02
3.203808639894299010e-02
3.237733842778216242e-02
3.237733842778209997e-02
3.165419340374647783e-02
3.243149931175741407e-02
3.243149931175740019e-02
3.243149931175750428e-02
3.165419340374635987e-02
3.203808027961586175e-02
3.165411870175121462e-02
3.127934668778453720e-02
3.127934668778439148e-02
3.127934668778432903e-02
3.127934668778443311e-02
3.127934668778444005e-02
3.127934668778440536e-02
3.127934668778441230e-02
3.127934668778442617e-02
3.243155724324160022e-02
3.203809139489387919e-02
3.203809139489409430e-02
3.203809139489395552e-02
3.203809139489409430e-02
3.127934668778444005e-02
3.127934668778448862e-02
3.127934668778433597e-02
3.127934668778439148e-02
3.127934668778439148e-02
3.127934668778433597e-02
3.127934668778433597e-02
3.127934668778444005e-02
3.127934668778441230e-02
3.127934668778441230e-02
3.127934668778436372e-02
3.127934668778427352e-02
3.207338807062389691e-02
3.207338807062389691e-02
3.207338807062384139e-02
3.207338807062383446e-02
3.207338807062396629e-02
3.207338807062411201e-02
3.207338807062392466e-02
3.207338807062403568e-02
3.207338807062389691e-02
3.207338807062383446e-02
3.207338807062389691e-02
3.246758690096801514e-02
3.207338807062393160e-02
3.207338807062388303e-02
3.207338807062384139e-02
3.207338807062392466e-02
3.207338807062388303e-02
3.207338807062392466e-02
3.246689345071591265e-02
3.207338807062403568e-02
3.246758690096832045e-02
3.207338807062392466e-02
3.287170573645779859e-02
3.101914448056100962e-02
3.063429969296830105e-02
3.063429969296815880e-02
3.063429969296821084e-02
3.063429969296821084e-02
3.063429969296815533e-02
3.101914448056109636e-02
3.101914448056102697e-02
3.101914448056114146e-02
3.101914448056109289e-02
3.101914448056093676e-02
3.101914448056094370e-02
3.101914448056119003e-02
3.101914448056100268e-02
3.101914448056100962e-02
3.101914448056094370e-02
3.101914448056114146e-02
3.101914448056108942e-02
3.101914448056099921e-02
3.101914448056100962e-02
3.101914448056100268e-02
3.063429969296821084e-02
3.063429969296821084e-02
3.063429969296820390e-02
3.063429969296819350e-02
3.063429969296825595e-02
3.063429969296829411e-02
3.063429969296823860e-02
3.063429969296815533e-02
3.200065966588190591e-02
3.200065966588194061e-02
3.200065966588190591e-02
3.242162430166137949e-02
3.200065966588198918e-02
3.200065966588187122e-02
3.200065966588190591e-02
3.200065966588190591e-02
3.200065966588176020e-02
3.200065966588176714e-02
3.200065966588176020e-02
3.200065966588182265e-02
3.200065966588175326e-02
3.200065966588180877e-02
3.200065966588180877e-02
3.200065966588182265e-02
3.200065966588182265e-02
3.200065966588176020e-02
3.200065966588182265e-02
3.200065966588180877e-02
3.200065966588194755e-02
3.242162430166137949e-02
3.063429969296800962e-02
3.063429969296809288e-02
3.063429969296807900e-02
3.063429969296808594e-02
3.063429969296814145e-02
3.063429969296805125e-02
3.063429969296812758e-02
3.063429969296827329e-02
3.063429969296827676e-02
3.063429969296814492e-02
3.063429969296792288e-02
3.101914448056088125e-02
3.101914448056097492e-02
3.063429969296814839e-02
3.063429969296814839e-02
3.063429969296800615e-02
3.063429969296795063e-02
3.063429969296795410e-02
3.617868394316907377e-02
3.617868394316911540e-02
3.617868394316919173e-02
3.617868394316895581e-02
3.617868394316903213e-02
3.617868394316909458e-02
3.617868394316906683e-02
3.617868394316883784e-02
3.617868394316906683e-02
3.617868394316915703e-02
3.617868394316903907e-02
3.667023098135205328e-02
3.617868394316902519e-02
3.617868394316901132e-02
3.617868394316901132e-02
3.617868394316887254e-02
3.667023098135216430e-02
3.667023098135216430e-02
3.667023098135216430e-02
3.617868394316895581e-02
3.717541491258043868e-02
3.667024628611539883e-02
3.667024628611540576e-02
3.667024628611524617e-02
3.667024628611504494e-02
3.667024628611547515e-02
3.667024628611547515e-02
3.667024628611534331e-02
3.667024628611527393e-02
3.717498517109613099e-02
3.717498517109613099e-02
3.667023098135205328e-02
3.667023098135206022e-02
3.617868394316921254e-02
3.617868394316901826e-02
3.717545633124904464e-02
3.717543044902702626e-02
3.717543044902723443e-02
3.667024119073456628e-02
3.667024119073430954e-02
3.667024119073441363e-02
3.667024119073441363e-02
3.667024119073421934e-02
3.617838122112747301e-02
3.617838122112763261e-02
3.617838122112751464e-02
3.569868578232317236e-02
3.569868578232317929e-02
3.617781614071709229e-02
3.617838122112742444e-02
3.617838122112732729e-02
3.617838122112740362e-02
3.617838122112748689e-02
3.617838122112732729e-02
3.617838122112736893e-02
3.617838122112736893e-02
3.617838122112763954e-02
3.617838122112757016e-02
3.617838122112752852e-02
3.617838122112752852e-02
3.617838122112748689e-02
3.617838122112752852e-02
3.617838122112752852e-02
3.617838122112751464e-02
3.617838122112748689e-02
3.617838122112766730e-02
3.617838122112759097e-02
3.617838122112754934e-02
3.617838122112757709e-02
3.617838122112757709e-02
3.667002340982911113e-02
3.617838122112744526e-02
3.617838122112738974e-02
3.617838122112757016e-02
3.648218430818227220e-02
3.648218430818227220e-02
3.666938946325886545e-02
3.717446455293216961e-02
3.666938946325880994e-02
3.666938946325880994e-02
3.717467737746029538e-02
3.666938946325883075e-02
3.666938946325876136e-02
3.666938946325870585e-02
3.769422649003857650e-02
3.769422649003849324e-02
3.769422649003858344e-02
3.769422649003842385e-02
3.769422649003853487e-02
3.769422649003856957e-02
3.769422649003863895e-02
3.715349439670730114e-02
3.715349439670719706e-02
3.664880985538986752e-02
3.664880985539003405e-02
3.664880985538997160e-02
3.715306557101838436e-02
3.664880985539007568e-02
3.664880985538994385e-02
3.664880985538998548e-02
3.664880985538998548e-02
3.664880985538985364e-02
3.664880985538999936e-02
3.664880985538998548e-02
3.664880985538983976e-02
3.664880985539002017e-02
3.664880985538998548e-02
3.664880985539007568e-02
3.714555996521447245e-02
3.714555996521458348e-02
3.714555996521458348e-02
3.714555996521458348e-02
3.767241404528871851e-02
3.767241404528880871e-02
3.664880985538999936e-02
3.618549709310695667e-02
3.618549709310695667e-02
3.668029655878358303e-02
3.618549709310710932e-02
3.668029655878375650e-02
3.718897530954786562e-02
3.718897530954792113e-02
3.718897530954772684e-02
3.771201532263079165e-02
3.771201532263068062e-02
3.718897530954776848e-02
3.668029655878406181e-02
3.668029655878394385e-02
3.668029655878393691e-02
3.668029655878393691e-02
3.668029655878393691e-02
3.668029655878407569e-02
3.668029655878396467e-02
3.523470703310346841e-02
3.523470703310351698e-02
3.523470703310351698e-02
3.523470703310337820e-02
4.025520922626950326e-02
4.025520922626925346e-02
4.025520922626948245e-02
4.025520922626924653e-02
4.025520922626911469e-02
4.025520922626935755e-02
4.025520922626936449e-02
4.025520922626925346e-02
4.025520922626941306e-02
4.025520922626949633e-02
4.085781069287777040e-02
4.025520922626926040e-02
3.912608907371378092e-02
3.912608907371386419e-02
3.912608907371379480e-02
3.912608907371398909e-02
3.912608907371398215e-02
3.912608907371391970e-02
3.912608907371405154e-02
3.912608907371385725e-02
3.912608907371390582e-02
4.028063757278215612e-02
3.912608907371398909e-02
3.912608907371398909e-02
3.912608907371405847e-02
3.912608907371398215e-02
3.912608907371405847e-02
3.969489245781474690e-02
4.087701236450268227e-02
4.087701236450270309e-02
4.087701236450269615e-02
4.087701236450282799e-02
4.087701236450295983e-02
4.087701236450297371e-02
4.087701236450298758e-02
4.087701236450275166e-02
4.087701236450291126e-02
4.087701236450289738e-02
4.087701236450290432e-02
4.087701236450297371e-02
4.087701236450297371e-02
4.087701236450309167e-02
4.087701236450307779e-02
4.087701236450308473e-02
4.087701236450282799e-02
4.087701236450298065e-02
4.087701236450282799e-02
4.087701236450311942e-02
4.087701236450307779e-02
4.087701236450298065e-02
4.087701236450311942e-02
4.087701236450282799e-02
4.087701236450282799e-02
4.087701236450282799e-02
4.087701236450282799e-02
4.087701236450282799e-02
4.087701236450310555e-02
4.087701236450303616e-02
4.149716588022986374e-02
4.087701236450317493e-02
4.027506320284256897e-02
4.027506320284258978e-02
4.027506320284247876e-02
4.027506320284245100e-02
4.087700547095941828e-02
4.087700547095957093e-02
4.087700547095941828e-02
4.087700547095956399e-02
4.087700547095971665e-02
4.027506320284272162e-02
4.027506320284272162e-02
4.027506320284254815e-02
4.027506320284243019e-02
4.027506320284255509e-02
4.027506320284252733e-02
4.027506320284250652e-02
4.027506320284230529e-02
4.027506320284229835e-02
4.027506320284252039e-02
4.027506320284250652e-02
3.969249775482172615e-02
3.969249775482177472e-02
3.969249775482173309e-02
3.969249775482178166e-02
3.969249775482176779e-02
3.969249775482176779e-02
4.085091078455278801e-02
4.085091078455278801e-02
4.210885055661450771e-02
4.210885055661436199e-02
4.210885055661445914e-02
4.147086285074657458e-02
4.210961333827136638e-02
4.147086285074653988e-02
3.966215483125530572e-02
3.857167876593580597e-02
3.857167876593580597e-02
3.857167876593591005e-02
3.857167876593583372e-02
3.857167876593583372e-02
3.857167876593581984e-02
3.857167876593577821e-02
3.857167876593577821e-02
3.857167876593580597e-02
3.857167876593585454e-02
3.857167876593586148e-02
3.912476289823541703e-02
3.912476289823545866e-02
3.912476289823581949e-02
3.912476289823572234e-02
3.912476289823546560e-02
3.912476289823556275e-02
3.912476289823541703e-02
3.912476289823561826e-02
3.912476289823531295e-02
3.912476289823568071e-02
3.912476289823545866e-02
3.912476289823546560e-02
3.857167876593581984e-02
3.912476289823495906e-02
3.803394231141061371e-02
3.803394231141061371e-02
3.803394231141065535e-02
3.803394231141031534e-02
3.803394231141046106e-02
3.803394231141046800e-02
3.857160317238968184e-02
3.803394231141046106e-02
3.803394231141032228e-02
3.803394231141032228e-02
3.803394231141032228e-02
3.803394231141025289e-02
3.803394231141032228e-02
3.969432014778911944e-02
3.969432014778912637e-02
3.969432014778888351e-02
3.969432014778903617e-02
3.969432014778892515e-02
3.969432014778889045e-02
3.969432014778892515e-02
3.969432014778892515e-02
3.969432014778892515e-02
