Target Quality Analysis - Full Similarity Matrix Diagnostics
==========================================================================================================================

Model          n     L     mu    Coherence  NumRank   Sigma2    Partition   Valid Gap       RelGap    Lambda2   Lambda3   
──────────────────────────────────────────────────────────────────────────────────────────────────────────────────────────
yule_pure_birth1000  10000 0.10  0.050283   55.97     0.0031    192|808     Yes   0.037962  0.603813  0.062870  0.100832  
yule_pure_birth2000  10000 0.10  0.082209   78.32     0.0011    597|1403    Yes   0.083672  7.382677  0.011334  0.095006  
yule_pure_birth3000  10000 0.10  0.088506   114.97    0.0007    972|2028    Yes   0.001963  0.295741  0.006639  0.008603  
yule_pure_birth1000  10000 0.20  0.190218   79.29     0.0001    152|848     Yes   0.000029  0.107865  0.000267  0.000296  
yule_pure_birth2000  10000 0.20  0.144839   139.00    0.0001    552|1448    Yes   0.000056  0.235646  0.000239  0.000295  
yule_pure_birth3000  10000 0.20  0.183659   175.16    0.0000    7|2993      Yes   0.000019  0.194635  0.000100  0.000119  
extinction_heavy1000  10000 0.10  0.156031   17.02     0.0000    6|191       Yes   0.000014  6.423623  0.000002  0.000016  
extinction_heavy2000  10000 0.10  0.202259   29.98     0.0000    21|335      No    0.000007  -0.393085 -0.000017 -0.000010 
extinction_heavy3000  10000 0.10  0.100313   24.76     0.0000    11|557      Yes   0.000004  -0.179674 -0.000023 -0.000019 
extinction_heavy1000  10000 0.20  0.176970   14.27     0.0000    3|226       Yes   0.000001  -0.093893 -0.000012 -0.000011 
extinction_heavy2000  10000 0.20  0.233094   40.62     0.0000    3|407       Yes   0.000002  -0.065095 -0.000026 -0.000025 
extinction_heavy3000  10000 0.20  0.246663   63.51     0.0000    5|626       No    0.000005  -0.118131 -0.000043 -0.000038 
──────────────────────────────────────────────────────────────────────────────────────────────────────────────────────────

Total configurations analyzed: 12
