-4.712577224965702055e-02
-4.712578149779433206e-02
-4.683765659016222993e-02
-4.683791697094528972e-02
-4.129809519096099696e-02
-4.129404349381974454e-02
-4.129813938434753057e-02
-4.129713609565872912e-02
-4.128401837454080681e-02
-4.122265822020898529e-02
-4.122497857229392992e-02
-4.122550944363828629e-02
-4.122569611219562002e-02
-4.122509570076898777e-02
-4.121979413036028217e-02
-4.135850724436876402e-02
-4.119616417844465528e-02
-4.119567306739241319e-02
-4.119451537056897927e-02
-4.119502530761975923e-02
-4.119547295354256122e-02
-4.119394563802485087e-02
-4.106729967391641034e-02
-4.091562340345658577e-02
-4.091520818947100291e-02
-4.091394067692732950e-02
-4.091515805259193783e-02
-4.091594600335124454e-02
-4.090442511952800675e-02
-4.102329079639824988e-02
-4.102400461990250713e-02
-4.102374114238500208e-02
-4.102770191978950126e-02
-4.081769631902084500e-02
-4.081800920163855539e-02
-4.081831552372099103e-02
-4.081609845630227579e-02
-4.081370874954063505e-02
-4.081271790253695325e-02
-4.081431932620584874e-02
-4.144651566075096411e-02
-4.144666194260616249e-02
-4.144634189528156876e-02
-4.144437477098324163e-02
-4.144656418770426703e-02
-4.144333776370894007e-02
-4.144196357308799206e-02
-4.144299364906529198e-02
-4.144426634644399199e-02
-4.144531167989992659e-02
-4.204987804790281947e-02
-4.025101795716331393e-02
-4.024960009303573533e-02
-4.024989888783635922e-02
-4.026696508024497911e-02
-4.027222922554624801e-02
-4.082282830717991889e-02
-4.082405796931420916e-02
-4.063297272218091560e-02
-4.063316603839024765e-02
-4.063366156703826504e-02
-4.063329788357673833e-02
-4.064374195579794485e-02
-4.055675920585024435e-02
-4.057574746279037775e-02
-4.055230588097277766e-02
-4.055186595923222781e-02
-4.055226180992940743e-02
-4.057123803992791766e-02
-4.055346162378916514e-02
-4.055284652389723465e-02
-4.055476933534958583e-02
-4.055341556122980806e-02
-4.055345033449360426e-02
-4.055699372245418627e-02
-4.060095696089852102e-02
-4.060246832672960438e-02
-4.060246106198980853e-02
-4.058428446709504839e-02
-4.058455621558752779e-02
-4.058191378743832706e-02
-4.059159172316736258e-02
-4.059320039038444294e-02
-4.059358220938173722e-02
-4.059245945808858530e-02
-4.059250502067378308e-02
-4.059319689212075727e-02
-3.896099523596165820e-02
-3.896050392805069928e-02
-3.896062258370935893e-02
-3.896211968592123986e-02
-3.895884192672156160e-02
-3.895918481236085307e-02
-3.895915228802054875e-02
-3.896186362186671720e-02
-3.904989409306094950e-02
-3.906681787809336559e-02
-4.882561972927425969e-02
-4.881847943149122959e-02
-4.881360887859629433e-02
-4.881998492708963105e-02
-4.885211267839739691e-02
-4.882983762273111067e-02
-4.890733260605475280e-02
-4.888484177512801565e-02
-4.888419136873791565e-02
-4.887542925935317584e-02
-4.791373331874626551e-02
-4.791927947346218825e-02
-4.791313954643301731e-02
-4.791402294851270643e-02
-4.791984324025987813e-02
-4.792180564186997171e-02
-4.792155735608995965e-02
-4.791047098725493419e-02
-4.791128654407985493e-02
-4.791120991331116602e-02
-4.791133400135421522e-02
-4.791117037927415667e-02
-4.791131337320859301e-02
-4.892969790313404094e-02
-4.888419937613593808e-02
-4.888618384773418812e-02
-4.889893959257317346e-02
-4.889878721535398376e-02
-4.889752526976044039e-02
-4.890143232711693239e-02
-4.890173569178311169e-02
-4.889748105285409568e-02
-4.889721190958096209e-02
-4.889829985012607988e-02
-4.882953811412395206e-02
-4.886304988366910879e-02
-4.886200588601814776e-02
-4.883282486142195844e-02
-4.884513636022806693e-02
-4.884536443665978694e-02
-4.886189120304006844e-02
-4.886157833145580304e-02
-4.886233156793497873e-02
-4.886240458214523991e-02
-4.886087835987004691e-02
-4.886025220106626765e-02
-4.886021846663137630e-02
-4.886176803690818471e-02
-4.886132128475252634e-02
-4.885594950632472788e-02
-4.885276317764775805e-02
-4.885177433719824908e-02
-4.885004031908989075e-02
-4.885817687630073652e-02
-4.893629396128879733e-02
-4.893402670868619853e-02
-4.892707758785649202e-02
-4.897413254232203111e-02
-4.897167312783184262e-02
-4.897195405554680137e-02
-4.897501861456320105e-02
-4.896883016634952235e-02
-4.897489040956951728e-02
-4.895682158020128738e-02
-4.900004111461177952e-02
-4.899872947243995996e-02
-4.899906103118147754e-02
-4.900666772795398557e-02
-4.900490254553339226e-02
-4.898996133139202347e-02
-4.898501389252540861e-02
-4.898571575417783736e-02
-4.898389124415943735e-02
-4.898705584823002251e-02
-4.900454338676717148e-02
-4.899799434340434273e-02
-4.898073211702385493e-02
-4.898795771752275513e-02
-4.896861389623964611e-02
-4.897333410632497691e-02
-4.897663033180570114e-02
-4.867701832793223243e-02
-4.870722667444842002e-02
-4.870606715069548953e-02
-4.870730063910753971e-02
-4.870713086960833105e-02
-4.870642019544600687e-02
-4.870698547818424345e-02
-4.870684090056098120e-02
-4.870692511845296085e-02
-4.870598765825624038e-02
-4.875511988953563219e-02
-4.889296512631360198e-02
-4.888459037150264669e-02
-4.888207404622903901e-02
-4.888535985469115441e-02
-4.888199767039591581e-02
-4.888199767039591581e-02
-4.888176631585766652e-02
-4.888164355630805757e-02
-4.888159586541991619e-02
-4.888151652419581161e-02
-4.888178463375161126e-02
-4.888125972990620127e-02
-4.887500132840445766e-02
-4.880350826090940758e-02
-4.881580182478595376e-02
-4.880959287780940042e-02
-4.881120546795789106e-02
-4.880244773849782419e-02
-4.880052291652330759e-02
-4.908656422635907651e-02
-4.900533763005299887e-02
-4.814663668374914718e-02
-4.814572231000069369e-02
-4.814839397682170452e-02
-4.814197668827006199e-02
-4.817010160664169510e-02
-4.817125409199012748e-02
-4.817158073143765901e-02
-4.817024554856690066e-02
-4.816603133755028437e-02
-4.816388284091105421e-02
-4.816533095615982418e-02
-4.816294703810929112e-02
-4.816850124188217647e-02
-4.888641942678773056e-02
-4.887602942064762923e-02
-4.916881937345078668e-02
-4.908454431179885835e-02
-4.904616918715645757e-02
-4.900555430623800696e-02
-4.900572376536498770e-02
-4.901066134610369135e-02
-4.949146626335156757e-02
-4.948886420090041482e-02
-4.955474011399229467e-02
-4.955436748138275505e-02
-4.955483596022824955e-02
-4.955305856798463554e-02
-4.955247377045213925e-02
-4.955254579196504555e-02
-4.955672952357192268e-02
-4.956192915942513738e-02
-4.956070631819102512e-02
-4.955765407984089738e-02
-4.956374207701529089e-02
-4.956142476805977526e-02
-4.949120290406808231e-02
-4.946806454319073454e-02
-4.966627696623684973e-02
-4.968939820751134412e-02
-4.969098331924428485e-02
-4.969102496156236476e-02
-4.969223970689046199e-02
-4.969166954008487347e-02
-4.969196343486245032e-02
-4.969329362811784889e-02
-4.969327061667210693e-02
-4.969356789639213512e-02
-4.969347705292255502e-02
-4.960013958888918190e-02
-4.954373008129000361e-02
-4.954667490941805363e-02
-4.954844686730244113e-02
-4.955383687488303796e-02
-4.955413184205138821e-02
-4.955413741972324038e-02
-4.955512497667018124e-02
-4.955699334441022313e-02
-4.956306072005893515e-02
-4.955169531944733641e-02
-4.954588792201627262e-02
-4.958546204311282957e-02
-4.957444222128652017e-02
-4.954377914284084639e-02
-4.953921026150349266e-02
-4.954513124755531572e-02
-4.954148635422783720e-02
-4.964737145498035464e-02
-4.964775310948937176e-02
-4.964979237951793606e-02
-4.965926841745061521e-02
-4.965593627676914701e-02
-4.965308617443252304e-02
-4.965359816573632762e-02
-4.966609440402652148e-02
-4.966062793237985967e-02
-4.966054971076632601e-02
-4.963457223528828371e-02
-4.963565021689004403e-02
-4.928746572988878388e-02
-4.926096193364764425e-02
-4.955923157173336424e-02
-3.171591200743199140e-02
-3.167766201367831075e-02
-3.167715961872588637e-02
-3.166237945580329533e-02
-3.171531308567974994e-02
-3.171806774833343251e-02
-3.169843681901184790e-02
-3.185533649851388094e-02
-3.198615960727352325e-02
-3.192415469743047074e-02
-3.161987922221236313e-02
-3.165613765410705410e-02
-3.165616751727334810e-02
-3.168085223534920780e-02
-3.165584857851624911e-02
-3.133875186725781220e-02
-3.134224097406455856e-02
-3.134167948294525052e-02
-3.133974324792290767e-02
-3.133831026369789802e-02
-3.198861473689573048e-02
-3.201394248652346397e-02
-3.211374776829475919e-02
-3.129019244538701339e-02
-3.128891890947633342e-02
-3.129225568783200462e-02
-3.130064121275781541e-02
-3.129305155804228827e-02
-3.129577686783217849e-02
-3.129529256109296609e-02
-3.032940521620577229e-02
-3.032429556389835273e-02
-3.032458210400765242e-02
-3.030196187045428730e-02
-3.055282565945210277e-02
-3.055405608725376629e-02
-3.055266092833706926e-02
-3.055724714535675013e-02
-3.055576388138591878e-02
-3.052198804939430105e-02
-3.053023034169305427e-02
1.836935758948204239e-02
1.836963554268686641e-02
1.836547617850686764e-02
1.835831770256507456e-02
1.836190529302785326e-02
1.835075879012362104e-02
1.834841153690106030e-02
1.838650472840178129e-02
1.836559411181897319e-02
1.836571990543896249e-02
1.836571698493533189e-02
1.836288123860664243e-02
1.831457382963241551e-02
1.832219727148357707e-02
1.832463272202392718e-02
1.832355048330733260e-02
1.831033585831269572e-02
1.878282219690435503e-02
1.878464832966208684e-02
1.878424863812768603e-02
1.878430851303697358e-02
1.878509400057013293e-02
1.878362200438637303e-02
1.878464657015207345e-02
1.878221817758479739e-02
1.821670764261287476e-02
1.814494500108947486e-02
1.814772349243100671e-02
1.813126797951218616e-02
1.813651785624125629e-02
1.813733866924534602e-02
1.349216009924322605e-02
1.349020005696617910e-02
1.349376058659607601e-02
1.348841779432777797e-02
1.348833166145336007e-02
1.351863949313261877e-02
1.351697214995370433e-02
1.349550215983426858e-02
1.349005907690800296e-02
1.348847990474254938e-02
1.348776473856056098e-02
1.348917717518000221e-02
1.348622909233711253e-02
1.348935637012653802e-02
2.257509421221467333e-02
2.258071888877974734e-02
2.259170595736070819e-02
2.259148968043718508e-02
2.258523164877313319e-02
2.258535326308060143e-02
2.262352632629704291e-02
2.262273237817237839e-02
2.262825658721355146e-02
2.262845189714506045e-02
2.262868595827432702e-02
2.262830267013599822e-02
2.262885061627572733e-02
2.262839520621105771e-02
2.257109461027911185e-02
2.257084333745974086e-02
2.258501990525008454e-02
2.259529824168536594e-02
2.259501341030221641e-02
2.257677678732723445e-02
2.258303326632581445e-02
2.258007769659277353e-02
2.259393203147989915e-02
2.260214380720338215e-02
1.919658547969772810e-02
1.918111092551492980e-02
1.918062543535879391e-02
1.918055434392462386e-02
1.917415469914663176e-02
1.918092865358240681e-02
1.916457887871736779e-02
1.916619494680675551e-02
1.916579421696228483e-02
1.916477617448424445e-02
1.916573682819099067e-02
1.916573762076497281e-02
1.917132282886359687e-02
1.917103458778654859e-02
1.917137390905329641e-02
1.916890934215970468e-02
1.916996668765365980e-02
1.917005388478446731e-02
1.917266006168821466e-02
1.916565289773944011e-02
1.915911014070181828e-02
1.915891107123202791e-02
1.916039292760948753e-02
1.915843544621842476e-02
1.926738981873802117e-02
1.925994308206820105e-02
1.926289554200115439e-02
1.917066983731132226e-02
1.856777080748826803e-02
1.856731805748001313e-02
1.856778215849555838e-02
1.856806665696161124e-02
1.856832964182469209e-02
1.856778427012714325e-02
1.856895115605897151e-02
1.856816942579378807e-02
1.862294669592990184e-02
1.862329545424059110e-02
1.853326388612399483e-02
1.853161074043969264e-02
1.852938345961119282e-02
1.858414856873994575e-02
1.855446046504678759e-02
1.855123641808685553e-02
1.854974357702590670e-02
1.855164401708738267e-02
1.855068115085133779e-02
1.855104795285484817e-02
1.855084025461242736e-02
1.855445664815397536e-02
1.858289316156941026e-02
1.859873591519989322e-02
1.859893324417535854e-02
1.859887323358318245e-02
1.859878610194195050e-02
1.858668655236271963e-02
1.858338837698158413e-02
1.855625912839683686e-02
1.855798459006995776e-02
1.856182227914856750e-02
1.856722337027606751e-02
1.855967025623744132e-02
1.857027040612817606e-02
1.856934908360775155e-02
1.856568507117527245e-02
1.854813061614749709e-02
1.854803644778902499e-02
1.854415524429607956e-02
1.854658684443623654e-02
1.872994715910654764e-02
1.859016346594746794e-02
1.858377018552814439e-02
1.858860579591790213e-02
1.885252801612476159e-02
1.894954875844908140e-02
1.895121500714527785e-02
1.895402763338157812e-02
1.895400056692867624e-02
1.895397292636292336e-02
1.895630038487866598e-02
1.895279224554593384e-02
1.895030940499979610e-02
1.895480519527265387e-02
1.895424315611393337e-02
1.895496687887733567e-02
1.895542417199044469e-02
1.896215472677595382e-02
1.896175344877230537e-02
1.894511011107244403e-02
1.895483286853258051e-02
1.894513582572267263e-02
1.893709698181017531e-02
1.894688166366339382e-02
1.894311484688255068e-02
1.899162532034484596e-02
1.899161108246432209e-02
1.899468058407757093e-02
1.899527192800585032e-02
1.899566500405693720e-02
1.899671712451365610e-02
1.899655627547027631e-02
1.899247703475061624e-02
1.899280053078601649e-02
1.899051875999034633e-02
1.898488019205108249e-02
1.898480064458636651e-02
1.898472005219064423e-02
1.891308277369404753e-02
2.551378832041150541e-02
2.551364358072099117e-02
2.551322870298154688e-02
2.551534127079317302e-02
2.551744672608381032e-02
2.551410765669991781e-02
2.551321236125198011e-02
2.552609282150340719e-02
2.552659715036718208e-02
2.552761446150420346e-02
2.552746890103299235e-02
2.552753824850069117e-02
2.553306064443823867e-02
2.553293540219573124e-02
2.553310228284311895e-02
2.553355349283393042e-02
2.231908055602677826e-02
2.076497903645009926e-02
2.076902294658114490e-02
2.055662114715072278e-02
2.063338289974956871e-02
2.063249062635850312e-02
2.063393096254608275e-02
2.063667721635262589e-02
2.088637598556761926e-02
2.090519646429214728e-02
2.090918572841814552e-02
2.120032625065188317e-02
2.127396510369207114e-02
2.127218875800683529e-02
2.126431064510532140e-02
2.130407381408252684e-02
2.128970682003561779e-02
2.128287876379378329e-02
2.592940202518231874e-02
2.540177950346325653e-02
2.538122528573015166e-02
2.655766937136752950e-02
2.750205859232037961e-02
2.783972213493474471e-02
2.783961629642469487e-02
2.783912769131252629e-02
2.783843456969639293e-02
2.783732441349821146e-02
2.783662407328708899e-02
2.784611061067410534e-02
2.781899129996040151e-02
2.781884907612427321e-02
2.378646136082320298e-02
2.335720198981696208e-02
2.335602613757534543e-02
2.335824078797415007e-02
2.335719160933885305e-02
2.340020095915533102e-02
2.339832801905728302e-02
2.340759680519588146e-02
2.335849254823909107e-02
2.335956315183065901e-02
2.349879243920277236e-02
2.350459430582729423e-02
2.348111319044826270e-02
2.348033457755847181e-02
2.348153057180994360e-02
2.348131496507989066e-02
2.347699473970780992e-02
2.348374343042230333e-02
2.348392013816861384e-02
2.348325914902893788e-02
2.344915934235960314e-02
2.345431209301414993e-02
2.344914588662366794e-02
2.368204856635273622e-02
2.353352878252495603e-02
2.352007046825682277e-02
2.351939088964778712e-02
2.352959606971401219e-02
2.352799339595904385e-02
2.352433954334044730e-02
2.352975281717689660e-02
2.353141919282858430e-02
2.353087371571990424e-02
2.022315662205950715e-02
2.022333741403999421e-02
2.022286744492376304e-02
2.022270459363665826e-02
2.022139094084900168e-02
2.022231881812500826e-02
2.022076373689199805e-02
2.022267175753644092e-02
2.022033275447824782e-02
2.185636167591450962e-02
2.185804441316415922e-02
2.156826744522754094e-02
2.157070597811026197e-02
2.156271102438503742e-02
2.156466509056553793e-02
2.274841938135828759e-02
2.274542491248861611e-02
2.274573759126775549e-02
2.260842435360855066e-02
2.260340043050363887e-02
2.241824358809011569e-02
2.241786873326365517e-02
2.242320834633881529e-02
2.241047046883318239e-02
2.241027343939324887e-02
2.234778718190287214e-02
2.234599191623133987e-02
2.234586051808848048e-02
2.234581762232809923e-02
2.234495546164107574e-02
2.234455231273481043e-02
2.234322238315879228e-02
2.234027295125506907e-02
2.234240861380478935e-02
2.241455096300064981e-02
2.237412956977699249e-02
2.239037064582043504e-02
2.238925835906046061e-02
2.238898082920435725e-02
2.237255949078500311e-02
2.237115629136620862e-02
2.237539795927123015e-02
2.237285645105839896e-02
2.237403605703476572e-02
2.123618577326195217e-02
2.041973721730969832e-02
2.339563992126577480e-02
2.339238779418390674e-02
2.339481827964833699e-02
2.335477836343753319e-02
2.335665504456915786e-02
2.335568104399654218e-02
2.335397275679992543e-02
2.335410963384906488e-02
2.335442441521271006e-02
2.337847448464195829e-02
2.337838070508007488e-02
2.338038206578593389e-02
2.337321658554834120e-02
2.337781986354243308e-02
2.333453413315570921e-02
2.333704048160644903e-02
2.334136410696529759e-02
2.333231273161066183e-02
2.333131373253705815e-02
2.332354385565317892e-02
2.332490320907917511e-02
2.332175670358337810e-02
2.331623305043802052e-02
2.332550057623732423e-02
2.072735994359069592e-02
2.072887594652621582e-02
2.072987766119829475e-02
2.072832830342468194e-02
2.072531283566478311e-02
2.072525028944593659e-02
2.072379942421848434e-02
2.072499472665690484e-02
2.072562747684096596e-02
2.072409220553296516e-02
2.072360583488707178e-02
2.072423471623231761e-02
2.072446059974027144e-02
2.072375865238415202e-02
2.072842154467265455e-02
2.072866948222038680e-02
2.072921128847519598e-02
2.109690326071942193e-02
2.109692595343078125e-02
2.114651014276761748e-02
2.154309529485700161e-02
2.460513772397662433e-02
2.460538646008194469e-02
2.460542004838640537e-02
2.460398845776132562e-02
2.443291682944176424e-02
2.034416437031382266e-02
2.034407142208905644e-02
2.034458325839600540e-02
2.031962886397190374e-02
2.031015502962611047e-02
2.041626997628529297e-02
2.040793201677775989e-02
2.043456629830048971e-02
2.044211577999355614e-02
2.044309343286590877e-02
2.039993664816668398e-02
2.040411243813666786e-02
2.040915668963971807e-02
2.040479966406015533e-02
2.040534989768054072e-02
2.031256986634474154e-02
2.030079740377809319e-02
2.025418446350494769e-02
2.027521245675765332e-02
2.027612588726709561e-02
2.248359180432244267e-02
2.248393851091474299e-02
2.117381788053206496e-02
2.114733994907726927e-02
2.114733782016901126e-02
2.125094743435856220e-02
2.125063331266027755e-02
2.120864958555661317e-02
2.120878772189099121e-02
2.120892151537126513e-02
2.120403355929808067e-02
2.120827297206717699e-02
2.136703456080765035e-02
2.141050720173050953e-02
2.139802635343885512e-02
2.078128699482583580e-02
2.079520615807235739e-02
2.079531281509761770e-02
2.079542117900426770e-02
2.082557432582794743e-02
2.082623718184290970e-02
2.082372386330190797e-02
2.082445095045242292e-02
2.082047223837516989e-02
2.082065222571652732e-02
2.081986198879053757e-02
2.081688046980166920e-02
2.081907494598384326e-02
2.081659124013659351e-02
2.081758321213285703e-02
2.081856555328754493e-02
2.081774852267851902e-02
2.081154420948301206e-02
2.081227791189719373e-02
2.081252146439968587e-02
2.081244437986051743e-02
2.080998012837630487e-02
2.080997320202784481e-02
2.081043083145594705e-02
2.081048654185960883e-02
2.081817100618032698e-02
2.081695074710135721e-02
2.079017824506808332e-02
2.080203827110223974e-02
2.080294414443130055e-02
2.079790956334429120e-02
2.094241831195307185e-02
2.094206716273637123e-02
2.096566480168216354e-02
2.096464032429938562e-02
2.278520575899184442e-02
2.262608984741050142e-02
2.261276671756113146e-02
2.261184454262780280e-02
2.262172785611127682e-02
2.261670937413809077e-02
2.261613837386525910e-02
2.262165455655039056e-02
2.262728851878963166e-02
2.273177757647818972e-02
2.273637491577205211e-02
2.273064344562941361e-02
2.273688880213502878e-02
2.275008870123516533e-02
2.274887195085656746e-02
2.274955797340669911e-02
2.282169746092871029e-02
2.282136758188411593e-02
2.282241099269130546e-02
2.281718470851614236e-02
2.250506047519460276e-02
2.250406624882219167e-02
2.248744922811510977e-02
2.248279293672832482e-02
1.879281958666559338e-02
2.403026867020608554e-02
2.403218230071037242e-02
2.402490681793297694e-02
2.402654973183205797e-02
2.402614207592281698e-02
2.402759650793832510e-02
2.402965731023742196e-02
2.402614402451056300e-02
2.403007422233411489e-02
2.403438964088701335e-02
2.403051781255502797e-02
2.403263775994801676e-02
2.403996426694946301e-02
2.403741022347293671e-02
2.403909875177760724e-02
2.403802582493949277e-02
2.403858560610022330e-02
2.403873411412877498e-02
2.403895026353247352e-02
2.404016749401828232e-02
2.404031152682049172e-02
2.407564422596791820e-02
2.379238507029439106e-02
2.401240154226359780e-02
2.401213132647700768e-02
2.401833462259133842e-02
2.401487475970778135e-02
2.401602733267601403e-02
2.364563164528628303e-02
2.364953315721806532e-02
2.364883188763889504e-02
2.364881825950476690e-02
2.364719780053661444e-02
2.364394208461569405e-02
2.363673520955383509e-02
2.363715843449431392e-02
2.363816419806452629e-02
2.363816292998759117e-02
2.363808037307499679e-02
2.384937761753515989e-02
2.384993755942198257e-02
2.129030131233661249e-02
2.128918654440342673e-02
2.129078628740245158e-02
2.129110531072042276e-02
2.129043619418858474e-02
2.129049612689426149e-02
2.238392966680559718e-02
2.238401450039947949e-02
2.238531837642516314e-02
2.236594769258672122e-02
2.236608891738095517e-02
2.236598438340380371e-02
2.236650158532582644e-02
2.237044618069621710e-02
2.237084729882064457e-02
2.237144757163714651e-02
2.237135716805534191e-02
2.236813701308659405e-02
2.236864037123808407e-02
2.237023208691495818e-02
2.236175924204479581e-02
2.236582939307630441e-02
2.236421231308540619e-02
2.237268173217478451e-02
2.237489666827901721e-02
2.237442607959435129e-02
2.237011714124599246e-02
2.237051067202523724e-02
2.392004451757176117e-02
2.392002021394565650e-02
2.391394037225078040e-02
2.390812144782903520e-02
2.392168818775041242e-02
2.392364124708274559e-02
2.392347800374370476e-02
2.391958778934444654e-02
2.391983393069135877e-02
2.391991318901882935e-02
2.391979629994310172e-02
2.391842782401721462e-02
2.345708865891169004e-02
2.345536692101732670e-02
2.345519292732846720e-02
2.345592072616400556e-02
2.349403399309321280e-02
2.347995715265898536e-02
2.341192268960126666e-02
2.336821186812509249e-02
2.337844855422032894e-02
2.336140530056563663e-02
2.336180323738801592e-02
2.336680497669177403e-02
2.336685869964421486e-02
2.335966668073309951e-02
2.336044207868569894e-02
2.336085170350700110e-02
2.340144935032322307e-02
2.340429958065552013e-02
2.340015877549464843e-02
2.340833266723085782e-02
2.340611075752099465e-02
2.340299381070688745e-02
2.340565676709088425e-02
2.341242535720483922e-02
2.341305860722239091e-02
2.340871015809222258e-02
2.340657437015392084e-02
2.340954254606016083e-02
2.339263393371657923e-02
2.339160219809646724e-02
2.340422545231437418e-02
2.335948713141856870e-02
2.336179850036270225e-02
2.336386476708387366e-02
2.336433167175626727e-02
2.336434040026060324e-02
2.330857412937726789e-02
2.331004408069156306e-02
2.328268779752090331e-02
2.359926209852269974e-02
2.358784343232729966e-02
2.356329114646066661e-02
2.356329749039041965e-02
2.527739418690522558e-02
2.527786499430047934e-02
2.527172786928964798e-02
2.527571050001145569e-02
2.527167514047310229e-02
2.527258311887539341e-02
2.527863527788802231e-02
2.529105114199857798e-02
2.529197352143527922e-02
2.527917487067952301e-02
2.528135178028628749e-02
2.572489186307394538e-02
2.549239649713596137e-02
2.618100822501699676e-02
2.617792485925697979e-02
2.617938159216839575e-02
2.618208743020352530e-02
2.618951664703730170e-02
2.618780810999633141e-02
2.618768168518151654e-02
2.618843237499066806e-02
2.618858568193348571e-02
2.618805637347901977e-02
2.618752495340365138e-02
2.618772590000543674e-02
2.618909008331206378e-02
2.616562105041510961e-02
2.616500335724767159e-02
2.610809309711689327e-02
2.611205007667817199e-02
2.607627647989728750e-02
2.606363448819383824e-02
2.599931361944678512e-02
2.607857520687698050e-02
2.607591107252636015e-02
2.607977998129619793e-02
2.608177351031760668e-02
2.607955691075206778e-02
2.607546535886702890e-02
2.605044874149902226e-02
2.614496736056089177e-02
2.614490310668018958e-02
2.615793060164074701e-02
2.614596178464783857e-02
2.615345818578826420e-02
2.614024528763824948e-02
2.615943014728749211e-02
2.616754840940575810e-02
2.616675928172464485e-02
2.616675876312059973e-02
2.617292474288246407e-02
2.621159443808302944e-02
2.620790783945618763e-02
2.621203267941346268e-02
2.621468289344762795e-02
2.621125641994509828e-02
2.618461056881598442e-02
2.618502901893120585e-02
2.618193525686990722e-02
2.618265759781763721e-02
2.618432202883558269e-02
2.615119017141740929e-02
2.614522630752707383e-02
2.615382829578619811e-02
2.616790801192213703e-02
2.615182623309765184e-02
2.617451622611694992e-02
2.617430877570823058e-02
2.617441623075675988e-02
2.617524627752803451e-02
2.616889295728230466e-02
2.617069241213195938e-02
2.617155282201611907e-02
2.616918911161569827e-02
2.616931050490771751e-02
2.616761424318711157e-02
2.616211426385774141e-02
2.616226550590705288e-02
2.616674832895150501e-02
2.599020548071575426e-02
2.600337482725599211e-02
2.336102942876965363e-02
2.342751166724563877e-02
2.570812886131767366e-02
2.572009059834512446e-02
2.571971876712973032e-02
2.572294017817203238e-02
2.199591885551981096e-02
2.286048346401398090e-02
2.286012764647545048e-02
2.285469385165289635e-02
2.285425298782110815e-02
2.285379275996526557e-02
2.285616724115039841e-02
2.285629146313775811e-02
