-1.937207533566930387e-02
-1.937224326363845561e-02
-1.936828953493872560e-02
-1.937739512225764363e-02
-1.796385125900457763e-02
-1.796153510043176776e-02
-1.796241462207739947e-02
-2.090601856868661013e-02
-2.089686973539821996e-02
-2.089601882242318048e-02
-2.089615385476581433e-02
-2.089617013122651787e-02
-2.089670451860629885e-02
-2.089821826509368624e-02
-2.023104255424122006e-02
-2.023089315294207546e-02
-2.023594788009948700e-02
-2.023698007585358200e-02
-2.023798159952509140e-02
-2.024403322036676806e-02
-2.019088265859621950e-02
-2.018928958688581687e-02
-2.019349001952366884e-02
-2.018245766056787210e-02
-2.023892754057413090e-02
-2.024033841577466825e-02
-2.023989585825453769e-02
-2.024018604393123394e-02
-2.023452706274396495e-02
-2.023334451574980430e-02
-2.023327194189332434e-02
-2.023346398754896636e-02
-2.023335294161199283e-02
-2.023278609149681620e-02
-2.023321265558372661e-02
-2.023298996481786780e-02
-2.023209806753463805e-02
-2.023482116029922534e-02
-2.023698030681684093e-02
-2.023740823945791023e-02
-2.023767041437555050e-02
-2.023935050358909374e-02
-2.024118575915438006e-02
-2.024030086612534779e-02
-2.024003794065873385e-02
-2.023656159068971949e-02
-2.023656682349663644e-02
-2.023659147974676831e-02
-2.023839992675515939e-02
-1.999209448080676091e-02
-1.998816831199158595e-02
-1.994826436724522409e-02
-1.994874804664247686e-02
-1.994967115881092837e-02
-1.994773984606665329e-02
-1.907865486182634684e-02
-1.906878706879045274e-02
-1.906764263190985700e-02
-1.906817448050109401e-02
-1.906752397213331771e-02
-1.908468663738793064e-02
-1.908511118572614462e-02
-1.908493270329774186e-02
-1.907979148787683488e-02
-1.917930821445768333e-02
-1.917923847693139491e-02
-1.917713086527534153e-02
-1.917590989917356686e-02
-1.917593270187403429e-02
-1.917592623283565292e-02
-1.917507462681816710e-02
-1.916512027472238450e-02
-1.917003171205093268e-02
-1.912017122218739179e-02
-1.836066634638665318e-02
-1.836265376537546748e-02
-1.836805671719602545e-02
-1.840399889463164088e-02
-1.840549255325946154e-02
-1.840386847245676499e-02
-1.835215761839548501e-02
-1.834680095142858861e-02
-1.835493639231824611e-02
-1.835573159068970561e-02
-1.833147411722198597e-02
-1.833097531363509988e-02
-1.832997394745321945e-02
-1.833031337345183281e-02
-1.832387492995891584e-02
-1.833055595573012883e-02
-1.835458425935385454e-02
-1.827457346432923013e-02
-1.833725925226715667e-02
-1.833661575137816510e-02
-1.833962462361826695e-02
-1.833998001885868770e-02
-1.833916868107852635e-02
-1.833914776820407336e-02
-1.833919388031157033e-02
-1.832947807781779015e-02
-1.832915635235454060e-02
-1.832953628918609565e-02
-1.833053715191075919e-02
-1.833060795685141978e-02
-1.833092421100668973e-02
-1.832928125493539506e-02
-1.832827088279261399e-02
-1.832957928337723350e-02
-1.832863179000544102e-02
-1.832882314320131989e-02
-1.832898292352311276e-02
-1.832983658644856198e-02
-1.833323233808952304e-02
-1.833274029381956258e-02
-1.833635968788921086e-02
-1.833722237819065959e-02
-1.833536268641122041e-02
-1.831350878758912157e-02
-1.831176278266294366e-02
-1.831610925936397877e-02
-1.831386860228499669e-02
-1.834368230349572165e-02
-1.904784655599729010e-02
-1.904680318805115555e-02
-1.906920916177902783e-02
-1.902727778256466454e-02
-1.904343045234536957e-02
-1.904360340920328507e-02
-1.896603736975809376e-02
-1.896577188739269684e-02
-1.897052444625164924e-02
-1.897152458895945415e-02
-1.922621187169243351e-02
-1.922697247068766782e-02
-1.926662808848357555e-02
-1.927036549354221168e-02
-1.926722899202599690e-02
-1.926814010397765939e-02
-1.926865080834116312e-02
-1.926519032082782759e-02
-1.926549439611565176e-02
-1.926543134383534861e-02
-1.927097218409800153e-02
-1.916747840348391463e-02
-1.908514704821348551e-02
-1.908478197102950885e-02
-1.821112498739838048e-02
-1.822463757612952095e-02
-1.817410274775094203e-02
-1.818110623967130607e-02
-1.817992310962380023e-02
-1.817861082750051385e-02
-1.817878357374366413e-02
-1.991358415257804548e-02
-1.991215529302372417e-02
-1.991076251133877192e-02
-1.991246605502697969e-02
-1.990965156370425038e-02
-1.990850616759132566e-02
-1.990798390710546775e-02
-1.990975832038954785e-02
-1.991101148959999873e-02
-1.798106435845818821e-02
-1.798135973424182243e-02
-1.798213367228701856e-02
-1.810554544246605405e-02
-1.810740800047000096e-02
-1.810620356134644629e-02
-1.810770313289535721e-02
-1.811096059466554831e-02
-1.811045024538045917e-02
-1.810893738333020989e-02
-1.810917291136115645e-02
-1.810935816304561768e-02
-1.811259221062729019e-02
-1.828356597577686024e-02
-1.827844077188677668e-02
-1.827488355742896975e-02
-1.828378625968794802e-02
-1.799223026450444407e-02
-1.899911208623902489e-02
-1.899834500472855070e-02
-1.900139199877501003e-02
-1.897915913583255593e-02
-1.913133574346520538e-02
-1.913148550630749609e-02
-1.913096954829021645e-02
-1.913049622983417977e-02
-1.913099056832785749e-02
-1.912873661828659241e-02
-1.913042187457821702e-02
-1.912968809174568630e-02
-1.912665268878226479e-02
-1.912633226619209550e-02
-1.912546532018660414e-02
-1.886123191361919332e-02
-1.886046122700394539e-02
-1.886900093239854415e-02
-1.898257789512865570e-02
-1.898028707512310412e-02
-1.897508585732565062e-02
-1.899505841921202837e-02
-1.895556590397223448e-02
-1.895211655867861875e-02
-1.899243180685973240e-02
-1.899156701310066378e-02
-1.899144243907210927e-02
-1.906919372647818828e-02
-1.907795100998432164e-02
-1.793565756820472701e-02
-1.793550565060046328e-02
-1.788565515453019797e-02
-1.780827344590674502e-02
-1.781317434403238698e-02
-1.765097787384860284e-02
-1.768202544146188840e-02
-1.768202978168168307e-02
-1.768184930509427918e-02
-1.763324535433781134e-02
-1.763017221534023474e-02
-1.762797104326240330e-02
-1.762517123437469871e-02
-1.765970849849370777e-02
-1.783526039242463307e-02
-1.783539009654431379e-02
-1.780337054370982261e-02
-1.780225162405722067e-02
-1.776842279587120474e-02
-1.792125287223127542e-02
-1.792097453570099322e-02
-1.791881642792282625e-02
-1.791511431394272880e-02
-1.791274622382414694e-02
-1.792007415808818255e-02
-1.792013728900642908e-02
-1.793098023370658795e-02
-1.785575122361087938e-02
-1.785633080339325135e-02
-1.785632837024098835e-02
-1.785633856707951814e-02
-1.786614141377454792e-02
-1.785483805154134546e-02
-1.785700904662319843e-02
-1.785711355288986668e-02
-1.785730321325102940e-02
-1.785835610708629700e-02
-1.786241397279001233e-02
-1.786006082311982629e-02
-1.776762599615735669e-02
-1.776697563196132784e-02
-1.775289923582226703e-02
-1.775408535215244540e-02
-1.776645732222569690e-02
-1.776760503588999465e-02
-1.776579431050668775e-02
-1.776109801349282438e-02
-1.776082977629936388e-02
-1.777834853358786077e-02
-1.778289019871781215e-02
-1.778287905634272012e-02
-1.778135462623522609e-02
-1.778324328506430269e-02
-1.778503065416787987e-02
-1.754476885156645155e-02
-1.747635952440942247e-02
-1.763349185476244599e-02
-1.762920683520507667e-02
-1.762870030603842092e-02
-1.765120999879566527e-02
-1.765086722273569164e-02
-1.763276258358325785e-02
-1.763661933266466239e-02
-1.762809045341760805e-02
-1.762934477987541243e-02
-1.762810128369581009e-02
-1.762804465377030769e-02
-1.762912158464729345e-02
-1.762858948257128855e-02
-1.762927973037162546e-02
-1.762924906150656335e-02
-1.782097833974760626e-02
-1.781963457430700559e-02
-1.782046762914215460e-02
-1.782008587700640093e-02
-1.781699142444369277e-02
-1.782433638802555231e-02
-1.782383555365535388e-02
-1.723279201849606604e-02
-1.721724550502605477e-02
-1.722235148444122010e-02
-1.779594688689490126e-02
-1.782324494516563176e-02
-1.763547016914928517e-02
-1.764021238579879108e-02
-1.763890931658128672e-02
-1.761923579445275403e-02
-1.761938982457254832e-02
-1.766160637430654740e-02
-1.765844682470388630e-02
-1.765645730683900946e-02
-1.766528583620867454e-02
-1.766573435829041708e-02
-1.766612406167987134e-02
-1.769657134090121473e-02
-1.771246155696973301e-02
-1.770974624115766519e-02
-1.763779723641156760e-02
-1.764042858521295762e-02
-1.764092095535694377e-02
-1.764272045291795377e-02
-1.763759362191609503e-02
-1.763910026987026633e-02
-1.746516559646860839e-02
-1.745991658179730371e-02
-1.744402083050834371e-02
-1.743734954201051415e-02
-1.743712519241973069e-02
-1.744624113683404878e-02
-1.744764014057281071e-02
-1.744768682734174070e-02
-1.745451399788574762e-02
-1.670723300840044542e-02
-1.681059914589898632e-02
-1.657595537268554547e-02
-1.657615795611229459e-02
-1.657658725655151988e-02
-1.658014755668345969e-02
-1.658183273386511572e-02
-1.385781922315573907e-02
-1.385764276460966886e-02
-1.386098932050927601e-02
-1.385783659136271238e-02
-1.385793319032142638e-02
-1.385803423146970102e-02
-1.385789614338019636e-02
-1.386032909502799178e-02
-1.456308853837781116e-02
-1.456295707607066676e-02
-1.456087250319937007e-02
-1.455998160562969185e-02
-1.456015228884928285e-02
-1.482357175339179232e-02
-1.482177408715900334e-02
-1.482223920043738465e-02
-1.482242920259840835e-02
-1.482188241910918115e-02
-1.482199723961567274e-02
-1.883823744560167782e-02
-2.093533507328201176e-02
-2.088231292724740049e-02
-2.088411280591783228e-02
-2.088348705029927782e-02
-2.088328375495521194e-02
-2.088326087639226156e-02
-2.088577069472862674e-02
-2.088788901477242263e-02
-2.088928319096019365e-02
-2.088707962422898037e-02
-2.088702073212985594e-02
-2.088647456192654558e-02
-2.088682422554484150e-02
-2.088760824198813634e-02
-2.087771701701229138e-02
-2.088412702766071286e-02
-2.088463646209385779e-02
-2.087521472944659298e-02
-2.087887575893008704e-02
-2.088064069462429798e-02
-2.088717381629306286e-02
-2.088357002398183102e-02
-2.088406962409974921e-02
-2.088219915865176940e-02
-2.088393081635439574e-02
-2.089019753629820300e-02
-2.086755594303475042e-02
-1.487193625659036580e-02
-1.486823096130890712e-02
-1.479727154287043857e-02
-1.480094841846402859e-02
-1.480010857967692904e-02
-1.480413215962553784e-02
-1.480424904561914931e-02
-1.479968736760452555e-02
-1.479907404734569221e-02
-1.480098312054448084e-02
-1.480101300933810149e-02
-1.480264456386165203e-02
-1.480213877467206202e-02
-1.480376478987216991e-02
-1.477944047234018392e-02
-1.477437503728809380e-02
-1.477434220491398442e-02
-1.477747437050626507e-02
-1.478066846222311423e-02
-1.477791862997298450e-02
-1.477473856141156387e-02
-1.479805896828998227e-02
-1.479681273348396574e-02
-1.479655601650979417e-02
-1.479588067665308683e-02
-1.479753298772251702e-02
-1.479051301981560047e-02
-1.478121071185679522e-02
-1.488428149416502234e-02
-1.488436072496127430e-02
-1.488219445452673186e-02
-1.488406592458605543e-02
-1.488519235015241943e-02
-1.488020594943388446e-02
-1.488057542684829287e-02
-1.488043532699328750e-02
-1.488211949794679759e-02
-1.484256164015496440e-02
-1.484783766003541956e-02
-1.484569405559311300e-02
-1.484965131482921669e-02
-1.484755267554553615e-02
-1.483526657315001676e-02
-1.484782053160404319e-02
-1.484753187573319318e-02
-1.492195339076285432e-02
-1.486707723954953757e-02
-1.486457525733450233e-02
-1.490342175396027619e-02
-1.489887330504017192e-02
-1.489753685985782672e-02
-1.499314007498475480e-02
-1.498753636743378227e-02
-1.499108304129886070e-02
-1.499591261976172644e-02
-1.499314384397910753e-02
-1.499211381340953032e-02
-1.498978766158493188e-02
-1.498666541752006511e-02
-1.498909911776266299e-02
-1.551208944926156519e-02
-1.550461121920225158e-02
-1.556378996060987438e-02
-1.554882104997872688e-02
-1.539842988790352495e-02
-1.540435778981478696e-02
-1.545986256240211576e-02
-1.760387557510779966e-02
-1.761544688890021026e-02
-1.761776084361872316e-02
-1.761431290116205819e-02
-1.761510534811067119e-02
-1.762533074224824359e-02
-1.762453618259582702e-02
-1.762322559561620497e-02
-1.763338579690554297e-02
-1.763011828340879314e-02
-1.763034214632823102e-02
-1.628923779758599880e-02
-1.600028687724871362e-02
-1.599989520905610932e-02
-1.595978460976381352e-02
-1.595965107044971035e-02
-1.596488542996016974e-02
-1.596379757315068496e-02
-1.596336447100049280e-02
-1.598448659111522535e-02
-1.599227663932167864e-02
-1.597871432857134177e-02
-1.592612358712603912e-02
-1.592571355707831857e-02
-1.595897538696902651e-02
-1.595600195559045836e-02
-1.604630000809483328e-02
-1.604659945839418886e-02
-1.603767259290274014e-02
-1.604777380863569095e-02
-1.597659183844578681e-02
-1.598952160019555258e-02
-1.598693628556155377e-02
-1.598711594909017764e-02
-1.598379082444302893e-02
-1.599569287492724756e-02
-1.629584690631106364e-02
-1.628571270359227205e-02
-1.628656709217888784e-02
-1.619011727135542117e-02
-1.619135105172567549e-02
-1.619159588095048577e-02
-1.619777051927854400e-02
-1.618924789455947200e-02
-1.619079454960212217e-02
-1.618775321098549907e-02
-1.618735692314333258e-02
-1.617342354896803697e-02
-1.617378543470691932e-02
-1.618729062919927256e-02
-1.618861760905215136e-02
-1.618826701416874528e-02
-1.617690088653777128e-02
-1.617800484681043358e-02
-1.477115560575186816e-02
-1.478085177154559414e-02
-2.707781051240627790e-02
-1.697550531676705887e-02
-1.696539883326459580e-02
-1.696790614071492023e-02
-1.698199232012682566e-02
-1.875674837380518836e-02
-1.864724378063148044e-02
-1.786567499238868664e-02
-1.751055541480167274e-02
-1.762441383320385510e-02
-1.762446980731884397e-02
-1.762482654089696926e-02
-1.762875965337904263e-02
-1.762505717111616244e-02
-1.762513300895373475e-02
-1.762422236016164198e-02
-1.762829565307296592e-02
-1.762856335732888857e-02
-1.762340382398672883e-02
-1.762329349442488813e-02
-1.762318748289429249e-02
-1.763122338671022429e-02
-1.762835439205076571e-02
-1.763864828341366042e-02
-1.762958788191194490e-02
-1.762850508369886993e-02
-1.761386103828575453e-02
-1.763602724395185381e-02
-1.763549828499377109e-02
-1.763616125821402397e-02
-1.763785283033200701e-02
-1.759227591602862892e-02
-1.758822742525836813e-02
-1.760302819692493789e-02
-1.760493451227895800e-02
-1.760159696978300797e-02
-1.747709840593238140e-02
-1.747957290730995511e-02
-1.441013491554418713e-02
-1.441942668359694202e-02
-1.441560075971242728e-02
-1.635604830802315016e-02
-1.635528662212320725e-02
-1.635595799967952749e-02
-1.635682997029042074e-02
-1.635641020647378430e-02
-1.635876487573680038e-02
-1.635662702692851703e-02
-1.635713592691760004e-02
-1.635631057473731220e-02
-1.635632388684419083e-02
-1.618034982440626213e-02
-1.618123610317469957e-02
-1.605970783842401023e-02
-1.606050967973235780e-02
-1.605940630915807243e-02
-1.605996771616203730e-02
-1.638568678145964699e-02
-1.641065616870000451e-02
-1.641003074587815691e-02
-1.641121177095606135e-02
-1.610866676173795461e-02
-1.610826614295311418e-02
-1.564917570675004171e-02
-1.564853459392218094e-02
-1.563452417014617873e-02
-1.563519155772152835e-02
-1.498497911702546294e-02
-1.496913992311235848e-02
-1.496938448493954389e-02
-1.496893098259582423e-02
-1.496968915030905470e-02
-1.496050714010005098e-02
-1.495996645767829619e-02
-1.495968724747829583e-02
-1.495962920215905892e-02
-1.496017184598566648e-02
-1.496057439322930581e-02
-1.495969496872546697e-02
-1.495962895906652844e-02
-1.496013588552553078e-02
-1.504493052852324056e-02
-1.471638735285124740e-02
-1.471629693141242139e-02
-1.469805005786564353e-02
-1.470438128636258716e-02
-1.470476672639720386e-02
-1.470600136048757535e-02
-1.470670741415419300e-02
-1.470705734775592209e-02
-1.470591961544618145e-02
-1.470239575335782409e-02
-1.470684051069032564e-02
-1.474682073207672639e-02
-1.474549369379213326e-02
-1.472586431870223471e-02
-1.472393143621469024e-02
-1.471374145042954502e-02
-1.471382812059980096e-02
-1.471247328257349780e-02
-1.471248394923520275e-02
-1.471244364002240700e-02
-1.471372735122509004e-02
-1.471378245895364929e-02
-1.471582751307110720e-02
-1.471409765868084141e-02
-1.474615899442138604e-02
-1.474496930071839823e-02
-1.474375845835003418e-02
-1.474549282818135229e-02
-1.472758884321820685e-02
-1.473159294219640765e-02
-1.472654145338761662e-02
-1.472735768615367029e-02
-1.472684930481588973e-02
-1.472767079860112099e-02
-1.473635298899570421e-02
-1.473677906356637458e-02
-1.579244247055767991e-02
-1.579169293488977971e-02
-1.579219933541308601e-02
-1.579230687405859188e-02
-1.579579851643440544e-02
-1.579689750674173263e-02
-1.579602780123606776e-02
-1.578942947037066322e-02
-1.578344618843876765e-02
-1.578415352593677198e-02
-1.577775094090235614e-02
-1.577831829871097907e-02
-1.577551465854610396e-02
-1.577612803883342296e-02
-1.578117243667782887e-02
-1.579526386039216065e-02
-1.579907886482112556e-02
-1.579847414925199950e-02
-1.750114629379944178e-02
-1.618897674449166005e-02
-1.584174176531660816e-02
-1.614288187081673598e-02
-1.602517408570828736e-02
-1.602291999473244230e-02
-1.602367077338181373e-02
-1.601790701777342993e-02
-1.601845029309223803e-02
-1.602968976265797818e-02
-1.602684725841404742e-02
-1.601584432811475195e-02
-1.601744159488751457e-02
-1.601749201771954581e-02
-1.603148752388533146e-02
-1.599894858941035974e-02
-1.592607089186721600e-02
-1.592646257156938791e-02
-1.580363722618327929e-02
-1.578582311367391494e-02
-1.578342533741652204e-02
-1.577464231368859784e-02
-1.577358859646569092e-02
-1.578169497442741265e-02
-1.578171748100136440e-02
-1.578167159265658412e-02
-1.577979914993125204e-02
-1.578310047173085012e-02
-1.578374093794042421e-02
-1.578336027488622811e-02
-1.577866247836393065e-02
-1.578219686974272062e-02
-1.577780117428183651e-02
-1.577699250059543326e-02
-1.577779252642116589e-02
-1.577788528332359566e-02
-2.030370929776213404e-02
-2.030826774069922208e-02
-2.030826933746322088e-02
-2.030822503535688675e-02
-2.027379530835053678e-02
-2.026840502450716341e-02
-2.026711619624549376e-02
-2.026658427524878625e-02
-2.026668518293558638e-02
-2.026852350967076402e-02
-2.026810360191390673e-02
-2.027110730251806617e-02
-2.047907597753227324e-02
-2.047906630534675546e-02
-2.048144780410238869e-02
-2.043469123991619243e-02
-2.045222653338803556e-02
-2.044395023223253421e-02
-2.044375011802211997e-02
-2.043687444753716775e-02
-2.043750291632012370e-02
-2.043805047001391595e-02
-2.043770357411699851e-02
-2.043782826687674803e-02
-2.043776356217700402e-02
-2.043774588619075294e-02
-2.044040381766792577e-02
-2.044039147372393728e-02
-2.044158220658643527e-02
-2.044384206249746233e-02
-1.553784863930027065e-02
-1.558387237109557302e-02
-1.556067014906666567e-02
-1.556061189980986574e-02
-1.555891811342792475e-02
-1.555935722510149062e-02
-1.556798579680621422e-02
-1.556657856258706132e-02
-1.556119774286736888e-02
-1.557126529035438023e-02
-1.556194941137702473e-02
-1.556077149055036697e-02
-1.556634300528844141e-02
-1.556658352512971244e-02
-1.556952270940292760e-02
-1.557178661917309886e-02
-1.559772556303209295e-02
-1.559589446278536982e-02
-1.559564174715375590e-02
-1.559586957870574830e-02
-1.559597862069148945e-02
-1.643159955991385299e-02
-1.643004519061791457e-02
-1.652605164498748697e-02
-1.651813593644589281e-02
-1.539233130907129328e-02
-1.535954127067712220e-02
-1.535829066288720880e-02
-1.535873204365712300e-02
-1.593574692062277309e-02
-1.340464191308059216e-02
-1.340302673276384283e-02
-1.336882806702684688e-02
-1.789244407174364615e-02
-1.789164251783787254e-02
-1.789015412400885019e-02
-1.788970257001639211e-02
-1.789015511444969411e-02
-1.789009351005120194e-02
-1.788962114910895920e-02
-1.789306165554567854e-02
-1.788874837332536660e-02
-1.788777998183717702e-02
-1.788744040315061457e-02
-1.788971560221679427e-02
-1.788740034916228364e-02
-1.788655846774768812e-02
-1.788666107362305024e-02
-1.788661734734229083e-02
-1.788663004150813432e-02
-1.788815267064854803e-02
-1.788466986064668474e-02
-1.788584363668994925e-02
-1.793474530224580324e-02
-1.793141023149660493e-02
-1.793140874326332526e-02
-1.793165294381405400e-02
-1.793174429117811580e-02
-1.792920491397952468e-02
-1.792945448212601017e-02
-1.798233292522574689e-02
-1.798247865149456282e-02
-1.798666312713017787e-02
-1.798538083033492108e-02
-1.795846024872902250e-02
-1.795842561890981237e-02
-1.796104876286683943e-02
-1.795857859878597848e-02
-1.834760670629045909e-02
-1.835429336728971322e-02
-1.837335665987540126e-02
-1.837368105311663197e-02
-1.837184404983968622e-02
-1.824142904217402814e-02
-1.823445867814819238e-02
-1.823521578085224998e-02
-1.824456954977509565e-02
-1.793662038816823748e-02
-1.793663654607083671e-02
-1.794382258311955775e-02
-1.793190966001651301e-02
-1.793542947565738080e-02
-1.793495875297542244e-02
-1.793547620353060090e-02
-1.796423426660854680e-02
-1.796297932740751127e-02
-1.796333525857383637e-02
-1.796227987004447857e-02
-1.792017725606850562e-02
-1.792033908814745502e-02
-1.792060740152864526e-02
-1.791976102210723898e-02
-1.791975946350377394e-02
-1.803706840129153804e-02
-1.459919441661392675e-02
-1.460109187767047630e-02
-1.460093311642985531e-02
-1.456801642497569833e-02
-1.459467750953322672e-02
-1.758568860059808725e-02
-1.759219153273832228e-02
-1.759056606474540888e-02
-1.759127204863232194e-02
-1.759052194839404171e-02
-1.759044552024663019e-02
-1.759078082370640547e-02
-1.759067068618464305e-02
-1.758959813079884194e-02
-1.759749941033977860e-02
-1.759746770814570732e-02
-1.759678507628844799e-02
-1.759025858035882448e-02
-1.759221303320263399e-02
-1.758656595102475045e-02
-1.758959795574951621e-02
-1.758933140355098748e-02
-1.758921991745463626e-02
-1.758867206753305518e-02
-1.758932334603991593e-02
-1.758467815592553232e-02
-1.758262221690877480e-02
-1.758230237919392383e-02
-1.761609126045558457e-02
-1.775345354586016153e-02
-1.774825342353816143e-02
-1.775855615455069689e-02
-1.775801552963827273e-02
-1.775608686723019469e-02
-1.775620266953027715e-02
-1.774873418671128050e-02
-1.775356505397257187e-02
-1.775578894353944601e-02
-1.775909080754272881e-02
-1.775872650244464043e-02
-1.775762954720985776e-02
-1.775754848900866142e-02
-1.775741001633151031e-02
-1.775738818591549723e-02
-1.775757592527438949e-02
-1.794930381222238289e-02
-1.448754018933528023e-02
-1.448508421251292269e-02
-1.454204822521016661e-02
-1.454143089246984905e-02
-1.622201320755962614e-02
-1.622259097050924095e-02
-1.591921716176970467e-02
-1.591793021584218468e-02
-1.591594814437593403e-02
-1.591238485814556666e-02
-1.592423867818290595e-02
-1.591968033202042013e-02
-1.591301041030883379e-02
-1.591284831271269282e-02
-1.591302049984505418e-02
-1.591215418493020783e-02
-1.591220779334561602e-02
-1.591224835086289119e-02
-1.591449719403753918e-02
-1.591412564995867140e-02
-1.592761635546064217e-02
-1.581579763226104857e-02
-1.581664734073664688e-02
-1.602458692369610263e-02
-1.602665291542451631e-02
-1.598628738419406031e-02
-1.598923065372094207e-02
-1.598675569829441714e-02
-1.600238085555910281e-02
-1.600834730082229332e-02
-1.600891079260257158e-02
-1.600981099468856000e-02
-1.325321159972144870e-02
-1.325491065636173575e-02
-1.325299905870354518e-02
-1.816642679638992910e-02
-1.816386629263433763e-02
-1.816213271325068865e-02
-1.816363782288443404e-02
-1.817314099622586304e-02
-1.817456146580079951e-02
-1.817444660070710247e-02
-1.817434209692813177e-02
-1.817457765500189379e-02
-1.816845688652678550e-02
-1.813513403799880269e-02
-1.816823541597807970e-02
-1.816882721077776874e-02
-1.818001774613464683e-02
-1.809574701458291010e-02
-1.809665435924001642e-02
-1.809664553212250032e-02
-1.809575187346910280e-02
-1.809572403165279203e-02
-1.809634696906524745e-02
-1.816985230157327352e-02
-1.811852702237800108e-02
-1.811812824707394881e-02
-1.814175592526466249e-02
-1.814515296413468301e-02
-1.814048275879306601e-02
-1.816704891529159760e-02
-1.816268867417999630e-02
-1.816161380403054360e-02
-1.816202325584525754e-02
-1.818228636600146414e-02
-1.818060438325660305e-02
-1.817264096633317699e-02
-1.818908749274281839e-02
-1.818887063185380126e-02
-1.818862908104998399e-02
-1.818723894818503883e-02
-1.505095192355667029e-02
-1.505598346260811349e-02
-1.505626388056796085e-02
-1.503890977353487639e-02
-1.501592842776743909e-02
-1.501663715565149625e-02
-1.502865435730690175e-02
-1.613615402775149532e-02
-1.613162560164202453e-02
-1.613279362745344975e-02
-1.613134794465657593e-02
-1.597259262091048002e-02
-1.597551586031412119e-02
-1.671786586041466155e-02
-1.582031239568269451e-02
-1.582161783644537092e-02
-1.589598797274681743e-02
-1.589608219267185305e-02
-1.575868357856879259e-02
-1.482940746886681448e-02
-1.483577872137361794e-02
-1.478551802526664218e-02
-1.477771540367497222e-02
-1.478066692740366561e-02
-1.859029686846442805e-02
-2.991417608479182352e-02
-2.991156479422579784e-02
-1.719009959211516281e-02
-1.718666726557908225e-02
-1.722626511133626762e-02
-1.715972220649066710e-02
-1.715853794375721622e-02
-1.715685685226762264e-02
-1.711599448318203501e-02
-1.713790825704367485e-02
-8.515080220495350669e-03
-8.516088250004738916e-03
-8.531390997574552285e-03
-8.527584064322550270e-03
-8.522156440831969368e-03
-8.518604298271621744e-03
-8.517769063088365816e-03
-8.518884709298804592e-03
-8.524692497334481270e-03
-8.553265291443169077e-03
-8.553271693737103665e-03
-8.564116663118220146e-03
-8.563256430050724191e-03
-8.562884127870300927e-03
-8.563814850276029594e-03
-8.558974632542258598e-03
-8.559625309503110166e-03
-8.560198114760442234e-03
-8.559425621650114044e-03
-8.626181643992198236e-03
-8.626862742408687376e-03
-8.630735812314495672e-03
-8.624575678952224947e-03
-8.625641780727087010e-03
-8.626673397437771562e-03
-8.625771663531936820e-03
-8.639359297489622447e-03
-8.608095639444288821e-03
-8.584570770026568251e-03
-8.585112413269670867e-03
-9.965869527316045459e-03
-9.965071020082809372e-03
-9.965907095898538653e-03
-9.966264581147549206e-03
-1.000030132834778436e-02
-1.002751292079118173e-02
-9.825173049777757850e-03
-9.821250735385141789e-03
-9.822306552132934257e-03
-9.823021026518807472e-03
-9.873229919810471572e-03
-9.943541069037026281e-03
-9.919083920024440726e-03
-9.919325792788043217e-03
-9.916469316849970544e-03
-1.874733534426804155e-02
-1.875573507948698204e-02
-1.875411553944890050e-02
-1.877640755023264607e-02
-1.877304644491303159e-02
-1.877316121541132421e-02
-1.877658317178813180e-02
-1.877560842650986134e-02
-1.877758294664296293e-02
-1.877417542903789954e-02
-1.877350209147019694e-02
-1.877415224131299964e-02
-1.877390399307957147e-02
-1.877410125439307048e-02
-1.762216180910911728e-02
-1.762300965799522279e-02
-1.761529497894831486e-02
-1.762807558571637123e-02
-1.762993127528181270e-02
-1.183772443469701709e-02
-1.754562498247019126e-02
-1.754612454838635691e-02
-1.749593360390960459e-02
-1.748905053509097057e-02
-1.748538019000852109e-02
-1.748934552590361916e-02
-1.751874298062930380e-02
-1.748570622794168652e-02
-1.748566333216942242e-02
-1.748736332412516303e-02
-1.748540223584479220e-02
-1.747346780434717861e-02
-1.746732813673662621e-02
-1.746773748510114382e-02
-1.748110809451665013e-02
-1.748102976782283172e-02
-1.748599622381362059e-02
-1.754556248030054652e-02
-1.754500314219386084e-02
-1.754148636631472358e-02
-1.754162769985680506e-02
-1.754178309407867023e-02
-1.749470562935169851e-02
-1.750637397653360613e-02
-1.514284397466366186e-02
-1.514349328477170194e-02
-1.514821738982365107e-02
-1.514935116566575035e-02
-1.514646004256911191e-02
-1.515093032618888488e-02
-1.515213801423216135e-02
-1.523467496456500959e-02
-1.523818009919114189e-02
-1.518414625361969028e-02
-1.531870675215310854e-02
-2.316601214659229357e-02
-2.316536411037330850e-02
-2.312385895927101045e-02
-2.311882047577464711e-02
-2.309403152390776884e-02
-2.309367180775261444e-02
-2.309435827471151975e-02
-2.309582007640865325e-02
-1.357075642155413167e-02
-1.621223314211829927e-02
-1.621155359459390544e-02
-1.620293627604769970e-02
-1.620365478924570141e-02
-1.620461490364304147e-02
-1.620305303504690139e-02
-1.620622365362807057e-02
-1.622304439884078228e-02
-1.623823767982161131e-02
-1.621272882588096695e-02
-1.621337979958539441e-02
-1.621322683198002032e-02
-1.621328182246323593e-02
-1.621310866773619658e-02
-1.621075499661302211e-02
-1.621290826213755976e-02
-1.621341173262226543e-02
-1.621750305935800579e-02
-1.622086523895054089e-02
-1.621727276982911845e-02
-1.622194184814813520e-02
-1.622457313538944526e-02
-1.623627186979191908e-02
-1.624618327805366774e-02
-1.624563485798610762e-02
-1.623114745982128307e-02
-1.623284115151370222e-02
-1.598447017353264027e-02
-1.597751143480135444e-02
-1.597795194257387377e-02
-1.597765236269042821e-02
-1.597681053886784719e-02
-1.597716661227249757e-02
-1.597686463828229542e-02
-1.597246099775449443e-02
-1.598545033503373514e-02
-1.598514306598029788e-02
-1.595633015419637563e-02
-1.594906932526782631e-02
-1.634326557177958467e-02
-1.634356309802748042e-02
-1.761645712133090222e-02
-1.761570613222413970e-02
-1.761607575415517421e-02
-1.761606875483533868e-02
-1.761632597652575474e-02
-1.761683151264365962e-02
-1.761698332387093627e-02
-1.761604272081468761e-02
-1.761712478930049439e-02
-1.761818677965362734e-02
-1.761783741883280602e-02
-1.761717888894372488e-02
-1.761558634579792754e-02
-1.761514643193913543e-02
-1.761742663041085399e-02
-1.761553509708999044e-02
-1.761913074814980967e-02
-1.761935414458025775e-02
-1.761906510998340752e-02
-1.787575705458442285e-02
-1.787839834335413700e-02
-1.787701741673639738e-02
-1.780486497411554875e-02
-1.559762098984713782e-02
-1.559985162041781920e-02
-1.558768242508760428e-02
-1.559789284646936718e-02
-1.559757416408113703e-02
-1.560147753285257705e-02
-1.559143742434320086e-02
-1.559520106941591870e-02
-1.558947591734964264e-02
-1.557512344001181319e-02
-1.557364060843872793e-02
-1.975176785265492577e-02
-1.610488224603977628e-02
-1.610004760428870169e-02
-1.610422551320579015e-02
-1.610427693571950605e-02
-1.604560093599643675e-02
-1.603045338357427657e-02
-1.603052873892035074e-02
-1.602717023710265379e-02
-1.602781396995695690e-02
-1.603208437422936825e-02
-1.603170495374640209e-02
-1.603291296774055769e-02
-1.603208682273671998e-02
-1.546655558053921034e-02
-1.546652605167708402e-02
-1.546673197653664414e-02
-1.544068681697857021e-02
-1.543921131511547667e-02
-1.465516502450303626e-02
-1.464512703525388745e-02
-1.464496472712993776e-02
-1.466797250872742264e-02
-1.466034832934406083e-02
-1.466205924139120029e-02
-1.659712697254081895e-02
-1.635059798082389576e-02
-1.640081601055999594e-02
-1.651800371081727295e-02
-1.652471400130915355e-02
-1.652498529420274101e-02
-1.653749047266158539e-02
-1.664535341501642909e-02
-1.823001943270786615e-02
-1.822652049046245143e-02
-1.822527973678908161e-02
-1.822639335433903426e-02
-1.822634923155151340e-02
-1.822618453178454986e-02
-1.822793882738366414e-02
-1.820426299164026179e-02
-1.821788851855642502e-02
-1.820763999635367086e-02
-1.829344604699936067e-02
-1.829389191162820311e-02
-1.829901195193661678e-02
-1.829979342195407407e-02
-1.829566293130338583e-02
-1.829596127493504990e-02
-1.829637779524862645e-02
-1.829664576534434026e-02
-1.829671504247680491e-02
-1.829895024337553286e-02
-1.829917257769074837e-02
-1.829737323041298602e-02
-1.830053197279765329e-02
-1.830059810005852869e-02
-1.811170253755433127e-02
-1.844712403787054575e-02
-1.845375815258657945e-02
-1.844691632128082903e-02
-1.843530391777866567e-02
-1.845849422232413370e-02
-1.846040578137738211e-02
-1.840881123393951074e-02
-1.840881508863085811e-02
-1.841092366879132705e-02
-1.843376529522803425e-02
-1.847470922122708067e-02
-1.848179997029549340e-02
-1.848106405239862554e-02
-1.848146744329400362e-02
-1.848026627690121590e-02
-1.848342443056648007e-02
-1.848265745271673172e-02
-1.848087382415204358e-02
-1.848127790982513272e-02
-1.848170822329196425e-02
-1.848008137026190337e-02
-1.847981953612909400e-02
-1.848211656570485084e-02
-1.847434327288288367e-02
-1.847568584043669804e-02
-1.847516763370029083e-02
-1.847789050520937809e-02
-1.847956417774765034e-02
-1.839026709677738652e-02
-1.845250580701093476e-02
-1.845415360047336292e-02
-1.845555579259635509e-02
-1.845559956276436944e-02
-1.845559446365755904e-02
-1.845538777997141403e-02
-1.845538697144656279e-02
-1.845640484555881311e-02
-1.845639613886961017e-02
-1.845623442203915901e-02
-1.845911437897339649e-02
-1.845946063309940322e-02
-1.530425312661848856e-02
-1.527163057757241482e-02
-1.527170188028767299e-02
-1.527147313314870455e-02
-1.527140804816944433e-02
-1.527114610705791395e-02
-1.527102490457719723e-02
-1.526987544311418643e-02
-1.527004671574216758e-02
-1.527028410520482431e-02
-1.527160254335177547e-02
-1.588251258725097495e-02
-1.588346172008787624e-02
-1.588326453917964995e-02
-1.588408045104985900e-02
-1.587885508296586756e-02
-1.587910792850777408e-02
-1.587910143820150596e-02
-1.587902931017502739e-02
-1.587965384631361346e-02
-1.587965211118527037e-02
-1.612346947615565448e-02
-1.612196769255919843e-02
-1.612379472215038495e-02
-1.612407399990954671e-02
-1.611465320484319064e-02
-1.555725743204115774e-02
-1.551745498980854239e-02
-1.551750231373755749e-02
-1.552148084949399667e-02
-1.552106036245579253e-02
-1.552112835781549287e-02
-1.552008233388542553e-02
-1.552089927853837065e-02
-1.552120565320391603e-02
-1.556513238412743708e-02
-1.556494433818300140e-02
-1.558510255678504687e-02
-1.558883253238054455e-02
-1.555209732385486390e-02
-1.558768596675650861e-02
-1.559232594068579898e-02
-1.620823046296537839e-02
-1.580791619714103438e-02
-1.580746653563826556e-02
-1.580719040471032649e-02
-1.579749207974841599e-02
-1.579707791140116599e-02
-1.579148926243713336e-02
-1.579147726077092390e-02
-1.599126947539699500e-02
-1.696318210590538542e-02
-1.696299264820772673e-02
-1.696549260343490143e-02
-1.696972862603369353e-02
-1.696841827426296551e-02
-1.696804209719386669e-02
-1.696830695978068099e-02
-1.696833033825744658e-02
-1.696844775081804771e-02
-1.696817375904307451e-02
-1.696544321544096734e-02
-1.696418004142538974e-02
-1.696264983355626893e-02
-1.697102298652191504e-02
-1.696603030966160885e-02
-1.674685235118859514e-02
-1.673574380263229133e-02
-1.673879758534940407e-02
-1.674121119961269333e-02
-1.673320358647609196e-02
-1.673773353734981859e-02
-1.675099317447928046e-02
-1.675102371826205777e-02
-1.616013691490153503e-02
-1.616251539640557733e-02
-1.639247119928340449e-02
-1.523056590743091833e-02
-1.542335069656832272e-02
-1.542302773315568608e-02
-1.517149147403109785e-02
-1.556012991176212307e-02
-1.597273862777259454e-02
-1.590940714973968981e-02
-1.591175359632848729e-02
-1.593398528364438349e-02
-1.593365735613196804e-02
-1.598644151591326751e-02
-1.688732644128933258e-02
-1.689628672885471611e-02
-1.688217623160815500e-02
-1.687927458713975662e-02
-1.692618954739666740e-02
-1.692641002950660487e-02
-1.692384881997544346e-02
-1.676480603989862969e-02
-1.676499952737472293e-02
-1.678147929821964535e-02
-1.678219575024500823e-02
-1.678993908929286502e-02
-1.679004867907654686e-02
-1.680287833146835302e-02
-1.680397111634647847e-02
-1.678382696336991678e-02
-1.678945182430863214e-02
-1.679046381568669033e-02
-1.678148869206025698e-02
-1.677978584304403928e-02
-1.653771409802408734e-02
-1.653066288693809741e-02
-1.653129249146744612e-02
-1.653105958639225839e-02
-1.656410777107431703e-02
-1.657049832364456202e-02
-1.672104144957706900e-02
-1.483659517283275261e-02
-1.483733714708827291e-02
-1.483742173357873763e-02
-1.494646591021357544e-02
-1.493830600342320285e-02
-1.493438377162141679e-02
-1.493713832145293456e-02
-1.494214333685373389e-02
-1.494223978185920537e-02
-1.494351503760284194e-02
-1.499789504153791267e-02
-1.505770698124306133e-02
-1.505666001093624098e-02
-1.505925142758328568e-02
-1.505521764809962006e-02
-1.506366108982894018e-02
-1.506368336427236360e-02
-1.506841825402677019e-02
-1.506782452218521050e-02
-1.506689320586172137e-02
-1.529301099621292737e-02
-1.529142502399764847e-02
-1.529125974581299792e-02
-1.529077175713875261e-02
-1.529131134552864923e-02
-1.528479020292441287e-02
-1.528499404129018448e-02
-1.528530129017845011e-02
-1.528429982554604417e-02
-1.529006030636254412e-02
-1.540911154327262618e-02
-1.539867903294330972e-02
-1.567221880414037052e-02
-1.567490604537229507e-02
-1.565075682237462851e-02
-1.570109320571939568e-02
-1.569970864354897078e-02
-1.573350644472265580e-02
-1.573300544579192897e-02
-1.569661090580157584e-02
-1.571599795729227214e-02
-1.566860845088793169e-02
-1.634977444013253206e-02
-1.635112902515350672e-02
-1.635277601867826669e-02
-1.635201118267943371e-02
-1.634541662109121121e-02
-1.579221101888454715e-02
-1.579243476696614440e-02
-1.579250630290198257e-02
-1.578514143172366282e-02
-1.578462157253126760e-02
-1.732253583625556828e-02
-1.732321700554294991e-02
-1.729651846939682727e-02
-1.729987282204625137e-02
-1.729354832168873701e-02
-1.748922796127311968e-02
-1.743069649881178948e-02
-1.670070207077375274e-02
-1.664626154824482354e-02
-1.668178553108059028e-02
-1.688660172880849727e-02
-1.278784728660536940e-02
-1.281255954356249824e-02
-1.279900651099467532e-02
-1.282099248871782296e-02
-1.282669052306659695e-02
-1.266030080508427982e-02
-1.265583861144460413e-02
-1.441230852601903950e-02
-1.444716391300292745e-02
-1.443975112214395534e-02
-1.729243489676407508e-02
-1.730939388927921901e-02
-1.730752209728894653e-02
-1.542129403580139169e-02
-1.539341349039602749e-02
-1.539151610545108281e-02
-1.536532710030055933e-02
-1.536459785796864298e-02
-1.536355329105277244e-02
-1.541297297197169978e-02
-1.558827557305315741e-02
-1.559113216868636236e-02
-1.559305117779246144e-02
-1.961737419226241078e-02
-1.963769235296122795e-02
-1.963640499655366564e-02
-1.926111888107230954e-02
-1.926226934182204142e-02
-1.815545801379511021e-02
-1.825257517054081416e-02
-1.832510755018895016e-02
-1.834532763609623626e-02
-1.827459765103124287e-02
-1.827437451914908431e-02
-1.826894417357727632e-02
-1.831703664937470166e-02
-1.831946072868484085e-02
-1.831510116030371504e-02
-1.831872583792777676e-02
-1.832058670816336457e-02
-1.831618249438524137e-02
-1.831136335263504680e-02
-1.832440146930088692e-02
-1.833366960284433037e-02
-1.832405294761476483e-02
-1.832392691394528136e-02
-1.832395325548078283e-02
-1.832410281703957672e-02
-1.832118853701191971e-02
-1.832189749673765120e-02
-1.831710555020231793e-02
-1.831777889217724511e-02
-1.831956810058059035e-02
-1.831925046134035701e-02
-1.832197569154934286e-02
-1.832892483301419226e-02
-1.832982214529935150e-02
-1.833419616398299437e-02
-1.822291053575650008e-02
-1.822415357368065147e-02
-1.822351921927380103e-02
-1.822255812569660571e-02
-1.822335625449750945e-02
-1.823075412837042025e-02
-1.823293025344617860e-02
-1.821658568948000823e-02
-1.821769988469254531e-02
-1.822985889485189553e-02
-1.832167077811725983e-02
-1.832221902723039572e-02
-1.832271432471619180e-02
-1.832183087482898085e-02
-1.832196968766626119e-02
-1.832165120090704230e-02
-1.832179017746312505e-02
-1.832180720327292872e-02
-1.832032339829458775e-02
-1.831855425123337516e-02
-1.830773422910068199e-02
-1.831614017463909991e-02
-1.831815586653416650e-02
-1.831873253542074323e-02
-1.831668899196429307e-02
-1.475484695632509405e-02
-1.475059330459972153e-02
-1.474842902592947771e-02
-1.555772803018467751e-02
-1.554993311266769651e-02
-1.555233711438878778e-02
-1.555383405348017591e-02
-1.555425765877341618e-02
-1.555339978075953068e-02
-1.555253803448094531e-02
-1.671424815054908114e-02
-1.606248636510459668e-02
-1.606415558405979715e-02
-1.606445232431002318e-02
-1.606431652870473833e-02
-1.277938173674702561e-02
-1.277762831369738325e-02
-1.277938675796509368e-02
-1.278024274391944236e-02
-1.277381452210776813e-02
-1.277370750630209099e-02
-1.277647035440661674e-02
-1.233536031889143590e-02
-1.234368106693839104e-02
-1.234395948601759059e-02
-1.234484518643445654e-02
-1.234546921608060607e-02
-1.234109059180712661e-02
-1.229913649966125205e-02
-1.301149574678367102e-02
-1.296599126885502121e-02
-1.301462092545877317e-02
-1.301462345447507857e-02
-1.301422315683335544e-02
-1.301412713063665287e-02
-1.301425179943361751e-02
-1.301362000960831940e-02
-1.297211822259472860e-02
-1.297298691076100886e-02
-1.298164088498163227e-02
-1.298088634916055341e-02
-1.298142752761662425e-02
-1.297489358870125738e-02
-1.207022943767624250e-02
-1.207057935034929440e-02
-1.206816580464268977e-02
-1.206296113347159193e-02
-1.206305372063056630e-02
-1.206357562592292286e-02
-1.206307208624866033e-02
-1.206517087358308093e-02
-1.207053664591479364e-02
-1.206754077500681900e-02
-1.206733130447393797e-02
-1.206741639165710873e-02
-1.202107960408811162e-02
-1.204377068541675685e-02
-1.205238531684572900e-02
-1.214887714271427853e-02
-1.213370214556407263e-02
-1.216175178479778941e-02
-1.214812322653122285e-02
-1.216027752339715953e-02
-1.218113631122172587e-02
-1.228661471890291242e-02
-1.228652709840452606e-02
-1.229203712879707415e-02
-1.230202585884062477e-02
-1.229626660331334387e-02
-1.237938357552628710e-02
-1.231421059166723682e-02
-1.235396895922633367e-02
-1.235520547602054868e-02
-1.235387912797461692e-02
-1.235548236369883243e-02
-1.236018165148478586e-02
-1.235782257605838250e-02
-1.240424039516772881e-02
-1.237593830340941690e-02
-1.238752940439571265e-02
-1.237834497031619491e-02
-1.237693420519750051e-02
-1.237943882040946041e-02
-1.238033888119379269e-02
-1.238209573221881778e-02
-1.238168011175863788e-02
-1.237571774339388080e-02
-1.237456609989401671e-02
-1.258100699345646688e-02
-1.258029340459707393e-02
-1.258781867280410471e-02
-1.258177424321779529e-02
-1.257207640575854456e-02
-1.257596540509356604e-02
-1.284696701653333627e-02
-1.284386226390110859e-02
-1.284012613776738289e-02
-1.285168534251396842e-02
-1.297276390589428494e-02
-1.310739078898176188e-02
-1.310591186877899626e-02
-1.309105453201036239e-02
-1.309247112366319563e-02
-1.309240762457790017e-02
-1.309196610124281103e-02
-1.363077017956495877e-02
-1.363597085925791035e-02
-1.344410347055824059e-02
-1.343910707829890257e-02
-1.344792706689423335e-02
-1.379603637330960829e-02
-1.379915789745068608e-02
-1.379558657790688585e-02
-1.379564969409191079e-02
-1.416491095353064091e-02
-1.416633080715447648e-02
-1.417959403012100661e-02
-1.397221688989569791e-02
-1.411395225125988175e-02
-1.411089309723998972e-02
-1.411123959132845607e-02
-1.411139267387023777e-02
-1.411075751153185141e-02
-1.413582271740335475e-02
-1.413799316815907148e-02
-1.413779438600897692e-02
-1.413192074147481825e-02
-1.413074858302070490e-02
-1.413972968656111717e-02
-1.413385456238395489e-02
-1.352274847123038914e-02
-1.371555540964256026e-02
-1.374661444682613587e-02
-1.374944883926756435e-02
1.329092824999492800e-02
1.329363258344878028e-02
1.329306641119175868e-02
1.329240316852865408e-02
1.329412449210072046e-02
1.329441933516196245e-02
1.329436450450126143e-02
1.341274133442856356e-02
1.361418315248655829e-02
1.371366389491506313e-02
1.370786372248600574e-02
1.371040025802591940e-02
1.370995034691388330e-02
1.371168532307099480e-02
1.370945137217480410e-02
1.371101540797307200e-02
1.371628664856528769e-02
1.370418972002996998e-02
1.370622163953933749e-02
1.371662927288774987e-02
1.367268310001867188e-02
1.364354848678399346e-02
1.364211664444103106e-02
1.364757908736639186e-02
1.369647785220610460e-02
1.369499279854763558e-02
1.369640033782291814e-02
1.369604650134403391e-02
1.369920884965351165e-02
1.369894139311515074e-02
1.370022588952271581e-02
1.369981871624615863e-02
1.364020556513387619e-02
1.363866593758876651e-02
1.363622801379312140e-02
1.363964116190567906e-02
1.358706696877144855e-02
1.358448903545610847e-02
1.358438033665026676e-02
1.358916267009912561e-02
1.358706944152333375e-02
1.358280048866458006e-02
1.358182731633113954e-02
1.358242449168401561e-02
1.358253227252683923e-02
1.357806883722833223e-02
1.357736096377582663e-02
1.357613623747591647e-02
1.357531614948350243e-02
1.358388686303791358e-02
1.359302843560494280e-02
1.358894614355486696e-02
1.359165891448151781e-02
1.344290230315895417e-02
1.344193383679482406e-02
1.344259476007850229e-02
1.345016379240303664e-02
1.346104759074963179e-02
1.344457384710621289e-02
1.340697964781326600e-02
1.340849829650407089e-02
1.340875370628256610e-02
1.340350043443713605e-02
1.343410305029529156e-02
1.343135207835946532e-02
1.343087929597976994e-02
1.343458762690401959e-02
1.343394512842108202e-02
1.343223735307826940e-02
1.343432775554229998e-02
1.343270295937817708e-02
1.343309885670254319e-02
1.343233860182601984e-02
1.343637263207859631e-02
2.306515347141843003e-02
2.357400959499352661e-02
1.473127177994868614e-02
1.472975361366063267e-02
1.473107374978385210e-02
1.473092872831227758e-02
1.473094669750604421e-02
1.473114957298450600e-02
1.473126635663856571e-02
1.473535544228961151e-02
1.473460514677908152e-02
1.473577863410361830e-02
1.473923312532246684e-02
1.473865202050096863e-02
1.476099370228504612e-02
1.562811251565386292e-02
1.519041930884475027e-02
1.521180168161934652e-02
1.521342810096278780e-02
1.520664131136544722e-02
1.516705390668443738e-02
1.516746182505988166e-02
1.516709640192803223e-02
1.516648016879539734e-02
1.519094487883316733e-02
1.518428823798733188e-02
1.518721360942553410e-02
1.518991543147111406e-02
1.519072954111988331e-02
1.519097392672647505e-02
1.519061415885591612e-02
1.518978701159045749e-02
1.544196274482395083e-02
1.544500642536346738e-02
1.544698276757960551e-02
1.544540585737086934e-02
1.544512548034298639e-02
1.544996386187631222e-02
1.541618003520095655e-02
1.548583178266426698e-02
1.556013830674186568e-02
1.556233356583856635e-02
1.556117186797743163e-02
1.556186462778343105e-02
1.556170016879514922e-02
1.803137086634002892e-02
1.803717081861433424e-02
1.804917910748598045e-02
1.805359656610647928e-02
1.801789895851984083e-02
1.805148029751165936e-02
1.804927515453793804e-02
1.801017243234954990e-02
1.800828334866469774e-02
1.800716151208125657e-02
1.800719524023518606e-02
1.801636399659294410e-02
1.801649800857520883e-02
1.801680344133437320e-02
1.803664700229261689e-02
1.809272976759364673e-02
1.809503890417252930e-02
1.809482298156295244e-02
1.809470249415561990e-02
1.808623292035274263e-02
1.804439415005286429e-02
1.803570441012706735e-02
1.804422904623533691e-02
1.803962145929719624e-02
1.803938018349627789e-02
1.801938350327474819e-02
1.801891096199035799e-02
1.802319381017053468e-02
1.802571785603015661e-02
1.802589689168744569e-02
1.807953624560607389e-02
1.807950264433372950e-02
1.804327474483794283e-02
1.804717573961676230e-02
1.804447441165515226e-02
1.804743037309453763e-02
1.804736101755541333e-02
1.804466029387647580e-02
1.804475688395656627e-02
1.806825836660647111e-02
1.807166669196291417e-02
1.807150204259960410e-02
1.807086136675526561e-02
1.807076703074643464e-02
1.807023366242039089e-02
1.807034071970832489e-02
1.806833906033765771e-02
1.806859490244096950e-02
1.479421732554332680e-02
1.474427902668754356e-02
1.474823659589772663e-02
1.475253555024486594e-02
1.476728214431445758e-02
1.497277764528730237e-02
1.497337124327317338e-02
1.497348243707187325e-02
1.497328848170747032e-02
1.497487529635822823e-02
1.497343207595165128e-02
1.497349339214722186e-02
1.497513889178053031e-02
1.497602832515256173e-02
1.497596123849831429e-02
1.935988759886373561e-02
1.936045589853224030e-02
1.936493469743832269e-02
1.808193065440358641e-02
1.807861304683887685e-02
1.808038701255612959e-02
1.808581283625592881e-02
1.808570510022557837e-02
1.760857173940433978e-02
1.760377511819689877e-02
1.758947475667698920e-02
1.771670733217001886e-02
1.756934462660252397e-02
1.751916193758797091e-02
2.556359839287481242e-02
2.557058370382001705e-02
2.557249105984034029e-02
2.557210796799039287e-02
2.557215756843564392e-02
2.557152924933006957e-02
2.557461044199793240e-02
2.557578764246522945e-02
2.557358970869126960e-02
2.551361498563112229e-02
2.552877494489311228e-02
2.553439362419772027e-02
1.833792472782203031e-02
1.833710875191171819e-02
1.834440012265560818e-02
1.834751773044598563e-02
1.833055979085897527e-02
1.833148304520860333e-02
1.833212316586990340e-02
1.833113561044147008e-02
1.831826335602180708e-02
1.833002344087405686e-02
1.832736772047485058e-02
1.832630563373304974e-02
1.832631893587778962e-02
1.832585338366167146e-02
1.832620530061721681e-02
1.828067184262466283e-02
1.832684385495365886e-02
1.832746273452844771e-02
1.832129893636371548e-02
1.832201517391518486e-02
1.831309496628258371e-02
1.831251360878030643e-02
1.831261109526555533e-02
1.831108728141133887e-02
1.831045229024260909e-02
1.831033839227492674e-02
1.832105162615671468e-02
1.832197068154310313e-02
1.832531961425740846e-02
1.832563487043882208e-02
1.832588731393941170e-02
1.832358457693988515e-02
1.832327147194039163e-02
1.832277945863008961e-02
1.832191308253557083e-02
1.832201268107311667e-02
1.831971780866915173e-02
1.832011186836991767e-02
1.832197503459801619e-02
1.831921228196151108e-02
1.704098589117625240e-02
1.704105024505671306e-02
1.704113911154607128e-02
1.951654617589571733e-02
1.954939893333012754e-02
1.951369954638740301e-02
1.951407355387578882e-02
1.952713501354564132e-02
1.953055317228535523e-02
1.952739723426860294e-02
1.952735700546789910e-02
1.952898060206430947e-02
1.953562325979228687e-02
1.953453512948802664e-02
1.952974971150344199e-02
1.953005885765563346e-02
1.952943153254605227e-02
1.952419758842780309e-02
1.952396664386030906e-02
1.949501063869424344e-02
1.949362645117362625e-02
1.949055921628811000e-02
1.949038270715338153e-02
1.949720086296613877e-02
1.949666421249610093e-02
1.949629183414480771e-02
1.949757061804048217e-02
1.949551793525617499e-02
1.949569062807951503e-02
1.949223968296951229e-02
1.949672643091693303e-02
1.948854739107974340e-02
1.949068125220157488e-02
1.948959345925468239e-02
1.948842777252140709e-02
1.949139990750068871e-02
1.948941140368865010e-02
1.948972852442753048e-02
1.949102147785597774e-02
1.949263933963091971e-02
1.949202879658839052e-02
1.949133282020536900e-02
1.949332476879979750e-02
1.949107508225843277e-02
1.949006893022477149e-02
1.948592583871792266e-02
2.052509791773009587e-02
1.618490434231707395e-02
1.624264415689539651e-02
1.625349938397253544e-02
1.654248930197653109e-02
1.654530688021237442e-02
1.654688578610248942e-02
1.655270296398299659e-02
1.596240760022840655e-02
1.584028560395757748e-02
1.583929983327118582e-02
1.580186562801371222e-02
1.580270847095985309e-02
1.580154383659539141e-02
1.580219256502920014e-02
1.580291077797837604e-02
1.580325066990340491e-02
1.984696893555209368e-02
1.984697011645002174e-02
1.984448524301824987e-02
1.979447243985155494e-02
1.979153171860072169e-02
1.979216188395593531e-02
1.999688097413177684e-02
1.999920851721668016e-02
1.999529585884783633e-02
1.999402100287471507e-02
2.002006438784003153e-02
1.994916248693984206e-02
1.996177176087225724e-02
1.999001304038418303e-02
1.997283605195482661e-02
1.998172742361836035e-02
2.003970382617902349e-02
2.004061022015299343e-02
2.004043272430964043e-02
2.004038362212369473e-02
2.003982869845756520e-02
2.002716118281621174e-02
2.011090830504242560e-02
2.011318188425910772e-02
2.011440136910982307e-02
2.011629263554108940e-02
2.011687034728068535e-02
2.012304429111363632e-02
2.012391757795922026e-02
2.012473766472573991e-02
2.012384935069268591e-02
2.008907508836723158e-02
2.008319682263896150e-02
2.008484701270754277e-02
2.011821706741668062e-02
2.010992322320116765e-02
2.011231688507133727e-02
2.011295666394572260e-02
2.010936019511280759e-02
2.010639044068030651e-02
2.011949836159353938e-02
2.011977822973335175e-02
2.011974183529917359e-02
2.009980521894842720e-02
2.011144475856966457e-02
2.007894186110484314e-02
2.007811959515991285e-02
2.007539812164752663e-02
2.007683765204809276e-02
2.007569966063108696e-02
2.007685066470056220e-02
1.914909078963331762e-02
1.915403601368066352e-02
1.915347635223661055e-02
1.915424789624644783e-02
1.915541697983370525e-02
1.915234038214753617e-02
1.915214013839421428e-02
1.915429383692741211e-02
1.915177996395720991e-02
1.915299146745483294e-02
1.914382564715051346e-02
1.915163841786195892e-02
1.915157808468019932e-02
1.915136544578944708e-02
1.914142031977442149e-02
2.129451481471348467e-02
1.903953578258888238e-02
1.903596779705875666e-02
1.950892110802339430e-02
1.950909123647488752e-02
1.950806993868621844e-02
1.950870498753616913e-02
1.950228167832368867e-02
1.949996741285225932e-02
1.978770087002044292e-02
1.978736430911987032e-02
1.977100812636140015e-02
1.976157067362651482e-02
1.976391225152679398e-02
1.960640507288061857e-02
1.960600978046291715e-02
1.957764405651005873e-02
1.947629749989313389e-02
1.947714257893831680e-02
1.947761810176596928e-02
1.947759393666921926e-02
1.947310756565952261e-02
1.898413857972635135e-02
1.898031340748696991e-02
1.898232273378826218e-02
1.894946482164155260e-02
1.895065872253087411e-02
1.892692347793199434e-02
1.891686361718218634e-02
1.892070282377301613e-02
1.892429863505083049e-02
1.895377941784593886e-02
1.893556260968428176e-02
1.893704746034027830e-02
1.893451757588253404e-02
1.894363759894430663e-02
1.894442828980216764e-02
1.893058809565683481e-02
1.892857830830381796e-02
1.893031906542332748e-02
1.892905361695707347e-02
1.892764258680099121e-02
1.901704823790349719e-02
1.904340339811230395e-02
1.895967305271663295e-02
1.897078319235142446e-02
1.895814906168813777e-02
1.895878573407461937e-02
1.874561276524812359e-02
2.015338100066799490e-02
2.012323958756290568e-02
2.012291052619591403e-02
2.012359562188520065e-02
2.012685692529049206e-02
2.012496962819891946e-02
2.012977129089642964e-02
2.012949233733381596e-02
2.013027166791722319e-02
2.014509007265512588e-02
2.012738358694371454e-02
2.011721263147654704e-02
2.011764325361123026e-02
2.012106811134648301e-02
2.012220061824209275e-02
2.015690330751998202e-02
2.015672952009088872e-02
1.817437129471486182e-02
1.817423723958926443e-02
1.817507380058009173e-02
1.960177145207673763e-02
1.960661621326924633e-02
1.960677809751754097e-02
1.960574811340568338e-02
1.960554879275364093e-02
1.959827968740436924e-02
1.948083902067135678e-02
1.947794258596055594e-02
1.917564188986813425e-02
1.912285099055102341e-02
1.912325260223702444e-02
1.912274327550693084e-02
1.916779765465880664e-02
1.916062672607525899e-02
1.916203520009455638e-02
1.921494858433068012e-02
1.923196597706331237e-02
1.694845247251258735e-02
1.694932131955960083e-02
1.694246413897075587e-02
1.694665815691043242e-02
1.694663709496544921e-02
1.694491736897013601e-02
1.694647201558522817e-02
1.693789641849218972e-02
1.693948693363977673e-02
1.696432070763765482e-02
1.692903174428157451e-02
1.692700548160321408e-02
1.692036759102000243e-02
1.692060918395104849e-02
1.691948713911651733e-02
1.691842216738420612e-02
1.691814366279226212e-02
1.691818149001742336e-02
1.682214722899708428e-02
1.682311478988168796e-02
1.695231816837404482e-02
1.696214520326038561e-02
1.696168696290388522e-02
1.737699246311340609e-02
1.820730916140258365e-02
1.820886161485448310e-02
1.820867467663808345e-02
1.820701672599828527e-02
1.820839853139081047e-02
1.820845652359950884e-02
1.820819582890971164e-02
1.820672522433399929e-02
1.821612408396742697e-02
1.821538219113110271e-02
1.821052462968030666e-02
1.821052960624367986e-02
1.821019484123377261e-02
1.821031296094564531e-02
1.821027451296767727e-02
1.820989950309016836e-02
1.813643162731511799e-02
1.813372373070641988e-02
1.816888250401808846e-02
1.816882811577205659e-02
1.816754913388263920e-02
1.817064402055395406e-02
1.817103201935190218e-02
1.811220358752569856e-02
1.811245803203057753e-02
1.811222575971612250e-02
1.811266351685210732e-02
1.811275645153235733e-02
1.812150246894547734e-02
1.812669475481762035e-02
1.810522087522052279e-02
1.810430827518579727e-02
1.811963380037316315e-02
1.812001422122866065e-02
1.812023765028843159e-02
1.812032837593386195e-02
1.811854064059958622e-02
1.815425983192948262e-02
1.815422741073046548e-02
1.825981964009527544e-02
1.825028418481549133e-02
1.824949698178108398e-02
1.824961946593180520e-02
1.821069272256326671e-02
1.823716472447265216e-02
1.823769604625425506e-02
1.825261577573617303e-02
1.825263863995564562e-02
1.825466715878308957e-02
1.825446219605574016e-02
1.825565856731267353e-02
1.825147019493903247e-02
1.825159073006304977e-02
1.825360561322320052e-02
1.825351490662063814e-02
1.825511117021129739e-02
1.825498621687986905e-02
1.825559016840253013e-02
1.820171991503607284e-02
1.818869580946284523e-02
1.819200240571307650e-02
2.114858043589546918e-02
2.114307980122381164e-02
2.116763369420716911e-02
2.116583685277479213e-02
2.116491889603000498e-02
2.116557812449063394e-02
2.117153473878094494e-02
2.117020893068182613e-02
2.177115704197353507e-02
2.176893176329639315e-02
2.175688572929116230e-02
2.175687738689487116e-02
2.175868344243787195e-02
2.175885823595646168e-02
2.175921050216772512e-02
2.175959297252304941e-02
2.176085755317243298e-02
2.176497497920506022e-02
2.175980704210801059e-02
2.176118860342349942e-02
2.176008095097175729e-02
2.176026022554297668e-02
2.173917101414978362e-02
2.174111501801822763e-02
2.174238752700798777e-02
2.176211736396724619e-02
2.176400039329610264e-02
2.190300667413523639e-02
2.181208689085498489e-02
2.181381780608968035e-02
2.181543243003529822e-02
2.174472214363007069e-02
2.174458173303766423e-02
2.174383094584106044e-02
2.174639576406738051e-02
2.186396739207137341e-02
2.194485421981797607e-02
2.194493234454380354e-02
2.194160051205022374e-02
2.195138434355489720e-02
2.195455323765385658e-02
2.202425296166341667e-02
2.201973211121532187e-02
2.202675703316124556e-02
2.202823135054296846e-02
2.202807784052761286e-02
2.201783995235570904e-02
2.201616556123064603e-02
2.201393932821551006e-02
2.201393280085695708e-02
2.202187007858251097e-02
2.202070140101531487e-02
2.202143577950844283e-02
2.200602948638522363e-02
2.200356596113287044e-02
2.201448019245926674e-02
2.203060942777941220e-02
2.203143021409953439e-02
2.202991831973762776e-02
2.198719773931327379e-02
2.200940140651240842e-02
2.202800449981236197e-02
2.202397999918231236e-02
2.183372221930188553e-02
2.183556324998172163e-02
1.848390533818627599e-02
1.848543064164248628e-02
1.848514814965892747e-02
1.848844617602683760e-02
1.848869294222865722e-02
1.856148210119996575e-02
1.848001306281615158e-02
1.854903884320055138e-02
1.872606529381965965e-02
1.862459988398858929e-02
1.876568442651842250e-02
1.874289893904711526e-02
1.874319403279869553e-02
1.871607402902729020e-02
1.871927417522034273e-02
1.937816622442135178e-02
1.937482191374641227e-02
1.937907189676019507e-02
1.939875025247612614e-02
1.936402359083554126e-02
1.935991317716402246e-02
1.935360001885130105e-02
1.935200544125961764e-02
1.935236365001853642e-02
1.935125916486888156e-02
1.935160674717925633e-02
1.935176246925163213e-02
1.934801565489619943e-02
1.935306274780718844e-02
1.935531986185712663e-02
1.936095909371317314e-02
1.936110650686104218e-02
1.936637010159537181e-02
1.936591890419664397e-02
1.937067375012625076e-02
1.936768831373760283e-02
1.936774316691544651e-02
1.936188295047099397e-02
1.936601468801803921e-02
1.991768305396312763e-02
1.980974486536545356e-02
2.085963787612526640e-02
2.085701510485791013e-02
2.085330418234459735e-02
2.085529407898697660e-02
2.085123906209099612e-02
2.085726684537469316e-02
2.085761619333448627e-02
2.086764935207813601e-02
2.086653579787425827e-02
2.086713277862219107e-02
1.842999050693680876e-02
1.843019242959508322e-02
1.843156285326984223e-02
1.867467296409137598e-02
1.867984838943246781e-02
1.867427517498232437e-02
1.867396515809390672e-02
1.965155999927833616e-02
1.965437160695038959e-02
1.965369522421802836e-02
1.965395972724404486e-02
1.967818437604878720e-02
1.972401969045067469e-02
1.972489632799654183e-02
1.972996253404047176e-02
1.973826875947298082e-02
1.973646444426854774e-02
1.973655711016736661e-02
1.975802515663718437e-02
1.971599690984345010e-02
1.969827118598757934e-02
1.967101756830138062e-02
1.978934925392947242e-02
1.978941511449561902e-02
1.979018002336284734e-02
1.979042189053414197e-02
2.174967472090238302e-02
2.174896842985760484e-02
2.174791116839035199e-02
1.548055904863568713e-02
1.547991694758032825e-02
1.548249877318124204e-02
1.831726507007708574e-02
1.790534266885164538e-02
1.780231370461017246e-02
1.779300403605424408e-02
1.777988585183451486e-02
1.778287632153138786e-02
1.776083094834736767e-02
1.776301971885346082e-02
1.776187405858704535e-02
1.776554821805970130e-02
1.780431844513782197e-02
1.774770861544445674e-02
1.774762689474759444e-02
1.774834182144506209e-02
1.774771137300046320e-02
1.774717914735187904e-02
1.774679950630766306e-02
1.774735969973981545e-02
1.774621719741898210e-02
1.805697139058005940e-02
1.804646952119969699e-02
1.804860273788394184e-02
1.801383622750139107e-02
1.801276897856302073e-02
1.801193168872924216e-02
2.060553168669836122e-02
2.060573032331016602e-02
2.060466120797994904e-02
2.060417066373850664e-02
2.060290422163862586e-02
2.060448022151614711e-02
2.060335998450370937e-02
2.066308563729336856e-02
2.067643642672930063e-02
2.304297076874251698e-02
2.304464683004420894e-02
2.304270643514755648e-02
2.303515735770603201e-02
2.303924228485362477e-02
2.307516306132370576e-02
2.307599453966769840e-02
2.307591899782641953e-02
2.307657251956871450e-02
2.307617892522726213e-02
2.307670945901767884e-02
2.306884306221955797e-02
2.304625976413638214e-02
2.304337064315410341e-02
2.304203313319688057e-02
2.304167283692068816e-02
2.304157579532769076e-02
2.304138799355673686e-02
2.304246465079818479e-02
2.304228361606572989e-02
2.303995330341313680e-02
2.304338802391099617e-02
2.307366260617353323e-02
2.307334036154047932e-02
2.307158317170046949e-02
2.306192454340918671e-02
2.307628843253991396e-02
2.307015291970617582e-02
2.307211036938981372e-02
2.307008398135554708e-02
2.307420450325158370e-02
2.307928023068547135e-02
2.307015504748784196e-02
2.306946083595100283e-02
2.305495478109857027e-02
2.305618948635100932e-02
2.305496361569604399e-02
2.304909016006168043e-02
2.307737566362138767e-02
2.307806943951798764e-02
2.307745824259243780e-02
2.302711148749489456e-02
2.227783524857779654e-02
2.256340730735888547e-02
2.255476113158763271e-02
2.256417247642569790e-02
2.256099148579038260e-02
2.254916771733620970e-02
2.256507094746435307e-02
2.256322981673385131e-02
2.256323998486487598e-02
1.853880282686024006e-02
1.854903232335929769e-02
1.852783393618234048e-02
1.852473475610394091e-02
1.853409079135310417e-02
1.950643731626017924e-02
1.951259347985673590e-02
2.058401091212788692e-02
1.586852158276868055e-02
1.586752020428693066e-02
1.587543975395168047e-02
1.587743913683768368e-02
1.585089487258866878e-02
1.568417183077611826e-02
1.588242148946259619e-02
1.576259471503080670e-02
1.580844158554323142e-02
1.581215468935783311e-02
1.581135882663507394e-02
1.580994651240551913e-02
1.581573604020770213e-02
1.583207870768158984e-02
1.582964363052708628e-02
1.582707265170330696e-02
1.601251040051428903e-02
1.599892051935343854e-02
1.600151288419983386e-02
1.554406118181394202e-02
1.555290089980252734e-02
1.553081981859124640e-02
1.553143879947286622e-02
1.553221040521237349e-02
1.553391101325354504e-02
1.553447566531705563e-02
1.553327647570783461e-02
1.549364796488252385e-02
1.549344393007275056e-02
1.549446118052544112e-02
1.549690546083315294e-02
1.549711360683630676e-02
1.549439800929280214e-02
1.548515769203612918e-02
1.551861413545836156e-02
1.551910625857276516e-02
1.550190150723841642e-02
1.548594979119368581e-02
1.548594970292783979e-02
1.550589209077287041e-02
1.550525831322866616e-02
1.550453575006282593e-02
1.550525821208163790e-02
1.551529477534133346e-02
1.552122172166884619e-02
1.551964679629717903e-02
1.548895303058036264e-02
1.553017906247443868e-02
1.549262789147897931e-02
1.546720549965361138e-02
1.546645104796593242e-02
1.546758727225173297e-02
1.553859881984148185e-02
1.553881180866425495e-02
1.553907363029526263e-02
1.567326687876018088e-02
1.515158374703726510e-02
1.515446398274469982e-02
1.515312682451940181e-02
2.185262243870852647e-02
2.186059321052092469e-02
2.181761782273449954e-02
2.196557502202010556e-02
2.196670337696163613e-02
2.196741802269033469e-02
2.188785965837198449e-02
2.191917731321052151e-02
2.195582834531385752e-02
2.195883421365324439e-02
2.197908419620137749e-02
2.197791032826387769e-02
2.184708263991802860e-02
2.184946154828348516e-02
2.184408173911088838e-02
2.184874039535585066e-02
2.184265232066819745e-02
2.185511877663260868e-02
2.143177449971402429e-02
2.142651804562350007e-02
2.142563919893966315e-02
2.142473168639770845e-02
2.143161158439425840e-02
2.143145110533118194e-02
2.143027111170813653e-02
2.142992684256065858e-02
2.117416712788605659e-02
2.138551160482318747e-02
2.138628564130550316e-02
2.136298843286061830e-02
2.136214022369286800e-02
2.136335522003245460e-02
2.136146545664519003e-02
2.136355639302079876e-02
2.136349288895442525e-02
2.136326244737777463e-02
2.136172115356030701e-02
2.136459486441599775e-02
2.136346101868792993e-02
2.136366294393547693e-02
2.136227009608867092e-02
2.135866071825498480e-02
2.135817533657643347e-02
2.135785592307093417e-02
2.135773142653708129e-02
2.136031732829648741e-02
2.137599418614812355e-02
2.137509365588015006e-02
2.138324207667291130e-02
2.138084283510875705e-02
2.137336533086543408e-02
2.137999980362511807e-02
2.137147236575614312e-02
2.137301429123158666e-02
2.198355116422340966e-02
2.198198607716860681e-02
2.198329837782937377e-02
2.197309763285647602e-02
2.197005033850265437e-02
2.197100247741905557e-02
2.127693088556920423e-02
2.130587504031806675e-02
2.125397636746549287e-02
2.125336103212956129e-02
2.125424042923722279e-02
2.125385724704442411e-02
2.125388026181715059e-02
2.125393824166519133e-02
2.126596211907609904e-02
2.126605286999041361e-02
2.126554012873793642e-02
2.126527679854888636e-02
2.127031247983583381e-02
2.126685782064810515e-02
2.126577043120806212e-02
2.127089144812263286e-02
2.127062086687850351e-02
2.126918396649555426e-02
2.126064251882666192e-02
2.126163965608152476e-02
2.125071173793521492e-02
2.125298034096454250e-02
2.125992452015522047e-02
2.126916491729058736e-02
2.125912610846454262e-02
2.125781990806185212e-02
2.125699492228234205e-02
2.116407141355217819e-02
2.116416848679131962e-02
2.116375937702346527e-02
2.116353010011355965e-02
2.116764703601326306e-02
2.116648342990845588e-02
2.116300072987198008e-02
2.116288454602490571e-02
2.116295551095094887e-02
2.116304982018800754e-02
2.116390079724013093e-02
2.116352975252758228e-02
2.116468819425958506e-02
2.122475822533081632e-02
2.121780981902613231e-02
2.124995972684954812e-02
2.125015142721659728e-02
2.124918648665396689e-02
2.124399436815428699e-02
2.124881504583210623e-02
2.124932277385446766e-02
2.124873921533423221e-02
2.124300801898771490e-02
2.124493815780666844e-02
2.119976133902465310e-02
2.120108571711500425e-02
2.114530068254324990e-02
2.111037969835848072e-02
2.111505011904174500e-02
1.948374842456387923e-02
1.948499891488567753e-02
1.948647243179765787e-02
2.123050331485406769e-02
2.122749131781296456e-02
2.126434775182653100e-02
2.126458028834739278e-02
2.153386550940786584e-02
2.154317768070701869e-02
2.150332186860210229e-02
2.151789621739153349e-02
2.140267163159313354e-02
2.143676318009365284e-02
2.143674529693931005e-02
2.143637326185586847e-02
2.143899461853168015e-02
2.143353271270531657e-02
2.146002363661842285e-02
2.145373590562887553e-02
2.145539769297433175e-02
2.145528733942858243e-02
2.146750950711583117e-02
2.145481027857907425e-02
2.145417577898067404e-02
2.146970014951197006e-02
2.146766320176734036e-02
2.147572890952117314e-02
2.147387899326897928e-02
2.107170963811694914e-02
2.108382272934676560e-02
2.108050914409208623e-02
2.107413362640809390e-02
2.118087943190110137e-02
2.118176270547679485e-02
2.121199727783883854e-02
2.121219666081635910e-02
2.121053267245729887e-02
2.121038293459271210e-02
2.120866632911652325e-02
2.118721117788607486e-02
2.119280610767819081e-02
2.114489067723138854e-02
2.114422935315042607e-02
2.114432575352633709e-02
2.114418038954010703e-02
2.114446963519356695e-02
2.114410364298491274e-02
2.140398531763808287e-02
2.088667035680913733e-02
2.018919246465779999e-02
2.055837833200838821e-02
2.055488836801856734e-02
2.055589488604769519e-02
2.095456049889516878e-02
2.098129737755356078e-02
2.098056006146529345e-02
2.110817214996033378e-02
2.029590233626808390e-02
2.029887346011743920e-02
2.029415994774921156e-02
2.029417786412341870e-02
2.029264625125082322e-02
2.029075564279817986e-02
2.029167524026806793e-02
2.029076656989639224e-02
2.028762888595645256e-02
2.027225208291995318e-02
2.036733673853100002e-02
2.032695267844806045e-02
2.032709655568884846e-02
2.029454057095453692e-02
2.029475978549529630e-02
2.025718649873591362e-02
2.024880184972911029e-02
2.025111821117775435e-02
2.344665309963264721e-02
2.344674863913650056e-02
2.344739841302150712e-02
2.344644882029135041e-02
2.342518896430129463e-02
2.343303030228695988e-02
2.343553090894249374e-02
2.343632433855656963e-02
2.343233862135718840e-02
2.343433068567758390e-02
2.343688394327343716e-02
2.341754745724987374e-02
2.340708378113292090e-02
2.340178262051351502e-02
2.175296415940019754e-02
2.174823783757230677e-02
2.183375014014559898e-02
2.183456181869800408e-02
2.184137271273701997e-02
2.179307696414527554e-02
2.172273461392299973e-02
2.150135652479203893e-02
2.151908714234217895e-02
2.151931919132938145e-02
2.152860072013166107e-02
2.156129231992510303e-02
2.155313329274924014e-02
2.155769096787684899e-02
2.154761060666792252e-02
2.155592808108984515e-02
2.154916018218621873e-02
2.154905297820523466e-02
2.154936340559521213e-02
2.155400472049761110e-02
2.155833031430524210e-02
2.069498292481607160e-02
2.069592853035750329e-02
2.069454251130700695e-02
2.069585724026654430e-02
2.069587611326912865e-02
2.069581939486666092e-02
2.070232449871989289e-02
2.166575160553804030e-02
2.166117288994299714e-02
2.165879460838752296e-02
2.165205053950627206e-02
2.165619491794197951e-02
2.165395475585630766e-02
2.132815524185626560e-02
2.132689181557934771e-02
2.022222176409985139e-02
2.022113983865952633e-02
2.015028031013851861e-02
2.015159119231367882e-02
2.015089386222614423e-02
2.015422414663844627e-02
2.015412822475131510e-02
2.177512870875215195e-02
2.176888790758798459e-02
2.176687762550082866e-02
2.176678261476996598e-02
2.176841442905586010e-02
2.147136880810119816e-02
2.146524655434043846e-02
2.139681341119249389e-02
2.139574877466334651e-02
2.142307268555143640e-02
2.134776562644414774e-02
2.134831486370583273e-02
2.138181778098631469e-02
2.137405280863171123e-02
2.137226827446923189e-02
2.137439342268610334e-02
2.137628557458891299e-02
2.140027850889211422e-02
2.139861877367609660e-02
2.138827353052222616e-02
2.138201354298627233e-02
2.138183706085931834e-02
2.139304664296322669e-02
2.139350342861172372e-02
2.139490885242774712e-02
2.139246043851041404e-02
2.169274043409377337e-02
2.169076992219098887e-02
2.164613917593354378e-02
2.175727280227915048e-02
2.175703496647893656e-02
2.172356370721398658e-02
2.172113339501308485e-02
2.169441964587915175e-02
2.169243514002863402e-02
2.169232649090187953e-02
2.169752857688999476e-02
2.168822766366512028e-02
2.167630908658614228e-02
2.168272606590435081e-02
2.166998994748923005e-02
2.166718035341790721e-02
2.167760350576006939e-02
2.119221117332521429e-02
2.168652514550338181e-02
2.168665557314884348e-02
2.168221338190360475e-02
2.168370646834877000e-02
2.168255258380336406e-02
2.168248481670842151e-02
2.170044054743199696e-02
2.168702291309413180e-02
2.168644975268096270e-02
2.171404024513902062e-02
2.173716527701753665e-02
2.172404310404073280e-02
2.172386805409465618e-02
2.172449859184036325e-02
2.172597354373818207e-02
2.172578312031090558e-02
2.174396365762005026e-02
2.174272554199833257e-02
2.174424763022985221e-02
2.173589166073894990e-02
2.173412108064104800e-02
2.173455582215360130e-02
2.173088367073895688e-02
2.172045715973958818e-02
2.210781445923199265e-02
2.210810165473270014e-02
2.210793816501704576e-02
2.210893235510242791e-02
2.210992246445542264e-02
2.175959524885147031e-02
2.176451780528705637e-02
2.176417198810944378e-02
2.176341951371727618e-02
2.176331663620019105e-02
2.175662942215500148e-02
2.178361947884955088e-02
2.178087656692599683e-02
2.252950431279277313e-02
2.252956307070009753e-02
2.252264635033695422e-02
2.249938808241942409e-02
2.249999128839056881e-02
2.250968890499795497e-02
2.251152963021568754e-02
2.250877458769022857e-02
2.251085703303222843e-02
2.250945753298023641e-02
2.250943426434804176e-02
2.250992269743466029e-02
2.250778045216487652e-02
2.250793710713224968e-02
2.251362395225764770e-02
2.251074672856642755e-02
2.253422398158467371e-02
2.253437404135737177e-02
2.253573491661054265e-02
2.253576089677784139e-02
2.253011542070377377e-02
2.252505028696766623e-02
2.255623044214745063e-02
2.255523485148014720e-02
2.257634455422951464e-02
2.254813324930402332e-02
2.256279018788491866e-02
2.256218300873537655e-02
2.181117283892376052e-02
2.179923080856112361e-02
2.183725270343737576e-02
2.183384940945259228e-02
2.183302078061961915e-02
2.182780889987559828e-02
2.182539411840650825e-02
2.185038295602969444e-02
2.184634069825944214e-02
2.185024752061130032e-02
2.184615670048295141e-02
2.184524127851732167e-02
2.185173756345517790e-02
2.187666470543759428e-02
2.187627122806616239e-02
2.182635897885584417e-02
2.182857923860456392e-02
2.182849135489197540e-02
2.182689786305538199e-02
2.182655454879842832e-02
2.182663376843171563e-02
2.182556453640135605e-02
2.213969941484942444e-02
2.213965902448775808e-02
2.215137749656414731e-02
2.215185984080035586e-02
2.000841290054328897e-02
2.000942124222234580e-02
2.001708983837200903e-02
2.002204668460571060e-02
2.002241687796549666e-02
2.011185028489065676e-02
2.011566191846928670e-02
2.011459598518702471e-02
2.015327710429407754e-02
2.015507975218132700e-02
2.016994507966109185e-02
2.022845115958045448e-02
2.009811972330245028e-02
2.008182489195659351e-02
2.061604524326804064e-02
2.061583057592790078e-02
2.063054865468718843e-02
2.048880766969614700e-02
2.148492906031966923e-02
2.208817654066194680e-02
2.210427025506846513e-02
2.210963712866884784e-02
2.211146736305834651e-02
2.211170788266839105e-02
2.134079586911613244e-02
2.134150202787216122e-02
2.210557991963632563e-02
2.210430790888799971e-02
2.211683354543115404e-02
2.210912306575960745e-02
2.211206196307135760e-02
2.208504394962050935e-02
2.208595226068895551e-02
2.208739690050447527e-02
2.176441525837910507e-02
2.176383669849814295e-02
2.175818592196260629e-02
2.174452001485450980e-02
2.173857846311016973e-02
2.173763134542665981e-02
2.173630482115672391e-02
2.173771765901397895e-02
2.173808130907720418e-02
2.175860832444864723e-02
2.175884870401527046e-02
2.118005901467448146e-02
2.156465305391548279e-02
2.139875457277091997e-02
2.128355153376134540e-02
2.137792838250800187e-02
2.137550188177207017e-02
2.137520279176504875e-02
2.138192032962365693e-02
2.138196263588409973e-02
2.138020146421299936e-02
2.137967715458993778e-02
2.138085494537133452e-02
2.138090527413463379e-02
2.138101250494629443e-02
2.138084980710296817e-02
2.138009880449918618e-02
2.138009880449915842e-02
2.138041976095612570e-02
2.138150125983265953e-02
2.137772966017466650e-02
2.137892189238252416e-02
2.142860666442369597e-02
2.142603662109398774e-02
2.142790862005679309e-02
2.142766802055235190e-02
2.144180644543504724e-02
2.144164120351583352e-02
2.144386511337196405e-02
2.100486394287595301e-02
2.100371162062677696e-02
2.101510704273518854e-02
2.101608532634911819e-02
2.101622224441214437e-02
2.101741994158819876e-02
2.117294458333634707e-02
2.110788386558216240e-02
2.111159217947480154e-02
2.111206134515030211e-02
2.111605287162207981e-02
2.111354798547328618e-02
2.111371273948467811e-02
2.111487652343868593e-02
2.111512634190375673e-02
2.111452268868093535e-02
2.111452180317756680e-02
2.111115009987563421e-02
2.144371788761491315e-02
2.131873765887735625e-02
2.132607171068539795e-02
2.132744666716408430e-02
2.146242811656502020e-02
2.147849586632703811e-02
2.147068588962102245e-02
2.148802425737394994e-02
2.079002560926255724e-02
2.210717962177225285e-02
2.204919097077942536e-02
2.204107630989851976e-02
2.221603650472148139e-02
2.221903042861584146e-02
2.221994358190637273e-02
2.222041570460079815e-02
2.222084361191973764e-02
2.221294763487585006e-02
2.221434425541330554e-02
2.221382166051616078e-02
2.221413641874513123e-02
2.221434886486485169e-02
2.221356379620541624e-02
2.220854427489722324e-02
2.278743967252563549e-02
2.279041562245287186e-02
2.281007459722322536e-02
2.281033027347975639e-02
2.281077705636203740e-02
2.281146757481553045e-02
2.281225586686341442e-02
2.281206935147951642e-02
2.281066979964599048e-02
2.281040187747656461e-02
2.280940365837656400e-02
2.280605382594906930e-02
2.280532998978969730e-02
2.281188785734522551e-02
2.280841443785204189e-02
2.281613882458462250e-02
2.280528575086982965e-02
2.384013044563176170e-02
2.386982419011704493e-02
2.383879281964666752e-02
2.383956438842987566e-02
2.384003948320036551e-02
2.382044131747568239e-02
2.381979195790160167e-02
2.382595057270350467e-02
2.382672529737775088e-02
2.382994509712821340e-02
2.382957343888785287e-02
2.391352622746268156e-02
