4.233911134081107253e-03
4.112322802865484017e-03
4.094002141658351079e-03
4.164772141119744975e-03
4.129552108193466214e-03
4.107855965939200688e-03
4.080378179710342917e-03
4.089744727648775627e-03
4.093377418464803214e-03
4.057635633971060085e-03
4.058471941979370501e-03
4.077902893628006231e-03
4.095590886590456947e-03
4.111087380853049866e-03
4.095146939748627035e-03
4.099223081823019643e-03
4.094145742424032397e-03
4.093089768396444839e-03
4.097808850469460140e-03
4.097240505212665362e-03
4.088326958506506570e-03
4.126098187218922575e-03
4.157546286759621068e-03
4.139634745095363555e-03
4.127018229126533377e-03
4.133275263606656091e-03
4.168778736419964659e-03
4.159300014828198888e-03
4.169085804054006861e-03
4.116924086289303064e-03
4.113116460551208275e-03
4.099370353589981697e-03
4.105804967857645815e-03
4.104149487754060743e-03
4.109699182342337921e-03
4.106630698348499690e-03
4.106123645622543859e-03
4.103336058276652563e-03
4.097209993810136709e-03
4.083342986218448274e-03
4.121172356772770384e-03
4.079836616856616013e-03
4.087337190178878636e-03
4.129758988295949285e-03
4.122188348831538028e-03
4.129693754409188150e-03
4.074546593135526008e-03
4.065358549915786338e-03
4.027719440866686824e-03
4.032636500436325225e-03
4.039925815420886829e-03
4.074058998833523029e-03
4.075438939171420992e-03
4.042012525070972154e-03
3.951528392783421398e-03
4.018752469036292012e-03
4.078387205637323300e-03
4.069711478272864183e-03
4.151934788272380016e-03
4.110811180758229370e-03
4.114509774273921588e-03
4.120883527657094765e-03
4.122759989347093111e-03
4.049595400441756594e-03
4.027534254817838853e-03
4.111743844924916659e-03
4.089866463023066230e-03
4.121850577088924210e-03
4.082765103402797094e-03
4.093226299602610238e-03
4.103970404319564995e-03
4.107427822625622435e-03
4.093795751245364427e-03
4.130812365765514430e-03
4.134242871258651808e-03
4.133456379294356969e-03
4.136614390997676340e-03
4.078611060447852668e-03
4.078339950064051138e-03
4.076491238742123088e-03
4.070388529590709265e-03
4.071812882380279261e-03
4.073805460060927509e-03
4.057498878639604310e-03
4.070960674762565470e-03
4.092578507443499908e-03
4.096468084399224399e-03
4.075201885754838917e-03
4.077233557763049708e-03
4.079574469824129995e-03
4.080965449804087840e-03
4.074837884260646033e-03
4.079548284181455826e-03
4.091188620508056338e-03
4.088078738167666079e-03
4.069764014224535632e-03
4.060925852623364224e-03
4.049104660353187481e-03
4.070880414634518371e-03
4.061110074036809389e-03
4.059889772388325727e-03
4.061587659269286915e-03
4.065306633760752512e-03
4.064269964757629382e-03
4.064183000895419014e-03
4.070558955786143102e-03
4.057890762899645128e-03
4.075676859363278753e-03
4.069466732807175934e-03
4.068188159497701864e-03
4.067106761670322319e-03
4.064614139277610526e-03
4.064480248290034022e-03
4.077739736808474839e-03
4.083904125647935812e-03
4.070538990361126722e-03
4.069802662704510160e-03
4.069448653758655533e-03
4.069322113599554459e-03
4.075148891924324120e-03
4.067192165297738894e-03
4.073465582235793504e-03
4.076679034036961337e-03
4.078941514016640006e-03
4.062120705953796949e-03
4.062132369912724132e-03
4.075484508545252661e-03
4.068541343527769770e-03
4.074445303760766864e-03
4.082338736011086738e-03
4.076541821256001071e-03
4.073844868897140079e-03
4.064429874562495819e-03
4.077805549043284246e-03
4.071919706480964241e-03
4.062146353246714851e-03
4.061270950987230441e-03
4.074746138534100608e-03
4.061251647886943844e-03
4.064353909456526297e-03
4.069296160796250471e-03
4.069057247876380935e-03
4.059731084755889390e-03
4.070413806635708905e-03
4.073059167291162228e-03
4.062528190807723066e-03
4.080692158409103022e-03
4.069403505955684550e-03
4.071702962563828083e-03
4.083806745337423445e-03
4.077602795682464844e-03
4.080495547353735208e-03
4.084701752813363340e-03
4.079260538640404332e-03
4.072617911597264419e-03
4.072323793390991015e-03
4.076906463671372931e-03
4.081811808069214266e-03
4.082836621561603679e-03
4.079749632283694721e-03
4.087473094572749259e-03
4.083131897507742865e-03
4.077337654649341135e-03
4.095980915400370889e-03
4.076809955035462854e-03
4.080671986240280540e-03
4.070688264199922614e-03
4.072365807590372713e-03
4.114305013988874687e-03
4.117436794530702007e-03
4.115876423022277880e-03
4.123510996991593819e-03
4.118571041958799840e-03
4.109551473889438457e-03
4.101120324461689920e-03
4.107351776489903163e-03
4.111125652585314975e-03
4.112961519665292616e-03
4.064390299970369047e-03
4.087190076677949674e-03
4.091990379707324821e-03
4.116802259565511581e-03
4.104588627014936660e-03
4.096559082105817422e-03
4.107935933302758920e-03
4.096873987120894581e-03
4.097279945898909224e-03
4.084809911611919642e-03
4.095381447745767914e-03
4.096037737349934871e-03
4.088784912055051964e-03
4.084846196236135464e-03
4.039589736037118087e-03
4.065108069916164441e-03
4.071102648466219144e-03
4.064575379711092389e-03
4.045499315574552744e-03
4.025890706170844741e-03
4.033075008141932989e-03
4.036709737753236410e-03
3.981694220332216913e-03
3.978263646670067433e-03
4.058835744628188323e-03
4.061699842601462773e-03
4.048307497604124693e-03
4.063383173007375192e-03
4.031192923546735897e-03
4.054891352735219209e-03
4.027181677207104966e-03
4.036781576913725696e-03
4.038299606131078891e-03
3.992993681805008521e-03
4.064681030572112226e-03
4.095298588206884929e-03
4.102917949505939348e-03
4.059286573063840796e-03
4.080238747218939421e-03
3.910611246267074043e-03
4.011595327326180661e-03
3.969227404509089938e-03
3.947606298037201894e-03
3.938444872902771045e-03
3.939112562049827508e-03
3.942172669227157929e-03
3.952102967068206636e-03
3.943226183444994634e-03
3.993996965515967182e-03
3.976826532594533725e-03
4.014385779306243324e-03
4.043822311378034336e-03
4.037080451177329186e-03
4.018257168539253639e-03
3.877153821048208091e-03
3.826338244901210297e-03
3.833945619374375200e-03
3.955648657352105017e-03
3.963812610154446650e-03
3.961111761381359668e-03
3.954169955128958996e-03
3.959871886310154833e-03
3.959969941793372271e-03
3.947599787024690630e-03
3.949774074375303305e-03
3.944686925820203686e-03
3.902748263844498487e-03
3.906189169222259051e-03
3.891348242591569865e-03
3.882386832327825409e-03
3.900331628905190882e-03
3.908094239285151567e-03
3.881692965945262100e-03
3.873859709575922221e-03
3.850418113501541482e-03
3.916072594603242987e-03
3.941292021782828031e-03
3.955888434489352769e-03
3.952870202411294144e-03
3.942436626115844618e-03
3.935940518662324646e-03
3.955268960730199020e-03
3.958171239111034703e-03
3.922452809313648966e-03
3.929165027829460179e-03
3.929438214741416864e-03
3.944095062559568529e-03
3.948291904585902318e-03
3.911527629862959245e-03
3.896716268314271130e-03
3.969486836105211476e-03
3.932921562246328301e-03
3.923962819090158136e-03
3.945472534522101275e-03
3.927052974495838511e-03
3.910675502356721067e-03
3.979606690245726143e-03
3.988261754870500199e-03
3.886273709445803304e-03
3.819776517700866538e-03
3.721649312949414697e-03
3.717243888111302231e-03
3.772903221706372205e-03
3.766151433919356310e-03
3.759350958962980917e-03
3.760140279453668029e-03
3.741002222843345989e-03
3.712251633159460804e-03
3.717818299572093598e-03
3.738151865912112733e-03
3.739844460735651001e-03
3.739844460735657072e-03
3.741616057721395498e-03
3.660279628186466610e-03
3.619403463214820437e-03
3.644267503492870739e-03
3.764945182953857803e-03
3.762158460347178601e-03
3.773784621084347660e-03
3.763531935131747292e-03
3.775167669989915823e-03
3.777631799788643344e-03
3.766507811283285878e-03
3.722742626009428995e-03
3.756783652805379282e-03
3.759985442870495461e-03
3.755079122087146091e-03
3.724539105845497966e-03
3.759573914595212060e-03
3.725700734251985793e-03
3.705495892395985289e-03
3.765200894728551462e-03
3.753471973539786958e-03
3.995979395180118861e-03
3.876069968627265418e-03
3.831022772580234062e-03
3.828407569797279923e-03
3.832853116625127739e-03
3.832059261189942577e-03
3.827332127274150550e-03
3.825316685787259492e-03
3.822549765740585262e-03
3.853470110408113974e-03
3.859595241133651194e-03
3.796159540602446394e-03
3.839378250463875396e-03
3.851382880349489470e-03
3.845463896641015695e-03
3.865226439300564493e-03
3.885817158815434071e-03
3.765231297559822228e-03
3.696805720721646482e-03
3.678920525228325262e-03
3.682622720610036465e-03
3.943785608718582483e-03
3.943453431299087132e-03
3.942300341293550857e-03
3.892066735155012402e-03
3.892488874380350180e-03
3.830208916235907333e-03
3.829739910756840143e-03
3.824586530137298254e-03
3.819363992539780931e-03
3.822216310081357534e-03
3.822837377425624544e-03
3.826228762365573109e-03
3.827252816529954065e-03
3.822884398632769506e-03
3.822045815678945437e-03
3.821969718612914114e-03
3.823779655963241864e-03
3.824369060764329972e-03
3.828785579786415406e-03
3.817935592408062875e-03
3.819240173385570879e-03
3.818541954580303641e-03
3.815913311196694486e-03
3.810066757670218206e-03
3.822901789677488841e-03
3.816706022195577412e-03
3.820164750028603919e-03
3.826313569469960360e-03
3.809738668700869430e-03
3.815711255005119727e-03
3.840661033463349701e-03
3.815665413455086776e-03
3.812504931986717815e-03
3.827722384840449854e-03
3.813201337215835120e-03
3.820669567204836112e-03
3.825822455412736158e-03
3.816602949970090541e-03
3.812824122409103067e-03
3.825463836901970335e-03
3.844045358033928387e-03
3.823760184729061741e-03
3.872090630976224301e-03
3.871585252010367306e-03
3.816619467652486875e-03
3.818361806138145971e-03
3.806123595978044925e-03
3.789118464091859300e-03
3.791959531626891075e-03
3.811650825467132343e-03
3.852715135448124117e-03
3.820909355645987424e-03
3.857070619821341157e-03
3.780949089282097369e-03
3.821186456508707426e-03
3.784068839841611860e-03
3.788448578290578000e-03
3.776296790533924946e-03
3.836856272617333256e-03
3.833110659968349317e-03
3.836461106682594827e-03
3.798845935737848230e-03
3.800436429724940446e-03
3.795394369268619700e-03
3.793639580615132054e-03
3.795460100839479628e-03
3.795909708654609041e-03
3.820853906432457661e-03
3.820237259072177104e-03
3.819251731749160033e-03
3.815767730965941278e-03
3.804159151925506563e-03
3.812842828041529755e-03
3.815081019136818980e-03
3.803665793436674346e-03
3.795511179983988761e-03
3.800245856080427306e-03
3.795938097936034719e-03
3.798321842275725196e-03
3.807796611921265405e-03
3.804440094136876324e-03
3.798802853481481664e-03
3.807650658866678760e-03
3.815110741113146575e-03
3.803231161558395367e-03
3.803438066699141133e-03
3.803915188563432390e-03
3.803607205534198683e-03
3.796911538117137257e-03
3.801798814665140799e-03
3.797099861645903893e-03
3.790374598638892364e-03
3.791676496088392922e-03
3.803684656665643621e-03
3.802347967763945562e-03
3.804424525683798835e-03
3.803404859128016371e-03
3.801539636625215698e-03
3.814317838151466862e-03
3.816079038351580157e-03
3.812091772503747693e-03
3.806444613123925735e-03
3.813364255593141780e-03
3.778998643853086290e-03
3.747533228893497846e-03
3.793191928640792313e-03
3.802197743475795033e-03
3.803206253601478307e-03
3.806883824638258775e-03
3.804574657964924968e-03
3.809741879398751904e-03
3.804165928931776963e-03
3.799850627354522080e-03
3.815427170875586391e-03
3.796894450980141996e-03
3.804390560442598521e-03
3.805426887172770785e-03
3.818687993944710254e-03
3.808049878761265994e-03
3.816045082487229834e-03
3.815783672699256217e-03
3.822967116751212029e-03
3.797972174365978840e-03
3.792306505203554834e-03
3.791857800691744718e-03
3.788060174969153961e-03
3.791411908820093574e-03
3.791447153390227042e-03
3.812948063224325546e-03
3.827222665066880389e-03
3.818921182774727939e-03
3.819789369845294665e-03
3.801793253576568523e-03
3.818198852988699717e-03
3.819283086828536254e-03
3.824544426566826600e-03
3.785417669918193090e-03
3.805326297562340587e-03
3.776180061053766284e-03
3.773429327384259912e-03
3.787521165052415602e-03
3.789731171317072250e-03
3.775905011562464934e-03
3.787900261569163325e-03
3.787900261569163759e-03
3.858579208935533807e-03
3.845527668957043031e-03
3.852802361107224207e-03
3.857083162316344259e-03
3.876454462940069623e-03
3.877611118948614405e-03
3.825118376333164465e-03
3.823755093395807009e-03
3.806055492297654493e-03
3.836754833714550467e-03
3.785665239095698659e-03
3.801745159217756204e-03
3.826089188314459478e-03
3.823374418941680002e-03
3.828535224634350715e-03
3.859698651149249485e-03
3.823261985835804590e-03
3.842662347431535959e-03
3.846844798790511472e-03
3.812296396927413854e-03
3.818779759175182798e-03
3.782253760617570407e-03
3.776530854211105660e-03
3.783946533260295134e-03
3.785751900612999935e-03
3.792629350258598219e-03
3.793925464424439953e-03
3.788613295073650980e-03
3.841827820088078525e-03
3.806811191407734069e-03
3.805497804081942222e-03
3.847000858409794360e-03
3.847535197494100084e-03
3.925218344912322077e-03
3.865348222583156988e-03
3.865549256215687797e-03
3.861613618508536339e-03
3.880917101326824322e-03
3.881451806240587051e-03
3.874489574762504142e-03
3.814752335496947745e-03
3.820523114677773936e-03
3.815809256805943132e-03
3.809899777282660816e-03
3.817232373049114433e-03
3.796799932365615710e-03
3.801846630814660274e-03
3.798769108048724932e-03
3.763923316572769483e-03
3.910160361354458707e-03
3.908986614449675746e-03
3.917666498148700445e-03
3.905641662770069356e-03
3.887224161801869533e-03
4.090831027995235972e-03
4.077582265247652570e-03
4.074421353598872350e-03
4.085437867797306159e-03
4.077252369961444252e-03
4.035524018992143330e-03
4.023858223211268861e-03
4.029175656686587344e-03
4.061226205285745246e-03
4.053048033888785942e-03
4.069840876206787597e-03
4.050610600693624677e-03
4.129953702561058385e-03
4.040450535993997568e-03
3.967040259283024541e-03
3.988398328695524561e-03
3.977387614608770758e-03
4.053726313972860415e-03
4.075351663064929846e-03
4.124134142965081400e-03
4.055739394911982501e-03
4.052540527925206464e-03
4.036481901374529453e-03
4.096748306362396272e-03
4.081127502425787971e-03
4.089030865959006333e-03
4.058978039947919517e-03
4.093895049076767996e-03
4.076881936050792514e-03
4.090223511254615502e-03
4.011381647977966050e-03
4.145478714647144597e-03
4.204035698775097744e-03
4.208039754494899073e-03
4.194727818903097767e-03
4.255217454893436661e-03
4.253343060478392834e-03
4.258381928861367481e-03
4.144380302166335815e-03
4.155891924745305603e-03
4.143895083908428686e-03
4.062099294133194802e-03
4.065907771571368977e-03
4.068335407697111494e-03
4.066833212695072225e-03
4.064312379453124784e-03
4.207529640990401165e-03
4.132810053845600504e-03
4.172930561808721114e-03
4.119512449316201086e-03
4.111645095221664464e-03
4.131605809876980583e-03
4.133836784598493054e-03
4.132413990198978079e-03
4.118336214910508879e-03
4.124634697656315817e-03
4.124544192177470071e-03
4.090105277698436424e-03
4.090281216135017300e-03
4.088270315850957987e-03
4.128900170558919870e-03
4.134714065636829576e-03
4.097524726267710860e-03
4.093584742010908384e-03
4.093891722912196794e-03
4.083672387868374568e-03
4.091311682963545346e-03
4.116654374299534049e-03
4.157833295900331683e-03
4.152106568206660568e-03
4.138961121794590067e-03
4.179321147712235403e-03
4.191221394210969606e-03
4.134999456638803472e-03
4.117019629150299107e-03
4.139428726767844374e-03
4.158541655434514796e-03
4.181823501140061183e-03
4.174793149350378846e-03
4.121671918681769908e-03
4.120011412681397547e-03
4.126081590438832568e-03
4.127687041781415676e-03
4.142132480532200595e-03
4.225274385441605066e-03
4.187492541832104481e-03
3.980519635657241324e-03
3.988703242193845401e-03
4.030479843422072640e-03
4.125840072002590932e-03
3.809798735697146957e-03
3.810388384534256056e-03
3.823206982274213791e-03
3.954981727858137251e-03
3.964582279664292074e-03
3.952694257770859865e-03
4.008624895547186449e-03
3.971537641905252720e-03
4.010564568611626850e-03
3.997100018993482960e-03
4.011154556860101715e-03
4.043928500397740190e-03
3.922628888125422215e-03
3.958995083106154646e-03
3.965010792778365240e-03
3.954157907811725776e-03
4.013212021939657932e-03
4.014573293074710780e-03
4.033455931508833636e-03
4.028179661458625507e-03
3.989337421522962286e-03
3.986550378725212812e-03
4.023885490919573704e-03
4.019965221316679736e-03
4.021973268962465882e-03
4.056583081075342510e-03
4.004353958237134165e-03
4.011116281066201897e-03
4.016387950628945089e-03
4.051704137043653925e-03
3.923042315622552248e-03
3.844492521420831994e-03
3.839277657014797049e-03
3.831552086923327698e-03
3.945117893407724258e-03
3.937157840829089671e-03
3.889384215852896825e-03
3.880196893507556390e-03
3.867796670579587686e-03
3.879355046083595836e-03
3.867698689878969198e-03
3.766742613966444098e-03
3.772273576368090006e-03
3.748651432576173212e-03
3.746423144803799621e-03
3.797718025975434751e-03
3.842806894179968610e-03
3.803351030473773198e-03
3.846891097001830032e-03
3.843474735683550039e-03
3.842074720699330086e-03
3.819342902286815885e-03
3.825129804555840382e-03
3.822840549972181170e-03
3.833836755762662276e-03
3.836009698442585918e-03
3.852093947623302754e-03
3.870031782881379421e-03
3.870501398358097093e-03
3.865048159705719404e-03
3.863805032684902198e-03
3.862858250821601166e-03
3.867430106728665662e-03
3.910436254222256734e-03
3.910401404593294612e-03
3.913820788050900723e-03
3.923813531123894818e-03
3.897473665033151635e-03
3.895751736709323135e-03
3.906943816004471853e-03
3.888680322178212322e-03
3.884735010670317765e-03
4.030701762975259610e-03
3.939750009158973602e-03
4.065745664216867221e-03
4.062510613619126076e-03
4.078068751388608248e-03
4.076764119220941361e-03
4.009344865419232559e-03
3.999797057027298930e-03
3.987748714191249703e-03
4.001809734093156323e-03
4.005971360304792610e-03
4.002994251662955402e-03
4.091028620082067316e-03
4.115634739993457095e-03
4.014881755644359243e-03
4.005330109683988976e-03
4.080686389279481081e-03
3.953487339257648336e-03
3.983401003529480656e-03
3.980074803698484612e-03
3.977862438444958702e-03
3.961395926582378900e-03
3.966530418535161619e-03
3.966357929593202977e-03
3.964239342974808754e-03
3.965689115339896161e-03
3.969097184424775354e-03
3.963796184155298982e-03
3.960958282371848660e-03
3.975103763703445765e-03
3.979341586062537864e-03
3.974779432814281276e-03
3.962241479557739900e-03
3.970729646758815873e-03
3.978992513574041573e-03
4.039065425689765225e-03
4.041346757024432204e-03
4.044465713009346569e-03
4.047638860089251660e-03
4.040818298270676227e-03
4.041685691128582038e-03
4.044138816375515873e-03
4.040717383119003629e-03
4.030920873846078299e-03
4.027692426852211814e-03
4.033804638055847082e-03
4.038926280929540889e-03
4.030616193045149197e-03
4.051769777288103010e-03
4.052644174816365588e-03
4.050336779485758792e-03
4.053604108268885758e-03
4.045928892680024369e-03
4.047421836187335351e-03
4.061151873843787084e-03
4.074004850867059963e-03
4.076530866785498496e-03
4.077609434389437015e-03
4.080612842844348089e-03
4.055930574649957085e-03
4.078853160960568131e-03
4.034248752840413101e-03
3.981991599285894176e-03
4.166413077999992637e-03
4.079797999001134011e-03
4.054589050839945905e-03
4.030432719040363300e-03
4.019146946129216989e-03
3.987906728133754075e-03
4.000465585745380075e-03
3.974480366459884860e-03
3.992457474893725509e-03
4.042673354564726637e-03
4.024284492873489785e-03
4.021621860655337326e-03
4.044282349560427217e-03
4.022524464718582604e-03
4.081042606281378403e-03
3.898486016647068324e-03
3.885693896672036927e-03
3.911871869825942968e-03
3.916829138452389454e-03
3.874800224860887581e-03
3.897934372349961662e-03
3.898406869934859919e-03
3.895096061209084477e-03
3.907829923316750997e-03
3.889623623573102481e-03
3.903950488902142076e-03
3.879689970376912472e-03
3.889021482039754785e-03
3.870652504715230580e-03
3.880914223405051901e-03
3.971379831551648427e-03
3.990030365107377804e-03
3.987991374727044291e-03
3.988869720665319009e-03
3.991098471841922520e-03
3.980529139068988975e-03
3.932278507967615008e-03
3.946456085394941214e-03
3.946738513414551307e-03
3.947085352237695091e-03
3.927075001358967983e-03
3.954071402624605505e-03
3.949036537796384201e-03
3.943529088188661540e-03
3.954475191393895354e-03
3.928015681245193048e-03
3.924217501699047567e-03
3.915273300741923049e-03
3.920916711337012715e-03
3.920545254736065681e-03
3.909963091067861392e-03
3.906047847585507587e-03
3.905025618815833981e-03
3.911543307967426698e-03
3.909864538085065094e-03
3.902757671280061673e-03
3.907013300049394164e-03
3.961526227771970492e-03
3.962581928326441502e-03
3.965644356094233033e-03
3.955090967967129709e-03
3.953529082205245113e-03
3.915503841033686136e-03
3.887138941081944195e-03
3.933272660087840100e-03
3.925018885876740624e-03
3.943792330173277391e-03
3.943396009727468884e-03
3.948775610548982754e-03
3.935694130534003743e-03
3.966450431795789933e-03
3.907577262468989003e-03
3.927862013650313365e-03
3.921141313590982558e-03
3.930602888740210819e-03
3.937682782960045397e-03
3.919918222198996716e-03
3.921990630825278497e-03
3.909890654690260405e-03
3.920181477844206924e-03
3.924891210483001484e-03
3.923635972210882082e-03
3.903668909622223359e-03
3.983538985828980090e-03
3.936183169045884278e-03
3.931041236299535196e-03
3.927813815901536922e-03
3.925870824098692639e-03
3.929055873650221485e-03
3.932358957778852269e-03
3.933860034957121360e-03
3.945622663320143796e-03
3.943271394357377412e-03
3.925131427117955693e-03
3.932793506857944904e-03
3.928508745742511840e-03
3.945673796323142211e-03
3.940776903480595027e-03
3.957483800190580818e-03
3.937851842957934383e-03
3.917359925787394261e-03
3.948559010505857392e-03
3.889098254192242029e-03
3.898068615576730841e-03
3.889367095760089439e-03
3.902516181769705161e-03
3.910154381030269723e-03
3.926381166371914998e-03
3.903493093717602322e-03
3.885655377739769163e-03
3.874596983100553338e-03
4.031825887175558010e-03
4.078054706173691799e-03
4.055966525538324055e-03
4.028559196537648268e-03
4.019671518834028526e-03
4.025591310297386982e-03
3.965213178517771296e-03
3.960685349170931131e-03
3.995102814135804287e-03
3.990021870632014245e-03
3.985970983274375254e-03
4.034964484072134198e-03
4.022133880815364007e-03
4.012219775290370126e-03
4.197841070039304116e-03
4.195687986336352898e-03
4.147245114256624052e-03
4.131876755431172082e-03
4.162813451701276660e-03
4.104920356575360134e-03
4.104549634109458389e-03
4.121003546631372798e-03
4.105517158412831831e-03
4.109066817243148782e-03
4.129529137799162544e-03
4.210608225285463260e-03
4.163977324136936171e-03
4.164133705119182211e-03
4.170109241043043133e-03
4.147325005219096306e-03
4.177423344932700879e-03
4.180937073524030635e-03
4.142331751523653169e-03
4.134041428455744599e-03
4.119003254673431202e-03
4.142997627783541123e-03
4.124114363982693716e-03
4.213100655536345697e-03
4.212508627069015861e-03
4.212257285779720702e-03
4.220903681301725781e-03
4.217892623039729179e-03
4.191162989111910445e-03
4.188210423152833456e-03
4.209973478283011820e-03
4.211190280175207759e-03
4.205483180859640943e-03
4.212856242628279513e-03
4.210661977011524726e-03
4.186992504489793314e-03
4.211475253836886520e-03
4.212212150481946249e-03
4.218778427086837535e-03
4.207623592219102496e-03
4.222646341007423726e-03
9.143603508462183962e-03
9.174462994560532436e-03
9.125226732904077875e-03
9.135726390651334461e-03
9.149666909464171383e-03
9.160939354662094719e-03
9.159524159127468632e-03
9.139036955856414540e-03
9.146827048523539089e-03
9.153371315324157834e-03
9.191572338975778286e-03
9.284109587831653604e-03
9.278638566983110278e-03
9.289974781514396054e-03
9.275610225085658550e-03
9.272316230440884322e-03
9.292671793101217256e-03
9.294077867709445509e-03
9.285598087625027836e-03
3.462074936850034063e-03
3.484818001751072147e-03
3.466661124974961591e-03
3.337885390858416883e-03
3.332266851018127456e-03
3.346794391866948770e-03
3.357576287489424764e-03
3.383892077063474415e-03
3.319161641668872276e-03
3.300883897264403951e-03
3.329722700317540307e-03
3.400420437972942987e-03
3.165087523585188682e-03
-4.169041289531167987e-04
-5.121241825186274681e-04
-4.786649122242539901e-04
-3.781647476114960459e-04
-3.718112540370164068e-04
-3.435749437851289608e-04
-3.593195229494643649e-04
-3.801379170607803513e-04
-3.852936697974217758e-04
-3.834320410338334061e-04
-4.012865867491213962e-04
-3.808564191626179186e-04
-3.791795299392832614e-04
-3.827353310139476844e-04
-3.831102625668456898e-04
-3.929329628199609370e-04
-3.946474085265314828e-04
-4.085271486273879581e-04
-4.278390826308233071e-04
-7.014362362550815222e-04
-6.895429189530662226e-04
-6.688846338477096856e-04
-6.868624853988496929e-04
-7.228878582157039802e-04
-6.801841286935261235e-04
-6.903498535978486953e-04
-6.996264289615447378e-04
-6.976943022998809878e-04
-7.068714373700696069e-04
-6.863862367113618673e-04
-6.849276592760275388e-04
-6.770030658701849807e-04
-6.878023845301289288e-04
-5.860644291412079937e-04
-5.792573781887128907e-04
-5.880005737941707954e-04
-5.719708839737346930e-04
-5.523859709967233111e-04
-6.029990880679429168e-04
-5.482732302757206385e-04
-5.348730724949084595e-04
-5.645769956613463491e-04
-5.662789385711627672e-04
-5.525245827110006379e-04
-5.577476011211512669e-04
-5.598617373599665270e-04
-5.716539983669953950e-04
-5.807866129360956696e-04
-5.777220225829745757e-04
-5.823931648458451505e-04
-5.800766100433875578e-04
-4.494890244502866496e-04
-6.067574255434733752e-04
-6.016669928380090132e-04
-6.076634610469312499e-04
-6.668017541544571597e-04
-6.123082451412939758e-04
-6.025257114529132063e-04
-6.196457976302490074e-04
-6.386136014185006191e-04
-6.315788179990599162e-04
-6.513001552789642219e-04
-6.376626020979700004e-04
-6.370338619029644297e-04
-6.402393155474083190e-04
-6.337395594236270224e-04
-6.373887440729352274e-04
-6.689678536730397224e-04
-5.983640673179999080e-04
-5.224565000439628610e-04
-5.258335608557729215e-04
-5.516863841411643156e-04
-5.063819561094587245e-04
-5.591982316592871392e-04
-7.507092695186829909e-04
-7.108598546704738164e-04
-7.233520600890322970e-04
-7.519075040826349093e-04
-7.386398868172317639e-04
-7.251017045941768628e-04
-7.502001868878536289e-04
-7.264421491861239527e-04
-7.310798871868251286e-04
-7.334619796583276893e-04
-7.058796979118907907e-04
-5.722718215282651850e-04
-5.359759847896005108e-04
-6.222141901003134775e-04
-5.898192198100269497e-04
-6.553139353297133445e-04
9.058448888006211510e-04
8.858312031178657443e-04
8.829448915617049785e-04
8.679412031435759659e-04
6.268511287402494213e-03
6.306693704785587898e-03
5.939613500467344487e-03
6.209728974022006576e-03
6.236896648083760722e-03
6.249143060987049150e-03
6.241549934249396477e-03
6.259898956892859072e-03
6.248791752509341366e-03
6.305768353392363773e-03
6.296248383907228005e-03
6.316195015050140096e-03
6.301801213745784197e-03
6.300533316356640191e-03
6.325004615692961414e-03
6.316856222587419883e-03
6.255022465203992355e-03
6.241526521313151346e-03
6.250063658174321614e-03
6.191569891669223766e-03
6.192860639088515300e-03
6.189167429861409248e-03
6.014270692376603479e-03
6.101641652647014219e-03
6.167837996362986706e-03
6.161777384451321699e-03
6.151381819324132014e-03
6.111494646416316609e-03
6.120028161845400376e-03
6.213053128385875347e-03
6.214021048884211910e-03
6.223117327920697772e-03
6.192907972910617620e-03
6.158171038523155630e-03
6.151681245301372954e-03
6.159464838357232505e-03
6.346524038517639688e-03
6.323761127322767572e-03
6.320843004395623223e-03
6.300687087481313120e-03
6.236190749458975745e-03
6.267247955182586767e-03
6.195276062093925916e-03
6.320226603101514878e-03
6.335294176211326775e-03
6.191802596496783113e-03
6.219302378627184630e-03
6.315424546523626739e-03
6.273492349882628383e-03
6.331691533769632195e-03
6.437718612356912833e-03
6.437874090538768003e-03
6.469333318933339662e-03
6.485033871093484094e-03
6.487988726314907612e-03
6.466414112551384201e-03
6.478654451010296307e-03
6.489103395846615441e-03
6.502593004286756802e-03
6.534137622109575418e-03
6.390251394698290115e-03
6.432355579491391348e-03
6.309476411172970298e-03
6.434905895949456431e-03
6.462184733768818433e-03
6.438059425834518137e-03
6.675598711618151160e-03
6.657880783176015060e-03
6.688584761046187030e-03
6.690407160395573337e-03
6.735619075887509799e-03
6.737054882956635023e-03
6.349689022621528289e-03
6.346910464916451569e-03
6.371430978501347632e-03
6.314466675995690330e-03
6.619156962520852255e-03
6.623511536281481357e-03
6.618404713841286903e-03
6.567483955506464577e-03
6.552382119831909844e-03
6.528878993386399293e-03
6.459192592169198978e-03
6.455709469575797964e-03
6.440117945103028367e-03
6.442544767573535683e-03
6.693681645884729317e-03
6.655223428150502940e-03
6.662598585063940482e-03
6.654084274694392447e-03
6.611463672482898075e-03
6.600172800945506603e-03
6.863060753549038093e-03
6.857437581147102744e-03
6.850117942722585077e-03
6.843972626588022169e-03
6.872570245495483905e-03
6.839305483316009994e-03
6.845016163980897211e-03
6.825751621407609090e-03
6.546538698261708186e-03
6.646771661539831698e-03
6.754834692371384543e-03
6.705088521164530475e-03
6.748065844935382217e-03
6.736347317974207029e-03
6.571295132872583163e-03
6.684165506721358174e-03
6.622162430395784997e-03
6.752012694661727391e-03
6.763352324740746699e-03
6.772958547385433785e-03
6.712471319465478613e-03
6.859417314253143938e-03
6.844934107661743670e-03
6.755490314844625477e-03
6.771710515084569844e-03
6.830353380530006756e-03
6.836971923066247417e-03
6.689546555847853196e-03
6.674154581634222407e-03
6.884326646185939466e-03
6.885759596878093802e-03
6.884292054355658184e-03
6.880655129781234648e-03
6.786257931546248526e-03
6.860282483765656539e-03
6.883830742028359401e-03
6.868050971999542162e-03
6.890352944717283330e-03
6.774575875064695746e-03
6.832869140888534441e-03
6.816520754570207057e-03
6.434058098565782584e-03
6.618649119738603467e-03
6.729515266474838872e-03
6.717512874777297610e-03
6.726821606048689547e-03
6.728569791435571809e-03
6.712285216448993404e-03
6.552629055053054916e-03
6.496374233859773632e-03
6.681178708363535654e-03
6.553686533858744945e-03
6.565297634857045726e-03
6.567888672761493241e-03
6.540420333516439207e-03
6.607512922983946498e-03
6.676590560946302037e-03
6.470592193500993711e-03
6.501964052074551102e-03
6.549049630002584318e-03
6.703792987498992384e-03
6.686624678733267026e-03
6.710470139175884856e-03
6.703514559245400684e-03
6.714162856218852844e-03
6.763341794271218212e-03
6.583882866867683641e-03
6.586354914289592813e-03
6.579479084476214275e-03
6.576181956435052205e-03
6.481792979332390466e-03
6.506041895064967190e-03
6.519793453458259946e-03
6.582543278862252462e-03
6.584443689268933315e-03
6.474214061368229779e-03
6.523364868908907745e-03
6.606827488472613932e-03
6.604277855993516064e-03
6.575369178189738317e-03
6.583892076682004539e-03
6.630881248953373469e-03
6.613603013103748138e-03
6.635884820432792763e-03
6.650974918098983592e-03
6.561269433681462052e-03
6.609540671976446395e-03
6.610067401933642471e-03
6.572700802200430979e-03
6.629711852368565424e-03
6.606211315194787659e-03
6.603793945086128443e-03
6.658522665683095504e-03
6.664101157660849185e-03
6.649777307205787663e-03
6.767506522618749881e-03
6.782903562295422746e-03
6.769965613236047196e-03
6.777339445664424915e-03
6.766343429893183735e-03
6.757437692970916579e-03
6.733934599162658304e-03
6.815188442778095240e-03
6.757469425128769316e-03
6.793166653158520113e-03
6.775978943071320031e-03
6.788897772323998492e-03
6.781441204298761967e-03
6.835834623263356558e-03
6.780042134494907412e-03
6.768498196438993940e-03
6.766692482858400332e-03
6.833000269734317011e-03
6.827988851422698950e-03
6.779910946873972562e-03
6.789723379013592325e-03
6.797081876286722828e-03
6.820868613219538412e-03
6.796527135770480052e-03
6.791743620562286712e-03
6.793143724548113965e-03
6.775340111358686516e-03
6.795703163709770726e-03
6.745444165386936530e-03
6.748490663845144871e-03
6.799565744496708676e-03
6.802088053623693564e-03
6.778849015366669728e-03
6.773165450352685961e-03
6.792813968861627187e-03
6.803866810803419624e-03
6.798255611197654563e-03
6.801645855589395599e-03
6.804421316991255027e-03
6.792774579557210070e-03
6.785293411716555347e-03
6.788595133176729760e-03
6.843052012100493860e-03
6.825825941428395084e-03
6.834930102918942811e-03
6.847989070431767696e-03
6.832868815709964606e-03
6.834839262224101479e-03
6.844989075399975434e-03
6.848688682526582472e-03
6.775362709549081867e-03
6.807695239127317666e-03
6.860416176279375035e-03
6.848853530808071341e-03
6.750054284103521214e-03
6.796177436934626101e-03
6.788723268236904890e-03
6.797661357692848412e-03
6.795099716353828444e-03
6.807562101779216640e-03
6.795429139334284094e-03
6.842042303253815724e-03
6.837572562704181955e-03
6.840839818148881576e-03
6.824366110304683902e-03
6.815748206452206838e-03
6.799959075241280605e-03
6.783862339095079151e-03
6.860196694739430744e-03
6.860447426057212500e-03
6.864818951403619043e-03
6.852538242476011524e-03
6.847619408429269673e-03
6.847243273672427855e-03
6.852457036677079942e-03
6.761031935376456657e-03
6.807841899799035867e-03
6.801499976282545171e-03
6.813277023762045678e-03
6.803726762703791141e-03
6.808281328675802949e-03
6.796627188133588966e-03
6.802447063037520177e-03
6.791599272483492961e-03
6.763936066796849209e-03
6.768082260293844556e-03
6.778182402824979753e-03
6.782656300013710678e-03
6.764129469529077746e-03
6.784261969983110957e-03
6.782930618979757589e-03
6.781972731171541542e-03
6.796563759552883520e-03
6.777643553692584699e-03
6.797897689634458708e-03
6.800220163842847325e-03
6.795161562366645522e-03
6.759915752589266968e-03
6.756693160191084603e-03
6.753964780192635645e-03
6.743154983503576658e-03
6.670993954732231702e-03
6.675378805734260602e-03
6.681748637466199993e-03
6.678275897044428332e-03
6.676232011654958075e-03
6.659251651070398695e-03
6.671341098338974020e-03
6.674103143148452967e-03
6.679724712843808886e-03
6.697444662254325477e-03
6.687551195338217735e-03
6.679179057581297735e-03
6.689258130427829137e-03
6.720609045615969987e-03
6.752587710377791312e-03
6.745182333119986197e-03
6.750421068837578371e-03
6.742701690717899793e-03
6.744863556550623543e-03
6.744523237283591745e-03
6.750458623854586893e-03
6.743675142941311755e-03
6.771388741795223917e-03
6.771414122271689207e-03
6.753256849129926111e-03
6.777335306267309907e-03
6.772165667274492734e-03
6.747150765685355767e-03
6.731002664171767749e-03
6.822250361279271445e-03
6.799417935498105504e-03
6.790186762911099884e-03
6.766015415746228466e-03
6.762474105189591501e-03
6.813756328124156991e-03
6.790001069255740401e-03
6.780154528139467965e-03
6.853290645160231391e-03
6.846089195303804893e-03
6.734186716458590016e-03
6.746229756822079253e-03
6.753318484046364097e-03
6.762903989648109786e-03
6.719603685220894122e-03
6.625374296430200545e-03
6.706830179159859254e-03
6.720567197444344935e-03
6.694549287784862940e-03
6.689126180594548964e-03
6.709700279517125457e-03
6.775984592879213259e-03
6.673355570479043951e-03
6.718208565545219849e-03
6.726013389770532994e-03
6.682590078694091579e-03
6.705576952740550933e-03
6.742460995345078527e-03
6.742300367366441637e-03
6.737315732659072964e-03
6.749917650882165249e-03
6.747780166299203672e-03
6.725876470142024693e-03
6.735835815313031411e-03
6.734650526708361833e-03
6.740128346444490895e-03
6.744615830106179787e-03
6.748547395945262393e-03
6.726504514267880354e-03
6.403185711934988866e-03
6.390899124698632729e-03
6.390937294868177798e-03
6.367363260572055268e-03
6.696906516972483785e-03
6.570376396955805200e-03
6.580008462133866802e-03
6.742161395827293673e-03
6.611105839334689357e-03
6.620869444594998550e-03
6.579988926451152929e-03
6.598584136705487428e-03
6.590944650736195454e-03
6.591568454983133540e-03
6.636263371568518893e-03
6.649064149485918104e-03
6.607839749180382562e-03
6.621855936114088431e-03
6.632146171597790019e-03
6.634485933431907151e-03
6.633718424875508293e-03
6.633828027082257044e-03
6.615690412730420612e-03
6.619831043524482261e-03
6.631312698296417535e-03
6.633583666391829059e-03
6.635813017677628413e-03
6.635771021331329442e-03
6.622573294464346658e-03
6.616345610205023701e-03
6.603546603978192181e-03
6.602126617564087370e-03
6.693501439962622028e-03
6.623663938436155293e-03
6.623620606398962496e-03
6.673686333334979265e-03
6.631177379587496236e-03
6.625128955936037019e-03
6.662060352456855399e-03
6.633627976812096066e-03
6.653064250376302356e-03
6.618596384677549391e-03
6.636669390999229076e-03
6.652117533331235871e-03
6.657875231810420416e-03
6.689791913023062156e-03
6.647808550025398333e-03
6.639701429472058200e-03
6.630379917880353802e-03
6.631599239753937364e-03
6.631832750013997788e-03
6.625962105934026306e-03
6.637559844471266693e-03
6.764878066091897790e-03
6.768792533017236289e-03
6.757182833711612366e-03
6.752590286060535657e-03
6.753513623666125738e-03
6.757561058693127218e-03
6.756860587862769697e-03
6.755814763423634815e-03
6.749993199204638167e-03
6.760381188263951506e-03
6.750302042117479334e-03
6.557393682832346991e-03
6.564544925751193867e-03
6.540303714309724133e-03
6.548702060666170867e-03
6.537260896787772113e-03
6.506795694292537638e-03
6.545151333030415665e-03
6.542011378822127667e-03
6.519492784772464022e-03
6.525625681916245001e-03
6.518422222468681776e-03
6.527911455287707665e-03
6.529013097357900565e-03
6.513536676811445755e-03
6.522279141880659749e-03
6.458545170595800938e-03
6.430517936144681916e-03
6.429510130583855620e-03
6.312524504589102185e-03
6.412160532957859350e-03
6.412623546272501300e-03
6.394884720921282725e-03
6.395996753609196894e-03
6.395039055133344870e-03
6.423257920837780084e-03
6.477319119418590947e-03
6.601370641085376259e-03
6.576510891802671462e-03
6.578836390567211617e-03
6.569226687714759330e-03
6.571459103537525756e-03
6.578543518158827541e-03
6.482685468613209184e-03
6.405697743820553021e-03
6.462381168741228137e-03
6.447432055391988208e-03
6.611738211659732092e-03
6.557814901692146647e-03
6.521557985745029748e-03
6.535522053866691695e-03
6.504675789355265740e-03
6.499705575895267824e-03
6.600112637413964485e-03
6.556029556132375070e-03
6.562450114794007687e-03
6.617757726679276802e-03
6.591915666202437241e-03
6.594351214699357283e-03
6.573971837509483274e-03
6.613941229278204846e-03
6.593497352434716206e-03
6.599503486892318617e-03
6.603897086399608020e-03
6.600494035301822382e-03
6.603030216351771751e-03
6.595564533073139390e-03
6.614209819801611379e-03
6.605607398191558170e-03
6.609007238433378152e-03
6.578206487020557200e-03
6.596221697933827254e-03
6.565679551050156507e-03
6.573411994800333613e-03
6.574772035024363179e-03
6.479125510535341942e-03
6.496573681901098365e-03
6.491862640918291683e-03
6.485743411879868296e-03
6.484676915886405761e-03
6.495711218914055653e-03
6.487286023712988264e-03
6.551836786629557617e-03
6.547067940815234043e-03
6.548357764598449968e-03
6.549285444975040497e-03
6.533288668289800177e-03
5.506120984072658195e-03
5.453002779694327527e-03
5.552672786363290272e-03
5.509416489040313940e-03
5.570623625602079063e-03
5.628795648161177313e-03
5.452916306417295543e-03
5.444875409227323965e-03
5.469352117181295291e-03
5.435151024030407917e-03
5.448397571025192197e-03
5.478194614870598479e-03
5.484341774627141293e-03
5.527510734743758258e-03
5.527272160907125906e-03
5.460656527806400512e-03
5.479520350853644625e-03
5.458294504578730180e-03
5.445760301826213338e-03
5.739226217713873021e-03
5.745275859241189692e-03
5.748034811872406065e-03
5.748197804729364771e-03
5.757523360628794690e-03
5.757501368287006732e-03
5.752262849732066134e-03
5.750753280046595230e-03
5.752425721444297778e-03
5.765577397686751614e-03
5.765830895388586626e-03
5.776317038274365878e-03
5.776040725712267704e-03
5.773219444882305915e-03
5.769787761975035331e-03
5.755034142334854858e-03
5.757171117120378663e-03
5.763498856060499977e-03
5.765405690970916257e-03
5.759170867008193626e-03
5.761873683597550783e-03
5.762146735764016661e-03
5.755396133893165948e-03
5.756383839932139798e-03
5.766619309779644383e-03
5.764276942403026745e-03
5.741334863083913213e-03
5.750534260633250079e-03
5.759817583499520811e-03
5.771642655314411681e-03
5.771860300182469344e-03
5.760795323567527784e-03
5.938010724914810981e-03
5.482261064501582452e-03
5.433232889617637014e-03
5.486059640523456918e-03
5.475012070433286394e-03
5.473198016029012618e-03
5.510638643605260227e-03
5.486966026449663879e-03
5.670025694518217654e-03
5.631048671116471900e-03
5.652538028531854317e-03
5.678950006451784736e-03
5.676447128052938308e-03
5.676392136332986289e-03
5.685904352909224718e-03
5.687188022669537393e-03
5.761672910650269402e-03
5.759526668385404370e-03
5.766031456110505722e-03
6.065551921002254251e-03
6.041754989841092646e-03
6.025783385323387614e-03
6.051957647608739374e-03
6.129929018261190410e-03
6.131431901448491928e-03
6.184445683649049917e-03
6.185092824438574374e-03
6.216165577240804693e-03
6.221732240271438813e-03
6.248504053928740157e-03
6.191930639970521025e-03
6.164859852219617756e-03
6.200656363594010505e-03
6.213872565289816317e-03
6.180776513764499498e-03
6.278437504270151237e-03
6.164772538005130684e-03
6.145343895137938758e-03
6.137312556674981087e-03
6.141855556316785057e-03
5.923796405725195030e-03
6.058017441604343981e-03
6.070224602453216586e-03
6.300230385413487996e-03
6.307760487677497273e-03
6.294929422101651698e-03
6.329042508272458845e-03
6.333695187517618917e-03
6.259436975109855875e-03
6.266040146847461773e-03
6.265428638248434108e-03
6.280458719958158242e-03
6.463121933805160424e-03
6.458590972919882843e-03
6.508770827201598545e-03
6.444858642425053616e-03
6.478598266954955880e-03
6.455051048422858449e-03
6.481142219363552996e-03
6.479943827563823186e-03
6.479915085520610712e-03
6.460396229448652113e-03
6.460576750003810785e-03
6.470700136474310388e-03
6.473884115739556890e-03
6.508368091445886940e-03
6.531158465733177300e-03
6.382970381973943758e-03
6.381159130266071330e-03
6.381462749110329395e-03
6.380892790955611758e-03
6.338064780754179214e-03
6.712005737061790128e-03
6.721450065035605714e-03
6.756453526627131598e-03
6.746334020820476084e-03
6.734695756654249417e-03
6.500120586156279620e-03
6.485886986909456670e-03
6.485055975241846467e-03
6.485689838885787435e-03
6.502594954809852272e-03
6.519111687109250750e-03
6.538740917321256632e-03
6.529323003483830483e-03
6.568460707879385241e-03
6.232529311871810168e-03
6.235487435702955113e-03
6.182943058839582284e-03
6.250804754119813900e-03
6.658031466160218952e-03
6.608301895481010109e-03
6.733001592467144532e-03
6.672810121560398405e-03
6.666384168786107511e-03
6.129094545802465585e-03
6.156493725979602684e-03
6.342228652596521195e-03
6.221786519449456522e-03
6.187984697236287475e-03
6.208940054099403374e-03
6.177579200902175854e-03
6.622457572854999544e-03
6.614243262272024963e-03
6.601683667472651486e-03
6.634634888164165842e-03
6.640676874666007028e-03
6.639505467376384529e-03
6.618929855297639095e-03
6.620935432776876503e-03
6.635027511726346999e-03
6.644568390628293603e-03
6.619187254664468667e-03
6.624336789415582148e-03
6.585638555442286345e-03
6.643708129449122333e-03
6.604469872331983522e-03
6.589201269797690524e-03
6.968969947182570429e-03
7.193075622486044644e-03
7.148546847380606202e-03
7.187560857740193064e-03
7.193279799111240193e-03
7.168167988426704662e-03
6.950255630214151499e-03
6.934835313494223941e-03
6.980837408721272258e-03
6.955727656179997581e-03
6.974311561975283548e-03
6.965742225116187437e-03
6.961594363734175360e-03
6.977405387517980270e-03
6.970854966019813040e-03
6.967335785195964519e-03
6.956738829982078362e-03
6.963131875892619727e-03
6.958368446480176980e-03
6.961885218706103697e-03
6.942250781302839770e-03
6.957106919602018894e-03
6.997836064669449817e-03
6.987433730232972540e-03
6.985399340534017426e-03
6.988634834565044321e-03
6.988137584504948950e-03
6.995707495770126655e-03
6.982526319288070993e-03
6.980474251626141331e-03
6.980154463808946677e-03
6.989173222351778049e-03
6.989371424193757676e-03
6.991845482405345709e-03
6.926795698640967475e-03
6.945165346212350127e-03
6.998311881217448953e-03
6.898401702706108765e-03
6.891602642688174525e-03
7.065829781150342360e-03
7.031287440775879118e-03
7.047091100523243494e-03
6.964279893311262938e-03
6.923498517043730031e-03
6.921799309795039629e-03
6.919109168417364800e-03
6.920433370578284345e-03
6.919081301207344326e-03
6.917173488775815379e-03
6.903919244699626562e-03
6.913106079242352722e-03
6.950470984996431900e-03
6.917989077587142696e-03
6.914821704402643668e-03
6.998426128650470784e-03
7.008272236814643702e-03
6.995543002153661698e-03
7.021390285086769045e-03
7.017170417996111340e-03
7.013069453949753902e-03
7.017948862544451209e-03
7.001618986195184795e-03
6.990755627945038388e-03
6.998123972776187050e-03
6.980153024296246664e-03
6.989685313009624985e-03
6.994519043857051928e-03
6.998509291357511881e-03
7.013894597964940268e-03
7.000136685556204372e-03
7.007571828383145698e-03
7.018359893294917259e-03
7.015195689369900685e-03
7.024176759136039651e-03
7.004196674308978306e-03
6.973743214381303637e-03
7.052806061050845808e-03
6.992452107309583657e-03
6.993501012087019811e-03
6.996011351515934312e-03
6.996484033296574562e-03
6.993577121602053033e-03
7.021621631860949439e-03
7.039853649882892722e-03
7.031626310914584899e-03
7.029441469293609170e-03
7.021329924190346412e-03
7.020303617849690987e-03
7.033074349513616236e-03
7.037019332520245973e-03
7.036718403424813487e-03
7.032693793134020717e-03
7.039918625997423213e-03
7.033497295805227201e-03
7.038624528144288989e-03
6.999363524071579301e-03
6.998781208650977498e-03
7.031333176481534969e-03
7.013013389800579200e-03
7.010943662151642927e-03
7.004690315134778564e-03
6.993043602320341175e-03
6.994962656387227092e-03
7.020045556002583315e-03
7.010799525395149112e-03
7.008522571968853893e-03
7.022693889692274705e-03
7.025712735804594267e-03
7.023510938749151500e-03
7.008595470428190602e-03
6.992127356973685745e-03
6.992813041701970503e-03
6.996495133094913707e-03
6.981402174451882894e-03
7.013682346826080258e-03
6.973745153549944405e-03
7.002763659256176949e-03
-1.467713901578880376e-01
-1.466477544811506661e-01
-1.465430989680113205e-01
-1.467016455740398628e-01
-1.469625152551057023e-01
-1.469366445154100254e-01
-1.469240936051169066e-01
-1.457745284208709358e-01
-1.463643262767569952e-01
-1.477428130408670603e-01
-1.291406498543391790e-01
-1.292149263522866243e-01
-1.317198198876357029e-01
-1.327377965348391919e-01
-1.312891472248234603e-01
-1.322284396274177043e-01
-1.317557042966500946e-01
-1.316236922007326116e-01
-1.315815581141488444e-01
-1.315919862399723139e-01
-1.314253632090053858e-01
-1.326736831178497722e-01
-1.326760827696052691e-01
-1.316340279530269219e-01
-1.323403589401086211e-01
-1.368666572540628845e-01
-1.363224368411868337e-01
-1.391148660287743200e-01
-1.366348972645197446e-01
-1.390513434993977115e-01
-1.338115038243409827e-01
-1.335425412916636523e-01
-1.347515338038499377e-01
-1.347308834325465499e-01
-1.345223614434154225e-01
-1.344296748900974670e-01
-1.341826386836214580e-01
-1.350040265841164211e-01
-1.370449433674867934e-01
-1.370765399193132339e-01
-1.357046910911858528e-01
-1.362568596885834482e-01
-1.365530569541195949e-01
-1.367352917873631279e-01
-1.365735613915857460e-01
-1.363551224051580413e-01
-1.415965252180277911e-01
-1.413325879496952486e-01
-1.950654542008264589e-02
-1.951495372035383369e-02
-1.954148035507645431e-02
-1.952318158397600700e-02
-1.971533201397003207e-02
-1.965059253160293673e-02
-1.963965113227153850e-02
-1.963641198214798739e-02
-1.957773515442414250e-02
-1.966742336938699653e-02
-1.946877000839715086e-02
-1.945020141524624047e-02
-1.934208197069555574e-02
-1.956370845706605077e-02
-1.957064132484625379e-02
-1.968435529836546835e-02
-1.950630456562428214e-02
-1.958268606096782646e-02
-1.954882000319062285e-02
-1.954449108411986102e-02
-1.960026469904149748e-02
-1.956334291882306717e-02
-1.948815305169807749e-02
-1.951379372864119055e-02
-1.959248684071589197e-02
-1.959302270868786000e-02
-1.967641073467777529e-02
-1.963378769894912057e-02
-1.969813768860225606e-02
-1.948349459611030399e-02
-1.946289572234074020e-02
-1.969665970459862775e-02
-1.951554685512034426e-02
-1.962798457479054265e-02
-1.963126761247646623e-02
-1.941684394471296024e-02
-1.956553854133876585e-02
-1.962929696638692628e-02
-1.960208205064539744e-02
-1.966581384807855951e-02
-1.969141262907473169e-02
-1.967314375575054952e-02
-1.967576098356515688e-02
-1.968342802331871783e-02
-1.959872174765566258e-02
-1.957027757029859358e-02
-1.958071432497461226e-02
-1.957653647121226567e-02
-1.958218262111524263e-02
-1.956188011259763632e-02
-1.952888584019714727e-02
-1.968751775965130527e-02
-1.969829492099477858e-02
-1.972915259734658519e-02
-1.979988779454598669e-02
-1.955405376960776820e-02
-1.954510242433910028e-02
-1.952861356436191853e-02
-1.953873251735935984e-02
-1.984018812932118389e-02
-1.981431857673214558e-02
-1.983265041967358436e-02
-1.973533985131524851e-02
-1.974661664488290905e-02
-1.977142538790004067e-02
-1.956944320914582106e-02
-1.956099028624727620e-02
-1.963537907599476745e-02
-1.966133271523156506e-02
-1.958887806215154140e-02
-1.962154535798163804e-02
-1.961297672404619871e-02
-1.971267639374229413e-02
-1.970520664281424222e-02
-1.961566308282000973e-02
-1.959474780850855441e-02
-1.972249083545044371e-02
-1.808156654956738149e-02
-1.921758487005974236e-02
-1.931149952253384192e-02
-1.932155588020914583e-02
-1.927783619168667306e-02
-1.929307091983084588e-02
-1.925826668554407942e-02
-1.928140041899998117e-02
-1.921723292785201473e-02
-1.927286052130800301e-02
-1.928857621520400217e-02
-1.928696499146722101e-02
-1.924708272150974647e-02
-1.956941146324945452e-02
-1.944014107465743407e-02
-1.972604626868288552e-02
-1.941721720345709890e-02
-1.950237886298799087e-02
-1.947350480118905172e-02
-1.946957382521637483e-02
-1.947849581245858150e-02
-1.942353512613625294e-02
-1.943386962967865589e-02
-1.950730853584250329e-02
-1.952289392324882758e-02
-1.954455657935329563e-02
-1.956045834402348610e-02
-1.953595049789729615e-02
-1.952599695263446122e-02
-1.961929595612057001e-02
-1.955942685463820177e-02
-1.957331262491959073e-02
-1.956496357288680515e-02
-1.960534451220410923e-02
-1.918490383852760120e-02
-1.924208244715855387e-02
-1.932779426071878567e-02
-1.962954707470799046e-02
-1.953709861578331944e-02
-1.951908996124252643e-02
-1.947041602481239947e-02
-1.945665386087797391e-02
-1.945574181508386707e-02
-1.945892849287388787e-02
-1.947510949139317007e-02
