1.122357129499555045e-02
1.122405024481032410e-02
1.122412644499210833e-02
1.122415231469367156e-02
1.122563021289112693e-02
1.122578990437213091e-02
1.122389359624971494e-02
1.122327656656930614e-02
1.122077141639101980e-02
1.123048089410270088e-02
1.123378373704364726e-02
1.120657141595358258e-02
1.119560487069545460e-02
1.137874828700401533e-02
1.137804348812353206e-02
1.143751606180374962e-02
2.382651816642025744e-02
2.382649795050189451e-02
2.379558218820958942e-02
1.135555987616676012e-02
1.136604539847744372e-02
1.135754903866018073e-02
1.135866485692846317e-02
1.136324247392342911e-02
1.135946198260551557e-02
1.143436208288246478e-02
1.143354425979027644e-02
1.141784067712838489e-02
1.141804769975063132e-02
1.141748173477511417e-02
1.141749453311395948e-02
1.141888675163095154e-02
1.141761148689322478e-02
1.145421714552045077e-02
1.145451903168723425e-02
1.145798915637119726e-02
-6.622619446292724726e-03
-6.623010738701547336e-03
-6.623790879536574708e-03
-6.623719830316046955e-03
7.239406334113646785e-03
7.228758372823837833e-03
6.668864362411620721e-03
3.611902170881252025e-03
3.616114657361010377e-03
4.000675223072097664e-03
4.034126404229220267e-03
4.034164228693546544e-03
4.023455726136351135e-03
4.024156012121594614e-03
4.027166071756893388e-03
4.028020249208118762e-03
4.033760296530267304e-03
4.035448661496336513e-03
5.739661066027420579e-03
5.738229037494555276e-03
5.736294385202092734e-03
5.248431294916601139e-03
6.086020943309760310e-03
6.085556107284698264e-03
1.023487055567018876e-02
1.023368096915795201e-02
1.034916101802221822e-02
1.015346868305404271e-02
1.015084230222282682e-02
1.015109819853369892e-02
1.015111200936412959e-02
1.015105407945626412e-02
1.015228648451744868e-02
1.570556935781862104e-02
1.570596720513335251e-02
1.570697864815715286e-02
1.570705856663031502e-02
1.570721387892228676e-02
1.570544607891397396e-02
1.570374476770241765e-02
1.570735987439671882e-02
1.570482124875854923e-02
1.570484214047185301e-02
1.515963145981640003e-02
1.516127850164758310e-02
8.030752213617159060e-03
8.018090070970821520e-03
8.025480293807960366e-03
8.038503726479902939e-03
8.036100522281394362e-03
8.038808568294475432e-03
8.035778778537238515e-03
8.038246941873626594e-03
8.027812349690421206e-03
8.028467421338683629e-03
8.029714283182781340e-03
8.029316516363934134e-03
8.029480273176216321e-03
8.030779675274275775e-03
8.026218473254267266e-03
8.033852564142485511e-03
8.030596401594801773e-03
8.011789931570511766e-03
8.046603820350176073e-03
8.051877816692887616e-03
9.342548307306797195e-03
9.372822205997617673e-03
9.372397863367487938e-03
9.374045080058814733e-03
9.389611564461533902e-03
9.387031729003630573e-03
9.378955782307464920e-03
9.384383010432857317e-03
9.382840968539715373e-03
9.385090358678838812e-03
9.383744286317679054e-03
9.383616409527261934e-03
9.381111264138486394e-03
1.045844254049846725e-02
8.856985942317645299e-03
8.863498240719054969e-03
8.860049983849276403e-03
8.870256548716934711e-03
8.868514473091644937e-03
1.074092506859703443e-02
1.074379267694960428e-02
1.074171706551396710e-02
1.074199973948104618e-02
1.074159595756741387e-02
1.074613622715129418e-02
1.074696004405505806e-02
1.075151854196471427e-02
1.075141780008228784e-02
1.075102746757115174e-02
1.075029074158687613e-02
1.074990051288944246e-02
1.075046981031155778e-02
1.075026513936376028e-02
1.074981509149240677e-02
1.071888105255059363e-02
1.072866579214827240e-02
1.077977672148186343e-02
1.077936652696973377e-02
1.077914811372468126e-02
1.078794643158340928e-02
1.078827553153537643e-02
1.078765873642081007e-02
1.078930559580425913e-02
1.070835177266255857e-02
1.075011215814591393e-02
1.077053754292641580e-02
1.062974579817070088e-02
1.062864504094188263e-02
1.079596200729615423e-02
1.075865776788056428e-02
1.061783139978869639e-02
1.061890675425883855e-02
1.061804256188995585e-02
1.062540673285610263e-02
1.062530378312924462e-02
1.062487153237869422e-02
1.062555646782556602e-02
1.062611588327026270e-02
1.062569898806043842e-02
1.062719960901028354e-02
1.062725445516034609e-02
1.062078476755343517e-02
1.063081748217808466e-02
1.061612949729633451e-02
1.061586912590271881e-02
1.061592458112118990e-02
1.064710347407267846e-02
1.064654639472403796e-02
1.061299906432465988e-02
1.061539541455443041e-02
1.044083123137190018e-02
1.042744635538578844e-02
1.043863447353583773e-02
1.041557481477906923e-02
1.041216227746119376e-02
1.041164881455315834e-02
1.041500162059757865e-02
1.041512536897539615e-02
1.041483117587039577e-02
1.041566576942760426e-02
1.044009651268083642e-02
1.044024836843875266e-02
1.043962765395549906e-02
1.044060746956468853e-02
1.044121133258681632e-02
1.043983031259426014e-02
1.043964847892189622e-02
1.043871030554694400e-02
1.043901323346774039e-02
1.043724589366274748e-02
7.295206946153936708e-03
7.272695693375461241e-03
7.178762207492475449e-03
8.169166040948552115e-03
8.170195564141349842e-03
8.167377073123479464e-03
8.167425438275829550e-03
8.169716472360729134e-03
8.167857249091064337e-03
8.167682266343439385e-03
8.169439100288021505e-03
8.169498028624605154e-03
8.168578642057486294e-03
8.170364038695161063e-03
8.169474929761996046e-03
8.205212809126925105e-03
8.204457051057810826e-03
-7.770721569907787160e-03
-7.770468165883528261e-03
-7.773611017689259495e-03
-7.778963358710903712e-03
-7.780632464661580913e-03
-7.779575521559175567e-03
-7.779533752538766479e-03
-7.692959985428425573e-03
-7.689637179711234644e-03
-7.690893026816745734e-03
-8.051951049731168736e-03
-8.083737975861581340e-03
-8.074730507805494284e-03
-8.074631555249341813e-03
-7.603714954791161197e-03
-7.603782615017884612e-03
-7.589491386542259431e-03
-7.592805933908839365e-03
-7.590487233576342224e-03
-7.591077165994997156e-03
-7.591198324047998894e-03
-7.592039679893524372e-03
-7.617015335118370971e-03
-7.491738286422940443e-03
-7.492073831948526698e-03
-7.472397726338734364e-03
-7.473183752291751893e-03
-7.463067603383546564e-03
-7.377411724583403212e-03
-7.375168568106248330e-03
-7.376404570422873466e-03
-7.404333238527796394e-03
-7.462137765770686208e-03
-7.462493702724668984e-03
-7.463070472902040044e-03
-7.464787049821472106e-03
-7.466326587609673285e-03
-7.466259457651327688e-03
-7.466587996215317928e-03
-7.375926548900242630e-03
-7.072094440609078859e-03
-7.054559757092245843e-03
-7.188114424742687858e-03
-6.947751686269968210e-03
-6.947478287521666185e-03
-6.955126754663456569e-03
-7.942754644378649184e-03
-8.013032236260809321e-03
-8.013120076921780022e-03
-7.901893772124446089e-03
-8.111019989904809727e-03
-8.110165013245988416e-03
-8.114901403882534073e-03
-8.114903895347649887e-03
-8.114526648314773771e-03
-8.113963306630628952e-03
-8.113568329942729210e-03
-7.294092111119417771e-03
-7.309015718622273970e-03
-7.310046288701669073e-03
-7.292339178115921430e-03
-7.356862446042535843e-03
-6.994352781580160522e-03
-6.993917208142794335e-03
-7.005548439296199574e-03
-6.907456499048877929e-03
-6.932971208283697159e-03
-6.932644478811438374e-03
-6.929269437110812876e-03
-6.930998026001575739e-03
-6.935513064918816771e-03
-6.934453365347686277e-03
-6.933528616674308406e-03
-6.935478043588587729e-03
-6.936252808308772735e-03
-6.930249419113743148e-03
-6.934005987029528452e-03
-6.973506509520309600e-03
-6.972150122642892245e-03
-6.971403819597250459e-03
-6.972158682109781853e-03
-7.287969015325152650e-03
-7.246957937785040646e-03
-7.246664198389418492e-03
-9.183524915299641836e-03
-9.184257454085490921e-03
-9.185041206340683814e-03
-9.183926906576858964e-03
-9.183719865353396489e-03
-9.183406500708656689e-03
-9.184418357072237846e-03
-9.186632749142486024e-03
-9.182764449489500685e-03
-8.946136935801537321e-03
-8.398369672549520562e-03
-8.544251541414211309e-03
-8.508841883955545540e-03
-8.508315296509262257e-03
-8.507857373621148522e-03
-8.510880448016776637e-03
-8.510308290858338565e-03
-8.505673965169704628e-03
-8.514888285023150885e-03
-8.520539414036746445e-03
-8.639979877691363053e-03
-8.596043659041192539e-03
-8.596903331667861067e-03
-8.593425661434943297e-03
-8.592878126789325541e-03
-8.591499957240743973e-03
-8.599502701637808805e-03
-8.598321101811690070e-03
-8.741439897790996214e-03
-8.741377786630347493e-03
-8.741357471898794293e-03
-8.741398556252331573e-03
-8.744705032817325432e-03
-8.742022306515955313e-03
-8.741405455202416394e-03
-8.743646924780711094e-03
-8.738785425831670922e-03
-8.738439337255351005e-03
-8.739540999012153019e-03
-8.745558520415770004e-03
-8.745217084655207765e-03
-8.188118488220380228e-03
-8.183567917659841442e-03
-8.181898718218635555e-03
-8.414364223518506353e-03
-8.064674940643541332e-03
-8.062806898909551448e-03
-8.567128853742495345e-03
-8.838159867818646750e-03
-8.838174968726922320e-03
-8.838090221789704493e-03
-8.838244696112607102e-03
-8.838342987720709809e-03
-8.848123322298475507e-03
-7.845557038101988109e-03
-7.820123100622126955e-03
-7.818994425129602646e-03
-7.818589936026267700e-03
-7.820800620315244631e-03
-7.820043963264874595e-03
-7.819273057348389774e-03
-7.819340302633913733e-03
-7.854885151864604911e-03
-7.854211708060925695e-03
-7.840893947961901506e-03
-7.844059459506592946e-03
-7.845483005402555457e-03
-7.846197478909260406e-03
-7.844957245582383915e-03
-6.770123959180247668e-03
-6.731456013181572398e-03
-6.738931664753530955e-03
-6.725770925664116377e-03
-6.726949510898382924e-03
-6.735636054652067300e-03
-6.735807633565004185e-03
-6.739960383935323339e-03
-6.739305950779569780e-03
-6.731930824538161391e-03
-6.725092420133260002e-03
-6.745242826934583560e-03
-6.757851712851894316e-03
-6.726035424338109789e-03
-6.722447549894506984e-03
-6.723409355730978164e-03
-6.730066330984959752e-03
-7.582514401397631547e-03
-7.574006473853201783e-03
-7.596571432268214158e-03
-7.544322459514936526e-03
-7.542724750656322474e-03
-7.542937679553809484e-03
-7.543203430936491413e-03
-7.543045840897421965e-03
-7.544002791853949771e-03
-7.543958551694796531e-03
-7.512982862483772416e-03
-7.503793551847496440e-03
-7.608586414963007180e-03
-7.605600656320322429e-03
-7.605586069010598568e-03
-7.609191137816228440e-03
-7.547130492450915967e-03
-7.563714716110202414e-03
-7.554259175935333810e-03
-7.547252427519853674e-03
-7.548346718213726388e-03
-7.547537422429643345e-03
-7.548852541088619215e-03
-7.545942509798468992e-03
-7.542086707805319493e-03
-8.064091816420712946e-03
-8.068105120473357747e-03
-7.700072954333937909e-03
-6.408711671581151896e-03
-6.408545187461190534e-03
-6.408834415754406134e-03
-6.400334657486755723e-03
-6.395961066978509899e-03
-6.396051227828529299e-03
-6.399579804275599103e-03
-6.383947196687098091e-03
-6.383793618595109617e-03
-6.383937298413351440e-03
-6.384114690462180247e-03
-6.383966781802772293e-03
-6.399467197685202238e-03
-6.399301975864943141e-03
-6.399897641536110571e-03
-6.403497575736015468e-03
-6.403414689123991879e-03
-6.485912986394638639e-03
-6.480857237695677835e-03
-6.513865162644585059e-03
-6.470186648466803858e-03
-6.471244763780376746e-03
-6.471403972328346015e-03
-6.539545472029448421e-03
-6.439776614303743645e-03
-6.438448507970136701e-03
-6.440179005922086475e-03
-6.434654559985771016e-03
-6.445890661724473086e-03
-6.443010235622115452e-03
-6.442823487654891594e-03
-6.442692142969904008e-03
-6.442083311560012522e-03
-6.441624234554750583e-03
-6.441215159510747627e-03
-6.441159639721473831e-03
-6.441174177456620610e-03
-6.443069243992160730e-03
-6.443146371273165279e-03
-6.442510797344131075e-03
-6.444588094994646056e-03
-6.442066910359523640e-03
-6.441843866719439322e-03
-6.442665196780511354e-03
-5.856077629621325026e-03
-5.852819434262844858e-03
-6.569948680649340643e-03
-6.566322865153599239e-03
-6.566507684734779367e-03
-6.583409873409787338e-03
-6.583156704437796020e-03
-6.565247073170510199e-03
-6.564947322378719002e-03
-6.566962574000459983e-03
-6.549731498535373182e-03
-6.560216159803794987e-03
-6.571064427040476490e-03
-6.571038248799819688e-03
-6.643220859577303461e-03
-6.610179334461974490e-03
-6.608232606282661570e-03
-6.607161838053397795e-03
-6.655917143696734976e-03
-6.662229376308407593e-03
-6.654787970010002558e-03
-6.638629153693373190e-03
-6.654478792835601987e-03
-6.649820767351922318e-03
-6.704482503509944132e-03
-6.534000226408903655e-03
-6.532531296505674455e-03
-6.525242229767158966e-03
-6.524931955715840108e-03
-6.524918894228179563e-03
-6.525027011165932846e-03
-6.525005572748981443e-03
-6.553607944600864897e-03
-6.490256347682091254e-03
-6.681824251078273026e-03
-6.676208921351091223e-03
-6.691257561018095629e-03
-6.694013755338292307e-03
-6.693791422805100109e-03
-6.693894510966951622e-03
-6.698602003536268182e-03
-6.693087475406197390e-03
-6.692397863912299440e-03
-6.695304284435082270e-03
-6.696117436772602155e-03
-6.695296520265561421e-03
-6.698279039970811942e-03
-6.698865613049761157e-03
-6.699662458689594445e-03
-6.696527320334768121e-03
-6.697044622682252202e-03
-6.696483474015578995e-03
-6.696281157280728480e-03
-6.697057038953731917e-03
-6.662121447976170931e-03
-6.662319794395838921e-03
-6.673044555803139995e-03
-6.669379056794703074e-03
-6.670335237032270874e-03
-5.906772990565177864e-03
-5.907001627789566257e-03
-5.884183769517853380e-03
-5.885290856630913392e-03
-5.884497670542570939e-03
-5.883529893281978090e-03
-5.896866261289880097e-03
-6.570848449297406364e-03
-6.571791610672905043e-03
-6.571133203915675847e-03
-6.547412995454171200e-03
-6.482173778703539078e-03
-6.482129757334747534e-03
-6.476103639698658175e-03
-6.473558520304420125e-03
-6.474211518599204927e-03
-6.535887982231721946e-03
-6.527675734621608480e-03
-6.537766651392658106e-03
-6.539147671860982142e-03
-6.415087596026787693e-03
-6.415394810205100537e-03
-6.398256551707099012e-03
-6.392855751591100359e-03
-6.392862637462873310e-03
-6.338787829395153492e-03
-6.338998696240685966e-03
-6.338222468745141787e-03
-6.341460869172511894e-03
-6.343702955011088981e-03
-6.401038582373706938e-03
-6.395231712819446183e-03
-6.404832918398955903e-03
-6.405311829526485166e-03
-6.405554732818372760e-03
-6.405816097312616239e-03
-6.476358848116224587e-03
-6.463388800467301416e-03
-6.463637643545347596e-03
-6.468833327791943116e-03
-6.469808713037184487e-03
-6.459960185206015289e-03
-8.391706876431816522e-03
-8.391579692261690385e-03
-8.395239984463658683e-03
-8.408300016932740428e-03
-8.386462832326564351e-03
-8.389419719118188998e-03
-8.386038387491133103e-03
-8.391422239294924965e-03
-8.391773252376158107e-03
-8.390242908909993289e-03
-8.382362079969899599e-03
-8.380978743096159991e-03
-8.379431850145068611e-03
-8.410497776904377054e-03
-8.406011834489570886e-03
-7.116478098333258936e-03
-7.116724424291219833e-03
-7.118382484481600159e-03
-7.118352806269588086e-03
-7.118533486370670973e-03
-7.118331682797897526e-03
-7.118236775028420789e-03
-7.117685638548119226e-03
-7.117882566620474354e-03
-7.117773832954797132e-03
-7.080151428092249823e-03
-7.081093600703793241e-03
-7.080815658893010317e-03
-7.098311141295667384e-03
-7.098628676378610294e-03
-7.093058971167525914e-03
-7.090371424817545551e-03
-7.106413801817647660e-03
-7.106479497363296129e-03
-7.106856939926777840e-03
-7.105792072650842471e-03
-7.105731062066570312e-03
-7.104962727659313269e-03
-7.104719272802734187e-03
-7.105196543488802828e-03
-8.832868530243093153e-03
-8.794051030350821460e-03
-8.797166978830192607e-03
-8.797537442314430980e-03
-8.800905912592924332e-03
-8.804138543254139138e-03
-8.815822938365476535e-03
-8.755141975019113329e-03
-8.756148151421404985e-03
-8.842885265263597527e-03
-1.162946640717017234e-02
-1.162741939969264698e-02
-1.162823631356172012e-02
-1.165304479463854723e-02
-1.165376188454909402e-02
-1.165154447456000567e-02
-1.165049073874070001e-02
-1.165084478834880512e-02
-1.165084478834861950e-02
-1.164855387669331416e-02
-1.091506310936571182e-02
-1.091253084830776446e-02
-1.092665232226826787e-02
-1.093887975756886559e-02
-1.094538832393462079e-02
-1.094227701187088821e-02
-1.094159910342654314e-02
-1.132561757070416238e-02
-1.160526125744339339e-02
-1.160341975350634262e-02
-1.161036277267722856e-02
-1.161043360280260804e-02
-1.160248236154129593e-02
-1.160299852525536156e-02
-1.161047773252279341e-02
-1.160807710513586839e-02
-1.161486215284709099e-02
-1.161452242987313574e-02
-1.196260924629895771e-02
-1.036618599822505815e-02
-1.034748540284943612e-02
-1.032609978001385910e-02
-1.035951550924708170e-02
-1.040816159131795204e-02
-1.041354117433566581e-02
-1.041213545462667776e-02
-1.040613572602076126e-02
-1.040733165542038867e-02
-1.049467658488121430e-02
-1.049506967831730260e-02
-1.049491063271171427e-02
-1.049609673582467886e-02
-1.042739841327241547e-02
-1.041957915753038283e-02
-1.042456636974137957e-02
-1.042631288011653876e-02
-4.790733858965071958e-03
-4.790779013637588672e-03
-4.790784394598497295e-03
-4.636713230544167730e-03
-5.094939834368707524e-03
-5.095424601413271054e-03
-5.095877367707942612e-03
-5.105542131652525926e-03
-5.105852382038790493e-03
-9.013081707214412944e-03
-1.147310575165779237e-02
-1.146463358515711038e-02
-1.147105381418535991e-02
-1.146803037558131663e-02
-1.147376712532088665e-02
-1.147261082329313620e-02
-1.106059515168920926e-02
-1.114627611670538677e-02
-1.111293347240895242e-02
-1.106439885025513846e-02
-1.106438588238782897e-02
-1.106439885851179077e-02
-1.103350470844580503e-02
-1.103215189722038005e-02
-1.104830444218711516e-02
-1.104864488213993731e-02
-1.105718701718522157e-02
-1.103517722069710834e-02
-1.102578156320785027e-02
-1.102387213565744588e-02
-1.102469299269421936e-02
-1.101627115456885186e-02
-1.101628909787808960e-02
-1.101861095977834000e-02
-1.102521694731859250e-02
-1.121793374327668610e-02
-1.123484119806756991e-02
-1.123139251816351533e-02
-1.122945678245561123e-02
-1.122968636533337727e-02
-1.122910702808923265e-02
-1.122911421170105610e-02
-1.122942235380682517e-02
-1.122827198013708581e-02
-1.122822433822539233e-02
-1.122960314802862528e-02
-1.122695729712007776e-02
-1.111840474135475550e-02
-1.110494590942480604e-02
-1.110504585705975912e-02
-1.110313375701705088e-02
-1.110950691122538150e-02
-1.139822253711034704e-02
-1.106635050794160975e-02
-1.106781165957837314e-02
-1.106744228884781397e-02
-1.106616042051559827e-02
-1.106715999481931376e-02
-1.106448434241001297e-02
-1.106508962950791992e-02
-1.106092767361894873e-02
-1.106188722996921323e-02
-1.110275925367805276e-02
-1.108473154493049527e-02
-1.108341933116864693e-02
-1.107867309324646332e-02
-1.108049311198980834e-02
-1.107977201989185194e-02
-1.107681011429176819e-02
-1.109336466778621140e-02
-1.109338240332607278e-02
-1.109392860797762601e-02
-1.110313345622278985e-02
-1.109542209795869559e-02
-1.109497170854534601e-02
-1.109584439864721647e-02
-1.109383429886962556e-02
-1.109658296422376053e-02
-1.109187275473073712e-02
-1.109616587139237651e-02
-1.107142202661353866e-02
-1.110102134684761571e-02
-1.108415988302955887e-02
-1.108282097143969101e-02
-1.100688708975869345e-02
-1.100863512901688150e-02
-1.101018466414772218e-02
-1.100823402077686156e-02
-1.100807876655288467e-02
-1.100822937460231576e-02
-1.100884094284531461e-02
-1.100896555205595900e-02
-1.101078437212897436e-02
-1.101048290710554198e-02
-1.100967058109085170e-02
-1.100995975037391897e-02
-1.100934584708035575e-02
-1.100902035285854404e-02
-1.100837254190985617e-02
-1.100838194636018751e-02
-1.100982955199225274e-02
-1.100878052339032860e-02
-1.100865974109830649e-02
-1.100941212813400481e-02
-1.100910568468191006e-02
-1.100960975353512498e-02
-1.101090306900789038e-02
-1.100973116439253087e-02
-1.100966863719704536e-02
-1.100989194126476660e-02
-1.100099169607316602e-02
-1.100431593742192370e-02
-1.085845567123511560e-02
-1.086025086089201577e-02
-1.084735140168672889e-02
-1.084833486396096294e-02
-1.084762871596946926e-02
-1.084715190289601942e-02
-1.117827097847778721e-02
-1.118389980515648377e-02
-1.128280000263506312e-02
-1.124413968019440449e-02
-1.124483733767533272e-02
-1.124505383202966703e-02
-1.093580377467085266e-02
-1.093807280289812653e-02
-1.106918071773107387e-02
-1.106978447386281796e-02
-1.106850532236209293e-02
-1.106960106541037513e-02
-1.106879752664103635e-02
-1.106941773172381155e-02
-1.106868311283519188e-02
-1.106781641422173446e-02
-1.127087123309072209e-02
-1.127576587372445052e-02
-1.126719976959094857e-02
-1.126945809398284711e-02
-1.126952815603612240e-02
-1.126997563841099573e-02
-1.126890059669387149e-02
-1.125539526231839407e-02
-1.113643787259085624e-02
-1.113270151875979039e-02
-1.111777849601493923e-02
-1.111062389642975858e-02
-1.110979317480895699e-02
-1.110541387526103353e-02
-1.110565429808724365e-02
-1.109944496147757809e-02
-1.110416522223106432e-02
-1.110671007007928666e-02
-1.116850011369255845e-02
-1.106450044877158208e-02
-1.106543144780175458e-02
-1.106498436150893210e-02
-1.106488698191863788e-02
-1.106165792185132522e-02
-1.106334403550487955e-02
-1.110624225727558159e-02
-1.110788808027511274e-02
-1.110745680683166044e-02
-1.110862381454810581e-02
-1.110924559866145224e-02
-1.112264989368546599e-02
-1.110101012355543988e-02
-1.110119936006256393e-02
-1.110210369835093469e-02
-1.110144920661759044e-02
-1.110156679978784380e-02
-1.110065304019497781e-02
-1.110044636499693885e-02
-1.110171237684434882e-02
-1.114615665180763472e-02
-1.114612598136857126e-02
-1.111673343729794108e-02
-1.112004558888267727e-02
-1.121422173332542981e-02
-1.105276020414412697e-02
-1.121326973694552684e-02
-1.121294552840249384e-02
-1.121258820782411458e-02
-1.121230379347229814e-02
-1.121406190072865572e-02
-1.118352645858614568e-02
-1.118531037656667233e-02
-1.119428702302029642e-02
-1.121696949046375319e-02
-1.121549758798348444e-02
-1.120850180262563701e-02
-1.120358737064480054e-02
-1.120346995323808111e-02
-1.121379579523795918e-02
-1.120610183384457281e-02
-1.120428719184037893e-02
-1.121014308360959201e-02
-1.121013069294252845e-02
-1.121273476426338893e-02
-1.327333709665706393e-02
-1.327583393088832206e-02
-1.327801173868634575e-02
-1.327580774459274048e-02
-1.327625974199313739e-02
-1.327387375394101232e-02
-1.327648139929694590e-02
-1.327390264506797882e-02
-1.327930356971550145e-02
-1.328068403073645598e-02
-1.327594520772673765e-02
-1.325066711705488905e-02
-1.321503903819740838e-02
-1.307223934935175351e-02
-1.369782750812332216e-02
-1.369682574548357692e-02
-1.369673803050944043e-02
-1.373225926101329097e-02
-1.373242721468173611e-02
-1.373329348596470482e-02
-1.373326218181948437e-02
-1.373323404482961786e-02
-1.373357113317383305e-02
-1.373322050951838146e-02
-1.371561218569381131e-02
-1.371491648628054075e-02
-1.097103107053783166e-02
-1.095909932261367355e-02
-1.096183328830161938e-02
-1.096151515875547558e-02
-1.096662641233460411e-02
-1.096075040981893053e-02
-1.096074749430295259e-02
-1.096088502956714221e-02
-1.096245964762155092e-02
-1.096388207328321401e-02
-1.097719746770561486e-02
-1.102174848794408579e-02
-1.100905367368015808e-02
-1.101255961485658394e-02
-1.101297948514796780e-02
-1.101094922627627454e-02
-1.102630246786129482e-02
-1.102635432746965939e-02
-1.102589825744632913e-02
-1.101819941376836094e-02
-1.101800488310168170e-02
-1.101676608737581567e-02
-1.102198241707497139e-02
-1.102491985335822718e-02
-1.103428985681598369e-02
-1.103262333750801814e-02
-1.103447146054031824e-02
-1.103435161631076064e-02
-1.103285100777213514e-02
-1.103247553324358289e-02
-1.103084523840212883e-02
-1.103240418893459973e-02
-1.103252905331849471e-02
-1.103224503246253048e-02
-1.101706558918227712e-02
-1.102978427254148325e-02
-1.136728261474681881e-02
-1.144004747633143269e-02
-1.144412579642727773e-02
-1.144419558710990312e-02
-1.143159708726818220e-02
-1.143236592186630020e-02
-1.143224236092351895e-02
-1.143257379074878906e-02
-1.143249642701049326e-02
-1.191167599211283117e-02
-1.191171044342815774e-02
-1.191212329380855230e-02
-1.191213555587021695e-02
-1.191175076378627254e-02
-1.191226715173317359e-02
-1.191174263676267157e-02
-1.191122504824779042e-02
-1.191141222363184191e-02
-1.186410976082801459e-02
-1.186546326547910368e-02
-1.187407106033151923e-02
-1.187081074828610396e-02
-1.187097699028949981e-02
-1.216445798117730959e-02
-1.206602921051170771e-02
-1.206736869594956553e-02
-1.206776348664377607e-02
-1.206834922450691731e-02
-1.206190744795738144e-02
-7.106693589252924964e-03
-7.109993922939646799e-03
-6.998797283921259944e-03
-6.719856220395429951e-03
-6.709991287103093255e-03
-6.676194990441907187e-03
-6.938120926034382734e-03
-6.932612050071908748e-03
-6.933216979734322175e-03
-6.933791099881863977e-03
-6.933757475180683458e-03
-6.933579021759465368e-03
-6.936575204351200404e-03
-6.936673314528256709e-03
-6.935593882554633854e-03
-6.915881587889733881e-03
-6.907147080996062054e-03
-6.934379999331772779e-03
-6.933772145979473674e-03
-6.933650266764995913e-03
-6.933697778584985497e-03
-6.887385843604179776e-03
-6.874153860820781010e-03
-6.874179446994618629e-03
-6.872512779944148220e-03
-6.885345870325767365e-03
-6.883451753182800482e-03
-6.870402025151820143e-03
-6.871679064442174148e-03
-6.938014378359297178e-03
-6.938073345101563108e-03
-6.936228631284439665e-03
-6.908969202458914265e-03
-6.907621259013774911e-03
-6.906650293744308680e-03
-6.907637860676064598e-03
-6.912729177829621957e-03
-6.909597519118871115e-03
-6.922310990112564080e-03
-6.898010047971159589e-03
-6.897341453502453014e-03
-6.896274090374030288e-03
-6.898603581813791269e-03
-6.908248192474582793e-03
-6.908123127490441336e-03
-6.921936589202826347e-03
-6.917758916610253390e-03
-6.913625211075420662e-03
-6.920906695657581126e-03
-6.921984546808208037e-03
-6.921542577352654546e-03
-6.790324929431156530e-03
-6.789191429185000883e-03
-6.801598617139150392e-03
-6.790303864950934798e-03
-6.790212734480915655e-03
-6.787551471598100156e-03
-6.790127915652890284e-03
-7.096790727324568150e-03
-7.097287708929043808e-03
-7.049752687607284754e-03
-7.072985502044213876e-03
-7.068710412552255996e-03
-7.071456808678590507e-03
-7.070706138567554519e-03
-7.069033945176368336e-03
-7.068218751314016453e-03
-7.065657017342776014e-03
-7.066404875777607640e-03
-7.075014926980018916e-03
-7.005889583228272488e-03
-6.983127551581470166e-03
-6.967659852962366715e-03
-6.964082464422142148e-03
-6.964364888872992369e-03
-7.075049656642883218e-03
-7.075224953556205100e-03
-7.067265623410824357e-03
-7.073768165086351083e-03
-7.074130773079235698e-03
-7.074096226515235591e-03
-7.072130413562230725e-03
-7.072792061759337716e-03
-7.073488443051986763e-03
-7.070414334086413607e-03
-7.069898545807835367e-03
-7.069943648896555820e-03
-7.070449717328139080e-03
-7.069535235709909979e-03
-7.069080766337607243e-03
-7.070189824746345164e-03
-7.066595362544409592e-03
-7.066772200780878713e-03
-7.078644459474126537e-03
-7.075948806198101640e-03
-7.075086123468419044e-03
-7.076532903055012674e-03
-7.079216127987207792e-03
-7.084192778704147611e-03
-7.084289714248735367e-03
-7.079397739075671617e-03
-7.080237365461350928e-03
-7.080215265146239112e-03
-7.079728657084291034e-03
-7.083216445291861361e-03
-7.078785870185713182e-03
-7.081546208337868853e-03
-7.076744655919485656e-03
-7.077207712163149055e-03
-7.078645803544465938e-03
-7.078173030551738326e-03
-7.075739112794843938e-03
-7.084065772554743769e-03
-7.067504025988183454e-03
-7.080805408587367844e-03
-7.075326978585234385e-03
-6.988283142783889394e-03
-6.986986377313626241e-03
-6.966890198522532503e-03
-6.964867777799735662e-03
-6.965558815755641155e-03
-6.953849878225846874e-03
-6.957707800234806846e-03
-6.961324339467538785e-03
-6.964205774573774266e-03
-6.895503655855316980e-03
-6.895807545609531838e-03
-6.894344323151098061e-03
-6.880777927382798406e-03
-6.892434219439813776e-03
-6.895719843302056465e-03
-6.813064355436256568e-03
-7.219323618966703125e-03
-7.216653097715965484e-03
-7.217512856557168656e-03
-6.984882111704899220e-03
-7.063792724291388311e-03
-7.059283374166709299e-03
-7.040629094012298451e-03
-7.041751327807598514e-03
-6.818805933731245800e-03
-6.839822086593239266e-03
-7.127769404488829529e-03
-7.126677053702872543e-03
-7.121770877603334111e-03
-7.119183932937780263e-03
-6.950086361468642629e-03
-6.968709353122304849e-03
-6.948167842791183081e-03
-6.950109135061475346e-03
-6.948723755367322043e-03
-6.956913071374222837e-03
-6.959900588136184486e-03
-2.032880919763055058e-02
-2.032912479419053675e-02
-2.034375184364560149e-02
-2.034393275550730115e-02
-2.034330585962881507e-02
-2.032348809074280283e-02
-2.032585718787788265e-02
-2.033802058400177235e-02
-2.033791764483829090e-02
-2.033693121768405040e-02
-2.033458771002466525e-02
-2.033465543725579763e-02
-2.033400942073005507e-02
-2.032707323479236716e-02
-2.032683952509117820e-02
-2.023133771409282161e-02
-2.024593676216199234e-02
-2.024352643786288611e-02
-2.022743988588012951e-02
-2.023010879201273329e-02
-2.022775159715126114e-02
-2.032588349260433871e-02
-2.032473465222715131e-02
-2.033963970413525321e-02
-2.033198372569658408e-02
-2.033734070389200607e-02
-2.033882794293609408e-02
-2.033646974755022943e-02
-2.033878629250783499e-02
-2.033533483961296948e-02
-2.033381013666042333e-02
-2.033559463600685679e-02
-2.034391873480326934e-02
-2.034259686422023802e-02
-2.034598676355191260e-02
-2.034683515270939436e-02
-2.034485210015501283e-02
-2.034532680761013540e-02
-2.034440910986765744e-02
-2.034464823562884273e-02
-2.034186464698016159e-02
-2.034196555441931606e-02
-2.033236475752344882e-02
-2.033280821739373231e-02
-7.058554601518131182e-03
-7.050310024167292904e-03
-7.050193713948960453e-03
-7.050448190067789590e-03
-7.021342006722155679e-03
-7.020100892748540496e-03
-7.016056741494995294e-03
-7.019043722958961777e-03
-1.079704408428433168e-02
-1.079772192250606257e-02
-1.081167834451425037e-02
-1.077286805139675112e-02
-1.077268752929850908e-02
-1.099845753970441105e-02
-1.099912993970009363e-02
-1.113034863505541101e-02
-1.112896215706872353e-02
-1.112900408425294800e-02
-1.112585151765188574e-02
-1.112505723544159053e-02
-1.112525307941236025e-02
-1.112522310547970142e-02
-1.112543837316837952e-02
-1.112139123728186560e-02
-1.112186381888389565e-02
-1.112042840035690726e-02
-1.111907820542329048e-02
-1.069057056063462026e-02
-1.102497329430564450e-02
-1.103951218920181179e-02
-1.042359466622447446e-02
-1.061724403200199618e-02
-1.060719484083946784e-02
-1.047947489375113291e-02
-1.053343401251927332e-02
-1.129859543883496471e-02
-1.129914400320445635e-02
-1.396498498482543621e-02
-1.396430802554666367e-02
-1.396602116711832473e-02
-1.396686691486183005e-02
-7.040732853913676814e-03
-1.096294262342768777e-02
-1.124261713870701625e-02
-1.124539304729529204e-02
-1.125130328823791860e-02
-1.125119875372728243e-02
-1.125129217166419109e-02
-1.125134144021342278e-02
-1.125136659922029540e-02
-1.124077904302344180e-02
-1.123784464157137099e-02
-1.124581625868344321e-02
-1.124434244308789715e-02
-1.126054032216414549e-02
-1.126235896731232582e-02
-1.125283265332956834e-02
-1.125409465747201354e-02
-1.124758360463886178e-02
-1.124784983282801736e-02
-1.124503191368567828e-02
-1.124032059343692616e-02
-1.124079920063883117e-02
-1.124142234893861676e-02
-1.124650636517451202e-02
-1.123659285462430026e-02
-1.123838901421142511e-02
-1.123855060858448135e-02
-1.123850806390468138e-02
-1.123568460129452558e-02
-1.121579873097476934e-02
-1.122810276690006277e-02
-1.009277785058877025e-02
-1.009051055756871561e-02
-1.009061116647467019e-02
-1.009035356136211807e-02
-1.009069315021102198e-02
-1.009052284392527969e-02
-1.009215107776361905e-02
-1.008477699433601125e-02
-1.006654540620294594e-02
-1.009131544863938086e-02
-1.007882252879355178e-02
-1.006779526860530384e-02
-1.039814169838457203e-02
-1.039831090148629449e-02
-1.039834454605369739e-02
-1.039048981219323729e-02
-1.039009954125885878e-02
-1.039001265147742117e-02
-2.484882905424866482e-03
-2.209646870418337239e-03
-2.212599317704855902e-03
-2.213583693051740867e-03
-2.206475628470581409e-03
-2.201071947424735643e-03
-2.348367095224378805e-03
-2.357013582756463995e-03
-2.357131301944227156e-03
-2.355668555089617932e-03
-2.219099468495605142e-03
-2.217299421092838382e-03
-2.217859682511373349e-03
-1.403023789326119644e-03
-1.403193372316306970e-03
-1.402479276299595495e-03
-1.411449856956205383e-03
-1.411160408452299606e-03
4.687554852832571083e-04
4.909152568923214055e-04
4.917504373627769624e-04
4.908831963314632492e-04
4.911487706909127343e-04
4.912090175842423771e-04
4.918103347186173748e-04
4.921940550317762796e-04
4.911143997245417296e-04
4.908259734406894559e-04
5.364174010765504139e-04
5.358482397125769467e-04
5.328178297662705502e-04
5.365818058079658767e-04
5.363362223965394398e-04
5.345666349346848978e-04
5.458868486578361554e-04
5.205651643474932568e-04
5.268434046623636600e-04
1.101154787422894081e-04
9.671733514651019675e-05
9.716598942249679604e-05
9.775955554153395552e-05
9.765495439577535192e-05
9.706761796769700404e-05
9.579483723701563540e-05
9.574084826171064407e-05
9.666280386075892686e-05
9.658352968474388128e-05
9.799771837456601388e-05
9.725898353906836798e-05
9.740946322898505244e-05
9.780146012540729284e-05
9.725250160462987198e-05
8.137005895355520137e-05
7.937425848104342953e-05
1.143989268629870071e-04
1.155484168199694215e-04
1.121034829821162767e-04
1.116365443019434555e-04
1.115879407727695289e-04
-3.129767250499832648e-02
-3.129849105557443861e-02
-3.125038491876985097e-02
-3.124781244141645875e-02
-3.124912846442233147e-02
-3.125952023676911024e-02
-3.125343639940361684e-02
-3.129057532975219186e-02
-3.145866542880373234e-02
-3.145773013250666855e-02
-3.146392125686563873e-02
-3.146388870991697478e-02
-3.146449700879238448e-02
-3.148199835733137691e-02
-3.152991183584107071e-02
-2.880089066596002237e-02
-3.386695031172641535e-02
-3.388246324434420614e-02
-3.387457896255752915e-02
-3.387389641498747550e-02
-3.387481477700338139e-02
-3.387463675535503510e-02
-3.387488964199887598e-02
-3.387761282944151686e-02
-3.387919684855819624e-02
-3.387788889789934005e-02
-3.387881163809726426e-02
-3.387818889746978951e-02
-3.387883084264699945e-02
-3.387824900904957276e-02
-3.387370016006120005e-02
-3.387338570111050190e-02
-3.387426327736652726e-02
-3.387447695323857200e-02
-3.387543546312070386e-02
-3.387722633286117252e-02
-3.387448396287882219e-02
-3.387798368369872304e-02
-3.387645582835897839e-02
-3.373707916696455644e-02
-3.372176102374171286e-02
-3.372183991180884022e-02
-3.371213805404450758e-02
-3.372607025890363847e-02
-3.372071624765139719e-02
-3.378378083269642507e-02
-3.378468319971158346e-02
-3.378859550033339043e-02
-3.378804881607085780e-02
-3.378790794752130344e-02
-3.374056079234465100e-02
-3.380414024477462753e-02
-3.380400054030635593e-02
-1.160027447804998918e-02
-1.160120988134218448e-02
-1.157483025727268182e-02
-1.158257932084131962e-02
-1.158149434686172631e-02
-1.158179430229567576e-02
-1.158350794424056057e-02
-1.158257223213761053e-02
-1.158255764419775791e-02
-1.158455821583322630e-02
-1.159349820797930981e-02
-1.158251697315732659e-02
-1.159022675795165318e-02
-1.159650744165141752e-02
-1.159713720368213755e-02
-1.158282610603825549e-02
-1.158151768220928336e-02
-1.158116997990872067e-02
-1.158067630875860010e-02
-1.158051956945354254e-02
-1.157977838124018936e-02
-1.158177218611431379e-02
-1.158636084844538901e-02
-1.156597326124412725e-02
-1.156599903624279564e-02
-1.156794435502956492e-02
-1.166947703529920208e-02
-1.166439083991838849e-02
-1.166557725321916254e-02
-1.166777774547436697e-02
-1.166560392152814901e-02
-1.166558961406244203e-02
-1.166696503205687761e-02
-1.163926491303361385e-02
-1.161040988397771777e-02
-1.161046871803286980e-02
-1.161136840130821621e-02
-1.161067487814203270e-02
-1.161067882138612506e-02
-1.161099578172311575e-02
-1.152184238910865764e-02
-1.148661416525093709e-02
-1.148761978174521990e-02
-1.148940101253873892e-02
-1.149241647457959273e-02
-1.149175843650843132e-02
-1.149245206506680980e-02
-1.144362840393413176e-02
-1.132811179930228070e-02
-1.132489218995368606e-02
-1.132791533794159748e-02
-1.132787558095820282e-02
-1.142174538730307380e-02
-1.142248752493480769e-02
-1.142246387063509602e-02
-1.141700289518796790e-02
-1.141707044816060203e-02
-1.141410007768008973e-02
-1.141397272430823805e-02
-1.141879034948487665e-02
-1.141828558698724898e-02
-1.141777297587966318e-02
-1.135615412822835180e-02
-1.135736801640963890e-02
-1.135973640913310288e-02
-1.135707569143143067e-02
-1.135695997523653716e-02
-1.135662894847600315e-02
-1.136109117050167032e-02
-1.144574804955382323e-02
-1.144502601419546649e-02
-1.144529429676637185e-02
-1.140458052247896037e-02
-1.139300710500265081e-02
-1.139645728252860861e-02
-1.139398783277205916e-02
-1.139454128732969064e-02
-1.139534489098047686e-02
-1.192520268628950025e-02
-1.192495938631063339e-02
-1.192629218336832206e-02
-1.184182264608932798e-02
-1.176283027932306137e-02
-1.183690884681933703e-02
-1.184412559408093771e-02
-1.184887323797679561e-02
-1.185001682317256277e-02
-1.185352667756404445e-02
-1.185432429074561277e-02
-1.185395267071593164e-02
-1.185372948156923623e-02
-1.185451405454004438e-02
-1.185489816263556734e-02
-1.185632554990321587e-02
-1.185785054711372896e-02
-1.185791580287075091e-02
-1.184635959793771572e-02
-1.184939513328034204e-02
-1.184886739842346513e-02
-1.184929589224873597e-02
-1.123660960556744672e-02
-1.158663197580089670e-02
-1.158638296349611546e-02
-1.123935306937380064e-02
-1.098427745010887267e-02
-1.097963253137303197e-02
-1.395389861150894868e-02
-1.396108297274642647e-02
-1.395575287473804597e-02
-1.395781246639443696e-02
-1.395833010659580480e-02
-1.395865487504254279e-02
-1.395981612102751603e-02
-1.395728268962080805e-02
-1.395996478480753845e-02
-1.395796059529254805e-02
-1.395839008145486303e-02
-1.395366846616114681e-02
-1.393801596284664594e-02
-1.393469070783994075e-02
-1.318036932417065987e-02
-1.318023464544707153e-02
-1.318013854392557395e-02
-1.316420037487471550e-02
-1.318473174784485363e-02
-1.318007564695251009e-02
-1.318816752354208706e-02
-1.318826564612729686e-02
-1.319858890696216057e-02
-1.319878074471204227e-02
-1.319801777120977598e-02
-1.319909294943240677e-02
-1.319916309234771094e-02
-1.334783221979752438e-02
-1.341278730159865470e-02
-1.341271851956157661e-02
-1.338361270774330626e-02
-1.338368705621979272e-02
-1.338065382892176733e-02
-1.338008877030387456e-02
-1.338093314395958841e-02
-1.338449227936862329e-02
-1.338532766192483334e-02
-1.340962916183873442e-02
-1.339329776239654018e-02
-1.340709855202643422e-02
-1.340541222729402238e-02
-1.340660683063615681e-02
-1.340716024754218944e-02
-1.340456267697335245e-02
-1.340379295756248187e-02
-1.340554419708351631e-02
-1.340500743053541464e-02
-1.340782132502745666e-02
-1.340785471192158448e-02
-1.340709107588289317e-02
-1.340722188139845117e-02
-1.340723801114397130e-02
-1.340798633068040688e-02
-1.341709221773170965e-02
-1.340747940940570197e-02
-1.340461192490888589e-02
-1.341576303621732323e-02
-1.341076017000734227e-02
-1.340363112554008619e-02
-1.339443759372256453e-02
-1.340328521652532634e-02
-1.341498164864125299e-02
-1.341019212579205866e-02
-1.342045164302167574e-02
-1.342403233336316587e-02
-1.342336964047460834e-02
-1.342340592888086742e-02
-1.342430601468562988e-02
-1.342423464207603660e-02
-1.342430132313040744e-02
-1.342424304306121842e-02
-1.342426229302397765e-02
-1.342394505459289060e-02
-1.342363793299904996e-02
-1.342429127323567679e-02
-1.342347171318046366e-02
-1.342350500775213104e-02
-1.342354437954708553e-02
-1.342368484090650932e-02
-1.342360485619405359e-02
-4.071901226554100299e-03
-3.798893301664336107e-03
-3.802074940443322948e-03
-3.801379345892138845e-03
-3.801503121330399200e-03
-3.800965252455944070e-03
-3.801897085538386532e-03
-3.799644816154336847e-03
-3.788805892871309998e-03
-3.788672398105129898e-03
-3.973494178602024821e-03
-7.637079512637478217e-03
-7.636959116520313819e-03
-1.977715153058615810e-02
-1.977365521778387189e-02
-1.976766231521471032e-02
-8.790817104169458898e-03
-8.632614395259361958e-03
-8.632561597056774214e-03
-8.632655559293314282e-03
-8.632644893679359763e-03
-8.632435330455099851e-03
-8.632682633353217991e-03
-8.633801469158632058e-03
-8.634335968481047022e-03
-8.640231839392480823e-03
-8.639670617157849467e-03
-8.634216798000075854e-03
-8.676658990324529266e-03
-8.675857063326276875e-03
-8.674948825779084036e-03
-8.676602944987781008e-03
-8.676640469065801178e-03
-8.676938394637645838e-03
-8.676305304407374783e-03
-8.681321278471704553e-03
-8.678877765567687141e-03
-8.672941734572297071e-03
-8.601212697586199316e-03
-8.605061091843831805e-03
-8.609942754717027358e-03
-8.607861866472643272e-03
-8.606589742677375754e-03
-8.916771411083157517e-03
-8.919605573788690761e-03
-8.920116859749230645e-03
-8.919524174242108444e-03
-8.916052647906132222e-03
-8.922574625811918736e-03
-8.933204461688088946e-03
-8.919658277254475034e-03
-8.922200950450509885e-03
-8.923776024268805299e-03
-8.922530377150378333e-03
-8.962780387826673606e-03
-8.918043056742611108e-03
-8.911510388176765995e-03
-8.911321608196765345e-03
-8.910443775678249592e-03
-8.910115140158067146e-03
-8.913212639618965649e-03
-8.914418509424986911e-03
-8.938498580922016670e-03
-1.392510621217490224e-02
-1.392950935201087842e-02
-1.394176710168603013e-02
-1.394130394341896312e-02
-1.394054240462373404e-02
-1.394258065851404320e-02
-1.394257660754761284e-02
-1.394235049241349458e-02
-1.393650398538680626e-02
-1.393623623226569568e-02
-1.393908224644309184e-02
-1.392803580953444476e-02
-1.400063304797415087e-02
-1.398014640999638812e-02
-1.394002483477524076e-02
-1.394838791498461718e-02
-1.199884614460070172e-02
-1.198601916743006861e-02
-1.200932601056404168e-02
-1.200929827086258395e-02
-1.200928648381354054e-02
-1.201062440390322610e-02
-1.201019249449647788e-02
-1.201053244776720437e-02
-1.201099852511208418e-02
-1.201020436828606139e-02
-1.197386710576735930e-02
-1.198743850866650258e-02
-1.198771784451029519e-02
-1.198940286875529483e-02
-1.200693107819081687e-02
-1.200534189329022922e-02
-1.200024408508896905e-02
-1.200027987239784578e-02
-1.199873544570917439e-02
-1.200120896925706629e-02
-3.761620941968292237e-03
-3.754713801205429493e-03
-3.736517338372419023e-03
-3.738482112293068944e-03
-3.749648231343239227e-03
-3.733126989920450972e-03
-3.768837075023742135e-03
-3.748779155804595180e-03
-3.748719142382804948e-03
-3.748581043519069386e-03
-3.750797070906582847e-03
-3.754701547449565760e-03
-3.753194368430722624e-03
-3.752559529978899671e-03
-3.754736723553421442e-03
-3.754664336237239011e-03
-3.753404580160353901e-03
-3.740253990014366300e-03
-3.739902075044776626e-03
-3.735697831752152458e-03
-3.735412369274711524e-03
-3.735371454681985989e-03
-3.735472011956921228e-03
-3.735773118854274037e-03
-3.734800792133434293e-03
-3.737519956715712639e-03
-3.739114675016638918e-03
-3.737637558501407699e-03
-3.721433598158205812e-03
-3.643452813653332359e-03
-3.651051133955435929e-03
-3.651525476945392552e-03
-3.658680651841022657e-03
-3.679816203278802027e-03
-3.695676938149347005e-03
-3.663110862744170179e-03
-3.658557156407503917e-03
-3.655979396401829937e-03
-3.650520643927203639e-03
-3.649632000981379350e-03
-3.651996085064710719e-03
-3.624890516739481903e-03
-3.625201191506510507e-03
-3.625064155224871909e-03
-3.624783141194486569e-03
-3.626445208383797907e-03
-3.623580004905218536e-03
-3.624473326092958209e-03
-3.624986067470745317e-03
-3.622998001786707604e-03
-3.623790692901004366e-03
-3.623785079572150979e-03
-3.623981588279568365e-03
-3.622542885960834506e-03
-3.638521780412119939e-03
-3.630153217831898465e-03
-3.630649840296198191e-03
-3.624992315212365382e-03
-3.655625820318026634e-03
-3.655567079537932855e-03
-3.654391454179116514e-03
-3.653901998044372604e-03
-3.654530709259148392e-03
-3.653679594168641326e-03
-3.655551607419227269e-03
-3.656141548394857641e-03
-3.643496227682414997e-03
-3.641116594729209687e-03
-3.641031217339357317e-03
-3.641822730014599840e-03
-3.652800138320731489e-03
-3.675831573962500855e-03
-3.655092873559254857e-03
-3.654785574284014679e-03
-3.654106823144277413e-03
-3.656960327775946474e-03
-3.735817350688392605e-03
-3.732063338804566741e-03
-3.731367512002393364e-03
-3.629211498945751277e-03
-3.630725758571480815e-03
-1.651754869591815639e-02
-1.651729931043969396e-02
-1.651501158791367219e-02
-1.651955526669840121e-02
-1.652700909362638318e-02
-1.726995353770061081e-02
-1.727483735110686008e-02
-1.727527277413276607e-02
-1.727604275153472868e-02
-1.727598373865111767e-02
-1.727921268120847370e-02
-1.728187506707658944e-02
-1.690572034865253301e-02
-1.627328518743804964e-02
-1.627029252385022925e-02
-5.862049228158901747e-03
-1.150083876177491332e-02
-1.150095079142117276e-02
-1.133420329232037206e-02
-1.258889663002028814e-02
-1.258890589429773575e-02
-1.252216023318474328e-02
-1.252129701250543313e-02
-1.252214238586263351e-02
-1.252267628311773580e-02
-1.252286014376510423e-02
-1.252151574257089582e-02
-1.252246776848586936e-02
-1.253900499428275278e-02
-1.253966762019559887e-02
-1.253122768253811699e-02
-1.253063779592106936e-02
-1.256242954927408104e-02
-1.256460405378836617e-02
-1.254866271175777981e-02
-1.254790319593808261e-02
-1.254807871858925825e-02
-1.256485848929193155e-02
-1.270003309440014862e-02
-1.270337577588119028e-02
-1.270908040995335012e-02
-1.266921335739539141e-02
-1.262268947384145509e-02
-1.259962234491619759e-02
-6.369838377182381745e-03
-6.370036887939829230e-03
-6.227191256120511928e-03
-6.230713124019251169e-03
-6.229585754004908146e-03
-6.235784737061021016e-03
-7.138288466808751821e-03
-7.137276799623165115e-03
-1.161212267375826349e-02
-1.160913626800689699e-02
-1.161276247130604150e-02
-1.161459763613907972e-02
-8.379830402165515738e-03
6.846276611522682243e-02
6.845523937341962961e-02
6.846671604684362311e-02
6.848998468777844906e-02
6.849358767308476315e-02
6.849926400152958617e-02
6.849424416037448726e-02
6.849133628181673650e-02
6.852069825436704620e-02
6.851798375011172726e-02
6.852722147010921472e-02
6.838382322122732448e-02
6.851865108063566467e-02
6.851865535830274634e-02
6.852798482629562926e-02
6.848717613625529554e-02
6.848703592918525818e-02
6.848689344641258059e-02
6.902928647507741711e-02
6.884290472785274673e-02
6.875146903823262101e-02
6.874874961690666253e-02
6.879971208405005756e-02
6.887109630929930115e-02
6.888671544005040004e-02
6.888785198402576360e-02
6.888106016903752793e-02
6.887392041243399488e-02
5.462560559923487075e-02
5.462781348577319673e-02
5.462641729562856679e-02
5.313970588149978524e-02
5.317979005496579342e-02
5.329618839998492841e-02
5.330024555548867893e-02
5.327771888684365575e-02
5.327417475596998853e-02
5.327246520616398667e-02
5.329550253502493562e-02
5.329578504398497368e-02
5.329335993472613525e-02
5.328337464543798918e-02
5.328540092127515698e-02
5.324597373465587979e-02
5.291464320751638334e-02
5.291538672401081833e-02
5.291506213524221208e-02
5.291401792948497579e-02
5.291393232449519146e-02
5.291595122530650536e-02
5.290295767435373997e-02
5.291004660768626466e-02
5.290777522645557368e-02
5.290906123550722512e-02
5.290906568786520742e-02
5.291363290328354035e-02
5.455996381341161189e-02
5.659357396594295181e-02
5.659452811323727878e-02
5.659478542625218100e-02
5.659518258572571181e-02
5.659423383806590907e-02
5.693266228819474084e-02
5.694988923264480279e-02
5.696160056333134103e-02
6.347348457444565439e-02
4.994012646700682345e-02
4.994001460631397604e-02
4.993963588700323780e-02
4.994003567917373182e-02
4.993545128380462439e-02
4.993956279236363982e-02
4.993959878464492713e-02
4.994028005201826825e-02
4.997510394684794022e-02
4.993704660130432460e-02
5.001445721372930336e-02
5.001721844874523759e-02
4.997484569141629612e-02
4.982082698412499538e-02
4.982027307618510509e-02
4.981790325157377242e-02
4.981397294157700190e-02
4.981855221542630385e-02
4.982087095332594917e-02
4.990548911602298715e-02
4.984169017783190297e-02
4.977138969944459174e-02
5.003604317893432102e-02
5.003377532025175128e-02
4.976031540511804963e-02
4.969666070472802261e-02
4.968876290002493396e-02
4.968770287127655116e-02
4.968971249414784463e-02
4.971543316324050082e-02
4.971497164410599440e-02
4.971497942287753796e-02
4.971490405108328764e-02
4.971590590361808087e-02
4.972084080419969521e-02
5.720366016991457886e-02
5.730081926065848374e-02
5.726659320331390496e-02
5.719102386082862421e-02
5.767707253008762247e-02
5.670618508442656913e-02
5.436829581001093037e-02
5.427489661462988474e-02
5.432526475774113184e-02
5.425924166809664717e-02
5.426286705084303053e-02
5.425933130379162472e-02
5.426060615440428392e-02
5.427761301219485857e-02
5.427834710664791729e-02
5.427980670456590551e-02
5.428010760295991222e-02
5.428120499749466282e-02
5.274172396605180529e-02
5.272907742576127960e-02
5.272539090231511544e-02
5.271303667684291289e-02
5.272300311060431482e-02
5.272261107991034479e-02
5.272284665131898168e-02
5.630977281168943194e-02
5.630918178797574003e-02
5.631973876113820221e-02
5.631370286120904178e-02
5.631497577096625240e-02
5.630672831586023414e-02
5.627432018852032702e-02
5.605158423609016283e-02
5.605170705255068525e-02
5.605192163473543543e-02
5.605379189264476231e-02
5.605287094827726690e-02
5.594800281330283842e-02
5.594584479253120884e-02
5.594708880756690816e-02
5.595131602014152133e-02
5.594787090011534708e-02
5.594770019385088278e-02
5.602880438535843416e-02
5.602229614870099517e-02
5.600797404120478468e-02
5.611469804871246220e-02
5.611351485743940742e-02
5.611446304365039911e-02
5.574026846316603584e-02
5.573061306426841527e-02
5.573705519856998053e-02
5.573796115138768964e-02
5.582146702090045459e-02
5.588918114481652294e-02
5.584780859924121793e-02
5.584924745981803551e-02
5.583342936199466033e-02
5.582482305110605253e-02
5.585369029680827685e-02
5.580359062950848020e-02
5.580283356894425589e-02
5.580308569061138285e-02
5.571072776527227072e-02
5.571449468873620331e-02
5.563133839213601356e-02
5.563004269901939552e-02
5.566322559494450012e-02
5.575926649339783131e-02
5.576028558456479212e-02
5.576024583616228519e-02
5.575980610771519991e-02
5.576932891887253357e-02
5.576412785512437770e-02
5.576403750270569198e-02
5.606216512070032187e-02
5.606776575786986266e-02
5.607273259459253506e-02
5.562944816167109813e-02
5.595627087052063714e-02
5.594491356020635242e-02
5.595166510770414880e-02
5.595063619980571168e-02
5.595266613221547974e-02
5.595600545194265307e-02
5.596023765926294580e-02
5.595484864437678257e-02
5.637161211024874913e-02
5.635160130825210556e-02
5.635747741807614619e-02
5.606464770114005097e-02
5.607025261558108709e-02
5.603572044975728417e-02
5.611165358839569073e-02
5.609577943387778626e-02
5.609427743147014922e-02
5.609114471735585084e-02
5.608749609494552424e-02
5.608594292381928470e-02
5.609203424213898836e-02
5.607176621849045001e-02
5.608248191566109209e-02
5.607213263661539604e-02
5.607273849759998596e-02
5.607365525836803533e-02
5.606740792896831166e-02
5.606282660458666856e-02
5.606326605031195648e-02
5.606479717340797503e-02
5.605804210763311313e-02
5.605896256882905021e-02
5.605887470575669773e-02
5.605861579920492360e-02
5.605873466752139822e-02
5.605146728470951356e-02
5.605113096852090693e-02
5.605793106993960107e-02
5.604930875195122258e-02
5.605194140068371633e-02
5.606494175814531744e-02
5.606813154439625052e-02
5.606961251377592936e-02
5.607035938216563264e-02
5.606665305364017665e-02
5.606871384389874868e-02
5.606469109130307604e-02
5.606610850369505433e-02
5.606799501730254376e-02
5.606779440242938561e-02
5.602657392425530736e-02
5.617991813501187204e-02
5.617990454144352469e-02
5.618056207219429554e-02
5.618286855559675302e-02
5.619049405039598655e-02
5.616966019111534203e-02
5.618552118977422627e-02
5.618508652301725664e-02
5.615157004223279846e-02
5.615098145520570211e-02
5.614809791954578772e-02
