-2.600072955933559193e-02
-2.598574871782534379e-02
-2.578815378827817306e-02
-2.577666780269011193e-02
-2.582908944509004767e-02
-2.640731597538925612e-02
-2.607214040396434174e-02
-2.628925198354092885e-02
-2.628712349857942332e-02
-2.642642219986585106e-02
-2.642812412291298263e-02
-2.642737432597025427e-02
-2.615888058433875341e-02
-2.618961138575379155e-02
-2.595238529874720548e-02
-2.595035781222345198e-02
-2.605871172392094579e-02
-2.605961011412598338e-02
-2.606215584993908096e-02
-2.609371988324625524e-02
-2.606955126227047947e-02
-2.609700972789258389e-02
-2.608465676139785916e-02
-2.608638126272366797e-02
-2.608344305810202102e-02
-2.608716017493262207e-02
-2.606469370614494796e-02
-2.612238943831288185e-02
-2.614438595565876655e-02
-2.614562508596257606e-02
-2.614310891645871271e-02
-2.612775829370611591e-02
-2.613491847081814146e-02
-2.612639357423214917e-02
-2.613059370808550747e-02
-2.613190757198385894e-02
-2.611202970294375716e-02
-2.609861426423694050e-02
-2.605074986824745809e-02
-2.606078409621505332e-02
-2.604478910378633938e-02
-2.604514085346825228e-02
-2.602127633563720496e-02
-2.603036911911023321e-02
-2.600106153141144155e-02
-2.604392057335239152e-02
-2.603027533369894897e-02
-2.603144177812888663e-02
-2.601107059983670186e-02
-2.598709608672215843e-02
-2.609292684884948268e-02
-2.607690114510115634e-02
-2.614756276363087301e-02
-2.612659193845319125e-02
-2.609615622711285512e-02
-2.608752145213167478e-02
-2.612661902578893025e-02
-2.606145606555808000e-02
-2.607607377586535283e-02
-2.606054906657167755e-02
-2.606393681219813102e-02
-2.605566410832629506e-02
-2.611050523513789440e-02
-2.612154015518353481e-02
-2.612210639832589915e-02
-2.644689478935974281e-02
-2.645445302514359484e-02
-2.645018877314212272e-02
-2.645405601222188333e-02
-2.604686513773366019e-02
-2.606969611115492191e-02
-2.608763321792770262e-02
-2.608728382789288203e-02
-2.606492986193969033e-02
-2.609272938129751293e-02
-2.608770685850519272e-02
-2.612637844175784430e-02
-2.630068353794998495e-02
-2.639493663874106430e-02
-2.639241971865335934e-02
-2.636097225916841230e-02
-2.630128563983543874e-02
-2.622726101368962753e-02
-2.622319386602237762e-02
-2.621171358070073162e-02
-2.620755195219361122e-02
-2.626160413318825992e-02
-2.642478697186236014e-02
-2.639961345746872148e-02
-2.604483723879043311e-02
-2.598364237920663955e-02
-2.599018369058120337e-02
-2.599733407545419539e-02
-2.604818454541655420e-02
-2.602652548852930903e-02
-2.594955225945331373e-02
-2.594664752850034395e-02
-2.593933998530046151e-02
-2.594911978228282151e-02
-2.593738007469163775e-02
-2.593785833890182441e-02
-2.594746501923690316e-02
-2.599109017747546282e-02
-2.598670576481561592e-02
-2.601820280889788339e-02
-2.601883121372320848e-02
-2.600892354542342494e-02
-2.599790008329732477e-02
-2.600043532987124373e-02
-2.597498455852877836e-02
-2.599656984634435633e-02
-2.606055657241978379e-02
-2.606629887256148650e-02
-2.606874599018535812e-02
-2.592767981850292378e-02
-2.600678567816816500e-02
-2.596683128115313474e-02
-2.592742982632672069e-02
-2.605098656525858467e-02
-2.605132133714599743e-02
-2.605252825030383509e-02
-2.602271868221110729e-02
-2.598654103914023461e-02
-2.600445324071267231e-02
-2.600303146251276357e-02
-2.603833789555354272e-02
-2.603295401310347715e-02
-2.603471038882678237e-02
-2.602648528785658777e-02
-2.602870215889776725e-02
-2.606259617308307602e-02
-2.601861849477451680e-02
-2.603513844761319238e-02
-2.603257232296779522e-02
-2.604996961364077976e-02
-2.605086225595120222e-02
-2.600292736776933442e-02
-2.600325429386917547e-02
-2.598978593971931067e-02
-2.596318808930119654e-02
-2.602777307508715582e-02
-2.594927001058641020e-02
-2.596475576883670172e-02
-2.596116353348116093e-02
-2.596116353348115399e-02
-2.595961172996455110e-02
-2.596504351868957755e-02
-2.596579537460870502e-02
-2.666564770028995862e-02
-2.666050143175914197e-02
-2.666091767711949514e-02
-2.666288051350175145e-02
-2.663197349032732017e-02
-2.664669429567271056e-02
-2.662879899222924882e-02
-2.663962709872749746e-02
-2.665390867312905296e-02
-2.666265737227700369e-02
-2.665176204016892966e-02
-2.664492577259873138e-02
-2.664112550829630249e-02
-2.655114114150602597e-02
-2.656095158826559180e-02
-2.661065738258954969e-02
-2.660379654062892257e-02
-2.653921121267950947e-02
-2.658585725696590088e-02
-2.650579832369824931e-02
-2.678881787478468862e-02
-2.675892731941655750e-02
-2.676954429913671121e-02
-2.627308895942042158e-02
-2.632557154631328875e-02
-2.609361205624052479e-02
-2.607929750377805528e-02
-2.611464699022733246e-02
-2.611066811188232639e-02
-2.608695313171801797e-02
-2.608449313179339590e-02
-2.615653313781412040e-02
-2.615806946862063095e-02
-2.601567917827873194e-02
-2.617945493936880627e-02
-2.617729833208739046e-02
-2.614320020774146131e-02
-2.593940983158276106e-02
-2.594336562847649602e-02
-2.595215119578445778e-02
-2.594182360078979913e-02
-2.589371443581407403e-02
-2.589510393856421511e-02
-2.587193122050426841e-02
-2.592281078789580515e-02
-2.591615387845315477e-02
-2.592795142259874883e-02
-2.590498979078366404e-02
-2.590324389228964089e-02
-2.587162790085273389e-02
-2.586623783356452322e-02
-2.592299099693256073e-02
-2.594630625109895297e-02
-2.615970412101051648e-02
-2.614348745037612179e-02
-2.613780881216699187e-02
-2.615672912918430223e-02
-2.618157043712304385e-02
-2.617038805965512388e-02
-2.617590880840806739e-02
-2.568838563338751019e-02
-2.671116002954496832e-02
-2.671008260899959685e-02
-2.668860454043443103e-02
-2.675423329598387856e-02
-2.660630642085770256e-02
-2.661325364522398526e-02
-2.661943607981407181e-02
-2.660839068692395434e-02
-2.667050660490316930e-02
-2.673878486846466285e-02
-2.673018379163774258e-02
-2.674190521860934228e-02
-2.673890361857627490e-02
-2.672970544401745419e-02
-2.672937708187979669e-02
-2.672861806753332181e-02
-2.673695865503216210e-02
-2.673953309668956890e-02
-2.674264066931283240e-02
-2.672935290833058225e-02
-2.673284192532118797e-02
-2.673564757131413616e-02
-2.672638276015166375e-02
-2.673697314190972077e-02
-2.670461716596176857e-02
-2.678699386188295589e-02
-2.679667366308818854e-02
-2.680101695661047181e-02
-2.680096205190738573e-02
-2.675354467566552416e-02
-2.675736182914512790e-02
-2.674414613266821311e-02
-2.693354793347935844e-02
-2.692797872242214813e-02
-2.693173336418925451e-02
-2.692918601837716863e-02
-2.694202024824023448e-02
-2.692841088250234882e-02
-2.692689015465993610e-02
-2.693828191402985670e-02
-2.693287304469195800e-02
-2.692381393586041130e-02
-2.691792723877371729e-02
-2.684883871053194912e-02
-2.688559424793521280e-02
-2.689043859802930578e-02
-2.473581383511115964e-02
-2.476196812589266313e-02
-2.476456482253785660e-02
-2.477033950002617210e-02
-2.477489505939699591e-02
-2.477453811085310320e-02
-2.477068780818749566e-02
-2.477375626783920662e-02
-2.476978659008789371e-02
-2.475015705340343972e-02
-2.476257220168071732e-02
-2.476307695152539512e-02
-2.476501424477243335e-02
-2.476662198547921467e-02
-2.477750309403674647e-02
-2.477483552745018275e-02
-2.476556831120681895e-02
-2.478381776429497418e-02
-2.476576470501855656e-02
-2.476279498840977880e-02
-2.443523659749118407e-02
-2.443306743670299250e-02
-2.443040218590745993e-02
-2.443886107752791734e-02
-2.444331522719301458e-02
-2.443866137307423511e-02
-2.443491802700673010e-02
-2.449027968342837661e-02
-2.449432745779353202e-02
-2.452749108091691749e-02
-2.449785240979066026e-02
-2.448607369306940104e-02
-2.447190921257261231e-02
-2.447347331851190341e-02
-2.442875430721250241e-02
-2.442007738191518534e-02
-2.442527819937045583e-02
-2.443894785688641505e-02
-2.443985318866371409e-02
-2.443263987700818388e-02
-2.445824972648062007e-02
-2.442939032759142148e-02
-2.444012262718018788e-02
-2.444738624284314987e-02
-2.442767100681083464e-02
-2.443666911826782029e-02
-2.446031935013617473e-02
-2.448325895850710782e-02
-2.443035608509754389e-02
-2.445970722953022189e-02
-2.447396073070791031e-02
-2.438667023608286771e-02
-2.439672070457746950e-02
-2.439868816452163761e-02
-2.439003188074968798e-02
-2.438613885237704906e-02
-2.438972524323766364e-02
-2.439250497053155331e-02
-2.448975779501920066e-02
-2.445954700033718676e-02
-2.448070415080201567e-02
-2.446518490186851136e-02
-2.454928327373119556e-02
-2.454815553037807338e-02
-2.440055610474982720e-02
-2.442866298302287520e-02
-2.442411979147714879e-02
-2.446072617544931688e-02
-2.450209850406434575e-02
-2.452774340116397125e-02
-2.448127680006316129e-02
-2.450533648231328909e-02
-2.450801237175529931e-02
-2.449163766920300564e-02
-2.444890345648286986e-02
-2.432563954747342036e-02
-2.432643647426831549e-02
-2.434359992391070884e-02
-2.429457496782130507e-02
-2.429715759394330404e-02
-2.434401901403051779e-02
-2.432373721264650956e-02
-2.429965159451816584e-02
-2.434452506097146626e-02
-2.447144647227391528e-02
-2.434081756165363056e-02
-2.436544923639681268e-02
-2.422291686856839141e-02
-2.433947111458676163e-02
-2.399476201597304861e-02
-2.399655753088094853e-02
-2.406998416483696265e-02
-2.399236645630330178e-02
-2.446362048983201365e-02
-2.445204149519956613e-02
-2.439931393948815280e-02
-2.442439059957522349e-02
-2.442022857475344144e-02
-2.439375706531748955e-02
-2.456174883458580455e-02
-2.459073180270913636e-02
-2.459983085009792916e-02
-2.459551659269375995e-02
-2.459467206595766786e-02
-2.457789703483777635e-02
-2.446594782725049211e-02
-2.452957001179250848e-02
-2.452628992269574593e-02
-2.456196501481992117e-02
-2.456149531995365648e-02
-2.457857048612231005e-02
-2.458222187299008085e-02
-2.456417694342399871e-02
-2.458453159783445183e-02
-2.433797427065819557e-02
-2.434454276240689483e-02
-2.433640275458053698e-02
-2.433299610189402010e-02
-2.435480792004982714e-02
-2.433836991767125701e-02
-2.429416150314282416e-02
-2.427581527461828217e-02
-2.428451555950403989e-02
-2.432885456650572820e-02
-2.432008412043069195e-02
-2.431054595528621062e-02
-2.423750958036566608e-02
-2.436514204373917136e-02
-2.437668033059189193e-02
-2.439789535084602862e-02
-2.440788905359964414e-02
-2.440060704525738589e-02
-2.437886806002831711e-02
-2.439333829502478637e-02
-2.439086533482007213e-02
-2.438797166953104306e-02
-2.435821566026003318e-02
-2.440527440063617812e-02
-2.442620277874471210e-02
-2.440899401699763230e-02
-2.424895327671312481e-02
-2.430684628325173111e-02
-2.450789934020435393e-02
-2.446790133221849253e-02
-2.450458838885173629e-02
-2.444987020358332583e-02
-2.443269238087590611e-02
-2.447976724259888492e-02
-2.448028087458118188e-02
-2.448100234888162668e-02
-2.448103869023648266e-02
-2.448828706831189875e-02
-2.448766293026800184e-02
-2.447306875229633694e-02
-2.444541367855173480e-02
-2.443571890461724433e-02
-2.442554891302938652e-02
-2.444991915625321921e-02
-2.449441638308075264e-02
-2.447381035555611095e-02
-2.432263868598911680e-02
-2.435728470635076942e-02
-2.425103271545159603e-02
-2.425864311089705183e-02
-2.426617672371790893e-02
-2.424450294336207359e-02
-2.424109540070127494e-02
-2.424585387534030495e-02
-2.430107052963999953e-02
-2.429500308036654579e-02
-2.419323204270585823e-02
-2.415943384275673692e-02
-2.430047836461265987e-02
-2.427858138698997872e-02
-2.429479609625824488e-02
-2.436348778791830663e-02
-2.436924035453167867e-02
-2.435754837419562557e-02
-2.434664763025195036e-02
-2.438467649913440838e-02
-2.438374829374215236e-02
-2.436850056059596675e-02
-2.438340484693846816e-02
-2.439150232591343753e-02
-2.438147756531470339e-02
-2.439498734547912093e-02
-2.429576887043005673e-02
-2.428494402653200504e-02
-2.428640579039017741e-02
-2.423136433591850311e-02
-2.424847612313833431e-02
-2.424549052048789385e-02
-1.766851915702620859e-02
-1.757231771676285095e-02
-1.757823743449991871e-02
-1.759614258047288715e-02
-1.754477582198731705e-02
-1.761741156122108992e-02
-1.761602064979799626e-02
-1.762005478443737921e-02
-1.762173700817271788e-02
-1.763882766414574463e-02
-1.766048537668656396e-02
-1.765942694599647450e-02
-1.765627659790907841e-02
-1.765535602646368940e-02
-1.765817578150546616e-02
-1.764911734430551007e-02
-1.764712992191099644e-02
-1.764290478916176810e-02
-1.765575173132312436e-02
-1.768876369266668414e-02
-1.768226177687184930e-02
-1.769285399151446919e-02
-1.768384983020182197e-02
-1.770294971611698770e-02
-1.771405541944715348e-02
-1.762962726934714022e-02
-1.763150853378810459e-02
-1.764008411005468790e-02
-1.762318231549137373e-02
-1.759171184695749318e-02
-1.759097245933350859e-02
-1.759585939072093666e-02
-1.759781002139985256e-02
-1.758081668243522203e-02
-1.757284463354007176e-02
-1.758753721345722443e-02
-1.758268478337744051e-02
-1.758505831094326136e-02
-1.757669747182542819e-02
-1.790222745172355412e-02
-1.790850876621184751e-02
-1.789342324060523917e-02
-1.788793837153775101e-02
-1.789559877371995136e-02
-1.791899712490120297e-02
-1.791902013603658556e-02
-1.791534483565392771e-02
-1.789458118661753014e-02
-1.789505798360661523e-02
-1.789451337759430036e-02
-1.777810254370855783e-02
-1.777241443288541875e-02
-1.777278471153141345e-02
-1.775705338495377553e-02
-1.777525105437015654e-02
-1.774760719173180609e-02
-1.772974589831834841e-02
-1.773353572971022446e-02
-1.775374928591223062e-02
-1.769901950982962283e-02
-1.763190490591243914e-02
-1.762957698185349184e-02
-1.770656503314491093e-02
-1.768944298116769537e-02
-1.771368118029319552e-02
-1.766742072506544831e-02
-1.770047961240707457e-02
-1.761004689188880312e-02
-1.768927825917524302e-02
-1.784037475608133555e-02
-1.788328080778301896e-02
-1.791759938523554072e-02
-1.784555411485985732e-02
-1.783182340712431702e-02
-1.784447667609042470e-02
-1.770971929353221119e-02
-1.764967793003121774e-02
-1.769813044405617319e-02
-1.767602494070976207e-02
-1.781004738817974081e-02
-1.775566367950539778e-02
-1.775455645520591236e-02
-1.784045570798523106e-02
-1.774772307529720941e-02
-1.780765438292471886e-02
-1.782449521896497385e-02
-1.783515959224798997e-02
-1.782048926094844526e-02
-1.783462876205148262e-02
-1.783123806979937040e-02
-1.776988000157453396e-02
-1.783403213660898420e-02
-1.782899233441155931e-02
-1.783699550835203887e-02
-1.781483153701492531e-02
-1.777468708650488047e-02
-1.785143738520138246e-02
-1.780462675145444082e-02
-1.780861080665573082e-02
-1.779880173779395738e-02
-1.779763256338393052e-02
-1.773295690426479609e-02
-1.780902497373981416e-02
-1.779262069918315092e-02
-1.779942579945942988e-02
-1.778782274191719956e-02
-1.788635845785085249e-02
-1.784080829018576397e-02
-1.784898777763343353e-02
-1.784654790304852565e-02
-1.780794100980155961e-02
-1.778319278385643090e-02
-1.781840053949339253e-02
-1.776615583480580657e-02
-1.788080130819390268e-02
-1.787592357977402235e-02
-1.790372827695591723e-02
-1.777582777046288545e-02
-1.778290192172162290e-02
-1.779091090864188401e-02
-1.778982910797986816e-02
-1.782392199393272036e-02
-1.766895142260375626e-02
-1.766912428564768739e-02
-1.767409650922273368e-02
-1.768973215065463428e-02
-1.764366363328279119e-02
-1.765643696337724014e-02
-1.772060430890984306e-02
-1.772005334480463573e-02
-1.750268257480350198e-02
-1.750993805871473019e-02
-1.754352299435112117e-02
-1.752287332150120197e-02
-1.758472624665864334e-02
-1.755960678024096749e-02
-1.754767720942733075e-02
-1.754828540746755303e-02
-1.754565936899068340e-02
-1.755194492021861299e-02
-1.754401351168372036e-02
-1.748795901496750377e-02
-1.747842184291205705e-02
-1.756291670364453980e-02
-1.749355187710988774e-02
-1.752540768171788679e-02
-1.750440247327854359e-02
-1.749933817341896292e-02
-1.748437706137213887e-02
-1.765334052828534256e-02
-1.765230970525672599e-02
-1.765173067639862550e-02
-1.768392088889234395e-02
-1.770177509360352716e-02
-1.770065767243723595e-02
-1.769339394726034825e-02
-1.769169181670146584e-02
-1.765399768645658021e-02
-1.766256626083209311e-02
-1.770026960861412202e-02
-1.770242571650993899e-02
-1.761834363094537045e-02
-1.765719148764237009e-02
-1.761394959875345681e-02
-1.759604712957408418e-02
-1.764180525955913459e-02
-1.757783424263408001e-02
-1.755451903549420586e-02
-1.754590705667391851e-02
-1.764906804504185259e-02
-1.764611673963869740e-02
-1.771115130462672105e-02
-1.771156747752197780e-02
-1.771113159639654475e-02
-1.770543378628167130e-02
-1.769994277743556013e-02
-1.770724769568157025e-02
-1.770480724514649981e-02
-1.771249619628601293e-02
-1.771220517357400409e-02
-1.771072664132606819e-02
-1.775466549070498640e-02
-1.778671225787325366e-02
-1.774129849554214808e-02
-1.758585132060845602e-02
-1.771603079023314348e-02
-1.770722897547791566e-02
-1.772921516331584652e-02
-1.778423828946140012e-02
-1.778481738012061691e-02
-1.777321875800697351e-02
-1.774846591229337078e-02
-1.770955265556289210e-02
-1.798939084285300014e-02
-1.781581767229135568e-02
-1.782497477873860522e-02
-1.786547959936004432e-02
-1.785956994245364166e-02
-1.786134044538488508e-02
-1.763073458657454795e-02
-1.765099269388050590e-02
-1.767327444292809968e-02
-1.784120199024227804e-02
-1.781741440744324251e-02
4.143153115760547789e-02
4.138734632577792394e-02
4.143587747200301596e-02
4.145835463962757594e-02
4.138890951897994386e-02
4.156593059809808588e-02
4.156112044376212428e-02
4.145006140767020647e-02
4.141832786865912164e-02
4.144769235917369898e-02
4.140390069647894439e-02
4.144363964851915938e-02
4.143290565844671980e-02
4.139671236477093785e-02
4.136390142226457900e-02
4.138494081984950973e-02
4.133705560089162567e-02
4.128639697972053685e-02
4.145778631545195964e-02
4.147310233711195421e-02
4.148205831633475921e-02
4.147092805724721803e-02
4.146563053597324827e-02
4.146595486830280397e-02
4.149220716200948539e-02
4.149020766835728735e-02
4.149089297578240076e-02
4.148323379018877682e-02
4.144283180453504911e-02
4.146032555140021642e-02
4.144673033577168930e-02
4.144320205064050411e-02
4.126288537816766994e-02
4.127144182015251433e-02
4.125857143363297064e-02
4.127090804053776263e-02
4.136067463505150449e-02
4.135981487196410677e-02
4.134513497024153855e-02
4.133948452367945670e-02
4.134546277543311305e-02
4.134572383336469065e-02
4.128796751112254887e-02
4.126574200186859664e-02
4.130666233261102993e-02
4.107646979351063654e-02
4.105718738512580124e-02
4.108565721287564532e-02
4.113887661160142012e-02
4.089816959638579302e-02
4.085672475942294518e-02
4.085647823847808613e-02
4.109154817856564695e-02
4.109686776392582758e-02
4.104526283155193744e-02
4.117523972745430055e-02
4.113964178819266154e-02
4.116257556818325031e-02
4.117246021033279385e-02
4.115009191378141140e-02
4.108536014597656549e-02
4.101985250732075733e-02
4.097037713541249598e-02
4.097495746657942722e-02
4.090943807243999780e-02
4.098611099672381380e-02
4.099605409970247250e-02
4.096587070437126415e-02
4.102796545877322731e-02
4.099972683717585664e-02
4.100524472793989211e-02
4.101856660971929525e-02
4.100991709564705961e-02
4.113104212514102215e-02
4.107189234960225560e-02
4.090692059586652912e-02
4.091693028307550467e-02
4.091302373924363134e-02
4.091099252088409993e-02
4.090884842666057952e-02
4.090706520039390226e-02
4.089890702299314035e-02
4.089240483198983839e-02
4.085813080307718059e-02
4.085461406899563996e-02
4.087537456873147762e-02
4.092380185411294280e-02
4.091395542305947819e-02
4.091921951639080485e-02
4.090421262990946716e-02
4.087181367424055217e-02
4.089240271319814768e-02
4.086558133283350880e-02
4.084994919773052291e-02
4.088688924344210940e-02
4.082748899087870059e-02
4.081710401851362108e-02
4.082556375481852934e-02
4.088539162490865964e-02
4.086528284893224672e-02
4.087642026205832307e-02
4.084688554543994959e-02
4.086309310275975520e-02
4.086455436132636204e-02
4.088375035970144566e-02
4.088052381000873564e-02
4.091454867203384027e-02
4.090871654998928103e-02
4.089320951296954859e-02
4.092326580731080882e-02
4.090321160956573304e-02
4.090283465043378919e-02
4.087309237920389721e-02
4.088198236742231206e-02
4.088390646814647061e-02
4.090038509069868211e-02
4.089773473829663719e-02
4.088434262050581747e-02
4.088422742862182074e-02
4.088358785210422647e-02
4.088100540565195451e-02
4.088122543861349989e-02
4.087529414853593307e-02
4.085393851054024139e-02
4.084843848182294346e-02
4.088275027594772543e-02
4.088335369216260229e-02
4.087415348215443084e-02
4.087963141665637568e-02
4.090732614283428686e-02
4.091826971562040338e-02
4.086638466108857837e-02
4.085118261125154221e-02
4.085141910779219176e-02
4.083774549590160619e-02
4.087452030170137668e-02
4.084559808678537435e-02
4.084280816804710529e-02
4.086217480832841920e-02
4.077244009711629424e-02
4.079345520682031018e-02
4.086520397243421920e-02
4.096058152297279986e-02
4.086687236470960133e-02
4.464635872426615804e-02
4.464075659871413054e-02
4.449406125159640485e-02
4.452943066817224155e-02
4.437490070855589636e-02
4.442073630560152558e-02
4.442582501711249410e-02
4.444445538542576846e-02
4.443653030620497296e-02
4.441638052224343436e-02
4.439097494337366362e-02
4.442381195622389228e-02
4.430119614629343672e-02
4.429821642466840598e-02
4.430361892893868586e-02
4.443678066328071025e-02
4.432554965591899848e-02
4.440795837164716875e-02
4.413495713594767222e-02
4.408490937293389755e-02
4.419692573036877042e-02
4.410824980523124494e-02
4.433061269838401569e-02
4.411744393479582332e-02
4.412769649971694241e-02
4.464483111689390715e-02
4.465230918836228524e-02
4.468398444450739915e-02
4.469070129134020131e-02
4.469432435033057066e-02
4.469114577036944341e-02
4.468269300931206750e-02
4.467459672678403965e-02
4.469183593527401716e-02
4.468298457163613624e-02
4.469066817110542433e-02
4.445452542725836231e-02
4.454515892272486316e-02
4.455383161073891291e-02
4.448231187452549029e-02
4.450018079970748108e-02
4.451874552530726836e-02
4.450912991207665870e-02
4.456424848893940360e-02
4.445845438180070358e-02
4.454526141234316228e-02
4.454716557036065422e-02
4.460947093045246337e-02
4.463842585540896829e-02
4.462149156569573949e-02
4.456328869009713867e-02
4.438166692853001000e-02
4.443268671131689329e-02
4.439424039842684161e-02
4.442496634133672601e-02
4.442427967816622858e-02
4.442544968247724713e-02
4.441331636310406200e-02
4.443289405666336900e-02
4.446568843399494736e-02
4.442347789014937376e-02
4.443562333589376467e-02
4.404608274219831698e-02
4.418284470406498576e-02
4.391957481375597522e-02
4.386538807437878607e-02
4.369346909510689325e-02
4.366615387029333661e-02
4.363821989014913388e-02
4.364879283723342718e-02
4.363532546382735411e-02
4.417517022432015938e-02
4.417856403272230753e-02
4.417833568815124345e-02
4.420214626418202813e-02
4.415224818447322647e-02
4.410844099489566461e-02
4.409850978576081160e-02
4.414154536872833684e-02
4.444177733978517397e-02
4.444494336575758459e-02
4.440174625051201973e-02
4.441655295472129311e-02
4.443298047117612282e-02
4.444362493093817479e-02
4.447550323138566020e-02
4.452063457810931379e-02
4.449787003146808695e-02
4.449480466819434599e-02
4.448362643107513920e-02
4.447939877724386981e-02
4.443563690079108119e-02
4.444940915434471979e-02
4.448970022307969369e-02
4.457833147691669246e-02
4.444676521524723589e-02
4.456913567939589649e-02
4.456767649087820665e-02
4.451161697337998463e-02
4.451819417389594330e-02
4.451119165061590000e-02
4.451222882574869949e-02
4.443446449385601155e-02
4.445086306860714098e-02
4.450541626560913094e-02
4.443844280745933711e-02
4.433556454594215351e-02
4.442774697102735287e-02
4.438060595407305325e-02
4.439632612292463559e-02
4.439268436816354996e-02
4.443616188137676504e-02
4.438689717224564291e-02
4.444091124354944411e-02
4.444148114003924899e-02
4.413041670284778561e-02
4.412126578759234530e-02
4.411887873399669008e-02
4.412312345434923205e-02
4.411915409507961849e-02
4.418736321212402701e-02
4.431197781717736983e-02
4.431509725340697370e-02
4.435301577608088269e-02
4.437387532806039842e-02
4.430717739905361274e-02
4.433790506335535259e-02
4.421619205616736381e-02
4.416981693311446133e-02
4.412041263774837269e-02
4.407734250362620176e-02
4.408029622509138795e-02
4.421377484311371509e-02
4.419194421960105645e-02
4.421635223286084215e-02
4.427719046512960943e-02
4.423804440421353484e-02
4.423169433144801682e-02
4.421205471608245785e-02
4.423643377282772404e-02
4.420803271085790159e-02
4.421254361591843429e-02
4.421347057079183518e-02
4.421620058377270790e-02
4.428472229876170146e-02
4.423238750535826713e-02
4.424166209926123222e-02
4.428143241597132934e-02
4.426574379220375721e-02
4.423251840801831897e-02
4.428495279346596897e-02
4.426337559810561428e-02
4.425662504321104668e-02
4.419254336387271054e-02
4.419425647845683786e-02
4.419774147583366286e-02
4.415902194921710044e-02
4.418136758864322361e-02
4.417064457788678900e-02
4.414756323721016895e-02
4.416289665657653629e-02
4.415350330613093677e-02
4.416096224863254316e-02
4.413179016536238758e-02
4.411511938277576372e-02
4.436448563211337764e-02
4.437928963875987370e-02
4.433814900973634399e-02
4.435301732265595903e-02
4.434988425168423509e-02
4.439811770743944813e-02
4.439348260077406044e-02
4.439026512956471132e-02
4.440076036957327221e-02
4.443884609850667217e-02
4.439726531515812702e-02
4.443811468731852926e-02
4.441391093274750512e-02
4.443314946903625939e-02
4.443833501118655410e-02
4.447582204895531716e-02
4.440332067955168188e-02
4.433852299078329395e-02
4.430910324954162594e-02
4.431940683158831773e-02
4.432130319790206913e-02
4.433643389242285932e-02
4.440236361874409787e-02
4.442146825245395919e-02
4.441331759140643154e-02
4.439243233752587781e-02
4.440005973380010268e-02
4.439298691068731956e-02
4.442095566024570341e-02
4.359775350944407324e-02
4.366362796445866917e-02
4.365147028550675490e-02
4.365395557897152473e-02
4.362338031701597230e-02
4.365004940445998960e-02
4.364827201842241128e-02
4.364096403572514243e-02
4.317907827934393955e-02
4.465619861938775748e-02
4.470170520729531416e-02
