-1.825741858141181895e-02
-1.825741858141170793e-02
-1.825741858141033402e-02
-1.825741858141211038e-02
-1.825741858141113894e-02
-1.825741858141166629e-02
-1.825741858141173568e-02
-1.825741858141173568e-02
-1.825741858141140261e-02
-1.825741858141158303e-02
-1.825741858141088914e-02
-1.825741858141191609e-02
-1.825741858141161078e-02
-1.825741858141144425e-02
-1.825741858141120486e-02
-1.825741858141152404e-02
-1.825741858141120832e-02
-1.825741858141128465e-02
-1.825741858141147200e-02
-1.825741858141123261e-02
-1.825741858141111465e-02
-1.825741858141134710e-02
-1.825741858141139914e-02
-1.825741858141164548e-02
-1.825741858141119792e-02
-1.825741858141119098e-02
-1.825741858141135404e-02
-1.825741858141145119e-02
-1.825741858141134016e-02
-1.825741858141142690e-02
-1.825741858141123608e-02
-1.825741858141134363e-02
-1.825741858141138527e-02
-1.825741858141146159e-02
-1.825741858141148241e-02
-1.825741858141154486e-02
-1.825741858141146159e-02
-1.825741858141155527e-02
-1.825741858141134710e-02
-1.825741858141120832e-02
-1.825741858141085791e-02
-1.825741858141154833e-02
-1.825741858141117710e-02
-1.825741858141175650e-02
-1.825741858141148241e-02
-1.825741858141130200e-02
-1.825741858141159343e-02
-1.825741858141162813e-02
-1.825741858141160384e-02
-1.825741858141157956e-02
-1.825741858141174956e-02
-1.825741858141141302e-02
-1.825741858141150670e-02
-1.825741858141138527e-02
-1.825741858141155180e-02
-1.825741858141143037e-02
-1.825741858141154139e-02
-1.825741858141149629e-02
-1.825741858141134016e-02
-1.825741858141132629e-02
-1.825741858141132282e-02
-1.825741858141154139e-02
-1.825741858141168017e-02
-1.825741858141148935e-02
-1.825741858141137833e-02
-1.825741858141154139e-02
-1.825741858141144772e-02
-1.825741858141143384e-02
-1.825741858141148241e-02
-1.825741858141157609e-02
-1.825741858141172874e-02
-1.825741858141154833e-02
-1.825741858141166629e-02
-1.825741858141182936e-02
-1.825741858141185364e-02
-1.825741858141184670e-02
-1.825741858141196466e-02
-1.825741858141201671e-02
-1.825741858141197507e-02
-1.825741858141228385e-02
-1.825741858141171139e-02
-1.825741858141236018e-02
-1.825741858141165241e-02
-1.825741858141182589e-02
-1.825741858141174956e-02
-1.825741858141191262e-02
-1.825741858141228732e-02
-1.825741858141184323e-02
-1.825741858141260651e-02
-1.825741858141253365e-02
-1.825741858141112506e-02
-1.825741858141181201e-02
-1.825741858141172874e-02
-1.825741858141223875e-02
-1.825741858141213814e-02
-1.825741858141226304e-02
-1.825741858141214508e-02
-1.825741858141222140e-02
-1.825741858141211385e-02
-1.825741858141220753e-02
-1.825741858141216242e-02
-1.825741858141216242e-02
-1.825741858141218324e-02
-1.825741858141217283e-02
-1.825741858141206875e-02
-1.825741858141213814e-02
-1.825741858141210344e-02
-1.825741858141203058e-02
-1.825741858141204446e-02
-1.825741858141206875e-02
-1.825741858141197854e-02
-1.825741858141212079e-02
-1.825741858141200283e-02
-1.825741858141209997e-02
-1.825741858141203405e-02
-1.825741858141194038e-02
-1.825741858141185711e-02
-1.825741858141195426e-02
-1.825741858141198548e-02
-1.825741858141201671e-02
-1.825741858141194732e-02
-1.825741858141194732e-02
-1.825741858141193344e-02
-1.825741858141195773e-02
-1.825741858141195773e-02
-1.825741858141200283e-02
-1.825741858141194385e-02
-1.825741858141200630e-02
-1.825741858141204446e-02
-1.825741858141200977e-02
-1.825741858141201324e-02
-1.825741858141200283e-02
-1.825741858141202711e-02
-1.825741858141202711e-02
-1.825741858141188834e-02
-1.825741858141188834e-02
-1.825741858141195426e-02
-1.825741858141196466e-02
-1.825741858141197160e-02
-1.825741858141204793e-02
-1.825741858141190221e-02
-1.825741858141200977e-02
-1.825741858141203058e-02
-1.825741858141195773e-02
-1.825741858141188140e-02
-1.825741858141195079e-02
-1.825741858141192303e-02
-1.825741858141200283e-02
-1.825741858141194038e-02
-1.825741858141190915e-02
-1.825741858141197160e-02
-1.825741858141195773e-02
-1.825741858141203058e-02
-1.825741858141198548e-02
-1.825741858141208609e-02
-1.825741858141206181e-02
-1.825741858141202018e-02
-1.825741858141190915e-02
-1.825741858141196466e-02
-1.825741858141196119e-02
-1.825741858141192997e-02
-1.825741858141189874e-02
-1.825741858141179466e-02
-1.825741858141185711e-02
-1.825741858141189874e-02
-1.825741858141190221e-02
-1.825741858141187099e-02
-1.825741858141181895e-02
-1.825741858141181201e-02
-1.825741858141191262e-02
-1.825741858141183976e-02
-1.825741858141184323e-02
-1.825741858141177038e-02
-1.825741858141181201e-02
-1.825741858141181548e-02
-1.825741858141190568e-02
-1.825741858141190221e-02
-1.825741858141187793e-02
-1.825741858141173221e-02
-1.825741858141171833e-02
-1.825741858141183976e-02
-1.825741858141180507e-02
-1.825741858141165588e-02
-1.825741858141169058e-02
-1.825741858141173915e-02
-1.825741858141174956e-02
-1.825741858141172527e-02
-1.825741858141171486e-02
-1.825741858141172527e-02
-1.825741858141182242e-02
-1.825741858141183976e-02
-1.825741858141172874e-02
-1.825741858141177038e-02
-1.825741858141174956e-02
-1.825741858141162119e-02
-1.825741858141178772e-02
-1.825741858141177038e-02
-1.825741858141173221e-02
-1.825741858141181548e-02
-1.825741858141183976e-02
-1.825741858141181201e-02
-1.825741858141178425e-02
-1.825741858141193691e-02
-1.825741858141189181e-02
-1.825741858141181895e-02
-1.825741858141188487e-02
-1.825741858141190915e-02
-1.825741858141191609e-02
-1.825741858141191609e-02
-1.825741858141189528e-02
-1.825741858141193344e-02
-1.825741858141189528e-02
-1.825741858141174262e-02
-1.825741858141179119e-02
-1.825741858141183283e-02
-1.825741858141186058e-02
-1.825741858141182242e-02
-1.825741858141179119e-02
-1.825741858141180854e-02
-1.825741858141181548e-02
-1.825741858141186405e-02
-1.825741858141185364e-02
-1.825741858141179813e-02
-1.825741858141181548e-02
-1.825741858141179813e-02
-1.825741858141191262e-02
-1.825741858141188834e-02
-1.825741858141177384e-02
-1.825741858141187099e-02
-1.825741858141180160e-02
-1.825741858141175303e-02
-1.825741858141175650e-02
-1.825741858141177731e-02
-1.825741858141181201e-02
-1.825741858141180854e-02
-1.825741858141179466e-02
-1.825741858141178772e-02
-1.825741858141180854e-02
-1.825741858141181201e-02
-1.825741858141177731e-02
-1.825741858141178078e-02
-1.825741858141183283e-02
-1.825741858141183283e-02
-1.825741858141191956e-02
-1.825741858141174262e-02
-1.825741858141183976e-02
-1.825741858141190915e-02
-1.825741858141180507e-02
-1.825741858141185017e-02
-1.825741858141185017e-02
-1.825741858141179466e-02
-1.825741858141186405e-02
-1.825741858141186058e-02
-1.825741858141183283e-02
-1.825741858141187793e-02
-1.825741858141185711e-02
-1.825741858141186405e-02
-1.825741858141186405e-02
-1.825741858141173915e-02
-1.825741858141179119e-02
-1.825741858141188140e-02
-1.825741858141182589e-02
-1.825741858141185017e-02
-1.825741858141180160e-02
-1.825741858141185364e-02
-1.825741858141184323e-02
-1.825741858141202018e-02
-1.825741858141185017e-02
-1.825741858141189181e-02
-1.825741858141187793e-02
-1.825741858141185711e-02
-1.825741858141182589e-02
-1.825741858141188140e-02
-1.825741858141190915e-02
-1.825741858141181201e-02
-1.825741858141185711e-02
-1.825741858141187446e-02
-1.825741858141173915e-02
-1.825741858141172527e-02
-1.825741858141171486e-02
-1.825741858141173915e-02
-1.825741858141176344e-02
-1.825741858141178425e-02
-1.825741858141181548e-02
-1.825741858141179119e-02
-1.825741858141177038e-02
-1.825741858141173568e-02
-1.825741858141181895e-02
-1.825741858141171833e-02
-1.825741858141171833e-02
-1.825741858141172874e-02
-1.825741858141171139e-02
-1.825741858141170446e-02
-1.825741858141177731e-02
-1.825741858141178425e-02
-1.825741858141173221e-02
-1.825741858141176691e-02
-1.825741858141179466e-02
-1.825741858141176691e-02
-1.825741858141162119e-02
-1.825741858141180507e-02
-1.825741858141160384e-02
-1.825741858141160037e-02
-1.825741858141165935e-02
-1.825741858141166976e-02
-1.825741858141169058e-02
-1.825741858141173221e-02
-1.825741858141167670e-02
-1.825741858141171486e-02
-1.825741858141174609e-02
-1.825741858141173568e-02
-1.825741858141177384e-02
-1.825741858141176344e-02
-1.825741858141173221e-02
-1.825741858141169752e-02
-1.825741858141183283e-02
-1.825741858141186752e-02
-1.825741858141180854e-02
-1.825741858141183629e-02
-1.825741858141183976e-02
-1.825741858141189181e-02
-1.825741858141187099e-02
-1.825741858141181895e-02
-1.825741858141180854e-02
-1.825741858141185017e-02
-1.825741858141183283e-02
-1.825741858141193344e-02
-1.825741858141190221e-02
-1.825741858141178425e-02
-1.825741858141176691e-02
-1.825741858141174956e-02
-1.825741858141180854e-02
-1.825741858141187446e-02
-1.825741858141186058e-02
-1.825741858141183283e-02
-1.825741858141180160e-02
-1.825741858141186405e-02
-1.825741858141182589e-02
-1.825741858141173915e-02
-1.825741858141177384e-02
-1.825741858141176344e-02
-1.825741858141183283e-02
-1.825741858141186752e-02
-1.825741858141178078e-02
-1.825741858141233936e-02
-1.825741858141219712e-02
-1.825741858141228385e-02
-1.825741858141203752e-02
-1.825741858141204446e-02
-1.825741858141223181e-02
-1.825741858141212079e-02
-1.825741858141220059e-02
-1.825741858141219365e-02
-1.825741858141214161e-02
-1.825741858141233936e-02
-1.825741858141205834e-02
-1.825741858141217283e-02
-1.825741858141221446e-02
-1.825741858141219018e-02
-1.825741858141236712e-02
-1.825741858141226304e-02
-1.825741858141224916e-02
-1.825741858141224222e-02
-1.825741858141224222e-02
-1.825741858141222487e-02
-1.825741858141225957e-02
-1.825741858141216589e-02
-1.825741858141222834e-02
-1.825741858141220059e-02
-1.825741858141216936e-02
-1.825741858141224916e-02
-1.825741858141223875e-02
-1.825741858141213814e-02
-1.825741858141211038e-02
-1.825741858141219018e-02
-1.825741858141216242e-02
-1.825741858141217283e-02
-1.825741858141221446e-02
-1.825741858141223181e-02
-1.825741858141223181e-02
-1.825741858141225263e-02
-1.825741858141214854e-02
-1.825741858141224916e-02
-1.825741858141215895e-02
-1.825741858141214508e-02
-1.825741858141211038e-02
-1.825741858141209303e-02
-1.825741858141214161e-02
-1.825741858141229426e-02
-1.825741858141213467e-02
-1.825741858141209997e-02
-1.825741858141208609e-02
-1.825741858141208609e-02
-1.825741858141214161e-02
-1.825741858141211732e-02
-1.825741858141216242e-02
-1.825741858141223181e-02
-1.825741858141217630e-02
-1.825741858141233243e-02
-1.825741858141224569e-02
-1.825741858141216242e-02
-1.825741858141219365e-02
-1.825741858141219712e-02
-1.825741858141217977e-02
-1.825741858141207222e-02
-1.825741858141206875e-02
-1.825741858141209303e-02
-1.825741858141217630e-02
-1.825741858141207569e-02
-1.825741858141215201e-02
-1.825741858141211038e-02
-1.825741858141211385e-02
-1.825741858141220406e-02
-1.825741858141222834e-02
-1.825741858141217977e-02
-1.825741858141217630e-02
-1.825741858141217977e-02
-1.825741858141221446e-02
-1.825741858141214854e-02
-1.825741858141211038e-02
-1.825741858141213120e-02
-1.825741858141223181e-02
-1.825741858141207222e-02
-1.825741858141205140e-02
-1.825741858141217630e-02
-1.825741858141209997e-02
-1.825741858141211385e-02
-1.825741858141199242e-02
-1.825741858141208956e-02
-1.825741858141206181e-02
-1.825741858141204793e-02
-1.825741858141205487e-02
-1.825741858141196466e-02
-1.825741858141199242e-02
-1.825741858141199589e-02
-1.825741858141215548e-02
-1.825741858141218324e-02
-1.825741858141225263e-02
-1.825741858141213467e-02
-1.825741858141214854e-02
-1.825741858141214161e-02
-1.825741858141220059e-02
-1.825741858141239141e-02
-1.825741858141223875e-02
-1.825741858141223181e-02
-1.825741858141221099e-02
-1.825741858141225610e-02
-1.825741858141223181e-02
-1.825741858141233936e-02
-1.825741858141217977e-02
-1.825741858141227345e-02
-1.825741858141218671e-02
-1.825741858141222140e-02
-1.825741858141232202e-02
-1.825741858141223875e-02
-1.825741858141204446e-02
-1.825741858141207222e-02
-1.825741858141209997e-02
-1.825741858141208956e-02
-1.825741858141208263e-02
-1.825741858141215201e-02
-1.825741858141213467e-02
-1.825741858141217977e-02
-1.825741858141200630e-02
-1.825741858141221099e-02
-1.825741858141209997e-02
-1.825741858141222140e-02
-1.825741858141222487e-02
-1.825741858141226304e-02
-1.825741858141226998e-02
-1.825741858141220753e-02
-1.825741858141223875e-02
-1.825741858141210691e-02
-1.825741858141209997e-02
-1.825741858141210691e-02
-1.825741858141214161e-02
-1.825741858141214161e-02
-1.825741858141222834e-02
-1.825741858141229079e-02
-1.825741858141215895e-02
-1.825741858141219365e-02
-1.825741858141217630e-02
-1.825741858141207569e-02
-1.825741858141214854e-02
-1.825741858141219018e-02
-1.825741858141216936e-02
-1.825741858141228385e-02
-1.825741858141218671e-02
-1.825741858141222834e-02
-1.825741858141223875e-02
-1.825741858141220753e-02
-1.825741858141231508e-02
-1.825741858141240875e-02
-1.825741858141235671e-02
-1.825741858141220059e-02
-1.825741858141209303e-02
-1.825741858141212426e-02
-1.825741858141212079e-02
-1.825741858141221099e-02
-1.825741858141217630e-02
-1.825741858141219365e-02
-1.825741858141219365e-02
-1.825741858141219365e-02
-1.825741858141210691e-02
-1.825741858141214854e-02
-1.825741858141225610e-02
-1.825741858141218324e-02
-1.825741858141221099e-02
-1.825741858141238100e-02
-1.825741858141225610e-02
-1.825741858141222834e-02
-1.825741858141215548e-02
-1.825741858141226304e-02
-1.825741858141226998e-02
-1.825741858141217630e-02
-1.825741858141221793e-02
-1.825741858141214854e-02
-1.825741858141221099e-02
-1.825741858141220753e-02
-1.825741858141211038e-02
-1.825741858141208263e-02
-1.825741858141211038e-02
-1.825741858141229079e-02
-1.825741858141217630e-02
-1.825741858141214161e-02
-1.825741858141220406e-02
-1.825741858141213120e-02
-1.825741858141220059e-02
-1.825741858141230467e-02
-1.825741858141207569e-02
-1.825741858141225263e-02
-1.825741858141225610e-02
-1.825741858141218324e-02
-1.825741858141217630e-02
-1.825741858141212079e-02
-1.825741858141212426e-02
-1.825741858141221446e-02
-1.825741858141212079e-02
-1.825741858141216936e-02
-1.825741858141208263e-02
-1.825741858141219712e-02
-1.825741858141212079e-02
-1.825741858141208956e-02
-1.825741858141224222e-02
-1.825741858141222140e-02
-1.825741858140748561e-02
-1.825741858140746826e-02
-1.825741858140744397e-02
-1.825741858140737112e-02
-1.825741858140736071e-02
-1.825741858140747520e-02
-1.825741858140760357e-02
-1.825741858140779092e-02
-1.825741858140783255e-02
-1.825741858140781174e-02
-1.825741858140784643e-02
-1.825741858140792970e-02
-1.825741858140781868e-02
-1.825741858140767296e-02
-1.825741858140771112e-02
-1.825741858140769378e-02
-1.825741858140759663e-02
-1.825741858140773194e-02
-1.825741858140761745e-02
-1.825741858140766949e-02
-1.825741858140763479e-02
-1.825741858140766949e-02
-1.825741858140765561e-02
-1.825741858140759663e-02
-1.825741858140774929e-02
-1.825741858140775276e-02
-1.825741858140775623e-02
-1.825741858140775276e-02
-1.825741858140775969e-02
-1.825741858140763826e-02
-1.825741858140759316e-02
-1.825741858140773888e-02
-1.825741858140770765e-02
-1.825741858140764867e-02
-1.825741858140769378e-02
-1.825741858140767643e-02
-1.825741858140773541e-02
-1.825741858140769378e-02
-1.825741858140764520e-02
-1.825741858140764867e-02
-1.825741858140776663e-02
-1.825741858140775969e-02
-1.825741858140765908e-02
-1.825741858140772847e-02
-1.825741858140776316e-02
-1.825741858140762786e-02
-1.825741858140768684e-02
-1.825741858140773888e-02
-1.825741858140767643e-02
-1.825741858140771806e-02
-1.825741858140776663e-02
-1.825741858140769378e-02
-1.825741858140764520e-02
-1.825741858140764520e-02
-1.825741858140764520e-02
-1.825741858140763826e-02
-1.825741858140769031e-02
-1.825741858140772500e-02
-1.825741858140772847e-02
-1.825741858140769378e-02
-1.825741858140766255e-02
-1.825741858140772847e-02
-1.825741858140769724e-02
-1.825741858140769724e-02
-1.825741858140773194e-02
-1.825741858140774582e-02
-1.825741858140781174e-02
-1.825741858140769031e-02
-1.825741858140769031e-02
-1.825741858140769724e-02
-1.825741858140769031e-02
-1.825741858140776663e-02
-1.825741858140779092e-02
-1.825741858140765561e-02
-1.825741858140761398e-02
-1.825741858140769031e-02
-1.825741858140761745e-02
-1.825741858140765908e-02
-1.825741858140763826e-02
-1.825741858140761745e-02
-1.825741858140766255e-02
-1.825741858140768337e-02
-1.825741858140771806e-02
-1.825741858140762439e-02
-1.825741858140763826e-02
-1.825741858140764867e-02
-1.825741858140764867e-02
-1.825741858140768337e-02
-1.825741858140764520e-02
-1.825741858140776663e-02
-1.825741858140775969e-02
-1.825741858140777357e-02
-1.825741858140775969e-02
-1.825741858140769724e-02
-1.825741858140770418e-02
-1.825741858140777010e-02
-1.825741858140771112e-02
-1.825741858140777357e-02
-1.825741858140773194e-02
-1.825741858140772153e-02
-1.825741858140765908e-02
-1.825741858140768337e-02
-1.825741858140772500e-02
-1.825741858140762786e-02
-1.825741858140773194e-02
-1.825741858140773194e-02
-1.825741858140767296e-02
-1.825741858140770071e-02
-1.825741858140775276e-02
-1.825741858140765214e-02
-1.825741858140775276e-02
-1.825741858140774582e-02
-1.825741858140771459e-02
-1.825741858140771806e-02
-1.825741858140757581e-02
-1.825741858140773541e-02
-1.825741858140781868e-02
-1.825741858140773541e-02
-1.825741858140778051e-02
-1.825741858140771806e-02
-1.825741858140763826e-02
-1.825741858140772500e-02
-1.825741858140771112e-02
-1.825741858140767296e-02
-1.825741858140779439e-02
-1.825741858140768337e-02
-1.825741858140769378e-02
-1.825741858140770765e-02
-1.825741858140775276e-02
-1.825741858140766255e-02
-1.825741858140779786e-02
-1.825741858140766949e-02
-1.825741858140776316e-02
-1.825741858140776663e-02
-1.825741858140774582e-02
-1.825741858140778398e-02
-1.825741858140768337e-02
-1.825741858140773194e-02
-1.825741858140768337e-02
-1.825741858140762092e-02
-1.825741858140773194e-02
-1.825741858140768684e-02
-1.825741858140771112e-02
-1.825741858140775276e-02
-1.825741858140777704e-02
-1.825741858140770071e-02
-1.825741858140773541e-02
-1.825741858140764867e-02
-1.825741858140764867e-02
-1.825741858140772500e-02
-1.825741858140773194e-02
-1.825741858140770071e-02
-1.825741858140778051e-02
-1.825741858140776663e-02
-1.825741858140780827e-02
-1.825741858140781174e-02
-1.825741858140779439e-02
-1.825741858140773888e-02
-1.825741858140777010e-02
-1.825741858140777010e-02
-1.825741858140772847e-02
-1.825741858140769031e-02
-1.825741858140778745e-02
-1.825741858140778051e-02
-1.825741858140779092e-02
-1.825741858140779092e-02
-1.825741858140770765e-02
-1.825741858140770071e-02
-1.825741858140769724e-02
-1.825741858140773541e-02
-1.825741858140767990e-02
-1.825741858140768337e-02
-1.825741858140766255e-02
-1.825741858140780133e-02
-1.825741858140775969e-02
-1.825741858140776316e-02
-1.825741858140761051e-02
-1.825741858140767296e-02
-1.825741858140762439e-02
-1.825741858140753765e-02
-1.825741858140773888e-02
-1.825741858140763133e-02
-1.825741858140766949e-02
-1.825741858140767296e-02
-1.825741858140772847e-02
-1.825741858140763826e-02
-1.825741858140765561e-02
-1.825741858140771806e-02
-1.825741858140771459e-02
-1.825741858140773888e-02
-1.825741858140772500e-02
-1.825741858140771459e-02
-1.825741858140776316e-02
-1.825741858140773888e-02
-1.825741858140770071e-02
-1.825741858140770418e-02
-1.825741858140778745e-02
-1.825741858140765214e-02
-1.825741858140764520e-02
-1.825741858140769724e-02
-1.825741858140761051e-02
-1.825741858140767643e-02
-1.825741858140765908e-02
-1.825741858140766949e-02
-1.825741858140769724e-02
-1.825741858140774582e-02
-1.825741858140766602e-02
-1.825741858140775276e-02
-1.825741858140757581e-02
-1.825741858140755500e-02
-1.825741858140772153e-02
-1.825741858140769724e-02
-1.825741858140765214e-02
-1.825741858140763133e-02
-1.825741858140776663e-02
-1.825741858140767643e-02
-1.825741858140772500e-02
-1.825741858140771112e-02
-1.825741858140780133e-02
-1.825741858140762786e-02
-1.825741858140763133e-02
-1.825741858140763133e-02
-1.825741858140765214e-02
-1.825741858140767643e-02
-1.825741858140767990e-02
-1.825741858140767296e-02
-1.825741858140765908e-02
-1.825741858140771459e-02
-1.825741858140776316e-02
-1.825741858140776316e-02
-1.825741858140779439e-02
-1.825741858140777357e-02
-1.825741858140777704e-02
-1.825741858140769031e-02
-1.825741858140765214e-02
-1.825741858140768337e-02
-1.825741858140763479e-02
-1.825741858140758622e-02
-1.825741858140757234e-02
-1.825741858140775969e-02
-1.825741858140771459e-02
-1.825741858140760010e-02
-1.825741858140761051e-02
-1.825741858140766255e-02
-1.825741858140759663e-02
-1.825741858140764520e-02
-1.825741858140778745e-02
-1.825741858140762786e-02
-1.825741858140774235e-02
-1.825741858140757581e-02
-1.825741858140758275e-02
-1.825741858140768684e-02
-1.825741858140766602e-02
-1.825741858140763826e-02
-1.825741858140763479e-02
-1.825741858140759316e-02
-1.825741858140760357e-02
-1.825741858140769031e-02
-1.825741858140766949e-02
-1.825741858140763826e-02
-1.825741858140766255e-02
-1.825741858140772847e-02
-1.825741858140773541e-02
-1.825741858140779786e-02
-1.825741858140771806e-02
-1.825741858140774929e-02
-1.825741858140759316e-02
-1.825741858140780827e-02
-1.825741858140758622e-02
-1.825741858140763479e-02
-1.825741858140762092e-02
-1.825741858140771459e-02
-1.825741858140766255e-02
-1.825741858140758275e-02
-1.825741858140757928e-02
-1.825741858140772153e-02
-1.825741858140769031e-02
-1.825741858140768337e-02
-1.825741858140764173e-02
-1.825741858140770418e-02
-1.825741858140772500e-02
-1.825741858140775276e-02
-1.825741858140773194e-02
-1.825741858140773888e-02
-1.825741858140762786e-02
-1.825741858140766255e-02
-1.825741858140765561e-02
-1.825741858140761745e-02
-1.825741858140769724e-02
-1.825741858140770418e-02
-1.825741858140774929e-02
-1.825741858140771459e-02
-1.825741858140775623e-02
-1.825741858140775623e-02
-1.825741858140778051e-02
-1.825741858140777704e-02
-1.825741858140771459e-02
-1.825741858140774582e-02
-1.825741858140775276e-02
-1.825741858140770765e-02
-1.825741858140770071e-02
-1.825741858140767643e-02
-1.825741858140769724e-02
-1.825741858140769724e-02
-1.825741858140782561e-02
-1.825741858140764520e-02
-1.825741858140779092e-02
-1.825741858140769031e-02
-1.825741858140777010e-02
-1.825741858140769031e-02
-1.825741858140776316e-02
-1.825741858140766949e-02
-1.825741858140772847e-02
-1.825741858140771806e-02
-1.825741858140755153e-02
-1.825741858140749602e-02
-1.825741858140761745e-02
-1.825741858140770765e-02
-1.825741858140769378e-02
-1.825741858140774582e-02
-1.825741858140776663e-02
-1.825741858140774235e-02
-1.825741858140775623e-02
-1.825741858140783949e-02
-1.825741858140782214e-02
-1.825741858140777704e-02
-1.825741858140775623e-02
-1.825741858140771459e-02
-1.825741858140770071e-02
-1.825741858140767643e-02
-1.825741858140772847e-02
-1.825741858140769031e-02
-1.825741858140768337e-02
-1.825741858140775969e-02
-1.825741858140770765e-02
-1.825741858140770765e-02
-1.825741858140765214e-02
-1.825741858140768337e-02
-1.825741858140763826e-02
-1.825741858140765561e-02
-1.825741858140775623e-02
-1.825741858140763133e-02
-1.825741858140760010e-02
-1.825741858140764173e-02
-1.825741858140773888e-02
-1.825741858140768337e-02
-1.825741858140774582e-02
-1.825741858140774235e-02
-1.825741858140773541e-02
-1.825741858140761398e-02
-1.825741858140767643e-02
-1.825741858140769378e-02
-1.825741858140765214e-02
-1.825741858140764867e-02
-1.825741858140771806e-02
-1.825741858140770071e-02
-1.825741858140781174e-02
-1.825741858140783949e-02
-1.825741858140773194e-02
-1.825741858140773541e-02
-1.825741858140772847e-02
-1.825741858140764867e-02
-1.825741858140767990e-02
-1.825741858140772847e-02
-1.825741858140773541e-02
-1.825741858140773541e-02
-1.825741858140767296e-02
-1.825741858140774929e-02
-1.825741858140772153e-02
-1.825741858140770418e-02
-1.825741858140769378e-02
-1.825741858140768337e-02
-1.825741858140773194e-02
-1.825741858140770418e-02
-1.825741858140766255e-02
-1.825741858140773888e-02
-1.825741858140766255e-02
-1.825741858140757928e-02
-1.825741858140647253e-02
-1.825741858140650375e-02
-1.825741858140653498e-02
-1.825741858140650722e-02
-1.825741858140646212e-02
-1.825741858140647253e-02
-1.825741858140650029e-02
-1.825741858140651763e-02
-1.825741858140649335e-02
-1.825741858140653498e-02
-1.825741858140650029e-02
-1.825741858140654192e-02
-1.825741858140639967e-02
-1.825741858140651069e-02
-1.825741858140643784e-02
-1.825741858140647253e-02
-1.825741858140647253e-02
-1.825741858140648988e-02
-1.825741858140646559e-02
-1.825741858140647947e-02
-1.825741858140639273e-02
-1.825741858140639967e-02
-1.825741858140647253e-02
-1.825741858140646559e-02
-1.825741858140641008e-02
-1.825741858140651416e-02
-1.825741858140646906e-02
-1.825741858140652110e-02
-1.825741858140638579e-02
-1.825741858140643437e-02
-1.825741858140648988e-02
-1.825741858140646212e-02
-1.825741858140652457e-02
-1.825741858140635804e-02
-1.825741858140646212e-02
-1.825741858140645171e-02
-1.825741858140644477e-02
-1.825741858140637885e-02
-1.825741858140630947e-02
-1.825741858140643437e-02
-1.825741858140639273e-02
-1.825741858140639620e-02
-1.825741858140639620e-02
-1.825741858140639273e-02
-1.825741858140638579e-02
-1.825741858140645518e-02
-1.825741858140644130e-02
-1.825741858140651069e-02
-1.825741858140651763e-02
-1.825741858140645171e-02
-1.825741858140648988e-02
-1.825741858140647253e-02
-1.825741858140639967e-02
-1.825741858140645518e-02
-1.825741858140646906e-02
-1.825741858140647600e-02
-1.825741858140641008e-02
-1.825741858140641702e-02
-1.825741858140638579e-02
-1.825741858140637539e-02
-1.825741858140639967e-02
-1.825741858140640314e-02
-1.825741858140637539e-02
-1.825741858140638926e-02
-1.825741858140636151e-02
-1.825741858140643784e-02
-1.825741858140644130e-02
-1.825741858140641355e-02
-1.825741858140640661e-02
-1.825741858140643437e-02
-1.825741858140650722e-02
-1.825741858140645865e-02
-1.825741858140640314e-02
-1.825741858140643784e-02
-1.825741858140644477e-02
-1.825741858140644477e-02
-1.825741858140636151e-02
-1.825741858140642049e-02
-1.825741858140643784e-02
-1.825741858140641702e-02
-1.825741858140639620e-02
-1.825741858140641008e-02
-1.825741858140643437e-02
-1.825741858140650722e-02
-1.825741858140651416e-02
-1.825741858140649682e-02
-1.825741858140627477e-02
-1.825741858140647600e-02
-1.825741858140651416e-02
-1.825741858140638579e-02
-1.825741858140637885e-02
-1.825741858140629212e-02
-1.825741858140643090e-02
-1.825741858140644130e-02
-1.825741858140639620e-02
-1.825741858140640661e-02
-1.825741858140635804e-02
-1.825741858140642049e-02
-1.825741858140642049e-02
-1.825741858140637192e-02
-1.825741858140638232e-02
-1.825741858140637192e-02
-1.825741858140644130e-02
-1.825741858140648641e-02
-1.825741858140645865e-02
-1.825741858140646559e-02
-1.825741858140645865e-02
-1.825741858140631294e-02
-1.825741858140643437e-02
-1.825741858140639273e-02
-1.825741858140636498e-02
-1.825741858140643090e-02
-1.825741858140644130e-02
-1.825741858140645518e-02
-1.825741858140642743e-02
-1.825741858140643437e-02
-1.825741858140645518e-02
-1.825741858140641355e-02
-1.825741858140642396e-02
-1.825741858140644477e-02
-1.825741858140649335e-02
-1.825741858140647600e-02
-1.825741858140651069e-02
-1.825741858140643090e-02
-1.825741858140639620e-02
-1.825741858140640661e-02
-1.825741858140644824e-02
-1.825741858140648294e-02
-1.825741858140646212e-02
-1.825741858140645518e-02
-1.825741858140641355e-02
-1.825741858140636151e-02
-1.825741858140646559e-02
-1.825741858140637192e-02
-1.825741858140642396e-02
-1.825741858140640314e-02
-1.825741858140638926e-02
-1.825741858140639967e-02
-1.825741858140642049e-02
-1.825741858140643784e-02
-1.825741858140640661e-02
-1.825741858140641008e-02
-1.825741858140648294e-02
-1.825741858140650722e-02
-1.825741858140647600e-02
-1.825741858140646906e-02
-1.825741858140652110e-02
-1.825741858140647947e-02
-1.825741858140644130e-02
-1.825741858140647600e-02
-1.825741858140649682e-02
-1.825741858140648641e-02
-1.825741858140644477e-02
-1.825741858140648641e-02
-1.825741858140645171e-02
-1.825741858140647600e-02
-1.825741858140644477e-02
-1.825741858140657314e-02
-1.825741858140654192e-02
-1.825741858140651069e-02
-1.825741858140642049e-02
-1.825741858140634763e-02
-1.825741858140640314e-02
-1.825741858140642743e-02
-1.825741858140643437e-02
-1.825741858140636151e-02
-1.825741858140638232e-02
-1.825741858140641702e-02
-1.825741858140632681e-02
-1.825741858140641355e-02
-1.825741858140638926e-02
-1.825741858140645171e-02
-1.825741858140635457e-02
-1.825741858140645518e-02
-1.825741858140638579e-02
-1.825741858140639620e-02
-1.825741858140637539e-02
-1.825741858140644477e-02
-1.825741858140640661e-02
-1.825741858140637539e-02
-1.825741858140632334e-02
-1.825741858140635457e-02
-1.825741858140639967e-02
-1.825741858140639273e-02
-1.825741858140645171e-02
-1.825741858140632681e-02
-1.825741858140642049e-02
-1.825741858140636151e-02
-1.825741858140639967e-02
-1.825741858140630947e-02
-1.825741858140635110e-02
-1.825741858140631987e-02
-1.825741858140637539e-02
-1.825741858140644477e-02
-1.825741858140638579e-02
-1.825741858140647253e-02
-1.825741858140645171e-02
-1.825741858140643784e-02
-1.825741858140644477e-02
-1.825741858140641355e-02
-1.825741858140648294e-02
-1.825741858140644824e-02
-1.825741858140642396e-02
-1.825741858140639967e-02
-1.825741858140643784e-02
-1.825741858140636845e-02
-1.825741858140631294e-02
-1.825741858140641702e-02
-1.825741858140634763e-02
-1.825741858140632681e-02
-1.825741858140643437e-02
-1.825741858140632334e-02
-1.825741858140638926e-02
-1.825741858140638232e-02
-1.825741858140638579e-02
-1.825741858140632681e-02
-1.825741858140634069e-02
-1.825741858140644824e-02
-1.825741858140643437e-02
-1.825741858140642049e-02
-1.825741858140638232e-02
-1.825741858140637885e-02
-1.825741858140635804e-02
-1.825741858140636151e-02
-1.825741858140638579e-02
-1.825741858140638579e-02
-1.825741858140637539e-02
-1.825741858140635804e-02
-1.825741858140635110e-02
-1.825741858140636498e-02
-1.825741858140630600e-02
-1.825741858140637885e-02
-1.825741858140635457e-02
-1.825741858140634069e-02
-1.825741858140631640e-02
-1.825741858140634763e-02
-1.825741858140635457e-02
-1.825741858140634416e-02
-1.825741858140629906e-02
-1.825741858140636498e-02
-1.825741858140637192e-02
-1.825741858140637192e-02
-1.825741858140632681e-02
-1.825741858140632334e-02
-1.825741858140636151e-02
-1.825741858140637885e-02
-1.825741858140638579e-02
-1.825741858140640314e-02
-1.825741858140638579e-02
-1.825741858140648294e-02
-1.825741858140644477e-02
-1.825741858140646906e-02
-1.825741858140648988e-02
-1.825741858140641008e-02
-1.825741858140644130e-02
-1.825741858140650029e-02
-1.825741858140644824e-02
-1.825741858140643784e-02
-1.825741858140654539e-02
-1.825741858140644477e-02
-1.825741858140645171e-02
-1.825741858140643090e-02
-1.825741858140642396e-02
-1.825741858140642049e-02
-1.825741858140649335e-02
-1.825741858140641008e-02
-1.825741858140651069e-02
-1.825741858140649335e-02
-1.825741858140652457e-02
-1.825741858140643090e-02
-1.825741858140653845e-02
-1.825741858140643090e-02
-1.825741858140648988e-02
-1.825741858140637192e-02
-1.825741858140643090e-02
-1.825741858140648641e-02
-1.825741858140653845e-02
-1.825741858140639967e-02
-1.825741858140637539e-02
-1.825741858140645518e-02
-1.825741858140640314e-02
-1.825741858140639967e-02
-1.825741858140649682e-02
-1.825741858140645865e-02
-1.825741858140643784e-02
-1.825741858140634069e-02
-1.825741858140635804e-02
-1.825741858140651763e-02
-1.825741858140647947e-02
-1.825741858140647253e-02
-1.825741858140638926e-02
-1.825741858140644130e-02
-1.825741858140648294e-02
-1.825741858140647947e-02
-1.825741858140631294e-02
-1.825741858140629559e-02
-1.825741858140634763e-02
-1.825741858140630253e-02
-1.825741858140639273e-02
-1.825741858140641702e-02
-1.825741858140629212e-02
-1.825741858140638579e-02
-1.825741858140640314e-02
-1.825741858140651416e-02
-1.825741858140644130e-02
-1.825741858140642049e-02
-1.825741858140641008e-02
-1.825741858140644130e-02
-1.825741858140641702e-02
-1.825741858140645518e-02
-1.825741858140642049e-02
-1.825741858140640661e-02
-1.825741858140649335e-02
-1.825741858140637192e-02
-1.825741858140636498e-02
-1.825741858140637192e-02
-1.825741858140640314e-02
-1.825741858140642396e-02
-1.825741858140643784e-02
-1.825741858140643437e-02
-1.825741858140636151e-02
-1.825741858140641008e-02
-1.825741858140634069e-02
-1.825741858140638579e-02
-1.825741858140636845e-02
-1.825741858140638579e-02
-1.825741858140642743e-02
-1.825741858140643090e-02
-1.825741858140629906e-02
-1.825741858140628171e-02
-1.825741858140628865e-02
-1.825741858140639620e-02
-1.825741858140637885e-02
-1.825741858140642049e-02
-1.825741858140640314e-02
-1.825741858140646212e-02
-1.825741857771767673e-02
-1.825741857771763857e-02
-1.825741857771765939e-02
-1.825741857771769755e-02
-1.825741857771756918e-02
-1.825741857771767326e-02
-1.825741857771762469e-02
-1.825741857771758306e-02
-1.825741857771762816e-02
-1.825741857771756224e-02
-1.825741857771769061e-02
-1.825741857771757265e-02
-1.825741857771758306e-02
-1.825741857771761081e-02
-1.825741857771765592e-02
-1.825741857771768367e-02
-1.825741857771771490e-02
-1.825741857771765245e-02
-1.825741857771768020e-02
-1.825741857771762469e-02
-1.825741857771762122e-02
-1.825741857771755183e-02
-1.825741857771771143e-02
-1.825741857771753796e-02
-1.825741857771766286e-02
-1.825741857771771490e-02
-1.825741857771773918e-02
-1.825741857771773571e-02
-1.825741857771769755e-02
-1.825741857771775653e-02
-1.825741857771772531e-02
-1.825741857771771837e-02
-1.825741857771774612e-02
-1.825741857771776347e-02
-1.825741857771773224e-02
-1.825741857771768020e-02
-1.825741857771758653e-02
-1.825741857771769408e-02
-1.825741857771767673e-02
-1.825741857771766632e-02
-1.825741857771773571e-02
-1.825741857771765245e-02
-1.825741857771768020e-02
-1.825741857771759000e-02
-1.825741857771774612e-02
-1.825741857771759694e-02
-1.825741857771773571e-02
-1.825741857771768020e-02
-1.825741857771778429e-02
-1.825741857771765939e-02
-1.825741857771760734e-02
-1.825741857771771143e-02
-1.825741857771768020e-02
-1.825741857771756918e-02
-1.825741857771764204e-02
-1.825741857771765245e-02
-1.825741857771771490e-02
-1.825741857771756918e-02
-1.825741857771761081e-02
-1.825741857771762122e-02
-1.825741857771764551e-02
-1.825741857771761428e-02
-1.825741857771757612e-02
-1.825741857771756224e-02
-1.825741857771756571e-02
-1.825741857771761081e-02
-1.825741857771762469e-02
-1.825741857771766632e-02
-1.825741857771753796e-02
-1.825741857771769755e-02
-1.825741857771762816e-02
-1.825741857771768367e-02
-1.825741857771766286e-02
-1.825741857771770449e-02
-1.825741857771773918e-02
-1.825741857771774265e-02
-1.825741857771762469e-02
-1.825741857771764204e-02
-1.825741857771766632e-02
-1.825741857771763163e-02
-1.825741857771766632e-02
-1.825741857771766632e-02
-1.825741857771763857e-02
-1.825741857771765245e-02
-1.825741857771757959e-02
-1.825741857771758306e-02
-1.825741857771762816e-02
-1.825741857771758653e-02
-1.825741857771768020e-02
-1.825741857771771143e-02
-1.825741857771768020e-02
-1.825741857771764898e-02
-1.825741857771764204e-02
-1.825741857771757265e-02
-1.825741857771757612e-02
-1.825741857771769408e-02
-1.825741857771761428e-02
-1.825741857771763510e-02
-1.825741857771766632e-02
-1.825741857771773224e-02
-1.825741857771765592e-02
-1.825741857771771490e-02
-1.825741857771761081e-02
-1.825741857771761428e-02
-1.825741857771770796e-02
-1.825741857771769061e-02
-1.825741857771765939e-02
-1.825741857771769061e-02
-1.825741857771766286e-02
-1.825741857771766979e-02
-1.825741857771766632e-02
-1.825741857771763510e-02
-1.825741857771764898e-02
-1.825741857771767673e-02
-1.825741857771765592e-02
-1.825741857771763510e-02
-1.825741857771759347e-02
-1.825741857771763163e-02
-1.825741857771766632e-02
-1.825741857771769755e-02
-1.825741857771765592e-02
-1.825741857771765245e-02
-1.825741857771770449e-02
-1.825741857771768714e-02
-1.825741857771769061e-02
-1.825741857771769755e-02
-1.825741857771769061e-02
-1.825741857771771837e-02
-1.825741857771764898e-02
-1.825741857771759000e-02
-1.825741857771763510e-02
-1.825741857771769408e-02
-1.825741857771775653e-02
-1.825741857771771837e-02
-1.825741857771771837e-02
-1.825741857771769061e-02
-1.825741857771765592e-02
-1.825741857771774265e-02
-1.825741857771760041e-02
-1.825741857771767326e-02
-1.825741857771763857e-02
-1.825741857771765245e-02
-1.825741857771775653e-02
-1.825741857771769755e-02
-1.825741857771761081e-02
-1.825741857771772877e-02
-1.825741857771778429e-02
-1.825741857771769755e-02
-1.825741857771773224e-02
-1.825741857771766979e-02
-1.825741857771769755e-02
-1.825741857771772877e-02
-1.825741857771766979e-02
-1.825741857771773571e-02
-1.825741857771771837e-02
-1.825741857771759000e-02
-1.825741857771761081e-02
-1.825741857771772531e-02
-1.825741857771771837e-02
-1.825741857771759347e-02
-1.825741857771760387e-02
-1.825741857771758306e-02
-1.825741857771762469e-02
-1.825741857771768020e-02
-1.825741857771760041e-02
-1.825741857771770102e-02
-1.825741857771768714e-02
-1.825741857771764551e-02
-1.825741857771757265e-02
-1.825741857771762469e-02
-1.825741857771766979e-02
-1.825741857771762469e-02
-1.825741857771767326e-02
-1.825741857771771143e-02
-1.825741857771768367e-02
-1.825741857771775653e-02
-1.825741857771768714e-02
-1.825741857771769061e-02
-1.825741857771770796e-02
-1.825741857771769408e-02
-1.825741857771764898e-02
-1.825741857771772531e-02
-1.825741857771761775e-02
-1.825741857771764898e-02
-1.825741857771766979e-02
-1.825741857771758306e-02
-1.825741857771764898e-02
-1.825741857771762469e-02
-1.825741857771762469e-02
-1.825741857771766979e-02
-1.825741857771761775e-02
-1.825741857771768020e-02
-1.825741857771771143e-02
-1.825741857771766286e-02
-1.825741857771763163e-02
-1.825741857771764898e-02
-1.825741857771768714e-02
-1.825741857771765592e-02
-1.825741857771761428e-02
-1.825741857771774265e-02
-1.825741857771764551e-02
-1.825741857771770102e-02
-1.825741857771766632e-02
-1.825741857771763510e-02
-1.825741857771769755e-02
-1.825741857771757959e-02
-1.825741857771758653e-02
-1.825741857771761428e-02
-1.825741857771763857e-02
-1.825741857771762122e-02
-1.825741857771769755e-02
-1.825741857771764551e-02
-1.825741857771764898e-02
-1.825741857771762122e-02
-1.825741857771756571e-02
-1.825741857771757959e-02
-1.825741857771764898e-02
-1.825741857771766979e-02
-1.825741857771761775e-02
-1.825741857771766632e-02
-1.825741857771759000e-02
-1.825741857771766979e-02
-1.825741857771763510e-02
-1.825741857771765245e-02
-1.825741857771763857e-02
-1.825741857771768020e-02
-1.825741857771762816e-02
-1.825741857771768020e-02
-1.825741857771766979e-02
-1.825741857771764551e-02
-1.825741857771764204e-02
-1.825741857771763510e-02
-1.825741857771763857e-02
-1.825741857771764204e-02
-1.825741857771764898e-02
-1.825741857771772877e-02
-1.825741857771768020e-02
-1.825741857771766632e-02
-1.825741857771763510e-02
-1.825741857771762122e-02
-1.825741857771763857e-02
-1.825741857771759347e-02
-1.825741857771761428e-02
-1.825741857771756571e-02
-1.825741857771764551e-02
-1.825741857771758306e-02
-1.825741857771765245e-02
-1.825741857771769755e-02
-1.825741857771777041e-02
-1.825741857771765939e-02
-1.825741857771772877e-02
-1.825741857771764551e-02
-1.825741857771770796e-02
-1.825741857771770796e-02
-1.825741857771772531e-02
-1.825741857771758306e-02
-1.825741857771769408e-02
-1.825741857771767326e-02
-1.825741857771766979e-02
-1.825741857771762816e-02
-1.825741857771766979e-02
-1.825741857771763163e-02
-1.825741857771763510e-02
-1.825741857771766286e-02
-1.825741857771765245e-02
-1.825741857771764551e-02
-1.825741857771759000e-02
-1.825741857771769061e-02
-1.825741857771761081e-02
-1.825741857771763857e-02
-1.825741857771766979e-02
-1.825741857771764898e-02
-1.825741857771764204e-02
-1.825741857771776000e-02
-1.825741857771767673e-02
-1.825741857771766286e-02
-1.825741857771767673e-02
-1.825741857771761775e-02
-1.825741857771762122e-02
-1.825741857771767326e-02
-1.825741857771758653e-02
-1.825741857771766632e-02
-1.825741857771765245e-02
-1.825741857771756224e-02
-1.825741857771760734e-02
-1.825741857771759000e-02
-1.825741857771758306e-02
-1.825741857771762122e-02
-1.825741857771767326e-02
-1.825741857771764551e-02
-1.825741857771763163e-02
-1.825741857771770102e-02
-1.825741857771770449e-02
-1.825741857771765592e-02
-1.825741857771765245e-02
-1.825741857771764898e-02
-1.825741857771760041e-02
-1.825741857771763510e-02
-1.825741857771757612e-02
-1.825741857771761081e-02
-1.825741857771761428e-02
-1.825741857771765939e-02
-1.825741857771760041e-02
-1.825741857771762469e-02
-1.825741857771764898e-02
-1.825741857771766979e-02
-1.825741857771769408e-02
-1.825741857771770449e-02
-1.825741857771770102e-02
-1.825741857771772877e-02
-1.825741857771769061e-02
-1.825741857771767326e-02
-1.825741857771760041e-02
-1.825741857771760387e-02
-1.825741857771772877e-02
-1.825741857771773224e-02
-1.825741857771769061e-02
-1.825741857771766979e-02
-1.825741857771756918e-02
-1.825741857771761428e-02
-1.825741857771773571e-02
-1.825741857771765245e-02
-1.825741857771772877e-02
-1.825741857771771490e-02
-1.825741857771765245e-02
-1.825741857771762469e-02
-1.825741857771770796e-02
-1.825741857771768020e-02
-1.825741857771764898e-02
-1.825741857771763510e-02
-1.825741857771762816e-02
-1.825741857771766979e-02
-1.825741857771766632e-02
-1.825741857771766286e-02
-1.825741857771755183e-02
-1.825741857771758653e-02
-1.825741857771761428e-02
-1.825741857771762122e-02
-1.825741857771760041e-02
-1.825741857771761775e-02
-1.825741857771763510e-02
-1.825741857771761775e-02
-1.825741857771760387e-02
-1.825741857771774959e-02
-1.825741857771774612e-02
-1.825741857771768714e-02
-1.825741857771763857e-02
-1.825741857771762816e-02
-1.825741858686546343e-02
-1.825741858686549465e-02
-1.825741858686550159e-02
-1.825741858686546690e-02
-1.825741858686544261e-02
-1.825741858686558486e-02
-1.825741858686553629e-02
-1.825741858686551200e-02
-1.825741858686549118e-02
-1.825741858686554669e-02
-1.825741858686549812e-02
-1.825741858686562996e-02
-1.825741858686543914e-02
-1.825741858686553282e-02
-1.825741858686547037e-02
-1.825741858686545302e-02
-1.825741858686553282e-02
-1.825741858686551894e-02
-1.825741858686539057e-02
-1.825741858686537669e-02
-1.825741858686545996e-02
-1.825741858686548078e-02
-1.825741858686550853e-02
-1.825741858686558486e-02
-1.825741858686545996e-02
-1.825741858686553629e-02
-1.825741858686547384e-02
-1.825741858686552241e-02
-1.825741858686553976e-02
-1.825741858686545649e-02
-1.825741858686547384e-02
-1.825741858686546343e-02
-1.825741858686557098e-02
-1.825741858686549118e-02
-1.825741858686547037e-02
-1.825741858686550159e-02
-1.825741858686542179e-02
-1.825741858686549812e-02
-1.825741858686553976e-02
-1.825741858686550506e-02
-1.825741858686550853e-02
-1.825741858686552588e-02
-1.825741858686552241e-02
-1.825741858686550853e-02
-1.825741858686547731e-02
-1.825741858686552935e-02
-1.825741858686545302e-02
-1.825741858686548771e-02
-1.825741858686548771e-02
-1.825741858686547037e-02
-1.825741858686538710e-02
-1.825741858686556057e-02
-1.825741858686552241e-02
-1.825741858686552588e-02
-1.825741858686538363e-02
-1.825741858686541833e-02
-1.825741858686546690e-02
-1.825741858686545649e-02
-1.825741858686545649e-02
-1.825741858686549465e-02
-1.825741858686560914e-02
-1.825741858686549812e-02
-1.825741858686549812e-02
-1.825741858686597344e-02
-1.825741858686592139e-02
-1.825741858686594568e-02
-1.825741858686591793e-02
-1.825741858686591793e-02
-1.825741858686594915e-02
-1.825741858686598731e-02
-1.825741858686590752e-02
-1.825741858686599425e-02
-1.825741858686594915e-02
-1.825741858686590058e-02
-1.825741858686584854e-02
-1.825741858686584854e-02
-1.825741858686582425e-02
-1.825741858686580690e-02
-1.825741858686583119e-02
-1.825741858686584854e-02
-1.825741858686589017e-02
-1.825741858686589364e-02
-1.825741858686585548e-02
-1.825741858686589017e-02
-1.825741858686579303e-02
-1.825741858686587976e-02
-1.825741858686586588e-02
-1.825741858686584160e-02
-1.825741858686576874e-02
-1.825741858686574792e-02
-1.825741858686544955e-02
-1.825741858686549812e-02
-1.825741858686559527e-02
-1.825741858686558139e-02
-1.825741858686559527e-02
-1.825741858686561261e-02
-1.825741858686560568e-02
-1.825741858686558139e-02
-1.825741858686559527e-02
-1.825741858686559874e-02
-1.825741858686555016e-02
-1.825741858686555710e-02
-1.825741858686555363e-02
-1.825741858686562649e-02
-1.825741858686557445e-02
-1.825741858686556404e-02
-1.825741858686550853e-02
-1.825741858686557792e-02
-1.825741858686558486e-02
-1.825741858686549118e-02
-1.825741858686546690e-02
-1.825741858686552588e-02
-1.825741858686560568e-02
-1.825741858686550159e-02
-1.825741858686552241e-02
-1.825741858686556404e-02
-1.825741858686553629e-02
-1.825741858686555710e-02
-1.825741858686551894e-02
-1.825741858686554323e-02
-1.825741858686557098e-02
-1.825741858686556751e-02
-1.825741858686544608e-02
-1.825741858686551894e-02
-1.825741858686545996e-02
-1.825741858686547731e-02
-1.825741858686558833e-02
-1.825741858686553282e-02
-1.825741858686556404e-02
-1.825741858686556751e-02
-1.825741858686559874e-02
-1.825741858686556751e-02
-1.825741858686557098e-02
-1.825741858686555016e-02
-1.825741858686552588e-02
-1.825741858686552935e-02
-1.825741858686547731e-02
-1.825741858686556751e-02
-1.825741858686561261e-02
-1.825741858686556751e-02
-1.825741858686560221e-02
-1.825741858686558486e-02
-1.825741858686562302e-02
-1.825741858686557445e-02
-1.825741858686560914e-02
-1.825741858686553282e-02
-1.825741858686556057e-02
-1.825741858686561261e-02
-1.825741858686556057e-02
-1.825741858686559180e-02
-1.825741858686554669e-02
-1.825741858686562302e-02
-1.825741858686557792e-02
-1.825741858686560221e-02
-1.825741858686556404e-02
-1.825741858686557098e-02
-1.825741858686552588e-02
-1.825741858686552935e-02
-1.825741858686552588e-02
-1.825741858686559874e-02
-1.825741858686557098e-02
-1.825741858686558139e-02
-1.825741858686555710e-02
-1.825741858686557098e-02
-1.825741858686557098e-02
-1.825741858686554669e-02
-1.825741858686557792e-02
-1.825741858686555363e-02
-1.825741858686553629e-02
-1.825741858686552935e-02
-1.825741858686551200e-02
-1.825741858686550506e-02
-1.825741858686557792e-02
-1.825741858686555363e-02
-1.825741858686555016e-02
-1.825741858686554669e-02
-1.825741858686559874e-02
-1.825741858686556057e-02
-1.825741858686557098e-02
-1.825741858686562649e-02
-1.825741858686552588e-02
-1.825741858686555016e-02
-1.825741858686557098e-02
-1.825741858686552241e-02
-1.825741858686550159e-02
-1.825741858686553282e-02
-1.825741858686549812e-02
-1.825741858686558486e-02
-1.825741858686566119e-02
-1.825741858686556404e-02
-1.825741858686557445e-02
-1.825741858686565078e-02
-1.825741858686557445e-02
-1.825741858686557445e-02
-1.825741858686552588e-02
-1.825741858686559180e-02
-1.825741858686551547e-02
-1.825741858686556404e-02
-1.825741858686560221e-02
-1.825741858686552935e-02
-1.825741858686559180e-02
-1.825741858686552588e-02
-1.825741858686557445e-02
-1.825741858686557792e-02
-1.825741858686557445e-02
-1.825741858686551894e-02
-1.825741858686554323e-02
-1.825741858686555363e-02
-1.825741858686558139e-02
-1.825741858686552588e-02
-1.825741858686560221e-02
-1.825741858686559527e-02
-1.825741858686560568e-02
-1.825741858686558486e-02
-1.825741858686557445e-02
-1.825741858686561955e-02
-1.825741858686561955e-02
-1.825741858686558833e-02
-1.825741858686562302e-02
-1.825741858686560221e-02
-1.825741858686559180e-02
-1.825741858686552241e-02
-1.825741858686556751e-02
-1.825741858686551200e-02
-1.825741858686561955e-02
-1.825741858686557098e-02
-1.825741858686560221e-02
-1.825741858686558486e-02
-1.825741858686555016e-02
-1.825741858686563343e-02
-1.825741858686557098e-02
-1.825741858686554323e-02
-1.825741858686551894e-02
-1.825741858686437749e-02
-1.825741858686439831e-02
-1.825741858686436014e-02
-1.825741858686441565e-02
-1.825741858686434280e-02
-1.825741858686433586e-02
-1.825741858686432198e-02
-1.825741858686432892e-02
-1.825741858686432198e-02
-1.825741858686439831e-02
-1.825741858686437402e-02
-1.825741858686434974e-02
-1.825741858686429769e-02
-1.825741858686428035e-02
-1.825741858686431157e-02
-1.825741858686439137e-02
-1.825741858686436361e-02
-1.825741858686434974e-02
-1.825741858686433933e-02
-1.825741858686436708e-02
-1.825741858686429769e-02
-1.825741858686438443e-02
-1.825741858686441565e-02
-1.825741858686434627e-02
-1.825741858686437402e-02
-1.825741858686423524e-02
-1.825741858686429075e-02
-1.825741858686436014e-02
-1.825741858686446423e-02
-1.825741858686442953e-02
-1.825741858686443647e-02
-1.825741858686446770e-02
-1.825741858686447811e-02
-1.825741858686436708e-02
-1.825741858686444341e-02
-1.825741858686443994e-02
-1.825741858686446076e-02
-1.825741858686441912e-02
-1.825741858686446076e-02
-1.825741858686445035e-02
-1.825741858686444688e-02
-1.825741858686442606e-02
-1.825741858686446423e-02
-1.825741858686450586e-02
-1.825741858686438790e-02
-1.825741858686442606e-02
-1.825741858686441912e-02
-1.825741858686445382e-02
-1.825741858686444341e-02
-1.825741858686444341e-02
-1.825741858686452321e-02
-1.825741858686441565e-02
-1.825741858686439484e-02
-1.825741858686434627e-02
-1.825741858686439137e-02
-1.825741858686436708e-02
-1.825741858686432892e-02
-1.825741858686439484e-02
-1.825741858686436361e-02
-1.825741858686432545e-02
-1.825741858686434974e-02
-1.825741858686435667e-02
-1.825741858686437402e-02
-1.825741858686435320e-02
-1.825741858686434974e-02
-1.825741858686437749e-02
-1.825741858686440178e-02
-1.825741858686442606e-02
-1.825741858686437749e-02
-1.825741858686441565e-02
-1.825741858686437749e-02
-1.825741858686439484e-02
-1.825741858686440525e-02
-1.825741858686439831e-02
-1.825741858686449545e-02
-1.825741858686438443e-02
-1.825741858686442259e-02
-1.825741858686433239e-02
-1.825741858686438096e-02
-1.825741858686437055e-02
-1.825741858686440525e-02
-1.825741858686443300e-02
-1.825741858686443300e-02
-1.825741858686434974e-02
-1.825741858686435667e-02
-1.825741858686436708e-02
-1.825741858686438790e-02
-1.825741858686435667e-02
-1.825741858686440872e-02
-1.825741858686433239e-02
-1.825741858686440178e-02
-1.825741858686439484e-02
-1.825741858686437055e-02
-1.825741858686432545e-02
-1.825741858686432545e-02
-1.825741858686432198e-02
-1.825741858686443994e-02
-1.825741858686453015e-02
-1.825741858686442606e-02
-1.825741858686441219e-02
-1.825741858686440178e-02
-1.825741858686437055e-02
-1.825741858686440525e-02
-1.825741858686437749e-02
-1.825741858686434627e-02
-1.825741858686431851e-02
-1.825741858686432198e-02
-1.825741858686428729e-02
-1.825741858686431851e-02
-1.825741858686438096e-02
-1.825741858686448851e-02
-1.825741858686437402e-02
-1.825741858686439484e-02
-1.825741858686440178e-02
-1.825741858686442953e-02
-1.825741858686443994e-02
-1.825741858686442953e-02
-1.825741858686444688e-02
-1.825741858686444688e-02
-1.825741858686442259e-02
-1.825741858686442606e-02
-1.825741858686446423e-02
-1.825741858686443647e-02
-1.825741858686445382e-02
-1.825741858686432545e-02
-1.825741858686433239e-02
-1.825741858686439137e-02
-1.825741858686442606e-02
-1.825741858686440872e-02
-1.825741858686439137e-02
-1.825741858686442606e-02
-1.825741858686437402e-02
-1.825741858686433933e-02
-1.825741858686458219e-02
-1.825741858686423871e-02
-1.825741858686437055e-02
-1.825741858686434627e-02
-1.825741858686440872e-02
-1.825741858686440178e-02
-1.825741858686442606e-02
-1.825741858686426647e-02
-1.825741858686433239e-02
-1.825741858686425606e-02
-1.825741858686426647e-02
-1.825741858686431504e-02
-1.825741858686430463e-02
-1.825741858686435320e-02
-1.825741858686438443e-02
-1.825741858686438096e-02
-1.825741858686439137e-02
-1.825741858686433239e-02
-1.825741858686444688e-02
-1.825741858686434280e-02
-1.825741858686439831e-02
-1.825741858686453709e-02
-1.825741858686445729e-02
-1.825741858686444341e-02
-1.825741858686445035e-02
-1.825741858686434627e-02
-1.825741858686445729e-02
-1.825741858686450933e-02
-1.825741858686431157e-02
-1.825741858686449198e-02
-1.825741858686445035e-02
-1.825741858686455096e-02
-1.825741858686442606e-02
-1.825741858686449892e-02
-1.825741858686463770e-02
-1.825741858686449198e-02
-1.825741858686450586e-02
-1.825741858686448504e-02
-1.825741858686460994e-02
-1.825741858686456484e-02
-1.825741858686455443e-02
-1.825741858686450239e-02
-1.825741858686453015e-02
-1.825741858686441219e-02
-1.825741858686433933e-02
-1.825741858686443994e-02
-1.825741858686441565e-02
-1.825741858686440525e-02
-1.825741858686433239e-02
-1.825741858686432892e-02
-1.825741858686446076e-02
-1.825741858686438096e-02
-1.825741858686451280e-02
-1.825741858686450239e-02
-1.825741858686446076e-02
-1.825741858686444688e-02
-1.825741858686442259e-02
-1.825741858686445035e-02
-1.825741858686448504e-02
-1.825741858686444688e-02
-1.825741858686449892e-02
-1.825741858686453015e-02
-1.825741858686443647e-02
-1.825741858686442259e-02
-1.825741858686448851e-02
-1.825741858686444341e-02
-1.825741858686445035e-02
-1.825741858686451627e-02
-1.825741858686446076e-02
-1.825741858686447464e-02
-1.825741858686444688e-02
-1.825741858686430463e-02
-1.825741858686442259e-02
-1.825741858686445382e-02
-1.825741858686446423e-02
-1.825741858686445035e-02
-1.825741858686445382e-02
-1.825741858686441219e-02
-1.825741858686439137e-02
-1.825741858686442606e-02
-1.825741858686450586e-02
-1.825741858686445382e-02
-1.825741858686441219e-02
-1.825741858686443300e-02
-1.825741858686444341e-02
-1.825741858686443994e-02
-1.825741858686437055e-02
-1.825741858686430810e-02
-1.825741858686431851e-02
-1.825741858686427688e-02
-1.825741858686437749e-02
-1.825741858686434280e-02
-1.825741858686435320e-02
-1.825741858686439831e-02
-1.825741858686437402e-02
-1.825741858686429769e-02
-1.825741858686437055e-02
-1.825741858686436361e-02
-1.825741858686438790e-02
-1.825741858686435667e-02
-1.825741858686438096e-02
-1.825741858686444341e-02
-1.825741858686432198e-02
-1.825741858686442259e-02
-1.825741858686437055e-02
-1.825741858686432545e-02
-1.825741858686431504e-02
-1.825741858686433586e-02
-1.825741858686427341e-02
-1.825741858686429422e-02
-1.825741858686430810e-02
-1.825741858686438096e-02
-1.825741858686438790e-02
-1.825741858686437402e-02
-1.825741858686436361e-02
-1.825741858686436014e-02
-1.825741858686437055e-02
-1.825741858686438443e-02
-1.825741858686434627e-02
-1.825741858686428729e-02
-1.825741858686425259e-02
-1.825741858686439831e-02
-1.825741858686441912e-02
-1.825741858686440178e-02
-1.825741858686437749e-02
-1.825741858686437055e-02
-1.825741858686434280e-02
-1.825741858686433586e-02
-1.825741858686420749e-02
-1.825741858686426994e-02
-1.825741858686439484e-02
-1.825741858686436708e-02
-1.825741858686443647e-02
-1.825741858686434627e-02
-1.825741858686436361e-02
-1.825741858686446770e-02
-1.825741858686440525e-02
-1.825741858686445035e-02
-1.825741858686443300e-02
-1.825741858686438096e-02
-1.825741858686438096e-02
-1.825741858686442953e-02
-1.825741858686438790e-02
-1.825741858686444688e-02
-1.825741858686447117e-02
-1.825741858686444688e-02
-1.825741858686445035e-02
-1.825741858686443647e-02
-1.825741858686441912e-02
-1.825741858686440525e-02
-1.825741858686444341e-02
-1.825741858686442606e-02
-1.825741858686441565e-02
-1.825741858686437055e-02
-1.825741858686444341e-02
-1.825741858686434974e-02
-1.825741858686429769e-02
-1.825741858686442953e-02
-1.825741858686442953e-02
-1.825741858686439831e-02
-1.825741858686436361e-02
-1.825741858686437402e-02
-1.825741858686442606e-02
-1.825741858686439137e-02
-1.825741858686438443e-02
-1.825741858686442953e-02
-1.825741858686443300e-02
-1.825741858686436708e-02
-1.825741858686434974e-02
-1.825741858686441912e-02
-1.825741858686440525e-02
-1.825741858686448504e-02
-1.825741858686428382e-02
-1.825741858686434280e-02
-1.825741858686436361e-02
-1.825741858686436014e-02
-1.825741858686440525e-02
-1.825741858686443647e-02
-1.825741858686449198e-02
-1.825741858686448851e-02
-1.825741858686435667e-02
-1.825741858686438790e-02
-1.825741858686439831e-02
-1.825741858686438443e-02
-1.825741858686441219e-02
-1.825741858686439137e-02
-1.825741858686430463e-02
-1.825741858686425606e-02
-1.825741858686426300e-02
-1.825741858686428729e-02
-1.825741858686434627e-02
-1.825741858686433933e-02
-1.825741858686428729e-02
-1.825741858686430116e-02
-1.825741858686436014e-02
-1.825741858686433239e-02
-1.825741858686421790e-02
-1.825741858686430116e-02
-1.825741858686428382e-02
-1.825741858686436361e-02
-1.825741858686433239e-02
-1.825741858686428035e-02
-1.825741858686429075e-02
-1.825741858686436361e-02
-1.825741858686431851e-02
-1.825741858686428729e-02
-1.825741858686426994e-02
-1.825741858686425953e-02
-1.825741858686423524e-02
-1.825741858686424912e-02
-1.825741858686422484e-02
-1.825741858686421443e-02
-1.825741858686428035e-02
-1.825741858686421790e-02
-1.825741858686428382e-02
-1.825741858686430810e-02
-1.825741858686420749e-02
-1.825741858686419708e-02
-1.825741858686432198e-02
-1.825741858686428729e-02
-1.825741858686445729e-02
-1.825741858686434627e-02
-1.825741858686441565e-02
-1.825741858686451627e-02
-1.825741858686439484e-02
-1.825741858686437055e-02
-1.825741858686439137e-02
-1.825741858686436708e-02
-1.825741858686446076e-02
-1.825741858686443647e-02
-1.825741858686443994e-02
-1.825741858686441565e-02
-1.825741858686442606e-02
-1.825741858686443994e-02
-1.825741858686444341e-02
-1.825741858686437749e-02
-1.825741858686439831e-02
-1.825741858686435320e-02
-1.825741858686442953e-02
-1.825741858686439137e-02
-1.825741858686436014e-02
-1.825741858686439484e-02
-1.825741858686433933e-02
-1.825741858686434627e-02
-1.825741858686441565e-02
-1.825741858686443300e-02
-1.825741858686448157e-02
-1.825741858686441565e-02
-1.825741858686440872e-02
-1.825741858686443300e-02
-1.825741858686439831e-02
-1.825741858686443647e-02
-1.825741858686445382e-02
-1.825741858686441565e-02
-1.825741858686432198e-02
-1.825741858686434974e-02
-1.825741858686439137e-02
-1.825741858686445382e-02
-1.825741858686446423e-02
-1.825741858686443994e-02
-1.825741858686446770e-02
-1.825741858686432892e-02
-1.825741858686439831e-02
-1.825741858686431504e-02
-1.825741858686441219e-02
-1.825741858686435320e-02
-1.825741858686440872e-02
-1.825741858686436708e-02
-1.825741858686436361e-02
-1.825741858686440872e-02
-1.825741858686439137e-02
-1.825741858686447117e-02
-1.825741858686446770e-02
-1.825741858686448157e-02
-1.825741858686450239e-02
-1.825741858686441912e-02
-1.825741858686449892e-02
-1.825741858686449545e-02
-1.825741858686441219e-02
-1.825741858686439137e-02
-1.825741858686442953e-02
-1.825741858686433239e-02
-1.825741858686445382e-02
-1.825741858686445729e-02
-1.825741858686441912e-02
-1.825741858686442953e-02
-1.825741858686426994e-02
-1.825741858686441219e-02
-1.825741858686439137e-02
-1.825741858686454402e-02
-1.825741858686439137e-02
-1.825741858686442953e-02
-1.825741858686443647e-02
-1.825741858686445035e-02
-1.825741858686434280e-02
-1.825741858686437749e-02
-1.825741858686444688e-02
-1.825741858686445382e-02
-1.825741858686443647e-02
-1.825741858686447811e-02
-1.825741858686438443e-02
-1.825741858686440525e-02
-1.825741858686443994e-02
-1.825741858686445382e-02
-1.825741858686446076e-02
-1.825741858686445382e-02
-1.825741858686449545e-02
-1.825741858686448157e-02
-1.825741858686438096e-02
-1.825741858686438096e-02
-1.825741858686441565e-02
-1.825741858686437402e-02
-1.825741858686443647e-02
-1.825741858686447117e-02
-1.825741858686432892e-02
-1.825741858686454402e-02
-1.825741858686448851e-02
-1.825741858686435667e-02
-1.825741858686442606e-02
-1.825741858686444688e-02
-1.825741858686443647e-02
-1.825741858686432545e-02
-1.825741858686443300e-02
-1.825741858686438790e-02
-1.825741858686450586e-02
-1.825741858686449892e-02
-1.825741858686438443e-02
-1.825741858686438790e-02
-1.825741858686429422e-02
-1.825741858686435320e-02
-1.825741858686428382e-02
-1.825741858686429422e-02
-1.825741858686443647e-02
-1.825741858686449198e-02
-1.825741858686472097e-02
-1.825741858686452321e-02
-1.825741858686431851e-02
-1.825741858686444341e-02
-1.825741858686440872e-02
-1.825741858686439137e-02
-1.825741858686434974e-02
-1.825741858686434974e-02
-1.825741858686430116e-02
-1.825741858686440178e-02
-1.825741858686426300e-02
-1.825741858686431504e-02
-1.825741858686447117e-02
-1.825741858686451280e-02
-1.825741858686440525e-02
-1.825741858686433586e-02
-1.825741858686436361e-02
-1.825741858686463770e-02
-1.825741858686456484e-02
-1.825741858686440872e-02
-1.825741858686433933e-02
-1.825741858686438443e-02
-1.825741858686444341e-02
-1.825741858682607133e-02
-1.825741858682609214e-02
-1.825741858682608521e-02
-1.825741858682604010e-02
-1.825741858682603663e-02
-1.825741858682602969e-02
-1.825741858682606786e-02
-1.825741858682604704e-02
-1.825741858682608867e-02
-1.825741858682610602e-02
-1.825741858682610949e-02
-1.825741858682608174e-02
-1.825741858682614419e-02
-1.825741858682610602e-02
-1.825741858682604704e-02
-1.825741858682610602e-02
-1.825741858682610949e-02
-1.825741858682604704e-02
-1.825741858682611296e-02
-1.825741858682610949e-02
-1.825741858682598112e-02
-1.825741858682611990e-02
-1.825741858682602969e-02
-1.825741858682613378e-02
-1.825741858682606786e-02
-1.825741858682602969e-02
-1.825741858682606439e-02
-1.825741858682603316e-02
-1.825741858682601582e-02
-1.825741858682606092e-02
-1.825741858682605398e-02
-1.825741858682607480e-02
-1.825741858682606092e-02
-1.825741858682612684e-02
-1.825741858682608867e-02
-1.825741858682607827e-02
-1.825741858682607480e-02
-1.825741858682611643e-02
-1.825741858682604010e-02
-1.825741858682607133e-02
-1.825741858682610255e-02
-1.825741858682608174e-02
-1.825741858682608174e-02
-1.825741858682613378e-02
-1.825741858682604704e-02
-1.825741858682603663e-02
-1.825741858682601235e-02
-1.825741858682613378e-02
-1.825741858682613378e-02
-1.825741858682610949e-02
-1.825741858682611296e-02
-1.825741858682608521e-02
-1.825741858682603663e-02
-1.825741858682609908e-02
-1.825741858682608174e-02
-1.825741858682604010e-02
-1.825741858682616153e-02
-1.825741858682605398e-02
-1.825741858682604357e-02
-1.825741858682611643e-02
-1.825741858682610949e-02
-1.825741858682606439e-02
-1.825741858682608174e-02
-1.825741858682616500e-02
-1.825741858682609561e-02
-1.825741858682608867e-02
-1.825741858682610602e-02
-1.825741858682608521e-02
-1.825741858682603316e-02
-1.825741858682602969e-02
-1.825741858682608174e-02
-1.825741858682608174e-02
-1.825741858682606092e-02
-1.825741858682607827e-02
-1.825741858682609214e-02
-1.825741858682602969e-02
-1.825741858682609908e-02
-1.825741858682605051e-02
-1.825741858682608174e-02
-1.825741858682608867e-02
-1.825741858682611643e-02
-1.825741858682609561e-02
-1.825741858682614419e-02
-1.825741858682610255e-02
-1.825741858682606786e-02
-1.825741858682607133e-02
-1.825741858682610602e-02
-1.825741858682607480e-02
-1.825741858682610949e-02
-1.825741858682607480e-02
-1.825741858682610602e-02
-1.825741858682610949e-02
-1.825741858682615806e-02
-1.825741858682604704e-02
-1.825741858682605398e-02
-1.825741858682608174e-02
-1.825741858682611296e-02
-1.825741858682592908e-02
-1.825741858682606786e-02
-1.825741858682607480e-02
-1.825741858682601582e-02
-1.825741858682607827e-02
-1.825741858682612684e-02
-1.825741858682605745e-02
-1.825741858682615806e-02
-1.825741858682608867e-02
-1.825741858682616847e-02
-1.825741858682608174e-02
-1.825741858682608867e-02
-1.825741858682614766e-02
-1.825741858682609561e-02
-1.825741858682602622e-02
-1.825741858682599500e-02
-1.825741858682602969e-02
-1.825741858682605051e-02
-1.825741858682602275e-02
-1.825741858682604357e-02
-1.825741858682604357e-02
-1.825741858682600194e-02
-1.825741858682597071e-02
-1.825741858682597418e-02
-1.825741858682602622e-02
-1.825741858682596724e-02
-1.825741858682592214e-02
-1.825741858682602275e-02
-1.825741858682601235e-02
-1.825741858682595684e-02
-1.825741858682596377e-02
-1.825741858682597418e-02
-1.825741858682593255e-02
-1.825741858682596030e-02
-1.825741858682593602e-02
-1.825741858682599500e-02
-1.825741858682597418e-02
-1.825741858682600194e-02
-1.825741858682599847e-02
-1.825741858682599500e-02
-1.825741858682600194e-02
-1.825741858682600194e-02
-1.825741858682600888e-02
-1.825741858682598806e-02
-1.825741858682598459e-02
-1.825741858682597418e-02
-1.825741858682597418e-02
-1.825741858682595684e-02
-1.825741858682591867e-02
-1.825741858682595684e-02
-1.825741858682597765e-02
-1.825741858682595684e-02
-1.825741858682596377e-02
-1.825741858682597071e-02
-1.825741858682591867e-02
-1.825741858682595684e-02
-1.825741858682593602e-02
-1.825741858682596377e-02
-1.825741858682596724e-02
-1.825741858682600194e-02
-1.825741858682600888e-02
-1.825741858682598806e-02
-1.825741858682599500e-02
-1.825741858682600194e-02
-1.825741858682601235e-02
-1.825741858682597071e-02
-1.825741858682598806e-02
-1.825741858682601929e-02
-1.825741858682599500e-02
-1.825741858682598459e-02
-1.825741858682597765e-02
-1.825741858682598459e-02
-1.825741858682596030e-02
-1.825741858682601235e-02
-1.825741858682601235e-02
-1.825741858682600194e-02
-1.825741858682598806e-02
-1.825741858682603663e-02
-1.825741858682598112e-02
-1.825741858682604010e-02
-1.825741858682604357e-02
-1.825741858682607480e-02
-1.825741858682600888e-02
-1.825741858682600888e-02
-1.825741858682604010e-02
-1.825741858682606439e-02
-1.825741858682601235e-02
-1.825741858682602275e-02
-1.825741858682599153e-02
-1.825741858682602969e-02
-1.825741858682603663e-02
-1.825741858682602275e-02
-1.825741858682600541e-02
-1.825741858682607827e-02
-1.825741858682604010e-02
-1.825741858682602622e-02
-1.825741858682605051e-02
-1.825741858682605745e-02
-1.825741858682598459e-02
-1.825741858682600541e-02
-1.825741858682596030e-02
-1.825741858682600888e-02
-1.825741858682596377e-02
-1.825741858682596030e-02
-1.825741858682598806e-02
-1.825741858682603663e-02
-1.825741858682606092e-02
-1.825741858682600541e-02
-1.825741858682597765e-02
-1.825741858682606786e-02
-1.825741858682596724e-02
-1.825741858682602275e-02
-1.825741858682599847e-02
-1.825741858682602969e-02
-1.825741858682601582e-02
-1.825741858682604010e-02
-1.825741858682605051e-02
-1.825741858682604704e-02
-1.825741858682604704e-02
-1.825741858682599153e-02
-1.825741858682600194e-02
-1.825741858682600888e-02
-1.825741858682602275e-02
-1.825741858682600194e-02
-1.825741858682603663e-02
-1.825741858682599847e-02
-1.825741858682601929e-02
-1.825741858682605745e-02
-1.825741858682605398e-02
-1.825741858682603663e-02
-1.825741858682605051e-02
-1.825741858682603663e-02
-1.825741858682602622e-02
-1.825741858682601582e-02
-1.825741858682604357e-02
-1.825741858682602969e-02
-1.825741858682603663e-02
-1.825741858682598459e-02
-1.825741858682608174e-02
-1.825741858682607133e-02
-1.825741858682611643e-02
-1.825741858682607827e-02
-1.825741858682607827e-02
-1.825741858682607133e-02
-1.825741858682606786e-02
-1.825741858682605745e-02
-1.825741858682608521e-02
-1.825741858682606092e-02
-1.825741858682607827e-02
-1.825741858682609214e-02
-1.825741858682611296e-02
-1.825741858682609214e-02
-1.825741858682608174e-02
-1.825741858682607827e-02
-1.825741858682602275e-02
-1.825741858682610255e-02
-1.825741858682607480e-02
-1.825741858682609908e-02
-1.825741858682608521e-02
-1.825741858682610602e-02
-1.825741858682611296e-02
-1.825741858682609908e-02
-1.825741858682610255e-02
-1.825741858682609561e-02
-1.825741858682605051e-02
-1.825741858682609214e-02
-1.825741858682605398e-02
-1.825741858682606786e-02
-1.825741858682605398e-02
-1.825741858682606092e-02
-1.825741858682604704e-02
-1.825741858682606786e-02
-1.825741858682605051e-02
-1.825741858682602622e-02
-1.825741858682608521e-02
-1.825741858682604357e-02
-1.825741858682614419e-02
-1.825741858682615459e-02
-1.825741858682608174e-02
-1.825741858682611990e-02
-1.825741858682613378e-02
-1.825741858682609214e-02
-1.825741858682607133e-02
-1.825741858682608521e-02
-1.825741858682607827e-02
-1.825741858682608174e-02
-1.825741858682605745e-02
-1.825741858682608174e-02
-1.825741858682606786e-02
-1.825741858682609561e-02
-1.825741858682610602e-02
-1.825741858682608867e-02
-1.825741858682614419e-02
-1.825741858682606092e-02
-1.825741858682609561e-02
-1.825741858682606786e-02
-1.825741858682604357e-02
-1.825741858682612684e-02
-1.825741858682609561e-02
-1.825741858682605051e-02
-1.825741858682611643e-02
-1.825741858682608521e-02
-1.825741858682605051e-02
-1.825741858682609561e-02
-1.825741858682605398e-02
-1.825741858682606439e-02
-1.825741858682605745e-02
-1.825741858682607133e-02
-1.825741858682607480e-02
-1.825741858682609561e-02
-1.825741858682610255e-02
-1.825741858682607480e-02
-1.825741858682607480e-02
-1.825741858682614072e-02
-1.825741858682608174e-02
-1.825741858682607480e-02
-1.825741858682608867e-02
-1.825741858682612337e-02
-1.825741858682606092e-02
-1.825741858682609214e-02
-1.825741858682605051e-02
-1.825741858682610602e-02
-1.825741858682613031e-02
-1.825741858682608867e-02
-1.825741858682605051e-02
-1.825741858682604704e-02
-1.825741858682611296e-02
-1.825741858682609561e-02
-1.825741858682607827e-02
-1.825741858682606786e-02
-1.825741858682609908e-02
-1.825741858682605745e-02
-1.825741858682606786e-02
-1.825741858682609908e-02
-1.825741858682608867e-02
-1.825741858682611296e-02
-1.825741858682605051e-02
-1.825741858682608174e-02
-1.825741858682608867e-02
-1.825741858682609214e-02
-1.825741858682609214e-02
-1.825741858682610949e-02
-1.825741858682608174e-02
-1.825741858682605398e-02
-1.825741858682607133e-02
-1.825741858682604357e-02
-1.825741858682609561e-02
-1.825741858682608521e-02
-1.825741858682605398e-02
-1.825741858682609561e-02
-1.825741858682605051e-02
-1.825741858682610602e-02
-1.825741858682605398e-02
-1.825741858682611990e-02
-1.825741858682608521e-02
-1.825741858682609214e-02
-1.825741858682605398e-02
-1.825741858682606439e-02
-1.825741858682608867e-02
-1.825741858682611990e-02
-1.825741858682605745e-02
-1.825741858682605051e-02
-1.825741858682608174e-02
-1.825741858682608174e-02
-1.825741858682605398e-02
-1.825741858682607133e-02
-1.825741858682609214e-02
-1.825741858682613378e-02
-1.825741858682607480e-02
-1.825741858682609561e-02
-1.825741858682606786e-02
-1.825741858682610949e-02
-1.825741858682606439e-02
-1.825741858682613725e-02
-1.825741858682611296e-02
-1.825741858682607480e-02
-1.825741858682611643e-02
-1.825741858682609908e-02
-1.825741858682611643e-02
-1.825741858682605745e-02
-1.825741858682606786e-02
-1.825741858682611296e-02
-1.825741858682615112e-02
-1.825741858682612684e-02
-1.825741858682616153e-02
-1.825741858682613725e-02
-1.825741858682615459e-02
-1.825741858682618929e-02
-1.825741858682615459e-02
-1.825741858682614072e-02
-1.825741858682610949e-02
-1.825741858682609908e-02
-1.825741858682614419e-02
-1.825741858682612684e-02
-1.825741858682605745e-02
-1.825741858682607480e-02
-1.825741858682613725e-02
-1.825741858682605398e-02
-1.825741858682614419e-02
-1.825741858682612684e-02
-1.825741858682607480e-02
-1.825741858682609908e-02
-1.825741858682611296e-02
-1.825741858682609908e-02
-1.825741858682609214e-02
-1.825741858682609214e-02
-1.825741858682610255e-02
-1.825741858682608174e-02
-1.825741858682608521e-02
-1.825741858682609561e-02
-1.825741858682607827e-02
-1.825741858682602969e-02
-1.825741858682602969e-02
-1.825741858682607480e-02
-1.825741858682612337e-02
-1.825741858682601235e-02
-1.825741858682603316e-02
-1.825741858682606439e-02
-1.825741858682606092e-02
-1.825741858682601235e-02
-1.825741858682608174e-02
-1.825741858682605745e-02
-1.825741858682609561e-02
-1.825741858682609561e-02
-1.825741858682607827e-02
-1.825741858682603316e-02
-1.825741858682603316e-02
-1.825741858682606439e-02
-1.825741858682605745e-02
-1.825741858682605051e-02
-1.825741858682603316e-02
-1.825741858682601582e-02
-1.825741858682607133e-02
-1.825741858682607133e-02
-1.825741858682602275e-02
-1.825741858682605398e-02
-1.825741858682600888e-02
-1.825741858682605398e-02
-1.825741858682602275e-02
-1.825741858682603663e-02
-1.825741858682602275e-02
-1.825741858682603316e-02
-1.825741858682606786e-02
-1.825741858682597071e-02
-1.825741858682611990e-02
-1.825741858682604010e-02
-1.825741858682604357e-02
-1.825741858682605745e-02
-1.825741858682605051e-02
-1.825741858682608521e-02
-1.825741858682605051e-02
-1.825741858682607133e-02
-1.825741858682608867e-02
-1.825741858682605398e-02
-1.825741858682607133e-02
-1.825741858682606092e-02
-1.825741858682606439e-02
-1.825741858682606439e-02
-1.825741858682602969e-02
-1.825741858682602275e-02
-1.825741858682602969e-02
-1.825741858682607827e-02
-1.825741858682602622e-02
-1.825741858682605745e-02
-1.825741858682603663e-02
-1.825741858682601582e-02
-1.825741858682602622e-02
-1.825741858682605745e-02
-1.825741858682605745e-02
-1.825741858682607133e-02
-1.825741858682604704e-02
-1.825741858682606092e-02
-1.825741858682609908e-02
-1.825741858682609561e-02
-1.825741858682611643e-02
-1.825741858682608521e-02
-1.825741858682607827e-02
-1.825741858682606786e-02
-1.825741858682604704e-02
-1.825741858682606092e-02
-1.825741858682609908e-02
-1.825741858682604704e-02
-1.825741858682606092e-02
-1.825741858682606786e-02
-1.825741858682603663e-02
-1.825741858682605745e-02
-1.825741858682601582e-02
-1.825741858682607480e-02
-1.825741858682602622e-02
-1.825741858682601582e-02
-1.825741858682605051e-02
-1.825741858682600194e-02
-1.825741858682600541e-02
-1.825741858682599847e-02
-1.825741858682599847e-02
-1.825741858682604357e-02
-1.825741858682600541e-02
-1.825741858682603663e-02
-1.825741858682605051e-02
-1.825741858682605745e-02
-1.825741858682605745e-02
-1.825741858682606092e-02
-1.825741858682607133e-02
-1.825741858682605051e-02
-1.825741858682603316e-02
-1.825741858682606786e-02
-1.825741858682609214e-02
-1.825741858682607827e-02
-1.825741858682607133e-02
-1.825741858682607827e-02
-1.825741858682605745e-02
-1.825741858682606439e-02
-1.825741858682607133e-02
-1.825741858682604704e-02
-1.825741858682604357e-02
-1.825741858682605745e-02
-1.825741858682601929e-02
-1.825741858682600194e-02
-1.825741858682600888e-02
-1.825741858682605745e-02
-1.825741858682600541e-02
-1.825741858682604357e-02
-1.825741858682600194e-02
-1.825741858682600194e-02
-1.825741858682601582e-02
-1.825741858682604704e-02
-1.825741858682605051e-02
-1.825741858682595684e-02
-1.825741858682598112e-02
-1.825741858682600194e-02
-1.825741858682601235e-02
-1.825741858682601582e-02
-1.825741858682601929e-02
-1.825741858682606786e-02
-1.825741858682605745e-02
-1.825741858682606786e-02
-1.825741858682602969e-02
-1.825741858682599847e-02
-1.825741858682600888e-02
-1.825741858682597418e-02
-1.825741858682606092e-02
-1.825741858682603663e-02
-1.825741858682604704e-02
-1.825741858682600888e-02
-1.825741858682599847e-02
-1.825741858682605051e-02
-1.825741858682607480e-02
-1.825741858682606092e-02
-1.825741858682604704e-02
-1.825741858682601929e-02
-1.825741858682601235e-02
-1.825741858682601582e-02
-1.825741858682599847e-02
-1.825741858682602969e-02
-1.825741858682608521e-02
-1.825741858682604357e-02
-1.825741858682610255e-02
-1.825741858682604357e-02
-1.825741858682608174e-02
-1.825741858682609214e-02
-1.825741858682604704e-02
-1.825741858682608174e-02
-1.825741858682606786e-02
-1.825741858682608174e-02
-1.825741858682608174e-02
-1.825741858682605051e-02
-1.825741858682603316e-02
-1.825741858682602969e-02
-1.825741858682599153e-02
-1.825741858682606439e-02
-1.825741858682605745e-02
-1.825741858682604010e-02
-1.825741858682605745e-02
-1.825741858682606092e-02
-1.825741858682605398e-02
-1.825741858682604357e-02
-1.825741858682604010e-02
-1.825741858682600541e-02
-1.825741858682605745e-02
-1.825741858682608867e-02
-1.825741858682604704e-02
-1.825741858682602275e-02
-1.825741858682603316e-02
-1.825741858682606786e-02
-1.825741858682602275e-02
-1.825741858682605398e-02
-1.825741858682604357e-02
-1.825741858682603663e-02
-1.825741858682606786e-02
-1.825741858682603663e-02
-1.825741858682602969e-02
-1.825741858682604010e-02
-1.825741858682606439e-02
-1.825741858682604704e-02
-1.825741858682604357e-02
-1.825741858682602969e-02
-1.825741858682608174e-02
-1.825741858682607480e-02
-1.825741858682604010e-02
-1.825741858682608867e-02
-1.825741858682605398e-02
-1.825741858682603316e-02
-1.825741858682605745e-02
-1.825741858682608867e-02
-1.825741858682605745e-02
-1.825741858682602969e-02
-1.825741858682606092e-02
-1.825741858682604357e-02
-1.825741858682610949e-02
-1.825741858682606439e-02
-1.825741858682604357e-02
-1.825741858682604357e-02
-1.825741858682602622e-02
-1.825741858682605745e-02
-1.825741858682606439e-02
-1.825741858682601929e-02
-1.825741858682602275e-02
-1.825741858682606092e-02
-1.825741858682605398e-02
-1.825741858682604704e-02
-1.825741858682607827e-02
-1.825741858682607827e-02
-1.825741858682605051e-02
-1.825741858682603316e-02
-1.825741858682608867e-02
-1.825741858682608521e-02
-1.825741858682609214e-02
-1.825741858682605051e-02
-1.825741858682604010e-02
-1.825741858682599500e-02
-1.825741858682606092e-02
-1.825741858682609214e-02
-1.825741858682601929e-02
-1.825741858682605051e-02
-1.825741858682601235e-02
-1.825741858682606786e-02
-1.825741858682603663e-02
-1.825741858682609214e-02
-1.825741858682606786e-02
-1.825741858682604704e-02
-1.825741858682605398e-02
-1.825741858682603316e-02
-1.825741858682605051e-02
-1.825741858682606439e-02
-1.825741858682606439e-02
-1.825741858682602275e-02
-1.825741858682600888e-02
-1.825741858682601235e-02
-1.825741858682598806e-02
-1.825741858682608867e-02
-1.825741858682599500e-02
-1.825741858682597418e-02
-1.825741858682605745e-02
-1.825741858682605745e-02
-1.825741858682606786e-02
-1.825741858682606786e-02
-1.825741858682607133e-02
-1.825741858682605398e-02
-1.825741858682606092e-02
-1.825741858682606092e-02
-1.825741858682602969e-02
-1.825741858682602969e-02
-1.825741858682602275e-02
-1.825741858682606786e-02
-1.825741858682602969e-02
-1.825741858682604010e-02
-1.825741858682605398e-02
-1.825741858682599847e-02
-1.825741858682605398e-02
-1.825741858682606439e-02
-1.825741858682599500e-02
-1.825741858682604010e-02
-1.825741858682604357e-02
