-2.471754822261416559e-02
-2.471754672427850519e-02
-2.471751755495377179e-02
-2.471751956534060102e-02
-2.471751932369391919e-02
-2.471751746151283277e-02
-2.471751746151294726e-02
-2.471751654755453831e-02
-2.471751571012339999e-02
-2.471751567465516053e-02
-2.471751842597930127e-02
-2.471751981573153123e-02
-2.471751981573150347e-02
-2.471751996795443218e-02
-2.471751762697735333e-02
-2.471751753346984604e-02
-2.471751853429973722e-02
-2.471753043686292228e-02
-2.471752511339408986e-02
-2.471752713615359143e-02
-2.471752824466386111e-02
-2.471752723849502537e-02
-2.471752723849490047e-02
-2.471752447696604071e-02
-2.471752891175397343e-02
-2.471752732903766125e-02
-2.471749984597744476e-02
-2.471749396974169677e-02
-2.471749417006338656e-02
-2.471749884340956882e-02
-2.471749911470218913e-02
-2.471749371305949697e-02
-2.471750112088983570e-02
-2.471751899507796182e-02
-2.471751960229026310e-02
-2.471751306883411547e-02
-2.471751088734812363e-02
-2.471750732117675153e-02
-2.471751045984220407e-02
-2.471751380691451783e-02
-2.471752288656475088e-02
-2.471750569452189211e-02
-2.471750657769568663e-02
-2.471750626485227226e-02
-2.471751566130139452e-02
-2.471751517152401267e-02
-2.471751617789916602e-02
-2.471751833130961251e-02
-2.471751833130962639e-02
-2.471751651951953344e-02
-2.471751406334404474e-02
-2.471751206286203900e-02
-2.471751469698568737e-02
-2.471751388613421807e-02
-2.471751420113775174e-02
-2.471751456028807928e-02
-2.471749593028407452e-02
-2.471749887313693869e-02
-2.471749838961517787e-02
-2.471750884864526779e-02
-2.471751092647316364e-02
-2.471752401053626397e-02
-2.471752578453451088e-02
-2.471752578453449700e-02
-2.471752716831690164e-02
-2.471752793225018632e-02
-2.471751796137333299e-02
-2.471751526807814195e-02
-2.471751516960150191e-02
-2.471751853543443025e-02
-2.471751749253046221e-02
-2.471752179906564276e-02
-2.471751478349478934e-02
-2.471751478349478934e-02
-2.471751652564047746e-02
-2.471751896409404153e-02
-2.471751895298562526e-02
-2.471751945891730723e-02
-2.471752461298438661e-02
-2.471752283222211979e-02
-2.471752223129818071e-02
-2.471752461298439701e-02
-2.471752895361179272e-02
-2.471753159468909056e-02
-2.471752860925902073e-02
-2.471753021294537458e-02
-2.471753021294537112e-02
-2.471753021294537805e-02
-2.471753638803625072e-02
-2.471753624086046874e-02
-2.471753482446780240e-02
-2.471753452294605038e-02
-2.471753497016703632e-02
-2.471753278861859790e-02
-2.471753503007493788e-02
-2.471753452039874080e-02
-2.471753490201772374e-02
-2.471753580479251963e-02
-2.471753481836022268e-02
-2.471753603221034379e-02
-2.471753863815005087e-02
-2.471754020459050738e-02
-2.471753773414242170e-02
-2.471754091095091505e-02
-2.471753722832220612e-02
-2.471753753010280663e-02
-2.471752875372655242e-02
-2.471751838467183687e-02
-2.471751946444264089e-02
-2.471751990896561488e-02
-2.471751990896561488e-02
-2.471751855464234329e-02
-2.471751855464233288e-02
-2.471751855464234676e-02
-2.471750174964387065e-02
-2.471750236377468976e-02
-2.471748804125033921e-02
-2.471749055350747071e-02
-2.471748762450289363e-02
-2.471748762450290404e-02
-2.471748848291552628e-02
-2.471748472441086947e-02
-2.471748096520300433e-02
-2.471748667405840316e-02
-2.471748135417553560e-02
-2.471748051845314154e-02
-2.471748174948326313e-02
-2.471749360050252281e-02
-2.471748807441264892e-02
-2.471748415586846534e-02
-2.471749207697928122e-02
-2.471749175820319236e-02
-2.471748722507084023e-02
-2.471747206762216556e-02
-2.471746845749040258e-02
-2.471746077101318051e-02
-2.471746291686742480e-02
-2.471746468708860625e-02
-2.471747279427879626e-02
-2.471747104203103965e-02
-2.471745595782589774e-02
-2.471745853583823260e-02
-2.471745764607960125e-02
-2.471745701785194038e-02
-2.471746700752972675e-02
-2.471745607400028036e-02
-2.471745771498990232e-02
-2.471745159475068065e-02
-2.471745874718265720e-02
-2.471746669588572101e-02
-2.471745676274705525e-02
-2.471745723927518817e-02
-2.471746102335339174e-02
-2.471745913163360051e-02
-2.471745913163360051e-02
-2.471745504792482659e-02
-2.471751612043283572e-02
-2.471751716582402600e-02
-2.471751091758010374e-02
-2.471751164997303130e-02
-2.471751191763021591e-02
-2.471751147862226092e-02
-2.471751045434683949e-02
-2.471750928815800302e-02
-2.471751464212547378e-02
-2.471751425074578817e-02
-2.471751185519604002e-02
-2.471751460183947008e-02
-2.471751718810908868e-02
-2.471752344798783252e-02
-2.471752250902844658e-02
-2.471752298081319327e-02
-2.471752675647753000e-02
-2.471752387705593648e-02
-2.471751818474612894e-02
-2.471750688956163636e-02
-2.471750793688230752e-02
-2.471750672027004173e-02
-2.471750502181137982e-02
-2.471750968747881902e-02
-2.471750936716397493e-02
-2.471751373578038452e-02
-2.471751356377446113e-02
-2.471751354249820259e-02
-2.471751343546367899e-02
-2.471751338981635279e-02
-2.471748801125334127e-02
-2.471746585463294871e-02
-2.471747047324911184e-02
-2.471746763445620970e-02
-2.471748222918065258e-02
-2.471748595464430195e-02
-2.471751738235056228e-02
-2.471751705712015718e-02
-2.471751560476934118e-02
-2.471751553512283386e-02
-2.471751553512285121e-02
-2.471751727155075198e-02
-2.471751886325744205e-02
-2.471751649616370575e-02
-2.471751296251094299e-02
-2.471751257625260864e-02
-2.471750796579641127e-02
-2.471751026394762921e-02
-2.471750944159223015e-02
-2.471750600325300917e-02
-2.471750441452738589e-02
-2.471751088142176700e-02
-2.471751088142176700e-02
-2.471751088142175659e-02
-2.471750585742597817e-02
-2.471749652040726442e-02
-2.471750484033583342e-02
-2.471750901959189964e-02
-2.471750870716702200e-02
-2.471749565499246556e-02
-2.471750044118109849e-02
-2.471749991988292025e-02
-2.471749711937021310e-02
-2.471750770992465346e-02
-2.471750748171220452e-02
-2.471750629842120114e-02
-2.471750750179804376e-02
-2.471750844799183028e-02
-2.471751184422927780e-02
-2.471751081969052535e-02
-2.471750935226641951e-02
-2.471751233906098119e-02
-2.471750123682137437e-02
-2.471749946300182132e-02
-2.471749355292901171e-02
-2.471749668973728317e-02
-2.471750843871435566e-02
-2.471751374190209183e-02
-2.471751094037772517e-02
-2.471751150866936114e-02
-2.471750611304141323e-02
-2.471748541670122992e-02
-2.471748255364487196e-02
-2.471749310669503485e-02
-2.471749865678577601e-02
-2.471749762789078250e-02
-2.471748552381763595e-02
-2.471748704509975358e-02
-2.471748954135398121e-02
-2.471748979020955278e-02
-2.471749162041603221e-02
-2.471748699939841157e-02
-2.471749268761967711e-02
-2.471749486166324380e-02
-2.471749339106900367e-02
-2.471749437356894619e-02
-2.471749494417994561e-02
-2.471749628936513454e-02
-2.471749134117756652e-02
-2.471749436497325952e-02
-2.471749619432169615e-02
-2.471749423152378236e-02
-2.471749397624828370e-02
-2.471749720846482326e-02
-2.471750004716168764e-02
-2.471751298074135322e-02
-2.471751179648849078e-02
-2.471751073556751818e-02
-2.471751066436699701e-02
-2.471751765647945548e-02
-2.471751802503636269e-02
-2.471751862961578047e-02
-2.471751742497548324e-02
-2.471751734138178877e-02
-2.471751724695491967e-02
-2.471751802837141368e-02
-2.471751677518534487e-02
-2.471751589442125127e-02
-2.471751583404011021e-02
-2.471751529043697895e-02
-2.471751081366732952e-02
-2.471751097360486149e-02
-2.471751054101825260e-02
-2.471751054101823525e-02
-2.471751102767534916e-02
-2.471751093738507044e-02
-2.471751076570495240e-02
-2.471751015792975417e-02
-2.471750894979028723e-02
-2.471750925888621317e-02
-2.471750961111408157e-02
-2.471750954210786069e-02
-2.471750678648737543e-02
-2.471750653297183006e-02
-2.471750800830817968e-02
-2.471750864429323249e-02
-2.471750688474206800e-02
-2.471750755642340355e-02
-2.471751196350957525e-02
-2.471751196350957872e-02
-2.471751229535949085e-02
-2.471751237140072666e-02
-2.471751160089020322e-02
-2.471751132710173215e-02
-2.471747037084161963e-02
-2.471748230235461252e-02
-2.471746921837305461e-02
-2.471746971876231588e-02
-2.471746946653831378e-02
-2.471747445103283577e-02
-2.471747490727193783e-02
-2.471747037884278880e-02
-2.471746991161982709e-02
-2.471746943566629703e-02
-2.471747027008147288e-02
-2.471746749669218035e-02
-2.471747253652070361e-02
-2.471747148138263642e-02
-2.471747470061005925e-02
-2.471746583094805785e-02
-2.471746583094804744e-02
-2.471746534033317580e-02
-2.471747606605799799e-02
-2.471747606605798411e-02
-2.471747411157343421e-02
-2.471747499732081937e-02
-2.471748336412148833e-02
-2.471747485744993367e-02
-2.471747432712124992e-02
-2.471746347634371996e-02
-2.471746654178347616e-02
-2.471746607897009479e-02
-2.471747096359094842e-02
-2.471747096359098311e-02
-2.471747100551341739e-02
-2.471746528536118009e-02
-2.471747012439903454e-02
-2.471747583979798726e-02
-2.471746934080814098e-02
-2.471746801130650720e-02
-2.471746944590922507e-02
-2.471747401985422560e-02
-2.471742646580031219e-02
-2.471742816932168130e-02
-2.471741893941829457e-02
-2.471741260137432991e-02
-2.471741949575903194e-02
-2.471742411167067444e-02
-2.471742411167069872e-02
-2.471742682321230802e-02
-2.471743454393550074e-02
-2.471743468726068232e-02
-2.471743350876903084e-02
-2.471742886565359357e-02
-2.471742899227026904e-02
-2.471744153114947828e-02
-2.471744502161740686e-02
-2.471744366169902757e-02
-2.471744358312526896e-02
-2.471744358312526549e-02
-2.471744117467703644e-02
-2.471744715215522248e-02
-2.471744339034262494e-02
-2.471744339034260760e-02
-2.471743682182522134e-02
-2.471742691939772182e-02
-2.471741904486174715e-02
-2.471744187167064163e-02
-2.471744646717639188e-02
-2.471744296328177298e-02
-2.471742758477535329e-02
-2.471743268793133094e-02
-2.471743235714470716e-02
-2.471743158664624004e-02
-2.471742507711374368e-02
-2.471742291514334583e-02
-2.471746246683758155e-02
-2.471745911059116882e-02
-2.471745956691477619e-02
-2.471746270632847395e-02
-2.471746270632848783e-02
-2.471747924640653113e-02
-2.471747671812582481e-02
-2.471747817040600634e-02
-2.471747467259115955e-02
-2.471747714351447620e-02
-2.471748294416707334e-02
-2.471748157956338635e-02
-2.471748157956338288e-02
-2.471748137375064450e-02
-2.471748137375065837e-02
-2.471748081558768073e-02
-2.471748045580019967e-02
-2.471748287472266825e-02
-2.471748261314256345e-02
-2.471748299858050196e-02
-2.471748140051236581e-02
-2.471747931321141914e-02
-2.471748089042757543e-02
-2.471748148382021254e-02
-2.471748050926260085e-02
-2.471748047639162407e-02
-2.471747997281617537e-02
-2.471747934460441498e-02
-2.471747456963720169e-02
-2.471747072905455117e-02
-2.471747124541687907e-02
-2.471747171064556103e-02
-2.471747272422939595e-02
-2.471748371112039017e-02
-2.471748375879502524e-02
-2.471748554757199554e-02
-2.471748529018600801e-02
-2.471748445975924940e-02
-2.471748541086420808e-02
-2.471748455155164254e-02
-2.471748449161704705e-02
-2.471747582239047780e-02
-2.471747755306544919e-02
-2.471748185658775854e-02
-2.471747920996970882e-02
-2.471747875729500207e-02
-2.471748158377480922e-02
-2.471747981938104965e-02
-2.471747678077854810e-02
-2.471747773902434331e-02
-2.471747787253459824e-02
-2.471747924802023336e-02
-2.471747565242042241e-02
-2.471747703082183972e-02
-2.471747456887707015e-02
-2.471747359864075871e-02
-2.471747445628038817e-02
-2.471747387573957830e-02
-2.471747363274017298e-02
-2.471747387573958871e-02
-2.471747387573959218e-02
-2.471747440827370274e-02
-2.471749097621387531e-02
-2.471749001513657770e-02
-2.471748671247828849e-02
-2.471746549559093731e-02
-2.471747038804792199e-02
-2.471746945871382273e-02
-2.471746619980826412e-02
-2.471746757126789401e-02
-2.471746855966587553e-02
-2.471746717831470666e-02
-2.471747949401811514e-02
-2.471748321635961962e-02
-2.471747540113423958e-02
-2.471748132650870150e-02
-2.471748008076949180e-02
-2.471747981185327611e-02
-2.471747987606832259e-02
-2.471748047884805149e-02
-2.471747700468868852e-02
-2.471747571025675189e-02
-2.471747571025675189e-02
-2.471747743180768841e-02
-2.471747931360209621e-02
-2.471747680207818029e-02
-2.471747680207818376e-02
-2.471747646098412451e-02
-2.471747637873120476e-02
-2.471748113759197896e-02
-2.471748215094112661e-02
-2.471748203267199254e-02
-2.471748127361125813e-02
-2.471747599484952138e-02
-2.471747534096373558e-02
-2.471747354650987924e-02
-2.471747208185752151e-02
-2.471746470798933185e-02
-2.471747353145916856e-02
-2.471748841626636439e-02
-2.471748844460264563e-02
-2.471748203178918135e-02
-2.471748269610700433e-02
-2.471748064860316771e-02
-2.471747996386499877e-02
-2.471747786834558799e-02
-2.471747815792285988e-02
-2.471748242961810046e-02
-2.471746891312756600e-02
-2.471747114416552454e-02
-2.471747913103479813e-02
-2.471748027864049957e-02
-2.471747830977581370e-02
-2.471747593111610006e-02
-2.471747692434920693e-02
-2.471747707915878875e-02
-2.471747360531684895e-02
-2.471747360531685242e-02
-2.471747379369369085e-02
-2.471747358907476835e-02
-2.471747486971952873e-02
-2.471747482024209269e-02
-2.471747678412610991e-02
-2.471747714556263645e-02
-2.471747914821549250e-02
-2.471747410648158713e-02
-2.471747524484613559e-02
-2.471747678254751154e-02
-2.471747754159440286e-02
-2.471747780448270079e-02
-2.471747843611220297e-02
-2.471747843611220297e-02
-2.471747843611219256e-02
-2.471747556179705596e-02
-2.471747762119401448e-02
-2.471747821453581032e-02
-2.471745091177901185e-02
-2.471744720129307252e-02
-2.471745192726228571e-02
-2.471746658423847054e-02
-2.471746751077265325e-02
-2.471746424470450815e-02
-2.471746387780674251e-02
-2.471746387780674944e-02
-2.471746651681850163e-02
-2.471746908207087673e-02
-2.471746695744347563e-02
-2.471746638464980203e-02
-2.471747733839950098e-02
-2.471747755041815361e-02
-2.471747555760855225e-02
-2.471747432512941961e-02
-2.471747484564129974e-02
-2.471747423866110446e-02
-2.471746950349607702e-02
-2.471747279565888328e-02
-2.471747267532025186e-02
-2.471747604605633100e-02
-2.471747610870654588e-02
-2.471748126017193556e-02
-2.471747557120366687e-02
-2.471747667050630884e-02
-2.471747719288889741e-02
-2.471747719288889047e-02
-2.471747781372614014e-02
-2.471747386044780004e-02
-2.471747720554523520e-02
-2.471747720554522826e-02
-2.471747599817998228e-02
-2.471747717956237697e-02
-2.471747489567321585e-02
-2.471747525643860216e-02
-2.471747920337918555e-02
-2.471747750448776912e-02
-2.471747840915064845e-02
-2.471748411956114361e-02
-2.471748339277735421e-02
-2.471748544311570470e-02
-2.471748007934378155e-02
-2.471747949023210544e-02
-2.471747943907708772e-02
-2.471748107751825865e-02
-2.471748077891475909e-02
-2.471747916756862617e-02
-2.471747961308635999e-02
-2.471745670789221236e-02
-2.471745562975143085e-02
-2.471745206317888313e-02
-2.471746303147085225e-02
-2.471747248266141159e-02
-2.471747026454226490e-02
-2.471746995356092005e-02
-2.471746440400281880e-02
-2.471746525428680785e-02
-2.471746525428681479e-02
-2.471747297669997859e-02
-2.471746664424041492e-02
-2.471746506468586180e-02
-2.471746497917175212e-02
-2.471746913886608416e-02
-2.471747017402343982e-02
-2.471747113204356486e-02
-2.471746927877723279e-02
-2.471746908882042904e-02
-2.471747255694981341e-02
-2.471747586954887652e-02
-2.471747957885350733e-02
-2.471747993976868008e-02
-2.471747797245001793e-02
-2.471747711346665086e-02
-2.471748303480505657e-02
-2.471748261358810983e-02
-2.471748261358809595e-02
-2.471748261358810983e-02
-2.471748181877014144e-02
-2.471748206985185242e-02
-2.471747817819500842e-02
-2.471747669191917685e-02
-2.471747601026474950e-02
-2.471747556714644009e-02
-2.471747187041387767e-02
-2.471747129063740084e-02
-2.471747091051386055e-02
-2.471745229182323311e-02
-2.471745357891275488e-02
-2.471745882337241657e-02
-2.471745485543882723e-02
-2.471745293016270814e-02
-2.471745594128535103e-02
-2.471745939429959363e-02
-2.471745939429957975e-02
-2.471746411098595803e-02
-2.471746479434270768e-02
-2.471746118113165441e-02
-2.471746637605571131e-02
-2.471747075671689234e-02
-2.471747946995504069e-02
-2.471747684900207909e-02
-2.471747908275108777e-02
-2.471747100817366788e-02
-2.471747196464495200e-02
-2.471746449625509059e-02
-2.471747221621760360e-02
-2.471746851920325963e-02
-2.471746621894357898e-02
-2.471746474703881077e-02
-2.471747151056576108e-02
-2.471747357317635729e-02
-2.471746671531521722e-02
-2.471746969169781941e-02
-2.471746969169782635e-02
-2.471746746349804541e-02
-2.471746356673555287e-02
-2.471746331652935336e-02
-2.471746489865402074e-02
-2.471746368055940599e-02
-2.471747584870032793e-02
-2.471747613712373809e-02
-2.471747600050781465e-02
-2.471747452543327297e-02
-2.471748104437659910e-02
-2.471748125111315406e-02
-2.471748119532420421e-02
-2.471747801136265840e-02
-2.471747854423038404e-02
-2.471747851746304223e-02
-2.471747596140012188e-02
-2.471748225278200262e-02
-2.471747956269459631e-02
-2.471748053841552745e-02
-2.471748093591911305e-02
-2.471748005321378061e-02
-2.471747897473812461e-02
-2.471747845880323952e-02
-2.471747480570647346e-02
-2.471747805249476654e-02
-2.471747595891191779e-02
-2.471747570218445211e-02
-2.471747517448395423e-02
-2.471747361417490213e-02
-2.471747367201322654e-02
-2.471747550337225624e-02
-2.471746723722918065e-02
-2.471746783978528983e-02
-2.471746819954855068e-02
-2.471746514731150424e-02
-2.471746499548098039e-02
-2.471746470400171952e-02
-2.471746470400174034e-02
-2.471746644378557817e-02
-2.471746306502045978e-02
-2.471746121126576490e-02
-2.471746069168153509e-02
-2.471746214231187663e-02
-2.471746627680621727e-02
-2.471746604362777197e-02
-2.471746188282613471e-02
-2.471746708111604782e-02
-2.471746741396363758e-02
-2.471746408770141706e-02
-2.471746720548361267e-02
-2.471746711958714565e-02
-2.471746838682362113e-02
-2.471746852409641496e-02
-2.471746739170767662e-02
-2.471746505959588128e-02
-2.471746570448154698e-02
-2.471746755432160936e-02
-2.471746843913708372e-02
-2.471746985515008849e-02
-2.471746686497699325e-02
-2.471746697268555754e-02
-2.471746840331642825e-02
-2.471746703518163529e-02
-2.471746811329885926e-02
-2.471746872869609243e-02
-2.471746872869607856e-02
-2.471746985502694047e-02
-2.471746978545717038e-02
-2.471746846071089937e-02
-2.471746821080010939e-02
-2.471746708004616405e-02
-2.471746688298809280e-02
-2.471746708004617793e-02
-2.471746342447166470e-02
-2.471746331413371064e-02
-2.471746041973095845e-02
-2.471746856409972118e-02
-2.471746924546332561e-02
-2.471747045180792968e-02
-2.471746903100464215e-02
-2.471746933745020205e-02
-2.471746975087706424e-02
-2.471746848012100137e-02
-2.471746844921750286e-02
-2.471746855314657654e-02
-2.471745776931882563e-02
-2.471747543376027687e-02
-2.471747422102643296e-02
-2.471747212598332175e-02
-2.471746697377193852e-02
-2.471746012217476349e-02
-2.471746524662236585e-02
-2.471747447935709191e-02
-2.471747085953104883e-02
-2.471747164276939454e-02
-2.471747146704683998e-02
-2.471747852937143664e-02
-2.471747777281969524e-02
-2.471747670301068997e-02
-2.471747673000830245e-02
-2.471746591943373497e-02
-2.471746675663116441e-02
-2.471746447587307161e-02
-2.471746588992447188e-02
-2.471746588992446148e-02
-2.471746773745502057e-02
-2.471746044725019534e-02
-2.471746176952244883e-02
-2.471746479070928079e-02
-2.471746355916461593e-02
-2.471746601181545183e-02
-2.471746419783804605e-02
-2.471745764537401288e-02
-2.471746144003692663e-02
-2.471746001585347838e-02
-2.471746790667723320e-02
-2.471746714317829552e-02
-2.471747149770247426e-02
-2.471746860221654685e-02
-2.471746813033716059e-02
-2.471746478986090387e-02
-2.471746477591015012e-02
-2.471747463075247425e-02
-2.471747416143044163e-02
-2.471747416143044510e-02
-2.471747158315102180e-02
-2.471747101987340975e-02
-2.471747094405528020e-02
-2.471746995998418475e-02
-2.471746661692992772e-02
-2.471747098057826275e-02
-2.471747173945159151e-02
-2.471746891132224969e-02
-2.471746993579180054e-02
-2.471747006197001079e-02
-2.471747008629101433e-02
-2.471746982665533332e-02
-2.471747070925488926e-02
-2.471747506255594570e-02
-2.471747680743258124e-02
-2.471747729940734425e-02
-2.471747735147576328e-02
-2.471747650593634354e-02
-2.471746416446630318e-02
-2.471746334659206609e-02
-2.471746157693930149e-02
-2.471746123110643567e-02
-2.471744528649957515e-02
-2.471745461962411225e-02
-2.471745429246045150e-02
-2.471745350893043633e-02
-2.471745489745839561e-02
-2.471745163449428143e-02
-2.471745808962192911e-02
-2.471745784264943457e-02
-2.471747553630561714e-02
-2.471747707593837870e-02
-2.471747653511769532e-02
-2.471747394306588949e-02
-2.471747321046146792e-02
-2.471747464471099609e-02
-2.471747503886429290e-02
-2.471746329679760240e-02
-2.471746830049511082e-02
-2.471746852638745731e-02
-2.471747123939437366e-02
-2.471747127165757965e-02
-2.471747684863329769e-02
-2.471747513801280521e-02
-2.471747503031457988e-02
-2.471747400427341812e-02
-2.471747400427341812e-02
-2.471747351697368283e-02
-2.471747351697366202e-02
-2.471747351697367243e-02
-2.471747359778093608e-02
-2.471747202886704492e-02
-2.471747312429016519e-02
-2.471746863256920473e-02
-2.471746863256921167e-02
-2.471746955762886208e-02
-2.471746774911992572e-02
-2.471746934799694262e-02
-2.471746800004960207e-02
-2.471746564108622327e-02
-2.471746564108623367e-02
-2.471746934827704148e-02
-2.471746934827704148e-02
-2.471746972500395850e-02
-2.471746211656665124e-02
-2.471746555170754520e-02
-2.471746427048715153e-02
-2.471746009245354495e-02
-2.471746615641969014e-02
-2.471746493560280505e-02
-2.471746690373250593e-02
-2.471746661244266646e-02
-2.471746661244268034e-02
-2.471746902572604515e-02
-2.471746755623314626e-02
-2.471746511414973577e-02
-2.471746511414973577e-02
-2.471746590332856569e-02
-2.471746665427849987e-02
-2.471746872828284314e-02
-2.471746357816465359e-02
-2.471747001368560306e-02
-2.471747069028403659e-02
-2.471747342207057663e-02
-2.471747279152897853e-02
-2.471747297881431507e-02
-2.471747202860651027e-02
-2.471747224147510108e-02
-2.471746911995572824e-02
-2.471746971748958743e-02
-2.471746971748958049e-02
-2.471746718272032489e-02
-2.471745192110618577e-02
-2.471744915012984503e-02
-2.471745033087284493e-02
-2.471745262924560788e-02
-2.471745481214012927e-02
-2.471746167004476580e-02
-2.471745999618508299e-02
-2.471746091872168566e-02
-2.471746182129374095e-02
-2.471746085773885923e-02
-2.471746045244810341e-02
-2.471744726218516597e-02
-2.471744390856633888e-02
-2.471744671503170801e-02
-2.471744671503169066e-02
-2.471744668911709034e-02
-2.471744652125238556e-02
-2.471744650713890434e-02
-2.471744947204635237e-02
-2.471744614083764072e-02
-2.471744434639063306e-02
-2.471744519647861918e-02
-2.471744519647861571e-02
-2.471745163441810625e-02
-2.471744770767195579e-02
-2.471744645237769142e-02
-2.471744645237770530e-02
-2.471744588237595464e-02
-2.471744148862563620e-02
-2.471744104014256260e-02
-2.471745005762042424e-02
-2.471745859963893344e-02
-2.471745643639893311e-02
-2.471745643639893658e-02
-2.471745926313095171e-02
-2.471745705479910793e-02
-2.471744498452493194e-02
-2.471743998437962372e-02
-2.471743998437963066e-02
-2.471744082744814150e-02
-2.471744241451049109e-02
-2.471744618252313258e-02
-2.471744651765792056e-02
-2.471744108766985373e-02
-2.471744446317664101e-02
-2.471744907346476450e-02
-2.471744617755593579e-02
-2.471744283870652703e-02
-2.471744891216312925e-02
-2.471744761269791327e-02
-2.471744836964582040e-02
-2.471744814536293994e-02
-2.471744811352646898e-02
-2.471744059798374957e-02
-2.471744211822465148e-02
-2.471744070205867533e-02
-2.471744032077571179e-02
-2.471744012301639593e-02
-2.471744012301639593e-02
-2.471744104976546230e-02
-2.471744045694969708e-02
-2.471744514325225142e-02
-2.471744235435208506e-02
-2.471744341426520761e-02
-2.471743905648429024e-02
-2.471743918006959889e-02
-2.471743918006958501e-02
-2.471743918006959195e-02
-2.471743862812073034e-02
-2.471744036091581484e-02
-2.471743567983861189e-02
-2.471743633376575003e-02
-2.471743308260683503e-02
-2.471742960637039049e-02
-2.471743710587460258e-02
-2.471743374783976280e-02
-2.471743892259391229e-02
-2.471743294204480079e-02
-2.471742616145364974e-02
-2.471743098836073904e-02
-2.471744105610665029e-02
-2.471744058279838965e-02
-2.471744151748214713e-02
-2.471744193779019938e-02
-2.471743744864890110e-02
-2.471744497454567147e-02
-2.471744324607186988e-02
-2.471744560499629373e-02
-2.471744610607492371e-02
-2.471744070541450483e-02
-2.471744316413574186e-02
-2.471745016926914229e-02
-2.471745016926912841e-02
-2.471745110218174363e-02
-2.471743714476732495e-02
-2.471743862423063723e-02
-2.471743880983005848e-02
-2.471745283179271543e-02
-2.471745036651763067e-02
-2.471742850153855683e-02
-2.471743306181066815e-02
-2.471742980103990711e-02
-2.471743919226782049e-02
-2.471744064125845977e-02
-2.471744466427754430e-02
-2.471744199688592769e-02
-2.471744274692012563e-02
-2.471744751290189113e-02
-2.471744581705606625e-02
-2.471744571508728561e-02
-2.471743925624104998e-02
-2.471743925624104998e-02
-2.471743925624105345e-02
-2.471744000946493255e-02
-2.471744288722205196e-02
-2.471744688740147924e-02
-2.471744938681855186e-02
-2.471744995990846072e-02
-2.471744851677271440e-02
-2.471744841596929670e-02
-2.471744735930737208e-02
-2.471746225133158656e-02
-2.471746282943446116e-02
-2.471745858303773039e-02
-2.471745199277571720e-02
-2.471745288769503987e-02
-2.471745132205834319e-02
-2.471745071516780190e-02
-2.471745290043143167e-02
-2.471745159900130828e-02
-2.471745654525482963e-02
-2.471745106441067610e-02
-2.471746811001045152e-02
-2.471746521330021873e-02
-2.471746521330020832e-02
-2.471746781884119962e-02
-2.471746781884118921e-02
-2.471746603111373355e-02
-2.471746756935419218e-02
-2.471744205543200887e-02
-2.471744140860060446e-02
-2.471744350967509593e-02
-2.471743957145542195e-02
-2.471743906296589716e-02
-2.471744046331182318e-02
-2.471743756642550208e-02
-2.471743594601271549e-02
-2.471744064482499920e-02
-2.471744022135221111e-02
-2.471744213382629993e-02
-2.471743141791515885e-02
-2.471746595872852462e-02
-2.471746530736410735e-02
-2.471746847607868627e-02
-2.471746684564076271e-02
-2.471746567861136598e-02
-2.471747898594972570e-02
-2.471748075519415722e-02
-2.471748069354447533e-02
-2.471747750338185515e-02
-2.471748012048917073e-02
-2.471747242755256008e-02
-2.471747097223327833e-02
-2.471747387500338941e-02
-2.471747310294377178e-02
-2.471747869066817649e-02
-2.471747779323940977e-02
-2.471747936427043379e-02
-2.471747942798346170e-02
-2.471748055610238984e-02
-2.471746808393490355e-02
-2.471747917940104317e-02
-2.471747942578906773e-02
-2.471747745099120083e-02
-2.471747697795264112e-02
-2.471747704711210400e-02
-2.471747697795263071e-02
-2.471747816723444957e-02
-2.471747685987771281e-02
-2.471747773883284718e-02
-2.471747874326287939e-02
-2.471747965168172301e-02
-2.471747534498609442e-02
-2.471747477370233800e-02
-2.471747544067531138e-02
-2.471747639234505092e-02
-2.471747187387692696e-02
-2.471747789422923738e-02
-2.471747657634542489e-02
-2.471747824488807269e-02
-2.471747662854438532e-02
-2.471747581875948993e-02
-2.471747754760388049e-02
-2.471747815210217913e-02
-2.471747754037540573e-02
-2.471747511662806748e-02
-2.471747773120451172e-02
-2.471747819991887765e-02
-2.471747293068181708e-02
-2.471747325037046417e-02
-2.471747325037048151e-02
-2.471746978573824416e-02
-2.471746773134137973e-02
-2.471745985436670304e-02
-2.471744694219895483e-02
-2.471744926424085040e-02
-2.471744975841369540e-02
-2.471746156642604456e-02
-2.471746157563197571e-02
-2.471746515875253639e-02
-2.471746516029230470e-02
-2.471746224740666020e-02
-2.471746571740756487e-02
-2.471745779317251548e-02
-2.471745779317252936e-02
-2.471745871393046454e-02
-2.471745690284815958e-02
-2.471745852285539558e-02
-2.471745794501961288e-02
1.349908574887213712e-02
1.349908551176498203e-02
1.349908551176498203e-02
1.349908513122680120e-02
1.349908475015025068e-02
1.349908387269977035e-02
1.349908380372964734e-02
1.349908502350591517e-02
1.349908281372380094e-02
1.349908949132436545e-02
1.349908904469487338e-02
1.349908978703923644e-02
1.349908922097096779e-02
1.349908926125692292e-02
1.349909059513927645e-02
1.349909059513927818e-02
1.349908975103548438e-02
1.349908965036707501e-02
1.349908974338836706e-02
1.349908973645810167e-02
1.349908997558134892e-02
1.349908996450987879e-02
1.349909097317512213e-02
1.349909015386348277e-02
1.349909044808868600e-02
1.349909450220177984e-02
1.349909368590498926e-02
1.349909368590498579e-02
1.349909334167192707e-02
1.349909278853979495e-02
1.349909326750949740e-02
1.349909278853979495e-02
1.349909278853979495e-02
1.349908729244337670e-02
1.349908731152920337e-02
1.349908536413028763e-02
1.349908601967624543e-02
1.349908709193414422e-02
1.349908727576150901e-02
1.349908797684820465e-02
1.349908814333483122e-02
1.349908814333483295e-02
1.349908840210214608e-02
1.349908808314933747e-02
1.349908904966387775e-02
1.349908932171680481e-02
1.349908880078427680e-02
1.349908998311614636e-02
1.349908909727922171e-02
1.349908883358207599e-02
1.349908791589569078e-02
1.349908770526819270e-02
1.349908952542751457e-02
1.349908950239635252e-02
1.349908980001803677e-02
1.349908966023623778e-02
1.349908934996736642e-02
1.349908949531765205e-02
1.349908986673312508e-02
1.349909472478594274e-02
1.349909308782225315e-02
1.349909350526696562e-02
1.349907493818459057e-02
1.349907232041699760e-02
1.349907895278454513e-02
1.349907950766363052e-02
1.349907178213078165e-02
1.349907087455037846e-02
1.349907200058601126e-02
1.349906933181135860e-02
1.349906908108057871e-02
1.349906872740789035e-02
1.349907300627756560e-02
1.349906888347007436e-02
1.349906769509287216e-02
1.349907223065583035e-02
1.349907011244726694e-02
1.349907011560514195e-02
1.349907113709389143e-02
1.349906990396496087e-02
1.349906852039317075e-02
1.349907028020553255e-02
1.349907544154849148e-02
1.349907415200761983e-02
1.349906800723987138e-02
1.349907423616552790e-02
1.349907130862815913e-02
1.349907359261403109e-02
1.349906882548446846e-02
1.349906892915049908e-02
1.349906812411276642e-02
1.349907821844925984e-02
1.349907606152648057e-02
1.349907817334447709e-02
1.349907562440313957e-02
1.349907510229067173e-02
1.349907740723310309e-02
1.349907501402165637e-02
1.349907557844614268e-02
1.349907369101671292e-02
1.349907132683177483e-02
1.349907277890344259e-02
1.349906565176195623e-02
1.349906565176195103e-02
1.349906430854138500e-02
1.349906470659509132e-02
1.349906502197919904e-02
1.349906328984674941e-02
1.349906378676434850e-02
1.349906706705243306e-02
1.349907425025637965e-02
1.349907408632961339e-02
1.349907589258733144e-02
1.349907285310453925e-02
1.349907058596878581e-02
1.349906845445951638e-02
1.349907175087432069e-02
1.349907231887590396e-02
1.349907218967693473e-02
1.349907199049898629e-02
1.349907199049898802e-02
1.349907190451769996e-02
1.349907069780058137e-02
1.349907287109151921e-02
1.349907328462778867e-02
1.349907132570183493e-02
1.349907463134294126e-02
1.349907312258518538e-02
1.349907859375386147e-02
1.349907647995369879e-02
1.349907760380312204e-02
1.349907918465450586e-02
1.349907918465450586e-02
1.349907670559035398e-02
1.349907697448523777e-02
1.349906622138397072e-02
1.349906665024701649e-02
1.349906665024701476e-02
1.349907081070825764e-02
1.349907084839939257e-02
1.349907618854778377e-02
1.349907541154618355e-02
1.349907567953358145e-02
1.349907574766711325e-02
1.349907505516889823e-02
1.349907448571336342e-02
1.349907679737310899e-02
1.349907599559759495e-02
1.349907573646628653e-02
1.349907606083125024e-02
1.349907443455279459e-02
1.349907260853599675e-02
1.349907301535166991e-02
1.349907179596458728e-02
1.349907105375161044e-02
1.349907172070888631e-02
1.349907104772726796e-02
1.349907127970115424e-02
1.349907129129067698e-02
1.349907060995399026e-02
1.349907099789260552e-02
1.349907449546487899e-02
1.349907448878308672e-02
1.349907275114708288e-02
1.349907615778212985e-02
1.349907635427010505e-02
1.349904713473932573e-02
1.349905517778455556e-02
1.349905730122415333e-02
1.349905802128969524e-02
1.349907369132143271e-02
1.349907269936824125e-02
1.349907225313573718e-02
1.349907066481074135e-02
1.349907055664837860e-02
1.349907192127255441e-02
1.349907058429280181e-02
1.349907301846294851e-02
1.349906953463448842e-02
1.349907012490380968e-02
1.349906882144382911e-02
1.349906836217404371e-02
1.349906885066822111e-02
1.349906885066821938e-02
1.349907006659112514e-02
1.349906999392974996e-02
1.349907098107663676e-02
1.349907098107663676e-02
1.349906986538142867e-02
1.349906932897381243e-02
1.349907197584713017e-02
1.349907139270951385e-02
1.349906901042435999e-02
1.349906625974566475e-02
1.349906625974566475e-02
1.349906742416762465e-02
1.349907022299111532e-02
1.349906768085195816e-02
1.349906729406663043e-02
1.349906911062345900e-02
1.349906911062345727e-02
1.349906865426872549e-02
1.349906557138721985e-02
1.349906936616810868e-02
1.349906979416843830e-02
1.349906917150412930e-02
1.349906923728364135e-02
1.349906958529585067e-02
1.349907012188629810e-02
1.349907133849399636e-02
1.349906970917701468e-02
1.349907377489160953e-02
1.349907365977677520e-02
1.349907566351596887e-02
1.349907418335469754e-02
1.349907414136887994e-02
1.349907478529495213e-02
1.349907486743207562e-02
1.349907470251116189e-02
1.349907470251116015e-02
1.349907408597618083e-02
1.349907483504346820e-02
1.349907484708364955e-02
1.349907467411848826e-02
1.349907421952208780e-02
1.349907409213149320e-02
1.349907422193694258e-02
1.349907531990091232e-02
1.349907317010574231e-02
1.349907229162731689e-02
1.349907096634132310e-02
1.349907282337785459e-02
1.349907356573211252e-02
1.349906984872830014e-02
1.349906928963758024e-02
1.349906987737221897e-02
1.349906715207870381e-02
1.349906685484517782e-02
1.349906550692822962e-02
1.349907005873003663e-02
1.349906965024789789e-02
1.349906832908640691e-02
1.349906837729413639e-02
1.349906869096829422e-02
1.349906879607450268e-02
1.349907085653884696e-02
1.349906963309231711e-02
1.349907089024175028e-02
1.349907125868306419e-02
1.349906849983238157e-02
1.349906598143941518e-02
1.349906448028142733e-02
1.349905014026753225e-02
1.349907154897765811e-02
1.349907391395390246e-02
1.349907540479130391e-02
1.349907474142391164e-02
1.349907736085137824e-02
1.349907547725261343e-02
1.349906628581565120e-02
1.349906584611955743e-02
1.349906235173814646e-02
1.349907230092105281e-02
1.349908770298826298e-02
1.349908514905041705e-02
1.349908514905041705e-02
1.349908465894976255e-02
1.349908768366422061e-02
1.349908964289633397e-02
1.349908639419704869e-02
1.349908445664688324e-02
1.349908828209970754e-02
1.349908865771509876e-02
1.349908384158165706e-02
1.349909101986154249e-02
1.349909136315231850e-02
1.349909051756146422e-02
1.349908961412523388e-02
1.349909161232163042e-02
1.349909147606399677e-02
1.349909144641234758e-02
1.349909191810527188e-02
1.349909070062276471e-02
1.349909110178449875e-02
1.349909251901975499e-02
1.349909231698559822e-02
1.349908993707482109e-02
1.349909018296022861e-02
1.349909029291702575e-02
1.349908496128863350e-02
1.349908283217151131e-02
1.349909015852229777e-02
1.349908886551596555e-02
1.349908512345951266e-02
1.349908455305649617e-02
1.349908744705769978e-02
1.349908432367759835e-02
1.349907999110840258e-02
1.349907868125177490e-02
1.349907901404916004e-02
1.349907917330233839e-02
1.349907990965620516e-02
1.349908287553449639e-02
1.349908298628186946e-02
1.349908310148462999e-02
1.349908250057979368e-02
1.349908181078017175e-02
1.349907948593680532e-02
1.349908237172448185e-02
1.349908286381363946e-02
1.349907865898496151e-02
1.349907779243737956e-02
1.349907865898496324e-02
1.349907852444661750e-02
1.349907875970741619e-02
1.349907572418200356e-02
1.349908438248310222e-02
1.349908723240742826e-02
1.349907949111538337e-02
1.349907464640528673e-02
1.349907984140842968e-02
1.349907796840082302e-02
1.349907722227848203e-02
1.349908020524655250e-02
1.349907691996039133e-02
1.349907928356254387e-02
1.349907943296118316e-02
1.349907916131519968e-02
1.349907914473760101e-02
1.349908251464176229e-02
1.349907956764560997e-02
1.349908058628684557e-02
1.349908072275762469e-02
1.349908193616263657e-02
1.349908171298124133e-02
1.349908079327779599e-02
1.349908127780660889e-02
1.349908111995054560e-02
1.349909155873978486e-02
1.349909347056549129e-02
1.349909175366871550e-02
1.349909183418343886e-02
1.349909014717052755e-02
1.349908969182620454e-02
1.349909068306780723e-02
1.349909081673976788e-02
1.349909008862322859e-02
1.349909287470240672e-02
1.349909278984880515e-02
1.349909278984880688e-02
1.349909275720568951e-02
1.349909278157401978e-02
1.349909215996527787e-02
1.349909205993496918e-02
1.349909173732724912e-02
1.349909262313126433e-02
1.349909183919999200e-02
1.349909183919999027e-02
1.349909153658485246e-02
1.349909203680367542e-02
1.349909161434362237e-02
1.349909212129909650e-02
1.349909268371304871e-02
1.349909268029209422e-02
1.349909208945290241e-02
1.349908815390096946e-02
1.349908600128484244e-02
1.349908709338866301e-02
1.349908718472109595e-02
1.349908025329388597e-02
1.349907898971337665e-02
1.349907906392368122e-02
1.349909067283917678e-02
1.349909152440359125e-02
1.349909060003066236e-02
1.349908873610095386e-02
1.349908662828844773e-02
1.349908666880498057e-02
1.349908571937884737e-02
1.349908835907353069e-02
1.349908835907353243e-02
1.349908868577360567e-02
1.349908765427257178e-02
1.349908633201641305e-02
1.349908647277844008e-02
1.349908496856919507e-02
1.349908520118131040e-02
1.349908544160612588e-02
1.349908637055992865e-02
1.349908637055992865e-02
1.349908704539725529e-02
1.349908413462661862e-02
1.349908413462661688e-02
1.349908226753580680e-02
1.349908061270704493e-02
1.349908642634880564e-02
1.349908735544729996e-02
1.349908735544730169e-02
1.349909144807605495e-02
1.349909032562956156e-02
1.349908320984814086e-02
1.349908732921811794e-02
1.349909039640369637e-02
1.349909001114907824e-02
1.349908702096772571e-02
1.349908682367818684e-02
1.349908762048229564e-02
1.349908095654056041e-02
1.349908085864989782e-02
1.349907848463681795e-02
1.349906775187254861e-02
1.349908185631446510e-02
1.349908232985108474e-02
1.349908119385531680e-02
1.349908252002169490e-02
1.349908252002169490e-02
1.349908602459368688e-02
1.349908299928966222e-02
1.349908291459874302e-02
1.349908156771553389e-02
1.349908113699814158e-02
1.349908317970859549e-02
1.349908194918392895e-02
1.349908265600584939e-02
1.349908415284874035e-02
1.349908303323102236e-02
1.349908239698105299e-02
1.349908357889376131e-02
1.349908446452172811e-02
1.349908446452172811e-02
1.347672883489407260e-02
1.347670181268552196e-02
1.347673667106230079e-02
1.347663759967139899e-02
1.347655155086155930e-02
1.347658886250465218e-02
1.347658335377689698e-02
1.347657614418203663e-02
1.347653323419888832e-02
1.347658706078811580e-02
1.347687368861808649e-02
1.347724466029107115e-02
1.347714656897492161e-02
1.347708094838343494e-02
1.347711478670249839e-02
1.347709662436770255e-02
1.347707976155620470e-02
1.347681446193144637e-02
1.347684273640968773e-02
1.347722500390513209e-02
1.347715587384308404e-02
1.347716536474890918e-02
1.347738799951085989e-02
1.347724698981074380e-02
1.347726888515654066e-02
1.347724631642722645e-02
1.347736640525247845e-02
1.347740816128583166e-02
1.347737140568781682e-02
1.347740667122821097e-02
1.347740584580873341e-02
1.347740584580873341e-02
1.347739272599912490e-02
1.347752325369667992e-02
1.347751622302674306e-02
1.347729199321243132e-02
1.347712455049384500e-02
1.347712455049384153e-02
1.347766674750277768e-02
1.347758999006323267e-02
1.347764368697871099e-02
1.347765994471526035e-02
1.347764510454331835e-02
1.347761195666177109e-02
1.347763075499365006e-02
1.347761357754861250e-02
1.347754608651467907e-02
1.347758008647222637e-02
1.347762108303341561e-02
1.347749305631607691e-02
1.347752980903760278e-02
1.347757223633094456e-02
1.347760060445639570e-02
1.347760137912324546e-02
1.347760103842253997e-02
1.347752885505561736e-02
1.347752864491468493e-02
1.347754524882176057e-02
1.347758278474521336e-02
1.347744417096301620e-02
1.347744402206289827e-02
1.347761607725990636e-02
1.347764656030435437e-02
1.347744066593283691e-02
1.347740027800374725e-02
1.347722215550661851e-02
1.347715489260274506e-02
1.347744543743741551e-02
1.347731011549490980e-02
1.347731626089712469e-02
1.347731611990935115e-02
1.347731406359682117e-02
1.347737736908000139e-02
1.347737324430599640e-02
1.347739446642384938e-02
1.347738199266565982e-02
1.347733494340840228e-02
1.347734249098752300e-02
1.347730752970461784e-02
1.347734769360993401e-02
1.347732988516514054e-02
1.347737401575029893e-02
1.347736623807981211e-02
1.347737831091777583e-02
1.347739122155246910e-02
1.347734180260974982e-02
1.347734180260976022e-02
1.347737777496171678e-02
1.347745692592370800e-02
1.347741551472961610e-02
1.347743990254286588e-02
1.347747534297675555e-02
1.347748994814293617e-02
1.347752241280997763e-02
1.347755466220007525e-02
1.347737279604126724e-02
1.347731713526421730e-02
1.347730872406572786e-02
1.347743617607718991e-02
1.347812107804640530e-02
1.347813531101999841e-02
1.347813970928545164e-02
1.347813975815343075e-02
1.347814033463161365e-02
1.347812925326292120e-02
1.347812925326292467e-02
1.347812988131887046e-02
1.347811674714039475e-02
1.347812485584380486e-02
1.347813307300050820e-02
1.347812791821578413e-02
1.347812791821578413e-02
1.347812767100073014e-02
1.347812216274411889e-02
1.347809894305871184e-02
1.347810780855084219e-02
1.347809912653635117e-02
1.347808929473846493e-02
1.347809762802126138e-02
1.347808991258886424e-02
1.347812555488048236e-02
1.347813031440546830e-02
1.347812422776738586e-02
1.347809154977516050e-02
1.347808567295775799e-02
1.347808113758837932e-02
1.347808748354768944e-02
1.347809749448542101e-02
1.347809332781485514e-02
1.347812694875249150e-02
1.347813379440919446e-02
1.347813984752338143e-02
1.347809977358306599e-02
1.347812905175980319e-02
1.347811470372162375e-02
1.347811705088842148e-02
1.347813583548432802e-02
1.347811240107795253e-02
1.347812359328705301e-02
1.347812246953535020e-02
1.347811269907098035e-02
1.347811870582719257e-02
1.347811360494307470e-02
1.347812139257211460e-02
1.347805447861102381e-02
1.347808650177636548e-02
1.347802101942188226e-02
1.347802095658205690e-02
1.347801194561332877e-02
1.347801278505564304e-02
1.347801278505564304e-02
1.347800797514447750e-02
1.347797807541489118e-02
1.347800283533400444e-02
1.347801967411108894e-02
1.347801967411108894e-02
1.347801967411109414e-02
1.347812847492785120e-02
1.347809148589308725e-02
1.347807655243772433e-02
1.347812855608433724e-02
1.347812932397464240e-02
1.347812844670882339e-02
1.347811538210640786e-02
1.347811002567432699e-02
1.347810990626179505e-02
1.347808047425412548e-02
1.347807396750533120e-02
1.347806503974653160e-02
1.347805934332930305e-02
1.347809608517931343e-02
1.347807907778421528e-02
1.347806988108757840e-02
1.347810871875313940e-02
1.347810954775451216e-02
1.347812512314939225e-02
1.347808300857084550e-02
1.347811792557440311e-02
1.347812242251206563e-02
1.347812338010246844e-02
1.347817628645394186e-02
1.347815036227487800e-02
1.347807809628067538e-02
1.347809316680148063e-02
1.347806021448211787e-02
1.347807395499783269e-02
1.347806516716395370e-02
1.347806516716395370e-02
1.347806528076304737e-02
1.347807316899950029e-02
1.347807381552726912e-02
1.347805614885791946e-02
1.347807888388269197e-02
1.347804772724122205e-02
1.347806347476314046e-02
1.348248383273445428e-02
1.348249870218418481e-02
1.348251145228621974e-02
1.348250472598751769e-02
1.348250472598751942e-02
1.348250672743462296e-02
1.348251174600997339e-02
1.348251174600996992e-02
1.348250721312537793e-02
1.348250918178940660e-02
1.348250905104357057e-02
1.348250679587871016e-02
1.348251089625923660e-02
1.348251484367770162e-02
1.348252223599699304e-02
1.348252618767439327e-02
1.348252118450986477e-02
1.348252224872692126e-02
1.348252540713578036e-02
1.348252656108293347e-02
1.348252175072582777e-02
1.348251879343831915e-02
1.348252103061740349e-02
1.348251304205680401e-02
1.348251606337590863e-02
1.348251946312513036e-02
1.348249295890631243e-02
1.348248650126234079e-02
1.348246986319283358e-02
1.348247971061940047e-02
1.348246939071225635e-02
1.348246639419835476e-02
1.348246291036038838e-02
1.348252554049051213e-02
1.348252299521311703e-02
1.348250537432729018e-02
1.348250431652292178e-02
1.348249960859296270e-02
1.348244937908705567e-02
1.348246141674639721e-02
1.348248366884235820e-02
1.348247314526418612e-02
1.348246909839178123e-02
1.348248289465108114e-02
1.348247730551854068e-02
1.348247414926971935e-02
1.348247414926972282e-02
1.348247596923331931e-02
1.348248380531882375e-02
1.348248078659170998e-02
1.348252334445043839e-02
1.348252412636665246e-02
1.348252412636665246e-02
1.348252550522914192e-02
1.348252537698216638e-02
1.348252731097074851e-02
1.348252261590214725e-02
1.348252261590215245e-02
1.348252414496417355e-02
1.348252373734494004e-02
1.348252209861257496e-02
1.348252248062480584e-02
1.348252129009989281e-02
1.348252515249547152e-02
1.348253214155755060e-02
1.348253614674269941e-02
1.348253547592886785e-02
1.348252928746331361e-02
1.348253365752417540e-02
1.348252762393013608e-02
1.348251176281982204e-02
1.348251368672249810e-02
1.348251879038709841e-02
1.348252069597545393e-02
1.348251951891296478e-02
1.348251877796177375e-02
1.348251264821817390e-02
1.348251264821816696e-02
1.348251762589934739e-02
1.348252330822435202e-02
1.348252113366089043e-02
1.348251473742407593e-02
1.348251086681082241e-02
1.348251086681082241e-02
1.348250787090065662e-02
1.348251702853345280e-02
1.348252478530450466e-02
1.348252503758242023e-02
1.348251671999919910e-02
1.348251648950907731e-02
1.348251986480521192e-02
1.348251986480521192e-02
1.348251986480521192e-02
1.348252193229754897e-02
1.348252021798895285e-02
1.348252045724244140e-02
1.348252062185728919e-02
1.348252011882978239e-02
1.348252085833629918e-02
1.348252085833629918e-02
1.348251888072085972e-02
1.348250978310492308e-02
1.348250953655525872e-02
1.348251165617478375e-02
1.348252756755081994e-02
1.348252980471373666e-02
1.348252971916683550e-02
1.348253014711575139e-02
1.348252754964150181e-02
1.348252754964150528e-02
1.348252872561120363e-02
1.348252878032007128e-02
1.348253154959063414e-02
1.348253055299311783e-02
1.348252515658610907e-02
1.348252508791034261e-02
1.348252502464867934e-02
1.348252751399628760e-02
1.348252133018896376e-02
1.348251949802915968e-02
1.348235793441372211e-02
1.348240670973166293e-02
1.348238656721260746e-02
1.348238746697058045e-02
1.348242179007213756e-02
1.348241180295915893e-02
1.348241180295916067e-02
1.348239557508759852e-02
1.348238953560655304e-02
1.348237875316014509e-02
1.348237875316015029e-02
1.348239919367112856e-02
1.348244615468333421e-02
1.348243276528517456e-02
1.348242858921487250e-02
1.348244302451246171e-02
1.348244744302791627e-02
1.348242958702919846e-02
1.348243542308796145e-02
1.348242550748727543e-02
1.348244264353679056e-02
1.348247337119441551e-02
1.348248195910026377e-02
1.348248197456717277e-02
1.348247666631669471e-02
1.348247992300924576e-02
1.348247964804807734e-02
1.348246681282258032e-02
1.348242778289900773e-02
1.348243238659621590e-02
1.348242611529313316e-02
1.348242178159504007e-02
1.348241603588828941e-02
1.348242307846252847e-02
1.348240473567652135e-02
1.348243842525007410e-02
1.348243540726310613e-02
1.348239124189474017e-02
1.348240053725228635e-02
1.348243394164690655e-02
1.348239206972553367e-02
1.348239039338213451e-02
1.348253158567363011e-02
1.348253022315076127e-02
1.348253022315076127e-02
1.348252379488929127e-02
1.348252856377634736e-02
1.348252573149707860e-02
1.348252671435098103e-02
1.348252675603874365e-02
1.348252511429870980e-02
1.348252511429870286e-02
1.348251815048165034e-02
1.348251815048165554e-02
1.348251556252314139e-02
1.348250108866456444e-02
1.348250012402608423e-02
1.348249989782822865e-02
1.348250179606567956e-02
1.348249983196817166e-02
1.348250333264860296e-02
1.348249928375167862e-02
1.348252094701092758e-02
1.348252093634061920e-02
1.348251788297843631e-02
1.348251816866389598e-02
1.348251618276564631e-02
1.348251255740096598e-02
1.348251377190059705e-02
1.348251365477144866e-02
1.348251397037540829e-02
1.348250694732110525e-02
1.348250819759769584e-02
1.348250107270521081e-02
1.348246483374003664e-02
1.348246822921026107e-02
1.348250380409716197e-02
1.348249753829033198e-02
1.348249769596831724e-02
1.348249774641140271e-02
1.348249973357661807e-02
1.348249995233815127e-02
1.348250012611669317e-02
1.348250021389212766e-02
1.348250465765295746e-02
1.348262064221403093e-02
1.348262394924214930e-02
1.348262324050815246e-02
1.348262252698046587e-02
1.348261963614842338e-02
1.348262291673863779e-02
1.348262291673863779e-02
1.348262291673863258e-02
1.348262274660722362e-02
1.348262369701857220e-02
1.348262369701857220e-02
1.348262533871084912e-02
1.348262533871084912e-02
1.348261153818301403e-02
1.348261997127369986e-02
1.348261938183847181e-02
1.348261967111465814e-02
1.348261726858779319e-02
1.348261825860575490e-02
1.348261720183090845e-02
1.348261941909439585e-02
1.348261519140754594e-02
1.348262114498275689e-02
1.348263142943925338e-02
1.348263575501636516e-02
1.348263499070281521e-02
1.348263499070281347e-02
1.348263527637195633e-02
1.348263352324706628e-02
1.348263435333417470e-02
1.348262949126186397e-02
1.348262646311797208e-02
1.348262686948078007e-02
1.348262856336610027e-02
1.348262550709123167e-02
1.348262885583613631e-02
1.348262954238963612e-02
1.348262954238963959e-02
1.348263167343431712e-02
1.348263120050729666e-02
1.348262934665844966e-02
1.348262934665844966e-02
1.348263118032947371e-02
1.348263022260660741e-02
1.348262966921768245e-02
1.348263469570406756e-02
1.348263063859657385e-02
1.348263071962593762e-02
1.348263087142267426e-02
1.348263325037026526e-02
1.348263335809053720e-02
1.348263228954350509e-02
1.348263274439042737e-02
1.348262419446629758e-02
1.348262637762176648e-02
1.348263364941983122e-02
1.348263032706329377e-02
1.348264357185523926e-02
1.348264383251500907e-02
1.348264436982649431e-02
1.348264553535978398e-02
1.348264892577981204e-02
1.348259228567567393e-02
1.348259287724827386e-02
1.348259471965808712e-02
1.348259169385955525e-02
1.348257700891129264e-02
1.348257696460433176e-02
1.348257520484550005e-02
1.348257729914036258e-02
1.348257908711180363e-02
1.348258198818258480e-02
1.348257612255058212e-02
1.348256079885891932e-02
1.348256804978536366e-02
1.348257063799906431e-02
1.348257234927434031e-02
1.348257108267235903e-02
1.348257078836323335e-02
1.348257368103702135e-02
1.348255627720501039e-02
1.348255358204999282e-02
1.348255358204999109e-02
1.348256303199471540e-02
1.348257148629534649e-02
1.348256782068534866e-02
1.348256933455547861e-02
1.348257897379521661e-02
1.348258551714744298e-02
1.348259059361940279e-02
1.348259488038668942e-02
1.348259586686729322e-02
1.348259316526652721e-02
1.348259316526652721e-02
1.348258847232780902e-02
1.348259011670778322e-02
1.348259244672668500e-02
1.348259259585162656e-02
1.348255039159543429e-02
1.348255054878346772e-02
1.348254609727180323e-02
1.348252676071728245e-02
1.348255126101342329e-02
1.348253932993463688e-02
1.348253646893330868e-02
1.348253686751143404e-02
1.348253470007994281e-02
1.348253458333348830e-02
1.348253907640149275e-02
1.348253708390302966e-02
1.348253622596631666e-02
1.348252035219390556e-02
1.348253183992677642e-02
1.348255235997043895e-02
1.348256089117877768e-02
1.348256089117877594e-02
1.348255795981761346e-02
1.348256131015866145e-02
1.348256127638072961e-02
1.348249106869346334e-02
1.348249106869345293e-02
1.348248953080505817e-02
1.348250848546001836e-02
1.348249270162209246e-02
1.348248674315456058e-02
1.348256075265995974e-02
1.348259599768423557e-02
1.348258918253193717e-02
1.348237874751993283e-02
1.348237864477427883e-02
1.348239223364233741e-02
1.348239027770487680e-02
1.348238451607451822e-02
1.348237006652056556e-02
1.348238572572455461e-02
1.348238953002293961e-02
1.348237127614284464e-02
1.348237204881310401e-02
1.348235929319694174e-02
1.348236029563436300e-02
1.348235743370916097e-02
1.348235332305475036e-02
1.348236402169014810e-02
1.348237870629877093e-02
1.348235451877632940e-02
1.348235529101210126e-02
1.348237443703495173e-02
1.348239023509806636e-02
1.348236150898288015e-02
1.348236256457292087e-02
1.348236688941700789e-02
1.348237298714874063e-02
1.348237072233752533e-02
1.348237287392695972e-02
1.348237024778504295e-02
1.348237587733263666e-02
1.348237610701943923e-02
1.348237341780647233e-02
1.348238155828824190e-02
1.348236178069334504e-02
1.348236201440209357e-02
1.348236258360252515e-02
1.348235696284350547e-02
1.348235693920257945e-02
1.348237334732976279e-02
1.348238266780756381e-02
1.348238278148184560e-02
1.348237735504537356e-02
1.348237386557252920e-02
1.348237386557253094e-02
1.348237795653721600e-02
1.348235937984902134e-02
1.348235998370660334e-02
1.348235998370660334e-02
1.348235692743547653e-02
1.348242494712613253e-02
1.348242645363507096e-02
1.348242829411708081e-02
1.348242926816867540e-02
1.348242110598610842e-02
1.348242864396094996e-02
1.348242844051636587e-02
1.348242887472887383e-02
1.348240271170628689e-02
1.348240526713256199e-02
1.348240526713255331e-02
1.348240588241605628e-02
1.348239287612927433e-02
1.348239589230552059e-02
1.348238343793364998e-02
1.348240380425783959e-02
1.348240330032970426e-02
1.348240229150722211e-02
1.348236753151580390e-02
1.348239456147357594e-02
1.348239529562973368e-02
1.348239822749272912e-02
1.348239989542859146e-02
1.348240804709108752e-02
1.348242232129307112e-02
1.348242151226945740e-02
1.348242491356225689e-02
1.348242427463778627e-02
1.348242601557389161e-02
1.348241526199388425e-02
1.348241997259266856e-02
1.348241810685218457e-02
1.348241810685218110e-02
1.348240311115685500e-02
1.348241553853987175e-02
1.348241322610238026e-02
1.348241867111743195e-02
1.348241867111743542e-02
1.348241867111743542e-02
1.348233694137477255e-02
1.348237093836031179e-02
1.348235870692888680e-02
1.348235870692888333e-02
1.348235870692888506e-02
1.348235449222914308e-02
1.348235907200477819e-02
1.348236572586852117e-02
1.348236612910941844e-02
1.348238419916829300e-02
1.348237351020823045e-02
1.348237351020823045e-02
1.348237600416059799e-02
1.348240295966449120e-02
1.348238119576835974e-02
1.348238080464939613e-02
1.348237929768946256e-02
1.348238557829448125e-02
1.348239345657984735e-02
1.348239362210582395e-02
1.348239319919475841e-02
1.348237926326657614e-02
1.348238213815924555e-02
1.348238633185234493e-02
1.348238533408505947e-02
1.348238618861901869e-02
1.348237831514757790e-02
1.348237919424235057e-02
1.348237830641059627e-02
1.348238498387714646e-02
1.348238302666411072e-02
1.348238440006151173e-02
1.348238160328477965e-02
1.348237880004050579e-02
1.348238674948364947e-02
1.348238368446959962e-02
1.348241324719295052e-02
1.348240239210016407e-02
1.348239939983915045e-02
1.348240105194871072e-02
1.348240109111250966e-02
1.348240590157067688e-02
1.348240287268112278e-02
1.348239734219872088e-02
1.348240742931913067e-02
1.348240598233228262e-02
1.348239976353604250e-02
1.348239379807965148e-02
1.348239379807965148e-02
1.348239388898381935e-02
1.348238334513688838e-02
1.348238345074589430e-02
1.348238345074589430e-02
1.348240678173431156e-02
1.348240678173430983e-02
1.348239357868472738e-02
1.348240220147979562e-02
1.348240362222733087e-02
1.348240576717460101e-02
1.348240491803829461e-02
1.348239248816691764e-02
1.348240041363454531e-02
1.348239164191430105e-02
1.348239182103616769e-02
1.348238628740888734e-02
1.348239774155861846e-02
1.348238630520991882e-02
1.348238820238957351e-02
1.348238006314645201e-02
1.348238006314645028e-02
1.348238006314645201e-02
1.348235084634875729e-02
1.348230856011633019e-02
1.348231199419985468e-02
1.348232403052816199e-02
1.348230982702290290e-02
1.348232204256226766e-02
1.348232204256227112e-02
1.348231440980299928e-02
1.348235965135852719e-02
1.348235817455865557e-02
1.348232971824139294e-02
1.348233526374939192e-02
1.348234464692826991e-02
1.348232763861829074e-02
1.348233185334527483e-02
1.348228107390539790e-02
1.348229598139386552e-02
1.348234085033682070e-02
1.348234069902523591e-02
1.348230954529039405e-02
1.348230908992800736e-02
1.348231156650704470e-02
1.348231018386026811e-02
1.348231918219929514e-02
1.348231346199627902e-02
1.348232106140142411e-02
1.348231508638626959e-02
1.348233575633111386e-02
1.348233429684888608e-02
1.348234339466615646e-02
1.348232775632791577e-02
1.348232979755236739e-02
1.348232380242677872e-02
1.348232683049794232e-02
1.348232643985921957e-02
1.348233925590650549e-02
1.348235023567506165e-02
1.348235023567506512e-02
1.348235128704103683e-02
1.348235213528220511e-02
1.348233769805895488e-02
1.348230577644949670e-02
1.348244692823780816e-02
1.348245347780110959e-02
1.348245458294056870e-02
1.348244891444199192e-02
1.348246021914466242e-02
1.348246521147617241e-02
1.348245888943279749e-02
1.348245521165826466e-02
1.348246415367156635e-02
1.348246707104935535e-02
1.348245957696659128e-02
1.348245746058055611e-02
1.348245724811096731e-02
1.348244548756214259e-02
1.348244347284556499e-02
1.348244330783783008e-02
1.348243879499470832e-02
1.348243879499471005e-02
1.348243186290549664e-02
1.348243170324568696e-02
1.348243592854263262e-02
1.348243329959829435e-02
1.348243337278649118e-02
1.348242279591948048e-02
1.348242719883306802e-02
1.348243682417239221e-02
1.348242401040334465e-02
1.348241706563079075e-02
1.348240812223583558e-02
1.348239755443790891e-02
1.348241813566934851e-02
1.348241550668435179e-02
1.348241864471562759e-02
1.348241273944305804e-02
1.348240891457510443e-02
1.348241251094172560e-02
1.348239763554974664e-02
1.348242828736704278e-02
1.348243161704907461e-02
1.348242895168371737e-02
1.348242638791836111e-02
1.348246260733869904e-02
1.348246266516739400e-02
1.348245605405502118e-02
1.348246370318188260e-02
1.348246179870234845e-02
1.348246179870234498e-02
1.348246005516202939e-02
1.348245175078460409e-02
1.348245162155994881e-02
1.348246119049257945e-02
1.348245317717613675e-02
1.348245607460627285e-02
1.348246380235038414e-02
1.348245930352977122e-02
1.348245930352977295e-02
1.348245938667778226e-02
1.348245937495110534e-02
1.348246221167296796e-02
1.348246415133582017e-02
1.348244801142312217e-02
1.348245761408146774e-02
1.348245261127852326e-02
1.348245038906992904e-02
1.348245223100068627e-02
1.348244277385746322e-02
1.348244283743398747e-02
1.348245167862860069e-02
1.348245598251739293e-02
1.348246116812391003e-02
1.348245832692167127e-02
1.348245831746927408e-02
1.348246280311794949e-02
1.348246401874206649e-02
1.348246310431928073e-02
1.348244924898767648e-02
1.348245344453896134e-02
1.348245145126540472e-02
1.348244849038874975e-02
1.348244644057381737e-02
1.348246275346602456e-02
1.348246117944944256e-02
1.348246068913939999e-02
1.348245754305703141e-02
1.348245894830399534e-02
1.348245386453122453e-02
1.348245741422545926e-02
1.348245741422545059e-02
1.348246591326001526e-02
1.348246156836381202e-02
1.348246123246028827e-02
1.348246270461125537e-02
1.348245909961027708e-02
1.348244858268218306e-02
1.348244877399554405e-02
1.348243313820887516e-02
1.348243634331993714e-02
1.348243777659274487e-02
1.348243605645981641e-02
1.348244898359264587e-02
1.348245172260601442e-02
1.348244682906310325e-02
1.348244769326602602e-02
1.348244591213308870e-02
1.348244576783694422e-02
1.348244574002243137e-02
1.348244818768488083e-02
1.348244692431733137e-02
1.348244725471946064e-02
1.348244801948227968e-02
1.348244259162937470e-02
1.348242752506910100e-02
1.348243260654560967e-02
1.348243231028561397e-02
1.348243052118252260e-02
1.348243140406879190e-02
1.348243136287398912e-02
1.348244234284244787e-02
1.348244085181739965e-02
1.348244071603521034e-02
1.348244142501236684e-02
1.348243987571817043e-02
1.348244275173567618e-02
1.348243715051745950e-02
1.348244033455480058e-02
1.348244046567809856e-02
1.348243535165447732e-02
1.348243731607267487e-02
1.348243738686929691e-02
1.348243644188838221e-02
1.348244593265969862e-02
1.348244675099340845e-02
1.348244538650502852e-02
1.348244642298911285e-02
1.348244511625219626e-02
1.348245224623488905e-02
1.348243942896637168e-02
1.348244093050381121e-02
1.348244093050380947e-02
1.348243754641271358e-02
1.348244135217827738e-02
1.348244145649852600e-02
1.348243181027992607e-02
1.348243132165623769e-02
1.348243686965222565e-02
1.348243373654353996e-02
1.348243537134635045e-02
1.348243227860475985e-02
1.348243227860475811e-02
1.348242558298702251e-02
1.348242171075839102e-02
1.348243887669913973e-02
1.348244072921630198e-02
1.348243314038329206e-02
1.348242921188976505e-02
1.348243455819608111e-02
1.348243062177176613e-02
1.348241483980296487e-02
1.348241322136805621e-02
1.348241081999160089e-02
1.348242018098721323e-02
1.348241537814122600e-02
1.348240912443796936e-02
1.348241375156673284e-02
1.348241861898915629e-02
1.348242261475435071e-02
1.348242261475435244e-02
1.348241960629859189e-02
1.348233404895966651e-02
1.348233423196622954e-02
1.348233077270757918e-02
1.348234305335334685e-02
1.348232340110342223e-02
1.348232380680767194e-02
1.348229645782515057e-02
1.348229604931248417e-02
1.348227359881058567e-02
1.348227906899758174e-02
1.348227921093113867e-02
1.348227921093114214e-02
1.348227934351516923e-02
1.348244032573880924e-02
1.348244383383651393e-02
1.348244030140631662e-02
1.348244298563763821e-02
1.348244434060838319e-02
1.348244471126525124e-02
1.348243681759324353e-02
1.348244195028776293e-02
1.348244047971316507e-02
1.348244192263807484e-02
1.348244068216457141e-02
1.348243962460698130e-02
1.348244169073496875e-02
1.348243899349175351e-02
1.348243684340560099e-02
1.348243941699231452e-02
1.348243727862566410e-02
1.348243977475102953e-02
1.348243572074498027e-02
1.348243104134900713e-02
1.348242728028530360e-02
1.348243562008339010e-02
1.348239643966821222e-02
1.348239562959969301e-02
1.348239585216726329e-02
1.348240443431818203e-02
1.348239942823877685e-02
1.348240475885545235e-02
1.348241356902791198e-02
1.348241356902791892e-02
1.348241132949861386e-02
1.348240917195982734e-02
1.348240931687378664e-02
1.348240688076997838e-02
1.348241547791565950e-02
1.348241112542497393e-02
1.348239244820565071e-02
1.348239241009525566e-02
1.348239240541604898e-02
1.348239780514027229e-02
1.348239310279073649e-02
1.348239532157431177e-02
1.348238973654116747e-02
1.348240329198342226e-02
1.348239698632874677e-02
1.348241702382196872e-02
1.348244187280638398e-02
1.348244170439031470e-02
1.348243327299947052e-02
1.348243452252619219e-02
1.348243608885900391e-02
1.348243803539740139e-02
1.348243426751946465e-02
1.348243818553743027e-02
1.348243824766640411e-02
1.348243920165648549e-02
1.348243975227226589e-02
1.348244219350611291e-02
1.348244268042401300e-02
1.348245039623556345e-02
1.348244756859349157e-02
1.348243130539631719e-02
1.348242137878355625e-02
1.348241974983586076e-02
1.348242729517149657e-02
1.348242373569051057e-02
1.348242373569051751e-02
1.348242373569051751e-02
1.348242204536195116e-02
1.348242204536195289e-02
1.348241339736393207e-02
1.348242204510219019e-02
1.348242414773567419e-02
1.348242414043446073e-02
1.348229843719369811e-02
1.348229275609251834e-02
1.348229275609251661e-02
1.348231389769811647e-02
1.348232450200826001e-02
1.348232891016426516e-02
1.348232365555792657e-02
1.348232409166276111e-02
1.348233015448420044e-02
1.348232566952570904e-02
1.348232088881141065e-02
1.348230044773540345e-02
1.348231333796836955e-02
1.348229454294028705e-02
1.348230479408066979e-02
1.348230573861645964e-02
1.348230897271785779e-02
1.348231445315943057e-02
1.348233095253852619e-02
1.348234069558465996e-02
1.348231453045936092e-02
1.348229326720625128e-02
1.348231285500809014e-02
1.348230373873854360e-02
1.348230365863414305e-02
1.348225251316838812e-02
1.348222242676904402e-02
1.348223815336310402e-02
1.348223652241061464e-02
1.348223513261226358e-02
1.348222821606462687e-02
1.348241202877658619e-02
1.348241438472294086e-02
1.348233909539436719e-02
1.348233909539436545e-02
1.348234909846859550e-02
1.348235804206704240e-02
1.348237949719091958e-02
1.348236150471475436e-02
1.348236897600926971e-02
1.348236897600926971e-02
1.348236381683147467e-02
1.348236339081048014e-02
1.348237061817574717e-02
1.348237002516172733e-02
1.348237747363905531e-02
1.348237440608128848e-02
1.348235925722852599e-02
1.348233391982709382e-02
1.348234741295867463e-02
1.348234741295867116e-02
1.348235224162291739e-02
1.348238143961115465e-02
1.348238166551108015e-02
1.348239601469535497e-02
1.348239601839110700e-02
1.348239877745226883e-02
1.348238019465914338e-02
1.348238264030267308e-02
1.348238072618591563e-02
1.348239240351907856e-02
1.348238956838011468e-02
1.348238633218505102e-02
1.348239266253520481e-02
1.348246043535824418e-02
1.348246048885561911e-02
1.348245987100548000e-02
1.348245904489606128e-02
1.348246001747908582e-02
1.348246003640971372e-02
1.348245811190794397e-02
1.348244533154020763e-02
1.348244768228379527e-02
1.348245866005573675e-02
1.348245446364585570e-02
1.348245477627575684e-02
1.348244386960631598e-02
1.348244384181820216e-02
1.348244821838495699e-02
1.348244903304151275e-02
1.348244902182222683e-02
1.348245304787637489e-02
1.348245010601533365e-02
1.348244003510399268e-02
1.348244265004029836e-02
1.348243998339365875e-02
1.348243707649493528e-02
1.348243381946736749e-02
1.348243833737010518e-02
1.348241008199051183e-02
1.348241125722147125e-02
1.348240872897853507e-02
1.348239539560717667e-02
1.348239858858341252e-02
1.348240036249319547e-02
1.348239987137056159e-02
1.348240934824796941e-02
1.348241036915954691e-02
1.348241036915955038e-02
1.348241036915954691e-02
1.348240802034237316e-02
1.348240682472123982e-02
1.348239139470839253e-02
1.348240150747640614e-02
1.348240325660861501e-02
1.348240806545068608e-02
1.348240828966654030e-02
1.348240828966654377e-02
1.348240794755498594e-02
1.348240306940515394e-02
1.348240742275954966e-02
1.348240412951011609e-02
1.348240221846588004e-02
1.348238942484663964e-02
1.348238935806464131e-02
1.348239928166611139e-02
1.348240821521452804e-02
1.348241793394655379e-02
1.348242355962587721e-02
1.348242486391047247e-02
1.348241930765644615e-02
1.348241483081576673e-02
1.348241706387686561e-02
1.348241970634764253e-02
1.348241468167784250e-02
1.348242562468019400e-02
1.348242271908132311e-02
1.348243154699139100e-02
1.348242747812664760e-02
1.348242947917511862e-02
1.348242667497433038e-02
1.348240686882311475e-02
1.348240660438053060e-02
1.348240434274948496e-02
1.348240444291090752e-02
1.348240404961029149e-02
1.348240349839504443e-02
1.348239485524815699e-02
1.348240056634404486e-02
1.348240004739539866e-02
1.348240633085770815e-02
1.348240238561002925e-02
1.348240373086354721e-02
1.348241388259920938e-02
1.348241212036418307e-02
1.348239692117326506e-02
1.348240244193722216e-02
1.348240244193722390e-02
1.348241967535105529e-02
1.348241967535105355e-02
1.348242737720953266e-02
1.348240085854065379e-02
1.348240148144298073e-02
1.348239996845103372e-02
1.348240950624766607e-02
1.348240288830776859e-02
1.348243803657055845e-02
1.348243101699049366e-02
1.348243589441939713e-02
1.348243643625573508e-02
1.348243789684526114e-02
1.348245054718256834e-02
1.348245162911092775e-02
1.348245050506658924e-02
1.348245057817210914e-02
1.348245074709149109e-02
1.348243830731788058e-02
1.348244671919635561e-02
1.348244508997064987e-02
1.348244225465526115e-02
1.348243287502639068e-02
1.348243864012077520e-02
1.348244315352415887e-02
1.348244062164634730e-02
1.348243926637459310e-02
1.348244189653033213e-02
1.348244040372035581e-02
1.348243835345919357e-02
1.348244002714210632e-02
1.348243835345919704e-02
1.348243868822718988e-02
1.348244092894376744e-02
1.348244323154358833e-02
1.348244402556707591e-02
1.348244212194301198e-02
1.348244061948393642e-02
1.348244069082073400e-02
1.348244049570827136e-02
1.348244393351826463e-02
1.348243697827745599e-02
1.348244058689630070e-02
1.348244105699033211e-02
1.348244050249871977e-02
1.348243811361350686e-02
1.348245051784147976e-02
1.348245203437238408e-02
1.348244840694123522e-02
1.348245765936844677e-02
1.348245567193526173e-02
1.348245506318038536e-02
1.348245825421681698e-02
1.348245834246493413e-02
1.348245761231380013e-02
1.348245651953577755e-02
1.348246294617397312e-02
1.348246103058359235e-02
1.348291197427827805e-02
1.348291513755017594e-02
1.348291434485376049e-02
1.348291309837578236e-02
1.348291307549364174e-02
1.348291307549364694e-02
1.348291344002941136e-02
1.348291276825002230e-02
1.348291236427127601e-02
1.348291200858240529e-02
1.348291747374990093e-02
1.348291703174088300e-02
1.348291563295116527e-02
1.348291581292257978e-02
1.348291726757806092e-02
1.348291770900594648e-02
1.348291738525368363e-02
1.348291840213626872e-02
1.348291794499247021e-02
1.348291827260827275e-02
1.348291793162714053e-02
1.348291793162714226e-02
1.348291700778529723e-02
1.348291643444870895e-02
1.348291566161788531e-02
1.348291955401017227e-02
1.348291885336603060e-02
1.348291994806791010e-02
1.348291937049735795e-02
1.348291869353489270e-02
1.348291875196055631e-02
1.348291875196055804e-02
1.348291834647868254e-02
1.348291877106215855e-02
1.348291801443926748e-02
1.348291817047597534e-02
1.348291632082107561e-02
1.348291662220995300e-02
1.348291615878619877e-02
1.348291665287178892e-02
1.348291637741786016e-02
1.348291598245880685e-02
1.348291663990851957e-02
1.348291663990851784e-02
1.348291694799066097e-02
1.348291658319236523e-02
1.348291671327927869e-02
1.348291671327927696e-02
1.348291682100816874e-02
1.348291591685332920e-02
1.348291550085180257e-02
1.348291707478573194e-02
1.348291888409540625e-02
1.348291803655992001e-02
1.348291899259461760e-02
1.348291985088964119e-02
1.348291789524783298e-02
1.348291713647847313e-02
1.348291728945538205e-02
1.348291724020716717e-02
1.348291736140697951e-02
1.348291690013695560e-02
1.348291782325306519e-02
1.348291738296127085e-02
1.348291714589808753e-02
1.348291693958606451e-02
1.348291700924350925e-02
1.348291656381544329e-02
1.348291657847072895e-02
1.348291649128357736e-02
1.348291643049607906e-02
1.348291550151967631e-02
1.348291474092701801e-02
1.348291516975630780e-02
1.348291585725494221e-02
1.348291786874650233e-02
1.348291828171012396e-02
1.348291737054875192e-02
1.348291817640872095e-02
1.348291814934742330e-02
1.348291848112759435e-02
1.348291949224531862e-02
1.348291879811400890e-02
1.348291885143605186e-02
1.348291873648450358e-02
1.348291902641497557e-02
1.348291876411266896e-02
1.348291908282757065e-02
1.348291750815955488e-02
1.348291798903941512e-02
1.348291809129922164e-02
1.348291881932753809e-02
1.348291749224856534e-02
1.348291814355683654e-02
1.348291902450296856e-02
1.348291972960572078e-02
1.348292017718368332e-02
1.348292152288223245e-02
1.348292111507235456e-02
1.348292111507235630e-02
1.348292141285979164e-02
1.348292141285978990e-02
1.348292073375118895e-02
1.348292111479333123e-02
1.348292171803221196e-02
1.348291978738719310e-02
1.348291781694464786e-02
1.348291754321183367e-02
1.348291969290663084e-02
1.348292030667615736e-02
1.348291935345055127e-02
1.348291955434704863e-02
1.348291930769260349e-02
1.348291855163016167e-02
1.348291859516224239e-02
1.348292075583142589e-02
1.348292058436103766e-02
1.348292056963051704e-02
1.348291486659177439e-02
1.348291598031909656e-02
1.348291595202226814e-02
1.348291652788001678e-02
1.348291674470965609e-02
1.348291728703130722e-02
1.348291728703131069e-02
1.348291596543357146e-02
1.348291538455661034e-02
1.348291417822973168e-02
1.348291713566749685e-02
1.348291815417183501e-02
1.348291930462898122e-02
1.348291946662608098e-02
1.348291933120092032e-02
1.348291933120091858e-02
1.348291956764772863e-02
1.348291919365614960e-02
1.348291670767630401e-02
1.348291787688944351e-02
1.348291779562147373e-02
1.348291457127271699e-02
1.348291446458383877e-02
1.348291750838795724e-02
1.348291916886436119e-02
1.348291833229829997e-02
1.348291857270624526e-02
1.348291876323233843e-02
1.348291854806037138e-02
1.348291847507488220e-02
1.348291684812327751e-02
1.348291674045945521e-02
1.348291730927623881e-02
1.348291802766614887e-02
1.348291813053140512e-02
1.348291813053140512e-02
1.348291753843567156e-02
1.348291729438572985e-02
1.348291720483004927e-02
1.348291762773481083e-02
1.348291698610144113e-02
1.348291749365514158e-02
1.348290469964267754e-02
1.348291042083092466e-02
1.348291003239677349e-02
1.348291096746229677e-02
1.348291082723660460e-02
1.348291064302410691e-02
1.348291160408497842e-02
1.348291130782486823e-02
1.348291187766851272e-02
1.348291201545839813e-02
1.348291203927667881e-02
1.348291174936708595e-02
1.348291207328829004e-02
1.348291237966642991e-02
1.348291223046411622e-02
1.348291212155543900e-02
1.348291002704209325e-02
1.348291022386065470e-02
1.348291164473595927e-02
1.348291165829686861e-02
1.348291215902257950e-02
1.348291165829687208e-02
1.348291107108365652e-02
1.348290960982427567e-02
1.348291367329213127e-02
1.348291389149282316e-02
1.348291212041598935e-02
1.348290855811240009e-02
1.348290935449334045e-02
1.348290865008384791e-02
1.348291289433956042e-02
1.348290973613353039e-02
1.348291255799670234e-02
1.348290592270700444e-02
1.348290912781512259e-02
1.348290784786431752e-02
1.348290772193625614e-02
1.348290772193625441e-02
1.348290769251707377e-02
1.348291043303842009e-02
1.348291100638939095e-02
1.348291035519531139e-02
1.348291078330076699e-02
1.348291144319063023e-02
1.348291065404178327e-02
1.348291016203869049e-02
1.348291016203869395e-02
1.348290966240521527e-02
1.348291018504557508e-02
1.348291039453906361e-02
1.348291151101100802e-02
1.348290982119385896e-02
1.348291557270027939e-02
1.348291579804520267e-02
1.348291610199131227e-02
1.348290672495491491e-02
1.348290622497724453e-02
1.348291077317875612e-02
1.348291007534470516e-02
1.348290930112207471e-02
1.348290979930293239e-02
1.348290897155862700e-02
1.348290967679919780e-02
1.348291045827101561e-02
1.348291074171302159e-02
1.348290947609996106e-02
1.348291027735352109e-02
1.348291192938483492e-02
1.348291007781131715e-02
1.348291186612658038e-02
1.348291229634321874e-02
1.348290861324890136e-02
1.348290782849733901e-02
1.348290823655965733e-02
1.348290930102644808e-02
1.348290782868871718e-02
1.348290690226175599e-02
1.348291278167928521e-02
1.348291343054733651e-02
1.348291276171838596e-02
1.348291276171838943e-02
1.348290913532951621e-02
1.348291035548957080e-02
1.348291390263346712e-02
1.348291286875348376e-02
1.348291398680902774e-02
1.348291259578455331e-02
1.348291208616811052e-02
1.348291264688540256e-02
1.348290953003037328e-02
1.348290962676200466e-02
1.348290957138714025e-02
1.348290931152618284e-02
1.348290817428036623e-02
1.348290817428036796e-02
1.348290873436115873e-02
1.348290531442564166e-02
1.348291077132459347e-02
1.348291097019283652e-02
1.348291118649083860e-02
1.348291082225833333e-02
1.348291305691816030e-02
1.348291296980079490e-02
1.348291303224314654e-02
1.348295781978971382e-02
1.348294068171692998e-02
1.348296037065238942e-02
1.348299671246154866e-02
1.348299072774917368e-02
1.348298704009253876e-02
1.348300179732062586e-02
1.348292323897712017e-02
1.348292480267217729e-02
1.348292029714256816e-02
1.348292035093672479e-02
1.348292005455111083e-02
1.348292313422998212e-02
1.348292389015041254e-02
1.348292202289664080e-02
1.348292294884681150e-02
1.348292182688339350e-02
1.348292044643138211e-02
1.348292256458966110e-02
1.348292228543697749e-02
1.348291788903663475e-02
1.348291845636145382e-02
1.348291997307094273e-02
1.348291954405828226e-02
1.348291823763698473e-02
1.348291837727502197e-02
1.348291941885011898e-02
1.348292174768510841e-02
1.348292265600019649e-02
1.348292069119010929e-02
1.348292127426712825e-02
1.348292183095111015e-02
1.348292027318607339e-02
1.348291988013351067e-02
1.348292065696646107e-02
1.348292065696646107e-02
1.348292211172372711e-02
1.348292386256334102e-02
1.348296316924440554e-02
1.348296381350497578e-02
1.348296311871522227e-02
1.348297320473433071e-02
1.348297890511820744e-02
1.348296904413554681e-02
1.348297439232394763e-02
1.348297384681255116e-02
1.348296995710711495e-02
1.348295873083225731e-02
1.348296345443137333e-02
1.348297572008087288e-02
1.348296808187307919e-02
1.348297817420640934e-02
1.348297647033723859e-02
1.348297955947298961e-02
1.348297384919014581e-02
1.348298523969950792e-02
1.348298798958945041e-02
1.348298778110078484e-02
1.348298804388052205e-02
