-2.787596272225069394e-02
-2.787596272225553728e-02
-2.787596272230652428e-02
-2.787596272225073557e-02
-2.787596272225477401e-02
-2.787596272225437155e-02
-2.787596272225350766e-02
-2.787596272225438196e-02
-2.867875332261378765e-02
-2.867875332261549809e-02
-2.867875332261269478e-02
-2.867875332261363847e-02
-2.867875332261416929e-02
-2.867875332261416582e-02
-3.043129568383833375e-02
-2.867889209083487184e-02
-2.867889209083481633e-02
-2.867889209083592655e-02
-2.867889209083593002e-02
-2.867889209083613472e-02
-2.867889209083640534e-02
-2.867889209083513552e-02
-2.867889209083520838e-02
-2.867889209083599594e-02
-2.867889209083614513e-02
-2.867889209083506266e-02
-2.952900000145908602e-02
-2.952900000145952664e-02
-2.952900000145984583e-02
-2.867889209083625962e-02
-2.867889209083575655e-02
-2.867889209083570104e-02
-2.867889209083564206e-02
-2.867889209083615554e-02
-2.952938551567041089e-02
-2.867889209083639840e-02
-2.867889209083702290e-02
-2.867889209083546512e-02
-2.867889209083570104e-02
-2.952900000145873907e-02
-2.952900000145960296e-02
-2.867889209083536103e-02
-2.867889209083463245e-02
-2.867889209083470878e-02
-3.370963985094468929e-02
-3.370963985094419663e-02
-3.370963985094440479e-02
-3.370963985094439785e-02
-3.370963985094438398e-02
-3.370963985094468929e-02
-3.370963985094425214e-02
-3.453899557221328659e-02
-3.453899557221316169e-02
-3.370963985094425214e-02
-3.370963985094425214e-02
-3.370963985094421050e-02
-3.370963985094422438e-02
-3.370963985094439785e-02
-3.370963985094468929e-02
-3.370963985094470317e-02
-3.370963985094455051e-02
-3.370963985094422438e-02
-3.370963985094421050e-02
-3.370963985094421050e-02
-3.370963985094438398e-02
-3.370963985094468929e-02
-3.370963985094470317e-02
-3.370963985094468929e-02
-3.370963985094425214e-02
-3.370963985094470317e-02
-3.370963985094421050e-02
-3.453899557221340455e-02
-3.453899557221373762e-02
-3.370963985094422438e-02
-3.370963985094470317e-02
-3.370963985094464765e-02
-3.453899557221373762e-02
-3.453899557221343924e-02
-3.453899557221341149e-02
-3.450282931048305468e-02
-3.370963985094439785e-02
-3.370963985094453663e-02
-3.370963985094383580e-02
-3.370963985094412724e-02
-3.370963985094412724e-02
-3.370963985094412724e-02
-3.370963985094426602e-02
-3.370963985094407173e-02
-3.453899557221336292e-02
-3.370963985094422438e-02
-3.453900221859648734e-02
-3.370963985094442561e-02
-3.370963985094439092e-02
-3.370963985094414112e-02
-3.453899557221305067e-02
-3.370963985094412724e-02
-3.370963985094414112e-02
-3.453899557221350169e-02
-3.370963985094383580e-02
-3.370963985094429377e-02
-3.370963985094412724e-02
-3.370963985094409948e-02
-3.370963985094414112e-02
-3.370963985094423132e-02
-3.370963985094386356e-02
-3.370963985094414112e-02
-3.370963985094450888e-02
-3.370963985094409948e-02
-3.370963985094451582e-02
-3.370963985094412724e-02
-3.370963985094396764e-02
-3.453899557221402211e-02
-3.453899557221397354e-02
-3.453899557221385558e-02
-3.370963985094425214e-02
-3.730987659465992423e-02
-3.730987659465987566e-02
-3.730987659465959810e-02
-3.730987659466022260e-02
-3.730987659466022260e-02
-3.292014207304211348e-02
-3.292014207304198165e-02
-3.292014207304228002e-02
-3.454372599313111636e-02
-3.454372599313084574e-02
-3.454372599313126901e-02
-3.451804923672912445e-02
-3.451804923672913833e-02
-3.451804923672958242e-02
-3.541500363812244423e-02
-3.541500363812193769e-02
-3.541500363812224300e-02
-3.541500363812247892e-02
-3.541500363812210422e-02
-3.541500363812215973e-02
-3.454380939665323974e-02
-3.454380939665366995e-02
-3.453248454002903062e-02
-3.453248454002896123e-02
-3.371443675173892152e-02
-3.371443675173889376e-02
-3.371443675173842192e-02
-3.292424364740415693e-02
-3.292424364740414999e-02
-3.292424364740386550e-02
-3.292424364740374060e-02
-3.292424364740347692e-02
-3.292424364740375448e-02
-3.292424364740386550e-02
-3.292424364740386550e-02
-3.292424364740402509e-02
-3.292424364740402509e-02
-3.292424364740386550e-02
-3.292424364740371284e-02
-3.371443675173869253e-02
-3.371443675173856763e-02
-3.292424364740387938e-02
-3.292424364740375448e-02
-3.292424364740348386e-02
-3.292105244673957515e-02
-3.292105244673969311e-02
-3.292105244673969311e-02
-3.292105244673985964e-02
-3.454156600113413716e-02
-3.454156600113358899e-02
-3.454156600113403308e-02
-3.454156600113401226e-02
-3.541265967912015505e-02
-3.454377962210995745e-02
-3.454377962211011011e-02
-3.454377962210967989e-02
-3.541407813928750675e-02
-3.454377962210967989e-02
-3.454377962210999214e-02
-3.454377962210995745e-02
-3.454377962211011011e-02
-3.454377962211013786e-02
-3.454377962210990194e-02
-3.454377962211017949e-02
-3.454377962211017949e-02
-3.454377962210980479e-02
-3.454377962210966602e-02
-3.454377962211011011e-02
-3.454377962210976316e-02
-3.454377962211008235e-02
-3.454377962211013092e-02
-3.541407813928768716e-02
-3.454377962210976316e-02
-3.454377962210979092e-02
-3.454377962210999214e-02
-3.454377962211011011e-02
-3.454377962211011011e-02
-3.454377962211013786e-02
-3.454377962210967989e-02
-3.454377962210995745e-02
-3.454377962210995051e-02
-3.454377962210995051e-02
-3.454377962210989500e-02
-3.454377962210982561e-02
-3.454377962210981867e-02
-3.454377962210980479e-02
-3.454377962210970071e-02
-3.292424364740349774e-02
-3.292424364740349774e-02
-3.292424364740348386e-02
-3.215005214036925629e-02
-3.215005214036897874e-02
-3.215005214036897180e-02
-3.215005214036883302e-02
-3.215005214036925629e-02
-3.215005214036827791e-02
-3.215005214036908976e-02
-3.215005214036922854e-02
-3.215005214036908976e-02
-3.215005214036893710e-02
-3.215005214036911058e-02
-3.215005214036922854e-02
-3.543129821379317757e-02
-3.732653646867908209e-02
-3.543129821379344124e-02
-3.543129821379323308e-02
-3.543129821379328859e-02
-3.543129821379325389e-02
-3.635450292066055161e-02
-3.835251612936824844e-02
-3.835251612936841498e-02
-3.943632294418239481e-02
-3.835251612936856763e-02
-3.732685692670037469e-02
-3.732685692670051347e-02
-3.732685692670045102e-02
-3.732685692670040245e-02
-3.732685692670040245e-02
-3.828220288242029090e-02
-3.828220288242085989e-02
-3.828220288242047131e-02
-3.828220288242056152e-02
-3.290935521520455681e-02
-3.290935521520452212e-02
-3.290935521520454293e-02
-3.367749845183004576e-02
-3.367749845183033719e-02
-3.367749845182992779e-02
-3.447686855615451212e-02
-3.367749845183007351e-02
-3.367749845183016372e-02
-3.367749845183017066e-02
-3.367749845182994861e-02
-3.367749845183017066e-02
-3.367749845183004576e-02
-3.367749845182992779e-02
-3.367749845182990698e-02
-3.367749845182992779e-02
-3.367749845183039964e-02
-3.367749845182992779e-02
-3.367749845182990004e-02
-3.367749845183018453e-02
-3.447686855615467866e-02
-3.447686855615494927e-02
-3.530276784969480636e-02
-3.524041261419862819e-02
-3.440604931157088819e-02
-3.440604931157088819e-02
-3.440604931157072860e-02
-3.440604931157074248e-02
-3.440604931157059676e-02
-3.440604931157105473e-02
-3.440604931157104085e-02
-3.440604931157103391e-02
-3.440604931157088819e-02
-3.440604931157078411e-02
-3.440604931157074248e-02
-3.440604931157074248e-02
-3.440604931157103391e-02
-3.440604931157104779e-02
-3.440604931157144331e-02
-3.440604931157083962e-02
-3.440604931157087432e-02
-3.440604931157142943e-02
-3.440604931157088819e-02
-3.447706831487271778e-02
-3.447706831487254431e-02
-3.447706831487281492e-02
-3.447706831487273860e-02
-3.447706831487243329e-02
-3.447706831487264839e-02
-3.447706831487263451e-02
-3.447706831487244022e-02
-3.447706831487244022e-02
-3.291424810941984830e-02
-3.291424810941983442e-02
-3.291424810941984830e-02
-3.291424810941986218e-02
-3.291424810942013279e-02
-3.291424810941958462e-02
-3.291424810941945278e-02
-3.367743286027381072e-02
-3.291424810941999402e-02
-3.291424810941956380e-02
-3.291424810941957768e-02
-3.367744589695102764e-02
-3.447702826538204951e-02
-3.367744589695148560e-02
-3.367744589695102764e-02
-3.291424810941984830e-02
-3.291424810941959850e-02
-3.291424810941957768e-02
-3.291424810941984136e-02
-3.447673524635341130e-02
-3.447464981715178678e-02
-3.447464981715223087e-02
-3.447464981715207127e-02
-3.447464981715223781e-02
-3.447673524635361253e-02
-3.447673524635341130e-02
-3.367756365412221536e-02
-3.367756365412231251e-02
-3.447673524635359171e-02
-3.367756365412217373e-02
-3.367756365412249292e-02
-3.367756365412258313e-02
-3.367756365412243047e-02
-3.367756365412204883e-02
-3.367756365412202108e-02
-3.367756365412230557e-02
-3.367756365412217373e-02
-3.367756365412190311e-02
-3.367756365412223618e-02
-3.367756365412221536e-02
-3.367756365412264558e-02
-3.367756365412236108e-02
-3.367756365412230557e-02
-3.367756365412222230e-02
-3.367756365412218761e-02
-3.367756365412221536e-02
-3.367756365412232639e-02
-3.367756365412263864e-02
-3.367756365412236108e-02
-3.367756365412233333e-02
-3.367756365412265251e-02
-3.367756365412262476e-02
-3.367756365412249292e-02
-3.531498689899874310e-02
-3.291424810941968176e-02
-3.291424810941970258e-02
-3.291424810941970258e-02
-3.367743286027437971e-02
-3.291424810941931400e-02
-3.291424810941970952e-02
-3.291424810941930013e-02
-3.148269113030233851e-02
-3.148269113030233851e-02
-3.148269113030231076e-02
-3.148269113030219279e-02
-3.148269113030206096e-02
-3.148269113030231076e-02
-3.218098747700962742e-02
-3.218098747700989110e-02
-3.218098747700963436e-02
-3.218098747700976620e-02
-3.218098747700975232e-02
-3.291078742911493493e-02
-3.367462689692683059e-02
-3.218098747700962048e-02
-3.218098747700963436e-02
-3.218098747700975232e-02
-3.218098747700974538e-02
-3.218098747700975232e-02
-3.218098747700987028e-02
-3.218098747700982171e-02
-3.218098747700982865e-02
-3.218098747700968987e-02
-3.218098747700993967e-02
-3.218098747700993967e-02
-3.218098747700955803e-02
-3.218098747700968293e-02
-3.218098747700993967e-02
-3.218098747700975232e-02
-3.218098747701000212e-02
-3.218098747700994661e-02
-3.291077524887769945e-02
-3.291077524887769251e-02
-3.218098747700995355e-02
-3.218098747701022416e-02
-3.148269113030244953e-02
-3.148269113030195687e-02
-3.148269113030195687e-02
-3.148269113030235239e-02
-3.148269113030234545e-02
-3.148269113030196381e-02
-3.148269113030208871e-02
-3.148269113030195687e-02
-3.148269113030221361e-02
-3.148269113030206096e-02
-3.148269113030183197e-02
-3.148269113030208871e-02
-3.148269113030208871e-02
-3.148269113030195687e-02
-3.148269113030233851e-02
-3.148269113030233851e-02
-3.148269113030235239e-02
-3.148269113030218586e-02
-3.218093004637403998e-02
-3.218093004637403998e-02
-3.148269113030206096e-02
-3.148269113030233851e-02
-3.148269113030260219e-02
-3.218205143931385931e-02
-3.218205143931386625e-02
-3.218205143931364420e-02
-3.218205143931391482e-02
-3.218205143931363726e-02
-3.218205143931410911e-02
-3.218205143931399115e-02
-3.218205143931384543e-02
-3.218205143931384543e-02
-3.218205143931384543e-02
-3.218205143931401890e-02
-3.218205143931430340e-02
-3.218205143931390094e-02
-3.218205143931376910e-02
-3.218205143931390788e-02
-3.218205143931338053e-02
-3.218205143931363726e-02
-3.290916153478087858e-02
-3.218205143931338053e-02
-3.218205143931402584e-02
-3.218205143931377604e-02
-3.218205143931402584e-02
-3.218205143931364420e-02
-3.218205143931337359e-02
-3.218205143931377604e-02
-3.218205143931376910e-02
-3.218205143931391482e-02
-3.218205143931364420e-02
-3.218205143931366502e-02
-3.218205143931385931e-02
-3.218205143931424095e-02
-3.218205143931399115e-02
-3.218205143931411605e-02
-3.218205143931384543e-02
-3.291109634890495433e-02
-3.367414651211871057e-02
-3.367414651211927956e-02
-3.367414651211875914e-02
-3.367414651211940446e-02
-3.367414651211923793e-02
-3.367414651211924487e-02
-3.367414651211873139e-02
-3.367414651211911303e-02
-3.367414651211911303e-02
-3.367414651211875914e-02
-3.367414651211914772e-02
-3.367414651211921017e-02
-3.447352167502300280e-02
-3.531191101886172606e-02
-3.367414890293730229e-02
-3.367414890293721208e-02
-3.367414890293759372e-02
-3.367414890293733004e-02
-3.367414890293745494e-02
-3.367414890293716351e-02
-3.291123236563291837e-02
-3.291123236563292531e-02
-3.291123236563293225e-02
-3.218205143931410911e-02
-3.218205143931410911e-02
-3.218205143931363033e-02
-3.291112065706583434e-02
-3.367412163364125188e-02
-3.367412163364123107e-02
-3.291112065706551515e-02
-3.291109634890498903e-02
-3.291109634890520413e-02
-3.291109634890550945e-02
-3.291109634890500291e-02
-3.291109634890548169e-02
-3.291109634890510699e-02
-3.291109634890540536e-02
-3.291109634890512781e-02
-3.291109634890510699e-02
-3.291109634890510699e-02
-3.218205143931336665e-02
-3.218205143931376216e-02
-3.218205143931376216e-02
-3.218205143931364420e-02
-3.291130865800884903e-02
-3.291130865800860616e-02
-3.291130865800886290e-02
-3.291130865800870331e-02
-3.291130865800855759e-02
-3.291130865800855065e-02
-3.291130865800884903e-02
-3.447345829680100587e-02
-3.447345829680107526e-02
-3.447345829680114465e-02
-3.447345829680133894e-02
-3.447345829680137363e-02
-3.447345829680178997e-02
-3.447345829680163037e-02
-3.531158884079368954e-02
-3.447442268932817550e-02
-3.447442268932807141e-02
-3.367676091615227907e-02
-3.367676091615223744e-02
-3.367676091615264683e-02
-3.367676091615230682e-02
-3.367676091615241091e-02
-3.367676091615227907e-02
-3.367676091615225825e-02
-3.367676091615229989e-02
-3.367676091615256356e-02
-3.367676091615267459e-02
-3.367676091615267459e-02
-3.367676091615216111e-02
-3.367676091615273010e-02
-3.447442268932821713e-02
-3.367676091615273010e-02
-3.367676091615229989e-02
-3.367676091615241785e-02
-3.367676091615227907e-02
-3.367676091615267459e-02
-3.367676091615241091e-02
-3.367676091615256356e-02
-3.447442268932809223e-02
-3.447442268932806447e-02
-3.447442268932807141e-02
-3.367676091615257744e-02
-3.367676091615267459e-02
-3.367676091615256356e-02
-3.367676091615257744e-02
-3.531002998579427926e-02
-3.618754945640137444e-02
-3.618754945640142995e-02
-3.618754945640166587e-02
-3.531002998579457069e-02
-3.531002998579438334e-02
-3.531002998579493846e-02
-3.531002998579457763e-02
-3.531002998579498009e-02
-3.531002998579499397e-02
-3.531145930291553631e-02
-3.531145930291516855e-02
-3.531145930291511997e-02
-3.531145930291516855e-02
-3.618912004347300815e-02
-3.531181219356383655e-02
-3.531181219356388512e-02
-3.531181219356419737e-02
-3.531181219356407247e-02
-3.531181219356403084e-02
-3.531181219356407247e-02
-3.531181219356387818e-02
-3.531181219356387124e-02
-3.711127412425794386e-02
-3.531181219356398227e-02
-3.531181219356401002e-02
-3.531181219356407247e-02
-3.531181219356383655e-02
-3.531181219356383655e-02
-3.531181219356405859e-02
-3.531181219356435003e-02
-3.531181219356383655e-02
-3.531181219356418349e-02
-3.531181219356407247e-02
-3.531181219356423900e-02
-3.710801801322269333e-02
-3.710801801322271415e-02
-3.710801801322304028e-02
-3.710801801322269333e-02
-3.531181219356439860e-02
-3.711127412425705568e-02
-3.711127412425670874e-02
-3.711127412425706956e-02
-3.711127412425732630e-02
-3.711127412425720140e-02
-3.711127412425717365e-02
-3.711127412425717365e-02
-3.291106684470929827e-02
-3.291106684470984645e-02
-3.291106684470972848e-02
-3.291106684470984645e-02
-3.291106684470942317e-02
-3.291106684470984645e-02
-3.291106684470929827e-02
-3.291106684470973542e-02
-3.367465128139904285e-02
-3.291106684470971461e-02
-3.291106684470984645e-02
-3.291106684470945787e-02
-3.218093004637403998e-02
-3.811923234661165893e-02
-3.811923234661138832e-02
-3.811923234661153403e-02
-3.621081719173506464e-02
-3.621081719173507851e-02
-3.534895992734254228e-02
-3.621081719173484953e-02
-3.621081719173509933e-02
-3.811854481705862635e-02
-3.811854481705873737e-02
-3.621081719173509933e-02
-3.621081719173480096e-02
-3.621081719173509239e-02
-3.621081719173471075e-02
-3.621081719173500219e-02
-3.621081719173522423e-02
-3.621081719173525199e-02
-3.621081719173500219e-02
-3.621081719173500219e-02
-3.621081719173467606e-02
-3.621081719173506464e-02
-3.621081719173534219e-02
-3.621081719173514096e-02
-3.621081719173466912e-02
-3.367478719090478273e-02
-3.367478719090521294e-02
-3.367478719090521294e-02
-3.367478719090519906e-02
-3.290937147560545756e-02
-3.290937147560545062e-02
-3.290937147560490939e-02
-3.290937147560463183e-02
-3.290937147560463877e-02
-3.290937147560502041e-02
-3.290937147560515225e-02
-3.290937147560502041e-02
-3.217816859638469862e-02
-3.217816859638483740e-02
-3.290937147560533266e-02
-3.290937147560504122e-02
-3.290937147560481224e-02
-3.217816859638444188e-02
-3.217816859638443494e-02
-3.217816859638469862e-02
-3.217816859638443494e-02
-3.290937147560531184e-02
-3.217816859638431698e-02
-3.217816859638404636e-02
-3.217816859638431698e-02
-3.217816859638443494e-02
-3.290937147560540205e-02
-3.290937147560566572e-02
-3.290937147560544368e-02
-3.217816859638443494e-02
-3.217816859638458760e-02
-3.217816859638405330e-02
-3.217816859638431698e-02
-3.217816859638431004e-02
-3.290937147560545062e-02
-3.290937147560477061e-02
-3.290937147560501347e-02
-3.290937147560503429e-02
-3.290937147560517306e-02
-3.290937147560515919e-02
-3.217816859638445576e-02
-3.217816859638431698e-02
-3.217816859638444188e-02
-3.217816859638469862e-02
-3.217816859638485127e-02
-3.290937147560540899e-02
-3.290937147560510367e-02
-3.290937147560470816e-02
-3.290937147560472203e-02
-3.290937147560538123e-02
-3.290937147560545756e-02
-3.290937147560509674e-02
-3.367486583147904361e-02
-3.447649868047662769e-02
-3.367486583147891177e-02
-3.367486583147878687e-02
-3.367486583147907137e-02
-3.367486583147906443e-02
-3.367486583147879381e-02
-3.367486583147864809e-02
-3.367486583147864809e-02
-3.447649868047684973e-02
-3.447649868047693994e-02
-3.367486583147892565e-02
-3.367486583147853013e-02
-3.367486583147892565e-02
-3.367486583147922402e-02
-3.367486583147889789e-02
-3.367486583147906443e-02
-3.290937147560524245e-02
-3.290937147560527715e-02
1.156913354398523414e-02
1.171416873637127869e-02
1.171416873637127348e-02
1.171416873637125960e-02
1.171416873637122491e-02
1.171416873637122318e-02
1.171416873637125440e-02
1.171416873637125960e-02
1.171416873637123358e-02
1.171416873637122491e-02
1.171416873637135848e-02
1.171416873637122318e-02
1.156913354398528097e-02
1.156913354398537291e-02
1.156913354398537465e-02
1.156913354398538506e-02
1.233313264989356790e-02
1.156900536881206275e-02
1.142765043124296942e-02
1.142765043124299544e-02
1.142765043124303707e-02
1.171417513000515970e-02
1.171417513000512153e-02
1.171417513000514062e-02
1.171417513000504868e-02
1.171417513000504868e-02
1.171417513000504868e-02
1.171417513000513194e-02
1.171417513000504347e-02
1.171417513000497061e-02
1.171417513000505214e-02
1.156911965594820992e-02
1.142765043124301452e-02
1.142765043124300411e-02
1.142765043124292779e-02
1.142765043124300411e-02
1.171417513000515970e-02
1.142765043124297983e-02
1.142765043124298503e-02
1.142765043124298503e-02
1.142765043124293299e-02
1.142765043124292085e-02
1.142765043124290870e-02
1.142765043124300411e-02
1.142765043124292952e-02
1.142765043124292432e-02
1.142765043124292085e-02
1.142765043124294513e-02
1.026866939456035598e-02
1.016147576907948900e-02
1.016147576907955145e-02
1.026869507749502905e-02
1.026869507749509323e-02
1.026869507749508283e-02
1.037829623199655431e-02
1.049021313178605946e-02
1.060452106441243068e-02
1.060452106441244456e-02
1.072137941988783941e-02
1.072137941988778737e-02
1.072137941988772492e-02
1.072137941988779604e-02
1.072137941988779430e-02
1.072137941988779777e-02
1.049021313178606120e-02
1.049021313178605946e-02
1.060452464578316191e-02
1.060452464578313589e-02
1.060452464578319313e-02
1.060452464578312201e-02
1.072137579806752700e-02
1.072137579806742638e-02
1.072137579806755302e-02
1.072137579806756690e-02
1.026881484445738880e-02
1.037829623199660635e-02
1.037829623199669656e-02
1.037829623199663931e-02
1.026881484445739054e-02
1.037829623199662717e-02
1.026881484445739054e-02
1.026881484445738187e-02
1.037829623199669829e-02
1.037829623199661676e-02
1.026881484445742003e-02
1.026881484445736278e-02
1.026881484445739054e-02
1.026881484445742870e-02
1.026881484445729860e-02
1.026881484445739054e-02
1.026881484445729339e-02
1.026812935629354238e-02
1.016076703973883485e-02
1.016076703973883485e-02
1.016076703973883139e-02
1.016076703973877414e-02
1.016076703973877414e-02
1.016076703973870475e-02
1.005565463687197077e-02
1.005565463687190485e-02
1.005565463687190485e-02
1.005565463687197250e-02
9.952707932681870845e-03
9.952707932681811864e-03
1.005564850518859271e-02
9.952707932681902070e-03
9.952707932681843089e-03
9.952707932681870845e-03
9.952660085569850143e-03
1.026825232789173661e-02
1.026825232789165508e-02
1.026825232789165508e-02
1.026825232789161345e-02
1.048878930302707402e-02
1.048878930302698555e-02
1.048878930302698555e-02
1.048878930302704973e-02
1.048878930302704453e-02
1.048878930302709310e-02
1.048878930302717290e-02
1.048878930302710004e-02
1.026827278285582720e-02
1.026827278285575087e-02
1.037734484739402316e-02
1.037734484739409081e-02
1.037734484739401275e-02
1.026827278285570577e-02
1.026827278285579771e-02
1.026827278285581506e-02
1.026827278285575608e-02
1.026827278285575608e-02
1.026827278285579771e-02
1.026827278285573353e-02
1.026827278285575608e-02
1.026827278285575781e-02
1.026827278285586016e-02
1.026827278285582026e-02
1.026827278285586016e-02
1.026827278285584802e-02
1.026827278285588271e-02
1.026827278285575781e-02
1.026827278285582200e-02
1.026827278285576302e-02
1.026827278285584802e-02
1.026827278285584802e-02
1.026827278285581506e-02
1.026827278285581332e-02
1.026827278285578904e-02
1.026827278285584802e-02
1.026827278285576475e-02
1.026827278285583414e-02
1.037734484739403183e-02
1.037734484739409949e-02
1.037734484739410469e-02
1.026827278285578904e-02
1.016144765834702673e-02
1.016144765834691224e-02
1.016144765834696428e-02
1.016144765834691224e-02
1.016144765834699551e-02
1.016144765834691224e-02
1.016144765834697816e-02
1.016144765834703367e-02
1.016144765834703367e-02
1.016144765834703367e-02
1.016144765834709265e-02
1.016144765834697816e-02
1.016144765834699898e-02
1.016144765834697816e-02
1.016144765834697296e-02
1.016144765834697816e-02
1.016144765834697296e-02
1.016144765834703367e-02
1.016144765834709265e-02
1.016144765834699898e-02
1.016144765834708918e-02
1.005659172086368659e-02
1.005659172086375078e-02
1.016128622779402871e-02
1.016128622779402524e-02
1.016128622779409116e-02
1.016128622779407902e-02
1.026820783866611193e-02
1.005659172086368833e-02
1.005659172086372823e-02
1.005659172086368833e-02
1.005659172086368833e-02
1.005659172086368833e-02
1.005659172086375078e-02
1.005659172086368833e-02
1.016128544509372310e-02
1.016128544509372136e-02
1.016128544509379249e-02
1.016128544509376126e-02
1.016128544509370055e-02
1.005659172086375251e-02
1.005659172086375078e-02
1.005659172086369527e-02
1.005659172086368659e-02
1.048903667036656454e-02
1.048903667036661484e-02
1.037744554051668773e-02
1.037744554051662875e-02
1.037744554051663916e-02
1.037744554051675538e-02
1.037744554051674498e-02
1.037756689267134783e-02
1.037756689267135823e-02
1.037756689267135823e-02
1.037756689267135650e-02
1.037756689267135823e-02
1.037756689267137038e-02
1.037756689267139640e-02
1.048915174540911675e-02
1.048495987579560473e-02
1.048495987579551800e-02
1.048495987579554749e-02
1.048495987579555790e-02
1.048495987579557698e-02
1.048495987579552494e-02
1.048915174540909420e-02
1.048915174540914971e-02
1.037756689267139813e-02
1.037756689267134262e-02
9.952008230986693349e-03
1.005443132067757733e-02
1.005443132067757733e-02
1.005443132067757560e-02
1.005443132067757560e-02
1.005443132067759468e-02
9.952008230986722839e-03
9.952008230986715900e-03
9.952008230986722839e-03
9.952008230986724574e-03
1.037499164045996292e-02
1.005445775537335169e-02
1.015905039456914752e-02
1.015905039456915793e-02
9.951981426570196201e-03
9.951981426570168446e-03
9.951981426570168446e-03
9.851649608165313765e-03
9.851649608165315500e-03
9.851649608165298153e-03
9.851649608165355398e-03
9.851649608165353664e-03
9.851649608165286010e-03
9.851649608165315500e-03
9.851649608165351929e-03
9.851649608165350194e-03
9.851649608165313765e-03
9.851649608165317235e-03
9.951971573388781328e-03
9.951971573388781328e-03
9.951971573388772654e-03
9.951971573388748368e-03
9.951971573388781328e-03
9.951971573388772654e-03
9.753338518691380063e-03
9.851640562387953964e-03
9.753338518691350573e-03
9.753338518691348838e-03
9.753338518691383532e-03
9.753338518691352307e-03
9.753338518691376594e-03
9.753338518691348838e-03
9.753338518691381798e-03
9.753338518691381798e-03
9.753338518691383532e-03
9.753338518691374859e-03
9.851641273399455376e-03
9.851641273399424151e-03
9.851641273399424151e-03
9.951966544255458000e-03
9.851641273399422416e-03
9.851641273399462315e-03
9.851641273399458845e-03
9.851641273399458845e-03
9.753338518691348838e-03
9.753338518691352307e-03
9.753338518691350573e-03
9.753323248813434640e-03
9.951965780450341623e-03
9.951965780450287846e-03
9.951965780450320806e-03
9.951965780450320806e-03
9.951965780450341623e-03
9.951965780450312132e-03
9.951965780450341623e-03
9.951965780450341623e-03
9.951965780450341623e-03
9.951965780450282642e-03
9.951965780450256621e-03
9.951965780450253152e-03
9.951967244917207106e-03
9.951967244917196698e-03
9.951967244917227923e-03
1.005431073868367012e-02
9.951967244917207106e-03
9.951967244917196698e-03
9.951967244917207106e-03
9.951967244917207106e-03
9.951967244917234862e-03
9.851699459214578042e-03
9.851699459214605797e-03
9.851699459214576307e-03
9.851699459214576307e-03
9.851699459214588450e-03
9.851699459214590185e-03
9.851699459214590185e-03
9.851699459214586715e-03
9.851699459214619675e-03
9.851699459214590185e-03
9.851699459214621410e-03
9.951952148600352530e-03
9.851699459214624879e-03
9.851699459214619675e-03
9.851699459214590185e-03
9.851699459214624879e-03
9.851699459214623145e-03
9.851699459214617940e-03
9.851699459214624879e-03
9.851699459214652635e-03
9.851735771518209048e-03
9.851735771518238538e-03
9.851735771518139659e-03
9.851735771518141394e-03
9.851735771518141394e-03
9.851735771518207313e-03
9.851735771518146598e-03
9.851735771518146598e-03
9.851735771518144863e-03
9.851735771518144863e-03
9.851735771518141394e-03
9.851735771518146598e-03
9.851735771518118842e-03
9.851735771518118842e-03
9.951947250392884428e-03
9.951947250392887898e-03
9.951947250392884428e-03
9.951947250392887898e-03
9.951947250392926062e-03
9.951947250392887898e-03
9.951947250392886163e-03
9.951947250392884428e-03
9.951947250392854938e-03
9.951947250392856673e-03
9.951947250392927796e-03
9.951947250392898306e-03
9.951947250392898306e-03
9.951947250392856673e-03
9.951947250392858407e-03
9.951947250392884428e-03
9.851735771518238538e-03
9.851735771518207313e-03
9.851735771518176088e-03
9.851735771518120577e-03
9.851735771518150067e-03
9.851735771518174353e-03
9.851735771518177823e-03
9.851735771518120577e-03
9.851735771518151802e-03
9.851735771518179557e-03
9.851735771518176088e-03
9.951947250392978103e-03
9.851735771518177823e-03
9.851735771518176088e-03
9.951949445212243672e-03
9.951949445212214182e-03
9.951949445212240203e-03
9.951949445212238468e-03
9.951949445212274897e-03
9.951949445212182957e-03
9.951949445212182957e-03
1.005423508558133359e-02
9.951949445212238468e-03
1.005423508558133706e-02
9.951949445212243672e-03
9.951949445212208978e-03
1.005423508558133359e-02
9.951949445212176018e-03
9.951949445212176018e-03
9.951949445212208978e-03
9.951949445212243672e-03
9.951949445212208978e-03
9.851735771518144863e-03
9.851735771518144863e-03
9.851735771518118842e-03
1.005424617549425734e-02
1.005424617549420009e-02
9.951947250392985042e-03
9.951947250392978103e-03
9.951947250392985042e-03
9.851735771518207313e-03
9.851735771518207313e-03
9.951947250392985042e-03
1.005424617549425907e-02
1.005424617549425560e-02
1.005424617549425387e-02
9.851735771518148332e-03
9.851735771518151802e-03
9.989227964322675360e-03
9.989227964322713524e-03
9.989227964322713524e-03
9.989227964322675360e-03
9.989227964322677095e-03
9.989227964322671890e-03
9.989227964322713524e-03
9.989227964322718728e-03
9.910880924624602961e-03
9.683120060090387449e-03
9.683120060090380510e-03
9.683120060090380510e-03
9.683120060090370101e-03
9.683120060090352754e-03
9.683120060090356224e-03
9.757844718909683412e-03
9.757844718909683412e-03
9.833749217082837085e-03
9.833749217082859637e-03
9.757850491170698068e-03
9.757850491170715415e-03
9.757850491170717150e-03
9.757850491170739701e-03
9.910858841910999070e-03
9.833749638821635483e-03
9.833749638821658035e-03
9.833749638821635483e-03
9.833749638821659769e-03
9.833749638821659769e-03
9.833749638821661504e-03
9.833749638821684055e-03
9.833749217082838820e-03
9.833749217082861371e-03
9.757850491170729293e-03
9.757850491170708476e-03
9.833749217082812799e-03
9.757850491170658169e-03
9.757850491170632148e-03
9.683120060090382245e-03
9.757844718909657392e-03
9.757844718909671269e-03
9.757844718909664330e-03
9.683120060090377040e-03
9.605630902946695263e-03
9.605630902946717814e-03
9.605630902946696997e-03
9.683120060090394388e-03
9.683120060090375306e-03
9.683120060090382245e-03
9.683120060090401326e-03
9.683120060090399592e-03
9.683120060090352754e-03
9.683120060090357958e-03
9.683120060090383979e-03
9.757844718909673004e-03
9.757844718909678208e-03
9.757844718909643514e-03
9.757844718909674739e-03
9.683120060090359693e-03
9.683120060090354489e-03
9.683120060090354489e-03
9.683120060090359693e-03
9.683120060090354489e-03
9.683120060090354489e-03
9.757732914450653952e-03
9.683120060090359693e-03
9.683120060090354489e-03
9.683120060090495002e-03
9.683120060090514084e-03
9.683120060090495002e-03
9.683120060090501940e-03
9.683120060090501940e-03
9.683120060090468981e-03
9.683120060090474185e-03
9.683120060090515818e-03
9.683120060090439490e-03
9.683120060090468981e-03
9.683120060090468981e-03
9.683120060090503675e-03
9.683120060090470715e-03
9.683120060090495002e-03
9.683120060090514084e-03
9.683120060090501940e-03
9.683120060090455103e-03
9.683120060090456838e-03
9.683120060090505410e-03
9.683120060090503675e-03
9.683120060090479389e-03
9.683120060090468981e-03
9.683120060090468981e-03
9.683120060090489797e-03
9.683120060090489797e-03
9.683120060090500206e-03
9.989224047804657475e-03
9.989224047804624515e-03
9.989224047804655740e-03
9.989224047804655740e-03
9.989224047804650536e-03
9.989224047804657475e-03
9.989224047804605433e-03
9.989224047804626250e-03
9.989224047804659209e-03
9.989224047804659209e-03
9.989224047804629719e-03
9.989224047804654005e-03
9.910892146752624948e-03
9.910892146752612805e-03
9.910892146752588519e-03
9.989224268718710151e-03
9.989224268718706681e-03
9.989224268718665048e-03
9.989224268718663313e-03
9.910880057162049783e-03
9.989224047391704817e-03
9.989224047391703082e-03
9.910880057162048049e-03
9.910880057162025497e-03
9.989373996301115569e-03
9.989373996301117303e-03
9.989373996301063527e-03
9.989373996301151998e-03
9.989373996301113834e-03
9.989373996301115569e-03
9.989373996301138120e-03
9.989373996301153733e-03
9.989373996301151998e-03
9.989373996301155467e-03
9.989373996301150263e-03
1.005975056282635074e-02
1.005975056282635074e-02
1.005975056282633687e-02
1.005975056282629870e-02
1.005975056282630044e-02
1.005975056282632472e-02
1.005975056282632472e-02
1.005975056282632993e-02
1.005975056282632472e-02
1.005975056282630044e-02
1.005975056282632472e-02
1.006897131434921627e-02
1.006897131434920413e-02
1.006897131434918505e-02
1.006897131434916076e-02
1.006897131434919199e-02
9.989373996301148528e-03
9.989373996301148528e-03
9.989373996301198835e-03
9.989373996301146794e-03
1.006897131434916944e-02
9.989373996301172814e-03
1.006897131434921627e-02
1.006897131434921627e-02
1.006897131434923189e-02
1.006897131434924750e-02
9.833848564173958487e-03
9.910983118556466673e-03
9.910983118556444121e-03
9.833848564173956752e-03
9.833848564173955017e-03
9.833848564173979304e-03
9.833848564173977569e-03
9.833848564173956752e-03
9.833848564173956752e-03
9.833848564173930731e-03
9.833848564173928997e-03
9.833848564173930731e-03
9.833848564173955017e-03
9.833848564173930731e-03
9.833848564173930731e-03
9.833848564173949813e-03
9.833848564173955017e-03
9.833848564173908180e-03
9.833804104743644123e-03
9.833804104743644123e-03
9.757886001393193190e-03
9.757886001393172373e-03
9.757886001393168904e-03
9.757886001393193190e-03
9.757886001393214007e-03
9.833804948632245482e-03
9.833804948632268034e-03
9.910932313603466881e-03
9.910932313603444330e-03
9.833804948632271503e-03
9.833820546620894443e-03
9.910938685759420816e-03
9.910938685759384387e-03
9.910938685759384387e-03
9.910938685759360101e-03
9.910938685759386121e-03
9.910938685759419081e-03
9.833820546620873626e-03
9.757907628505048045e-03
9.910942127774978808e-03
9.910942127774987481e-03
9.989284865086133988e-03
9.910942127775010033e-03
9.910942127775036053e-03
9.910942127775036053e-03
9.989284865086130519e-03
9.910942127775010033e-03
9.910942127775008298e-03
9.910942127775011767e-03
9.910942127775034319e-03
9.910942127775034319e-03
9.910942127775036053e-03
9.910942127775036053e-03
9.989284865086107967e-03
9.910942127775036053e-03
9.910942127775036053e-03
9.910942127775003094e-03
9.910942127775027380e-03
9.910942127775027380e-03
9.910942127775008298e-03
9.910942127775003094e-03
9.833834963785667224e-03
9.833834963785663755e-03
9.833834963785663755e-03
9.833834963785663755e-03
9.833834963785667224e-03
9.910938340192966892e-03
9.833834963785642938e-03
9.833834963785667224e-03
9.833834963785668959e-03
9.833834963785665489e-03
9.910939203935769867e-03
9.910939203935755989e-03
9.910939203935853134e-03
9.910939203935837521e-03
9.910939203935840991e-03
9.910939203935828848e-03
9.910939203935832317e-03
9.910939203935816705e-03
9.910939203935840991e-03
9.910939203935865277e-03
9.910939203935865277e-03
9.989272344765806610e-03
9.989272344765787529e-03
9.910939203935828848e-03
9.910939203935854869e-03
9.910939203935840991e-03
9.910939203935840991e-03
9.910939203935854869e-03
9.910939203935771602e-03
9.910939203935808031e-03
9.910939203935808031e-03
9.910939203935792419e-03
9.910939203935814970e-03
9.989281488230620024e-03
9.989281488230578390e-03
1.006887517407997062e-02
9.989265769323549954e-03
9.833774936829114272e-03
9.833774936829114272e-03
9.757823694086771235e-03
9.683056537936052255e-03
9.683056537936048785e-03
9.757823694086746949e-03
9.833774936829093455e-03
9.757823694086776439e-03
9.757823694086731336e-03
9.757823694086731336e-03
9.757823694086795521e-03
9.833770373595399766e-03
9.833770373595394562e-03
9.833770373595399766e-03
9.757829883074300298e-03
9.757829883074274277e-03
9.757829883074272542e-03
9.833771620364667454e-03
9.833771620364669189e-03
9.833771620364639698e-03
9.757828646268382200e-03
9.757828646268359649e-03
9.757828646268378731e-03
9.757828646268399547e-03
9.757828646268437711e-03
9.757831551049206062e-03
9.757831551049174837e-03
9.757831551049178306e-03
9.757831551049157490e-03
9.757831551049180041e-03
9.833767483938493648e-03
9.757831551049157490e-03
9.757831551049185245e-03
9.757831551049155755e-03
9.910915371771583313e-03
9.910915371771583313e-03
9.910915371771591986e-03
9.757831551049185245e-03
9.757831551049190449e-03
9.757831551049213001e-03
9.757831551049221674e-03
9.757831551049176572e-03
1.006891291073947273e-02
1.006891291073945885e-02
1.006891291073947273e-02
1.006891291073944150e-02
1.006891291073948660e-02
1.006891291073944150e-02
1.014977973230055119e-02
1.014977973230057028e-02
9.910986460433332187e-03
9.910986460433306167e-03
9.833952941398240583e-03
9.833952941398212827e-03
9.911023721685893045e-03
9.911023721685893045e-03
9.911023721685912127e-03
9.911023721685913862e-03
9.911023721685898250e-03
9.989320158291736806e-03
9.911023721685846208e-03
9.911023721685872229e-03
9.911023721685891311e-03
9.911023721685912127e-03
9.911023721685889576e-03
9.911023721685896515e-03
9.911023721685872229e-03
9.911023721685847943e-03
9.911023721685872229e-03
9.911023721685891311e-03
9.911023721685913862e-03
9.911023721685847943e-03
9.911023721685846208e-03
9.911023721685844473e-03
9.911023721685844473e-03
9.911023721685868759e-03
9.911023721685894780e-03
9.911023721685870494e-03
9.911023721685856616e-03
9.911023721685868759e-03
9.911023721685870494e-03
9.911023721685894780e-03
9.911023721685868759e-03
9.989327553045762934e-03
9.989327553045738647e-03
9.911025447757591811e-03
9.911025447757555382e-03
9.911025447757579668e-03
9.911025447757555382e-03
9.911025447757579668e-03
9.911025447757588341e-03
9.911025447757591811e-03
9.911025447757577933e-03
9.911025447757588341e-03
9.989327553045832322e-03
9.989327553045788954e-03
9.989327553045790689e-03
9.911025447757588341e-03
9.911025447757591811e-03
1.014976482231703947e-02
1.014976482231702733e-02
1.014976482231698916e-02
1.014976482231703427e-02
1.014976482231700131e-02
9.989346111513955698e-03
9.989346111513953963e-03
9.989346111513952228e-03
1.006890581344234599e-02
1.006890581344235640e-02
1.006890581344239456e-02
1.006890581344234772e-02
1.006890492298154888e-02
9.989346111513953963e-03
9.989346111513953963e-03
9.989346111513952228e-03
9.989346111513955698e-03
9.989346111513947024e-03
1.006866542188855629e-02
9.989346111513933146e-03
9.911038965585065516e-03
1.007055133299020015e-02
9.990070765226068475e-03
9.990070765226108374e-03
9.990070765226068475e-03
9.990070765226070210e-03
9.990070765226058067e-03
9.990070765226084087e-03
9.990070765226070210e-03
9.990070765226087557e-03
9.836889638712336195e-03
9.836889638712337930e-03
9.836889638712337930e-03
9.836889638712337930e-03
9.836889638712337930e-03
9.836889638712337930e-03
9.836889638712339665e-03
9.836889638712341399e-03
9.836889638712294562e-03
9.992472878619396495e-03
9.992472878619479762e-03
9.992472878619445067e-03
9.992472878619431190e-03
9.992472878619419047e-03
9.992472878619471088e-03
9.992472878619478027e-03
9.992472878619422516e-03
9.992472878619432924e-03
1.015307842585150278e-02
1.015307842585149584e-02
1.015307842585148716e-02
9.992472878619448537e-03
9.992472878619455476e-03
9.992472878619448537e-03
1.007220201324856255e-02
1.007220201324856429e-02
1.007220201324854174e-02
1.007220201324853653e-02
9.993070346882624785e-03
9.993070346882612642e-03
9.993070346882666419e-03
9.993070346882657745e-03
9.993070346882666419e-03
9.993070346882624785e-03
9.993070346882624785e-03
9.993070346882607438e-03
9.993070346882659480e-03
9.993070346882666419e-03
9.993070346882659480e-03
9.993070346882659480e-03
1.015333904067509951e-02
9.914053488227292724e-03
9.836890060911301220e-03
9.836889638712292827e-03
9.836889638712339665e-03
9.836889638712317113e-03
9.760937452582978818e-03
9.760937452582980553e-03
9.760937452582980553e-03
1.007210678624844737e-02
1.007210678624842308e-02
1.007210678624842308e-02
1.007210678624842308e-02
1.015311861905662805e-02
1.015311861905663325e-02
1.007210678624838665e-02
1.007210678624839359e-02
1.007210678624842135e-02
1.007210678624842308e-02
1.007210587738951828e-02
1.007210587738955818e-02
1.007210587738951307e-02
1.007210587738959461e-02
9.914056507626046316e-03
9.914056507626025500e-03
9.914056507626041112e-03
9.914056507626025500e-03
9.914056507626048051e-03
9.914056507626048051e-03
9.914056507626065398e-03
9.914056507626016826e-03
9.914056507626027234e-03
9.914056507626002948e-03
9.992449940864490954e-03
9.914056507626023765e-03
9.992449940864489219e-03
9.992449940864527383e-03
9.760937452582990961e-03
9.760937452583011778e-03
1.007213672744852739e-02
1.007213672744851005e-02
1.007213672744860199e-02
1.007213672744851005e-02
1.015309740317392462e-02
1.007213672744855515e-02
1.007213672744858637e-02
1.007213672744861239e-02
1.007213672744860546e-02
1.007213672744855515e-02
9.914072233891006725e-03
1.007228423198161353e-02
1.007228423198166557e-02
1.015313950051577666e-02
1.015313950051576451e-02
1.015313950051572808e-02
1.015313950051578706e-02
1.015313950051572114e-02
1.015313950051572808e-02
1.015313950051573502e-02
1.015313950051572114e-02
1.023531903335582471e-02
1.023531903335585420e-02
1.023531903335585767e-02
9.993085174942038795e-03
9.993085174941997162e-03
9.993085174942063081e-03
9.993085174942057877e-03
9.993085174942064816e-03
9.993085174942047469e-03
1.007264491299754428e-02
1.007264491299748009e-02
9.993085174942038795e-03
9.993085174942009305e-03
9.993085174942064816e-03
9.993085174942064816e-03
9.993085174942092572e-03
9.993085174942042265e-03
9.993085174942031856e-03
9.993085174942033591e-03
1.031881736551649824e-02
1.023537894102397733e-02
1.023537894102402243e-02
1.023537894102406927e-02
1.023537894102406927e-02
1.023537894102402243e-02
1.023537894102402243e-02
1.023537894102397386e-02
1.023537894102399988e-02
1.023537894102396519e-02
1.023537894102399988e-02
1.023537894102404672e-02
1.023537894102399988e-02
1.023537894102399468e-02
1.023537894102399641e-02
1.023537894102399641e-02
1.023537894102405192e-02
1.023537894102401723e-02
1.023537894102399641e-02
1.023537894102405192e-02
1.023537894102405192e-02
1.023537894102399641e-02
1.023537894102404498e-02
1.023537894102399294e-02
1.023537894102405192e-02
1.023537894102394437e-02
1.023537894102400335e-02
1.023537894102399641e-02
1.031881785179650408e-02
1.040364978231047774e-02
1.023537894102396865e-02
1.023537894102399814e-02
1.031881833803729130e-02
1.031881833803725487e-02
1.031881833803726702e-02
1.040364683998504583e-02
1.040364683998502675e-02
1.031881833803726181e-02
1.031881833803726355e-02
1.031881833803720977e-02
1.031881833803726008e-02
1.040364733044330144e-02
1.040364733044334480e-02
1.040364733044334827e-02
1.040364733044334654e-02
1.040364733044335348e-02
1.040364733044326848e-02
1.040364733044326674e-02
1.031882076926101538e-02
1.031882076926109865e-02
1.031882076926108650e-02
1.031882076926108650e-02
1.031882076926106916e-02
1.031882076926110212e-02
9.914461789866274230e-03
9.914461789866253413e-03
9.914461789866274230e-03
9.914461789866275965e-03
9.914461789866251679e-03
9.914461789866275965e-03
9.914461789866274230e-03
9.992746708431577557e-03
9.992746708431587965e-03
9.992746708431560210e-03
9.914461789866253413e-03
1.007229921968573645e-02
9.914461789866253413e-03
9.914461789866230862e-03
1.007229921968576247e-02
1.007229921968571563e-02
1.007229921968572778e-02
1.007229921968582145e-02
1.007229921968576768e-02
1.007229921968580411e-02
1.007229921968576594e-02
1.007229921968575727e-02
1.007229921968572604e-02
1.007229921968576768e-02
1.007229921968580411e-02
1.007229921968579023e-02
9.992746708431551536e-03
9.992746708431551536e-03
9.914461789866277699e-03
9.914461789866277699e-03
9.914461789866301986e-03
9.992746708431584496e-03
9.914461789866277699e-03
1.007229921968567227e-02
9.914461789866253413e-03
9.914461789866253413e-03
9.914461789866275965e-03
9.914461789866301986e-03
9.914461789866274230e-03
9.914461789866275965e-03
9.914461789866275965e-03
1.015315036534398044e-02
1.015315036534396483e-02
1.015315036534402207e-02
1.015315036534398391e-02
1.015315036534398564e-02
1.015315036534401166e-02
1.015315036534398044e-02
1.057784524401791243e-02
1.049008102003353045e-02
1.049008102003353218e-02
1.057784284558169891e-02
1.057784524401796794e-02
1.057784524401794539e-02
1.049008102003353218e-02
1.040662030554377268e-02
1.040377860542875468e-02
1.040377860542876509e-02
1.040377860542875642e-02
1.040377860542875468e-02
1.040377860542875468e-02
1.040377860542880326e-02
1.040377860542876683e-02
1.040377860542876509e-02
1.040377860542866621e-02
1.031889541878619476e-02
1.031889541878618956e-02
1.031889541878626762e-02
1.031889541878618956e-02
1.031889541878629191e-02
1.031889541878626415e-02
1.031889541878626415e-02
1.031889541878618435e-02
1.031889541878613578e-02
1.031889541878618435e-02
1.031889541878618956e-02
1.031889541878618435e-02
1.031889541878615486e-02
1.031889541878618262e-02
1.031889541878617915e-02
1.031889541878617568e-02
1.015323067523233452e-02
1.015323067523242820e-02
1.015323067523238830e-02
1.015323067523235014e-02
1.015323067523239003e-02
1.015323067523233452e-02
1.015323067523234840e-02
1.023539220821431672e-02
1.023539220821432366e-02
1.023541274666565221e-02
1.023541274666568343e-02
1.015324020806022791e-02
1.015324020806019668e-02
1.007239805953431301e-02
1.007239805953425230e-02
1.007239805953429913e-02
1.007239805953434771e-02
1.007239805953426791e-02
1.015324020806025740e-02
9.683033601064129636e-03
9.683033601064122697e-03
9.683033601064129636e-03
9.683033601064152188e-03
9.683033601064153922e-03
9.758293923616231588e-03
9.758293923616189955e-03
9.758293923616240262e-03
9.683033601064179943e-03
9.683033601064155657e-03
9.912482972826472394e-03
9.608935083699279150e-03
9.608935083699275681e-03
9.683030076993720883e-03
9.608935083699296498e-03
9.608935083699301702e-03
9.683030076993762517e-03
9.683030076993738230e-03
9.683030076993731292e-03
9.834782104925820015e-03
9.834782104925821750e-03
9.758376947296655210e-03
9.758376947296632659e-03
9.834782104925809607e-03
9.834783386518617179e-03
9.834783386518572076e-03
9.834783386518572076e-03
9.834783386518594628e-03
9.834783386518572076e-03
9.834783386518617179e-03
9.834783386518598097e-03
9.834783386518617179e-03
9.834783386518594628e-03
9.834783386518570342e-03
9.834783386518594628e-03
9.834783386518596363e-03
9.834783386518625853e-03
9.912331575140615608e-03
9.834783386518625853e-03
9.834783386518629322e-03
9.834783386518601567e-03
9.912399892202489529e-03
9.834783386518552994e-03
9.834783386518551260e-03
9.834783386518552994e-03
9.834783386518624118e-03
9.834783386518601567e-03
9.834783386518625853e-03
9.834783386518601567e-03
9.834783386518551260e-03
9.834783386518551260e-03
9.834783386518603301e-03
9.834783386518561668e-03
9.834783386518584219e-03
9.834783386518617179e-03
9.834783386518596363e-03
9.834783386518582485e-03
9.834783386518585954e-03
9.834783386518598097e-03
9.912399892202494733e-03
1.023631420527701570e-02
1.023631420527694805e-02
1.015288316719845096e-02
1.015288316719851168e-02
9.910663053151896190e-03
9.910663053151894455e-03
9.910663053151894455e-03
9.910663053151920476e-03
1.015289114624621548e-02
1.015289114624621548e-02
1.015289114624622069e-02
1.015289114624617905e-02
1.015289114624613395e-02
1.015289114624619293e-02
1.015289114624619120e-02
1.015289114624628140e-02
1.015289114624622069e-02
1.015289114624613742e-02
1.015289114624622069e-02
1.015289114624622589e-02
1.015289114624623110e-02
1.015289114624626926e-02
1.023628348234673080e-02
1.023628348234668570e-02
1.023628348234663019e-02
1.023628348234663019e-02
1.023628348234661284e-02
1.015438553918938426e-02
1.015438553918940334e-02
1.015438553918940334e-02
1.015438553918941895e-02
1.015438553918940334e-02
1.015289114624621895e-02
1.015289114624622763e-02
1.015289114624626232e-02
1.015289114624612875e-02
1.023628348234671345e-02
1.015289114624626579e-02
1.023628348234661804e-02
9.990086479003673983e-03
9.990086479003641023e-03
9.910663053151899660e-03
9.910663053151896190e-03
9.910663053151922211e-03
9.910663053151922211e-03
9.910663053151929150e-03
1.007186757363437955e-02
1.007186757363431363e-02
1.007186757363435353e-02
1.007186757363442986e-02
1.007186757363440904e-02
1.007186757363443159e-02
1.007186757363441078e-02
1.007186757363438129e-02
1.007186757363438649e-02
1.007186757363435353e-02
1.007186757363435527e-02
1.007186757363435353e-02
1.007186757363437435e-02
1.007186757363436568e-02
1.007186757363437955e-02
1.007186757363432578e-02
9.990728972711431302e-03
9.990728972711467731e-03
1.015276104672753650e-02
1.015276104672749313e-02
1.015276104672753130e-02
1.015276104672746017e-02
1.015276104672750354e-02
1.015276104672752089e-02
1.015276104672750354e-02
1.015276104672749313e-02
1.015276104672749660e-02
1.015276104672749660e-02
1.015276104672745150e-02
1.015276104672743068e-02
1.015276104672751568e-02
1.015276104672760589e-02
1.015276104672756252e-02
1.015276104672754864e-02
1.015276104672749487e-02
1.015276104672749313e-02
1.015276104672754864e-02
1.023611775900186947e-02
1.015276104672751221e-02
1.015276104672754864e-02
1.015276104672754691e-02
1.015276104672754864e-02
1.015276104672745150e-02
1.015276104672749487e-02
1.015276104672746364e-02
1.015276104672749487e-02
1.015276104672749487e-02
1.015276104672746191e-02
1.015276104672749487e-02
1.015276104672743762e-02
1.015276104672746711e-02
1.015276104672749487e-02
1.015276104672753303e-02
1.015276104672741507e-02
1.015276104672743762e-02
1.015276104672745497e-02
1.015276104672743242e-02
1.032107120966717535e-02
1.015288431361480344e-02
1.023631516189929709e-02
1.023631516189931444e-02
1.015289820976701153e-02
1.015289820976707572e-02
1.015289820976707225e-02
1.023631516189926413e-02
1.023631516189934566e-02
1.023631516189930750e-02
1.032113711856417169e-02
1.023631516189925719e-02
1.023631516189931964e-02
1.023630742432054229e-02
1.023630742432047810e-02
1.023630742432049025e-02
1.023645710645343550e-02
1.015292766684929883e-02
1.023645710645344938e-02
1.023645710645345284e-02
1.023645710645345805e-02
1.023645710645354305e-02
1.023645710645342682e-02
1.022678925641770306e-02
1.022678925641770827e-02
1.022678925641770480e-02
1.039791254906927837e-02
9.752901108953753589e-03
9.752901108953729303e-03
9.752901108953705017e-03
9.752901108953729303e-03
9.676447482274133302e-03
9.752901108953711956e-03
9.752901108953706752e-03
9.603257067475891653e-03
9.603257067475903797e-03
9.678032446194941713e-03
9.678032446194924365e-03
9.678032446194967733e-03
9.678032446194960794e-03
9.678032446194962529e-03
9.678032446194972938e-03
9.678032446194936508e-03
9.678032446194939978e-03
9.678032446194924365e-03
9.678032446194926100e-03
9.678032446194926100e-03
9.678032446194971203e-03
9.678032862121608085e-03
9.678032862121585533e-03
9.678032862121583799e-03
9.678032862121578594e-03
9.678032862121602881e-03
9.678032862121585533e-03
9.753999409408346810e-03
9.603257067475841346e-03
9.754001925238753659e-03
1.015260853571482887e-02
1.015260901727028063e-02
1.015260901727032226e-02
1.015260901727022859e-02
1.015260901727032573e-02
1.015260901727033094e-02
1.023634559719898730e-02
1.007024708613618938e-02
1.015260758071945789e-02
1.015260758071946309e-02
1.007024614675411898e-02
1.007024614675412419e-02
9.989231331746574113e-03
9.990331571923111165e-03
9.990331571923123308e-03
9.990331571923119838e-03
9.990331571923102491e-03
1.007235621718619543e-02
1.007235621718618676e-02
9.990331571923076470e-03
9.990331571923076470e-03
9.990331571923076470e-03
9.990331571923119838e-03
1.007235621718618329e-02
9.990331571923074735e-03
9.990331571923031367e-03
9.990331571923019224e-03
9.990331571923019224e-03
9.990331571923024429e-03
9.990331571923043510e-03
9.990331571923020959e-03
9.990331571923026163e-03
9.990331571923020959e-03
9.990331571923020959e-03
1.007235669868876762e-02
1.007235669868877283e-02
1.007235669868875548e-02
1.007235669868876762e-02
1.007235669868871385e-02
1.015575806645583994e-02
1.007235669868873813e-02
1.007235669868874334e-02
9.604457217870263769e-03
9.604458034169127342e-03
9.679423705361973190e-03
9.679423705361995742e-03
9.604458448597403761e-03
9.604458448597376005e-03
9.604458448597376005e-03
9.604458448597407230e-03
9.604458448597408965e-03
9.604458448597410700e-03
9.604458448597374270e-03
9.679421661169305621e-03
9.755585791518989885e-03
9.604458448597374270e-03
9.836491007497668443e-03
1.007240204983691698e-02
9.913870768593015595e-03
9.836489289192675359e-03
9.836489289192675359e-03
9.836489289192677093e-03
9.836489289192675359e-03
9.836489289192696175e-03
9.836489289192675359e-03
9.836489289192722196e-03
9.836489289192697910e-03
9.836489289192697910e-03
9.836489289192675359e-03
9.836489289192677093e-03
9.836489289192677093e-03
9.836489289192697910e-03
9.836489289192703114e-03
9.836489289192651073e-03
9.836489289192656277e-03
9.836489289192677093e-03
9.836489289192680563e-03
9.913856675433938351e-03
9.913856675433938351e-03
9.913856675433936616e-03
9.913856675433938351e-03
9.913856675433938351e-03
9.913856675433929677e-03
9.913856675433957433e-03
9.913856675433933147e-03
9.913856675433933147e-03
9.913856675433929677e-03
9.913856675433931412e-03
9.913856675433917534e-03
9.913856675433917534e-03
9.760337110649315237e-03
9.760337110649313502e-03
9.760337110649294420e-03
9.760337110649325645e-03
9.760337110649330850e-03
9.760337110649374218e-03
9.760337110649327380e-03
9.760337110649299625e-03
9.760337110649301359e-03
9.836487655557581838e-03
9.836487655557606125e-03
9.836487655557606125e-03
9.836487655557604390e-03
9.836487655557606125e-03
9.836487655557602655e-03
9.836487655557604390e-03
9.836487655557609594e-03
9.836487655557588777e-03
9.836487655557561022e-03
9.836487655557607859e-03
9.836487655557611329e-03
9.836487655557588777e-03
9.836487655557585308e-03
9.836487655557609594e-03
9.836487655557611329e-03
9.836487655557524593e-03
9.836487655557524593e-03
9.836487655557528062e-03
9.836487655557524593e-03
9.760337110649336054e-03
9.760337110649379422e-03
9.760337110649379422e-03
9.760337110649389830e-03
9.836487655557503776e-03
9.836496072152478565e-03
9.913851042536043698e-03
9.913851042536043698e-03
9.913851042536047167e-03
9.836496072152456013e-03
9.836496072152476830e-03
9.992451766506978833e-03
9.913851477176601618e-03
9.913851477176624169e-03
9.913851477176618965e-03
9.913851477176603352e-03
9.836496072152452544e-03
9.836496072152475095e-03
9.836496072152501116e-03
9.836496072152476830e-03
9.836496072152476830e-03
9.836496072152456013e-03
9.836496072152431727e-03
9.836496072152456013e-03
9.836496072152456013e-03
9.836496072152476830e-03
9.836496072152456013e-03
9.836496072152456013e-03
9.836496072152456013e-03
9.836496072152456013e-03
9.836496072152456013e-03
9.836496072152456013e-03
9.836496072152476830e-03
9.836496072152478565e-03
9.836496072152456013e-03
9.836496072152459483e-03
9.760342493330714797e-03
9.760342493330714797e-03
9.760342493330739083e-03
9.836492246171982604e-03
9.913860448075463919e-03
9.913860448075444837e-03
9.913860448075422285e-03
9.913860448075443102e-03
9.913860448075441367e-03
9.835912852419671781e-03
9.835912852419649230e-03
9.835912852419670047e-03
9.835912852419671781e-03
9.835912852419671781e-03
9.835912852419694333e-03
9.836492246171982604e-03
9.836492246171982604e-03
9.836492246171982604e-03
9.760327143772479230e-03
9.760327143772474026e-03
9.760327143772453209e-03
9.760327143772474026e-03
9.760327143772494843e-03
9.760327143772498312e-03
9.760327143772477496e-03
9.836479697113327536e-03
9.836479697113325801e-03
9.836479697113272025e-03
9.836479697113270290e-03
9.836479697113322332e-03
9.760327143772522598e-03
9.913849934804853936e-03
9.836480121584934705e-03
9.836480121584889602e-03
9.760327143772543415e-03
9.760327143772522598e-03
9.760327143772520864e-03
9.760327143772500047e-03
9.760327143772500047e-03
9.760327143772520864e-03
9.760327143772500047e-03
9.760327143772520864e-03
9.760327143772520864e-03
9.760327143772520864e-03
9.760327143772500047e-03
9.760327143772500047e-03
9.760327143772510455e-03
9.760327143772510455e-03
9.760327143772494843e-03
9.836479697113303250e-03
9.760327143772477496e-03
9.760327143772489639e-03
9.760327143772512190e-03
9.836497077591285429e-03
9.836497077591313185e-03
9.992468984146419750e-03
9.992468984146383321e-03
9.992468984146379851e-03
9.836497077591287164e-03
9.836497077591288898e-03
1.015341200113973295e-02
9.913974880547458610e-03
9.913974880547458610e-03
9.992501353364855593e-03
9.992501353364853858e-03
9.913974880547453405e-03
9.913974880547456875e-03
9.913974880547481161e-03
9.913974880547453405e-03
9.913974880547427385e-03
9.913974880547458610e-03
9.913974880547404833e-03
9.913974880547451671e-03
9.913974880547482896e-03
9.913974880547456875e-03
9.913974880547453405e-03
9.913974880547455140e-03
9.913974880547449936e-03
9.913974880547427385e-03
9.913974880547425650e-03
9.913974880547470753e-03
9.913974880547449936e-03
9.913974880547425650e-03
9.913974880547448201e-03
9.913974880547425650e-03
9.913974880547404833e-03
9.913974880547472487e-03
9.913974880547423915e-03
1.015040672500191164e-02
9.992501353364846919e-03
9.992501353364878144e-03
9.992501353364878144e-03
9.992501353364904165e-03
9.992501353364850389e-03
9.992501353364905900e-03
9.992501353364907635e-03
9.992501353364826103e-03
9.992501353364826103e-03
9.992501353364857328e-03
9.992501353364852124e-03
9.992501353364859062e-03
9.992501353364876410e-03
9.992501353364853858e-03
9.992501353364874675e-03
9.992501353364852124e-03
9.992501353364897226e-03
9.913974880547441262e-03
9.913974880547451671e-03
9.913974880547455140e-03
9.992512570157333074e-03
9.992512570157308788e-03
9.992512570157308788e-03
9.992512570157286236e-03
9.992512570157334809e-03
9.992512570157286236e-03
9.992512570157289706e-03
1.007230932400175402e-02
1.007230932400179219e-02
1.007230932400172627e-02
1.007230932400173841e-02
1.007230932400172627e-02
1.007230932400174882e-02
1.007230932400177831e-02
1.007230932400178351e-02
1.007230932400173841e-02
1.007230932400173841e-02
1.023583149095299953e-02
1.023583149095304637e-02
1.023583149095303770e-02
1.023583149095310882e-02
1.023583149095304463e-02
9.913974880547410037e-03
9.913974880547434324e-03
9.913974880547436058e-03
9.992501353364876410e-03
9.992501353364852124e-03
9.992501353364860797e-03
9.992501353364848654e-03
9.913941596121312802e-03
9.913941596121363109e-03
9.913941596121370048e-03
9.913941596121363109e-03
9.913941596121364844e-03
9.913941596121387395e-03
9.913941596121385660e-03
9.836627445866412064e-03
9.836627445866413799e-03
9.913929679725524274e-03
9.913929679725496519e-03
9.760322519538141769e-03
9.760322519538134831e-03
9.836485063911241597e-03
9.836485063911239862e-03
9.836485063911288435e-03
9.836485063911314455e-03
9.836485063911288435e-03
9.836485063911288435e-03
9.836485063911267618e-03
9.836485063911290169e-03
9.836485063911290169e-03
9.836485063911312721e-03
9.836485063911269353e-03
9.836485063911288435e-03
9.760322519538136565e-03
9.760322519538138300e-03
9.760322519538138300e-03
9.760322519538136565e-03
1.007261739646514442e-02
1.007261739646516524e-02
1.007261739646521034e-02
1.007261739646516351e-02
1.007261739646515830e-02
1.007261739646518606e-02
1.007261739646516524e-02
1.007261739646521034e-02
1.007261739646516524e-02
1.007261739646519820e-02
1.007261739646519126e-02
1.007261739646521034e-02
1.007261739646520687e-02
1.007261739646521208e-02
1.007261739646521208e-02
1.007261739646521902e-02
1.007261739646521381e-02
1.007261739646521902e-02
1.007261739646523463e-02
9.992745001411579980e-03
9.992745001411571307e-03
9.992745001411573041e-03
9.992745001411548755e-03
9.992745001411571307e-03
9.992745001411574776e-03
9.914130987405686893e-03
9.914130987405660872e-03
9.914130987405678219e-03
9.914130987405683423e-03
9.914130987405686893e-03
9.914130987405685158e-03
9.992736540667811196e-03
9.992736540667790379e-03
9.992736540667844156e-03
9.992736540667793849e-03
9.992736540667792114e-03
9.992736540667792114e-03
1.007258283034511218e-02
1.007258283034510177e-02
1.015380758585804344e-02
9.992737438421953056e-03
9.992737438421992954e-03
9.992737438421992954e-03
9.992737438421946117e-03
9.992737438421953056e-03
9.992737438421994689e-03
9.914130987405679954e-03
9.914130987405679954e-03
9.914130987405679954e-03
9.914130987405671280e-03
9.914130987405652198e-03
9.914130987405671280e-03
9.914130987405652198e-03
9.914130987405631382e-03
9.914130987405648729e-03
9.914130987405669546e-03
1.015381446468630912e-02
1.015381446468624146e-02
1.015381446468622065e-02
1.015381446468640279e-02
1.015381446468635769e-02
1.015381446468630218e-02
1.015381446468636290e-02
1.023633802057676533e-02
1.007261426789109529e-02
1.007261426789107274e-02
1.007261426789114213e-02
1.015379523283742313e-02
9.992740110203447018e-03
9.992740110203447018e-03
9.992740110203424467e-03
9.992740110203379364e-03
1.007261381160793300e-02
1.007261381160797810e-02
1.007261381160790871e-02
9.992740110203427936e-03
9.992740110203431406e-03
9.992740110203426201e-03
9.992740110203405385e-03
9.992740110203427936e-03
9.992740110203412324e-03
9.992740110203431406e-03
9.992740110203427936e-03
9.992740110203426201e-03
9.992740110203405385e-03
9.992740110203405385e-03
1.040061887091789893e-02
1.031553178123831120e-02
1.031553178123834937e-02
1.031553178123836845e-02
1.031553178123832855e-02
1.031553178123832855e-02
1.031553178123839273e-02
1.040062389702827751e-02
1.040062389702826710e-02
1.040062389702832088e-02
1.040062389702831568e-02
1.040062389702834343e-02
1.040062389702826016e-02
1.040062389702826537e-02
1.040062389702828792e-02
1.040062389702835211e-02
1.057512028852230709e-02
1.048713662224508118e-02
1.048713662224504302e-02
1.048713662224500485e-02
1.048713662224507771e-02
1.048713662224495281e-02
1.048713662224495455e-02
1.048713610762414851e-02
1.048713610762411381e-02
1.040062389702829139e-02
1.040062389702822547e-02
1.040062389702830700e-02
1.040062389702824455e-02
1.040062389702824455e-02
1.040062389702825496e-02
1.040062389702831047e-02
1.040062389702829486e-02
1.040062389702823935e-02
1.040061887091797872e-02
1.040061887091794923e-02
1.040061887091799260e-02
1.040061887091799260e-02
1.040061887091799260e-02
1.040061887091800995e-02
1.031553178123839794e-02
1.031553178123839447e-02
1.031553178123844131e-02
1.048714217219207621e-02
1.040062288550599838e-02
1.040062288550603481e-02
1.040062288550604695e-02
1.040062288550605216e-02
1.040062288550596716e-02
1.048714217219204672e-02
1.048714217219209356e-02
1.048714217219209530e-02
1.048714217219202417e-02
1.048714217219203979e-02
1.048714217219212305e-02
1.048714217219213693e-02
1.057514608323246313e-02
1.057514608323250303e-02
1.057514608323250130e-02
1.048713812258366546e-02
1.048713812258367066e-02
1.048713812258363944e-02
1.040062238275102878e-02
1.040062238275108256e-02
1.040062238275101837e-02
1.040062238275099929e-02
1.040062238275104786e-02
1.040062238275108256e-02
1.040062238275103745e-02
1.048713812258370362e-02
1.048713812258367066e-02
1.048713812258371056e-02
1.040062238275103051e-02
1.048700234293279375e-02
1.040062238275109296e-02
1.040062238275099929e-02
1.040062238275099062e-02
1.040062238275104092e-02
1.040062238275104092e-02
1.040989455853891590e-02
1.040989455853891590e-02
1.032380426185442249e-02
1.032380426185435657e-02
1.040989455853892631e-02
1.040989455853892284e-02
1.032380426185436871e-02
1.032380426185436698e-02
1.040989455853884478e-02
1.040989455853888988e-02
1.023914088797735038e-02
1.023914088797731568e-02
1.023914088797735038e-02
1.023914088797731048e-02
1.023914088797726191e-02
1.023914088797732436e-02
1.023914088797732436e-02
1.023914088797735211e-02
1.023914088797730701e-02
1.023914088797730701e-02
1.023914088797734170e-02
1.023914088797733650e-02
1.023914088797725497e-02
1.023914088797730874e-02
1.031906988848739146e-02
1.023914088797730007e-02
1.023914088797734170e-02
1.032380125863599507e-02
1.032380125863596558e-02
1.032380125863596905e-02
1.032380125863596905e-02
1.032380125863595864e-02
1.032380125863596558e-02
1.032380125863601589e-02
1.023914088797737813e-02
1.023914088797732783e-02
1.040989657792877436e-02
1.040989657792878130e-02
1.015574798869853593e-02
1.015574798869851164e-02
1.015574798869853593e-02
1.015574798869852031e-02
1.015574798869853593e-02
1.015574798869852031e-02
1.015574798869854113e-02
1.015574798869850644e-02
1.015574798869854287e-02
1.015574798869853593e-02
1.015574798869858623e-02
1.015574798869859491e-02
1.015574798869859664e-02
1.015574798869859664e-02
1.015574798869858623e-02
1.015574798869860879e-02
1.015574798869859664e-02
1.015574798869859491e-02
1.015574798869858970e-02
1.015574798869860358e-02
1.015574798869860358e-02
1.015574798869859491e-02
1.007381259975743612e-02
1.015574798869847521e-02
1.015574798869847521e-02
1.015574798869841970e-02
1.015574798869842664e-02
1.007380144525533462e-02
1.007380144525538493e-02
1.007380144525539013e-02
1.007380144525539013e-02
1.007380144525534330e-02
1.007380144525539013e-02
1.007380144525541442e-02
1.007380144525534503e-02
1.007380144525533115e-02
1.015574423885986025e-02
1.015574423885977351e-02
9.993303097963687764e-03
9.993303097963689499e-03
9.993303097963689499e-03
9.993303097963665213e-03
9.993303097963661744e-03
9.992866368833661084e-03
9.992866368833661084e-03
9.992866368833657614e-03
9.992866811756250314e-03
9.992866811756298887e-03
9.992866811756253784e-03
9.992866811756271131e-03
9.992866811756274600e-03
9.992866811756272866e-03
9.992866811756302356e-03
9.992866811756272866e-03
9.992866811756272866e-03
9.992866811756272866e-03
9.992866811756272866e-03
9.992866811756309295e-03
1.007363031620040449e-02
9.992866811756291948e-03
9.992866811756311030e-03
9.992866811756311030e-03
9.992866811756272866e-03
9.992866811756274600e-03
9.444110709279444557e-03
9.229420859492033433e-03
9.229420859492052515e-03
9.229420859492040372e-03
9.229420859492083740e-03
9.229420859492049045e-03
9.229420859492047310e-03
9.229420859492047310e-03
9.299872321174582415e-03
9.299872321174572007e-03
9.299872321174566803e-03
9.299872321174584150e-03
9.229420859492007412e-03
9.229420859492007412e-03
9.229420859492014351e-03
9.299872321174584150e-03
9.299872321174582415e-03
9.299872321174610171e-03
9.229420859492068127e-03
9.229420859492043841e-03
9.229420859492029963e-03
9.371426899178495959e-03
9.229420859491991799e-03
9.229420859492054249e-03
9.229420859492031698e-03
9.229420859492005677e-03
9.229420859492014351e-03
9.229420859492052515e-03
9.229420859492052515e-03
9.229420859491984860e-03
9.229420859491995269e-03
9.229420859491995269e-03
9.299872321174545986e-03
9.299872321174580680e-03
9.299872321174523435e-03
9.299872321174620579e-03
9.299872321174611906e-03
9.371431183263377943e-03
9.371431183263410902e-03
9.371431183263381412e-03
9.371431183263384881e-03
9.299874625736807496e-03
9.299874625736817904e-03
9.371443326345351918e-03
9.371443326345329367e-03
9.299874625736849129e-03
9.299874625736873415e-03
9.444100877178358139e-03
9.444100877178370282e-03
9.444100877178352935e-03
9.444100877178375486e-03
9.444100877178373751e-03
9.299876574707086063e-03
9.299876574707084328e-03
9.299876574707093002e-03
9.299876574707037491e-03
9.299876574707060042e-03
9.299876574707058308e-03
9.299876574707075655e-03
9.299876574707077390e-03
9.299876574707099941e-03
9.299876574707108615e-03
9.299876574707106880e-03
9.299876574707101676e-03
9.371424219084835069e-03
9.444805669915871602e-03
9.444805669915875071e-03
9.444805669915901092e-03
9.444805669915944460e-03
9.444805669915916704e-03
9.444805669915914970e-03
9.444805669915868132e-03
9.444805669915914970e-03
9.444805669915914970e-03
9.444805669915914970e-03
9.444805669915882010e-03
9.518367874006380958e-03
9.518367874006396570e-03
9.518367874006379223e-03
9.372384360516296600e-03
9.372384360516246293e-03
9.372384360516246293e-03
9.372384360516353846e-03
9.518371500102438057e-03
9.518371500102465813e-03
9.518371500102460608e-03
9.444805669974970161e-03
9.444805669974951079e-03
9.444804470870774016e-03
9.444804470870768812e-03
9.372384360516305274e-03
9.372384360516305274e-03
9.372384360516296600e-03
9.372384360516312213e-03
9.372384360516286192e-03
9.372384360516254967e-03
9.372384360516254967e-03
9.444804470870767077e-03
9.372384360516319152e-03
9.444804470870775751e-03
9.444804470870839935e-03
9.444804470870786159e-03
9.444804470870775751e-03
9.444804470870782689e-03
9.444804470870782689e-03
9.444804470870871160e-03
9.444804470870874630e-03
9.444804470870841670e-03
9.444804470870829527e-03
9.444804470870827792e-03
9.444804470870827792e-03
9.444804470870834731e-03
9.444804470870841670e-03
9.444804470870841670e-03
9.444804470870843405e-03
9.444804470870836466e-03
9.593124639429313066e-03
9.593124639429306127e-03
9.593124639429306127e-03
9.669038469686121184e-03
9.669038469686135062e-03
9.669038469686135062e-03
9.746181126151607851e-03
9.746181126151630403e-03
9.593124639429313066e-03
9.593124639429285311e-03
9.593124639429280107e-03
9.593124639429293984e-03
9.593124639429318271e-03
9.593124639429297454e-03
9.593124639429295719e-03
9.593124639429292250e-03
9.669037611196503249e-03
9.593124639429306127e-03
9.593124639429321740e-03
9.593124639429295719e-03
9.593124639429293984e-03
9.593124639429300923e-03
9.593124639429299189e-03
9.593124639429307862e-03
9.593124639429264494e-03
9.593124639429323475e-03
9.518386279000411523e-03
9.518386279000397646e-03
9.444842734254317237e-03
9.593119054320841874e-03
9.518394367791446070e-03
9.518394367791400967e-03
9.593117404398963932e-03
9.593117404398963932e-03
9.593117404399014239e-03
9.518395186104661870e-03
9.518395186104698300e-03
9.518395186104703504e-03
9.518395186104703504e-03
9.518395186104675748e-03
9.518395186104694830e-03
9.444842734254344993e-03
9.518660562301889047e-03
9.518660562301902925e-03
9.518660562301944558e-03
9.518660562301909864e-03
9.518660562301925476e-03
9.518660562301913333e-03
9.518660562301887312e-03
9.746788383698716182e-03
9.669732454901061591e-03
9.669732454901080673e-03
9.669732454901117102e-03
9.669732454901096286e-03
9.669732454901061591e-03
9.669732454901066795e-03
9.746788383698752611e-03
9.746788383698716182e-03
9.746788383698738734e-03
9.746788383698740468e-03
9.672579951114186267e-03
9.672579951114168920e-03
9.672579951114219227e-03
9.672579951114219227e-03
9.669732454901037305e-03
9.669732454901047713e-03
9.669732454901078939e-03
9.745983023882803450e-03
9.745983023882829471e-03
9.745983023882803450e-03
9.444806868882505910e-03
9.444806868882544074e-03
9.518366665478996888e-03
9.518366665479022909e-03
9.518366665479015970e-03
9.444806868882528461e-03
9.444806868882547543e-03
9.518366665478958724e-03
9.444806868882563156e-03
9.444806868882542339e-03
9.444806868882488562e-03
9.444806868882547543e-03
9.444806868882552747e-03
9.518366665478981276e-03
9.518366665478955255e-03
9.444806868882563156e-03
9.444806868882568360e-03
9.444806868882549278e-03
9.444806868882537135e-03
9.444806868882531931e-03
9.669352251469757326e-03
9.669352251469779877e-03
9.593311524064679005e-03
9.593311524064710230e-03
9.593311524064705026e-03
9.669352251469802428e-03
9.593311524064696352e-03
9.593311524064737986e-03
9.593311524064708495e-03
9.593311524064696352e-03
9.593311524064696352e-03
9.593311524064710230e-03
9.593311524064729312e-03
9.593311524064750129e-03
9.669353960681102700e-03
9.669353960681083618e-03
9.669353960681125251e-03
9.669353960681102700e-03
9.669353960681130455e-03
9.669353960681111373e-03
9.669353960681106169e-03
9.822727117593212792e-03
9.822727117593165955e-03
9.593311524064739720e-03
9.593311524064694618e-03
9.593311524064757068e-03
9.593311524064698087e-03
9.593311524064689413e-03
9.593311524064692883e-03
9.593311524064717169e-03
9.593311524064694618e-03
9.669352251469752121e-03
9.593311524064710230e-03
9.593311524064705026e-03
9.298981853066158945e-03
9.298981853066165884e-03
9.298981853066158945e-03
9.298981853066145067e-03
9.298981853066162415e-03
9.298981853066204048e-03
9.298983010606096111e-03
9.298983010606016314e-03
9.298983010606016314e-03
9.298983010606033661e-03
9.370698404869221704e-03
9.298983010606026722e-03
9.298983010606000701e-03
9.298983010605990293e-03
9.298983010606005906e-03
9.298983010606000701e-03
9.298983010605960803e-03
9.370698404869199152e-03
9.370698404869164458e-03
9.298995010873440173e-03
9.298995010873450581e-03
9.370709726356812874e-03
9.370709726356830221e-03
9.370712114761451869e-03
9.370712114761451869e-03
9.370712114761427583e-03
9.370712114761429318e-03
9.370712114761429318e-03
9.370712114761405032e-03
9.517564562890320351e-03
9.517564562890285657e-03
9.517564562890263105e-03
9.228369669451754603e-03
9.228369669451761542e-03
9.228369669451761542e-03
9.228369669451761542e-03
9.228369669451768481e-03
9.298981853066101699e-03
9.298981853066089556e-03
9.298981853066080883e-03
9.228369669451784094e-03
9.228369669451775420e-03
9.228369669451775420e-03
9.228369669451792767e-03
9.228369669451761542e-03
9.228369669451780624e-03
9.228369669451803176e-03
9.298981853066158945e-03
9.298981853066146802e-03
9.228369669451799706e-03
9.298981853066139863e-03
9.228251605698631690e-03
9.228251605698614343e-03
9.228251605698629956e-03
9.228251605698623017e-03
9.228251605698649038e-03
9.228251605698624752e-03
9.228251605698616078e-03
9.228251605698612609e-03
9.228251605698614343e-03
9.228251605698629956e-03
9.228251605698598731e-03
9.228251605698607404e-03
9.228251605698624752e-03
9.228251605698553628e-03
9.228251605698586588e-03
9.228251605698607404e-03
9.228251605698586588e-03
9.158665999044714873e-03
9.158655755020438452e-03
9.158655755020509576e-03
9.158655755020466208e-03
9.158655755020487024e-03
9.158655755020493963e-03
9.158655755020438452e-03
9.158655755020495698e-03
9.158655755020447126e-03
9.158655755020493963e-03
8.954340227659994891e-03
8.954340227660010504e-03
8.888447334518325207e-03
8.888447334518295717e-03
8.888447334518318269e-03
8.888447334518370310e-03
8.888447334518368576e-03
8.954340227659979279e-03
8.888447334518276635e-03
8.888447334518299187e-03
8.888447334518368576e-03
8.888447334518307860e-03
8.888447334518358167e-03
8.888447334518349494e-03
8.888447334518323473e-03
8.888447334518306125e-03
8.888447334518354698e-03
8.888447334518321738e-03
8.954340227660001830e-03
8.888447334518415413e-03
8.888447334518396331e-03
8.888447334518363371e-03
8.888447334518328677e-03
8.888447334518363371e-03
8.888447334518366841e-03
8.888447334518320003e-03
8.888447334518365106e-03
8.888447334518304391e-03
8.888447334518309595e-03
8.888447334518309595e-03
8.888447334518307860e-03
8.888447334518337350e-03
8.888447334518309595e-03
8.888447334518288778e-03
9.158635156235807318e-03
9.090093673295471938e-03
9.158720635730591836e-03
9.158720635730583162e-03
9.158720635730548468e-03
9.158720635730569284e-03
9.158720635730541529e-03
9.158720635730560611e-03
9.158720635730605714e-03
9.158720635730584897e-03
9.158720635730569284e-03
9.158720635730602244e-03
9.158720635730602244e-03
9.228303160535225938e-03
9.158635167082398304e-03
9.158635167082394835e-03
9.158635167082379222e-03
9.158635167082386161e-03
9.158635167082361875e-03
9.158635167082417386e-03
9.158635167082382691e-03
9.158635167082398304e-03
9.158635167082405243e-03
9.158635167082405243e-03
9.158635167082360140e-03
9.090101976433480682e-03
9.090101976433498029e-03
9.492167533227065940e-03
9.492167533227065940e-03
9.492167533227091961e-03
9.492167533227065940e-03
9.492167533227071144e-03
9.492167533227065940e-03
9.492167533227039919e-03
9.492167533227071144e-03
9.492167533227095430e-03
9.492167533227091961e-03
9.492167533227095430e-03
9.492167533227093695e-03
9.492167533227065940e-03
9.398530226526395290e-03
9.398530226526369269e-03
9.398530226526367534e-03
9.398530226526371004e-03
9.398530226526362330e-03
9.398530226526346718e-03
9.398530226526362330e-03
9.398530226526362330e-03
9.398530226526362330e-03
9.587715386403945425e-03
9.398530226526362330e-03
9.398530226526343248e-03
9.398530226526364065e-03
9.398530226526344983e-03
9.398530226526364065e-03
9.398530226526362330e-03
9.398530226526362330e-03
9.398530226526364065e-03
9.398530226526344983e-03
9.398530226526364065e-03
9.398530226526362330e-03
9.398530226526362330e-03
9.398530226526365799e-03
9.621348165445591308e-03
9.621348165445593043e-03
9.621348165445565287e-03
9.621348165445594777e-03
9.432709937282264881e-03
9.432709937282264881e-03
9.432709937282264881e-03
9.432709937282261412e-03
9.432709937282266616e-03
9.432709937282264881e-03
9.432709937282264881e-03
9.341184280161474521e-03
9.526072244438375802e-03
9.341184280161467582e-03
9.341184280161481460e-03
9.432709937282257942e-03
9.341184280161471051e-03
9.341184280161481460e-03
9.526082573779254964e-03
9.526082573779260168e-03
9.526082573779260168e-03
9.432722737160524618e-03
9.526082573779300067e-03
9.526082573779300067e-03
9.526082573779294863e-03
9.526082573779293128e-03
9.526082573779293128e-03
9.248379700818838006e-03
9.523288920138903851e-03
9.073864805948798212e-03
9.073864805948829437e-03
9.073864805948813825e-03
9.073864805948803416e-03
9.429828832723351553e-03
9.338211640322497190e-03
