-4.781501603445850734e-02
-4.781501603445595383e-02
-4.834894396405575723e-02
-4.801230709548329201e-02
-4.801712346391925207e-02
-4.768465066429118659e-02
-4.768465066429104782e-02
-4.830297245433581854e-02
-4.897430822120225208e-02
-4.897430822120235616e-02
-4.897430822120260596e-02
-5.006801698861526595e-02
-5.006801698861525901e-02
-5.006005825075526827e-02
-5.039932202988459814e-02
-5.039932202988459120e-02
-5.039932202988458426e-02
-5.039932202988459120e-02
-5.109049691699540929e-02
-5.109049691699543011e-02
-5.109049691699511786e-02
-5.007616245244681658e-02
-5.007616245244695535e-02
-5.007616245244681658e-02
-5.007616245244680270e-02
-5.039932202988459120e-02
-5.074313616394907772e-02
-5.074313616394918874e-02
-5.039932202988457732e-02
-5.039932202988459120e-02
-5.039932202988457732e-02
-5.039932202988458426e-02
-5.039932202988458426e-02
-5.039932202988462590e-02
-5.074313616394915405e-02
-5.074313616394913323e-02
-5.039932202988458426e-02
-5.039932202988454957e-02
-5.074313616394913323e-02
-5.074313616394911242e-02
-5.074313616394938303e-02
-5.074313616394938303e-02
-5.074313616394915405e-02
-5.074313616394912629e-02
-5.074313616394915405e-02
-5.039932202988458426e-02
-5.039932202988443855e-02
-5.074313616394915405e-02
-5.074313616394915405e-02
-5.039932202988458426e-02
-5.039932202988458426e-02
-5.074313616394892507e-02
-5.039932202988458426e-02
-5.074313616394913323e-02
-5.039898165254692169e-02
-5.054124631383926508e-02
-4.972489070821946994e-02
-4.972489070821948381e-02
-4.972489070821933810e-02
-4.972489070821932422e-02
-4.972489070821917850e-02
-4.972489070821932422e-02
-4.972489070821947688e-02
-4.972755605620024499e-02
-4.983389322840592328e-02
-4.972755605620025193e-02
-4.972755605620009928e-02
-4.972755605620009928e-02
-4.972755605620025193e-02
-5.028043738645966015e-02
-5.006258976990096699e-02
-5.006258976990091841e-02
-5.006258976990069637e-02
-5.017072485224778611e-02
-5.109396567441432113e-02
-5.109396567441432113e-02
-5.109396567441429338e-02
-5.109396567441416154e-02
-5.018539129892916201e-02
-5.018539129892916201e-02
-5.018539129892916201e-02
-5.018539129892931466e-02
-4.986367661549004349e-02
-4.907271707593330312e-02
-4.907271707593330312e-02
-4.907271707593315047e-02
-4.907271707593307414e-02
-4.907271707593315740e-02
-4.907271707593315047e-02
-4.991746586468189667e-02
-4.991746586468189667e-02
-5.129786335460397723e-02
-5.129786335460408825e-02
-5.129786335460397029e-02
-5.093487589502228297e-02
-5.094550833095354975e-02
-5.094550833095354975e-02
-5.025543372038124984e-02
-4.997077948474658304e-02
-4.997077948474624998e-02
-4.918820070831107782e-02
-4.897568731633671762e-02
-4.962927828441077160e-02
-4.962927828441077160e-02
-4.962927828441081324e-02
-4.996272690091924096e-02
-4.962927828441062589e-02
-4.930032206352397833e-02
-4.930032206352397833e-02
-4.962896257391694044e-02
-4.930032206352397833e-02
-5.018558277313012184e-02
-4.984894341005616930e-02
-4.984894341005591256e-02
-4.984894341005601665e-02
-4.984894341005616236e-02
-4.930032206352397833e-02
-4.930032206352401303e-02
-4.930032206352397833e-02
-4.930032206352397833e-02
-4.930032206352401997e-02
-4.930032206352401997e-02
-4.898174777305532718e-02
-4.898174777305514677e-02
-4.898174777305529942e-02
-4.898174777305518146e-02
-4.962928563626758938e-02
-4.962928563626744366e-02
-4.962928563626744366e-02
-4.962928563626740203e-02
-4.962928563626711059e-02
-4.962928563626718692e-02
-4.962928563626718692e-02
-4.962965894692213803e-02
-4.962928563626740203e-02
-4.930027639157165409e-02
-4.930027639157165409e-02
-4.897568731633686334e-02
-4.897568731633700906e-02
-4.897568731633711314e-02
-4.897568731633711314e-02
-4.897568731633689804e-02
-4.996177879871487731e-02
-4.956862349028075959e-02
-4.956862349028060000e-02
-4.956862349028061387e-02
-4.956862349028075265e-02
-4.956862349028075959e-02
-4.958349082697655064e-02
-4.958349082697655064e-02
-4.958349082697641880e-02
-5.057800429379088331e-02
-5.057800429379084861e-02
-5.023600351899165650e-02
-5.023600351899151772e-02
-5.023600351899159405e-02
-5.023901104178747634e-02
-5.023901104178731675e-02
-4.956862349028075959e-02
-4.956862349028075959e-02
-4.990152631144055551e-02
-4.956862349028060694e-02
-5.028924123564128268e-02
-4.961697107294004566e-02
-4.928770848659173864e-02
-4.928770848659173864e-02
-4.961697107294019832e-02
-4.928770848659173864e-02
-4.961697107294004566e-02
-4.928770848659173864e-02
-4.928770848659173864e-02
-4.928770848659178722e-02
-4.928770848659148190e-02
-4.928770848659148190e-02
-4.928770848659148190e-02
-4.951973613986181133e-02
-4.928730006511374689e-02
-4.928730006511368444e-02
-4.928730006511368444e-02
-4.960983294977133751e-02
-4.960983294977126118e-02
-4.290462181931140734e-02
-4.290462181931153224e-02
-4.290462181931132407e-02
-4.290462181931143509e-02
-4.290462181931158081e-02
-4.342405170307536005e-02
-4.263122456819260636e-02
-4.289710566204635311e-02
-4.289710566204647801e-02
-4.289710566204676251e-02
-4.289710566204651965e-02
-4.289710566204651965e-02
-4.289710566204650577e-02
-4.315893487656224936e-02
-4.315893487656240202e-02
-4.290314886274902706e-02
-4.290314886274904094e-02
-4.316517934122472006e-02
-4.316517934122485189e-02
-4.316517934122460209e-02
-4.316517934122469230e-02
-4.121570306903849651e-02
-4.048819045043376696e-02
-4.048500666824831479e-02
-4.048500666824824540e-02
-4.025147789905882123e-02
-4.088353036266113155e-02
-4.088353036266114543e-02
-4.088353036266123564e-02
-4.088353036266115237e-02
-4.088353036266111074e-02
-4.048818498065318017e-02
-4.048818498065318017e-02
-4.072776091303945828e-02
-4.121563378726782884e-02
-4.048821909073263559e-02
-4.048821909073247599e-02
-4.048821909073253150e-02
-4.048821909073253150e-02
-4.048821909073253150e-02
-4.048821909073253150e-02
-4.048821909073253844e-02
-4.048821909073253150e-02
-4.097020997502209133e-02
-4.097020997502209133e-02
-4.097020997502212603e-02
-4.097020997502207745e-02
-4.072776972673442658e-02
-4.072776972673445434e-02
-4.094654122034318416e-02
-4.119169426200485623e-02
-4.048821909073253150e-02
-4.048822560111593749e-02
-4.048822560111593749e-02
-4.048822560111597219e-02
-4.073936226995461540e-02
-4.098146351444471175e-02
-4.098146351444464236e-02
-4.098146351444464236e-02
-4.098146351444467705e-02
-4.098146351444471175e-02
-4.073936226995468479e-02
-4.098146351444467705e-02
-4.073936226995462234e-02
-4.098146351444474644e-02
-4.073936226995474030e-02
-4.073936226995468479e-02
-4.098146351444467012e-02
-4.098146351444462154e-02
-4.073936226995475418e-02
-4.073936226995468479e-02
-4.073936226995467785e-02
-4.098115118172408755e-02
-4.073936226995473336e-02
-4.073936226995468479e-02
-4.073936226995468479e-02
-4.073936226995466398e-02
-4.098146351444467705e-02
-4.073936226995462234e-02
-4.073936226995455989e-02
-4.073936226995462234e-02
-4.122652575056500596e-02
-4.122652575056501983e-02
-4.073936226995466398e-02
-4.098130777950269310e-02
-4.098130777950263759e-02
-4.098130777950272086e-02
-4.023846221701889853e-02
-4.047573623329016324e-02
-4.047573623329021181e-02
-4.023846221701882914e-02
-4.023846221701882914e-02
-4.023846221701894016e-02
-4.047573623329023262e-02
-4.047573623329018405e-02
-4.047573623329018405e-02
-4.025110445186635272e-02
-4.025110445186635272e-02
-4.048798734738741356e-02
-3.978590006841391247e-02
-3.978590006841387083e-02
-3.978590006841379451e-02
-3.978590006841378063e-02
-3.978590006841378063e-02
-3.978590006841391941e-02
-3.978590006841391941e-02
-3.978590006841385696e-02
-3.978590006841379451e-02
-3.978590006841385002e-02
-3.978590006841385002e-02
-3.978590006841372512e-02
-4.120834738140410208e-02
-4.071819858541049497e-02
-4.071819858541042558e-02
-4.096214776795703560e-02
-4.039354508095650831e-02
-3.977220566301622323e-02
-4.000324706530155455e-02
-3.977220566301620935e-02
-3.977220566301617466e-02
-3.977220566301617466e-02
-3.977220566301623711e-02
-3.977220566301617466e-02
-3.977220566301621629e-02
-3.977220566301611221e-02
-3.977220566301617466e-02
-3.977220566301628568e-02
-3.954977422065298481e-02
-3.954977422065301257e-02
-3.954977422065304032e-02
-3.954977422065304726e-02
-3.977906364837750092e-02
-3.977906364837750092e-02
-3.977906364837750092e-02
-3.977906364837736908e-02
-3.977906364837752867e-02
-3.954977422065304032e-02
-3.954977422065295706e-02
-3.980631007181668901e-02
-3.980631007181669595e-02
-4.086087187629150463e-02
-4.058143839563747857e-02
-4.058143839563747857e-02
-4.058143839563754796e-02
-4.058143839563747857e-02
-4.058143839563761041e-02
-4.058143839563761734e-02
-4.058143839563758959e-02
-4.058143839563761041e-02
-4.058143839563748551e-02
-4.074328230429719727e-02
-4.074328230429715564e-02
-4.074328230429718339e-02
-4.074328230429710707e-02
-4.074328230429709319e-02
-4.074328230429715564e-02
-4.074328230429720421e-02
-4.074328230429721809e-02
-4.074328230429709319e-02
-4.074328230429716952e-02
-4.098960127644488138e-02
-4.074328230429717645e-02
-4.074328230429717645e-02
-4.074328230429723197e-02
-4.098960127644495771e-02
-4.098960127644494383e-02
-4.025948455394929432e-02
-4.025948455394927350e-02
-4.025948455394932207e-02
-4.101778908710376065e-02
-4.101763716530158754e-02
-4.101763716530153203e-02
-4.126705508615471918e-02
-4.126737365812729874e-02
-4.126737365812734731e-02
-4.144286360514571471e-02
-4.144286360514565920e-02
-4.144286360514579798e-02
-4.169817732584328585e-02
-4.169817732584334830e-02
-4.169817732584328585e-02
-4.144286360514564532e-02
-4.144286360514564532e-02
-4.144286360514571471e-02
-4.094159547596985804e-02
-4.069613174902829422e-02
-4.093553078400236772e-02
-4.093553078400236772e-02
-4.152474268176591099e-02
-4.152474268176595262e-02
-4.152329661800356619e-02
-4.127246903751664864e-02
-4.127246903751663476e-02
-4.127246903751663476e-02
-4.127246903751664864e-02
-4.127246903751656537e-02
-4.127246903751663476e-02
-4.127246903751662088e-02
-4.127246903751659313e-02
-4.152075814784576130e-02
-4.152075814784571273e-02
-4.200831414146003612e-02
-4.200831414146002224e-02
-4.200831414146002224e-02
-4.203471893601026799e-02
-4.203471893601021248e-02
-4.203471893601021248e-02
-4.203471893601021941e-02
-4.229657792937144972e-02
-4.203471686250145889e-02
-4.203471686250159767e-02
-4.203471686250152134e-02
1.085617265215231032e-02
1.088814675710730005e-02
1.088814675710730005e-02
1.088814675710730179e-02
1.088814675710728271e-02
1.088814675710728271e-02
1.088814675710728271e-02
1.095573412823373782e-02
1.095573412823373262e-02
1.088814636929514093e-02
1.088814636929514093e-02
1.092031955130639588e-02
1.088814636929513573e-02
1.122996648415244998e-02
1.122996648415246559e-02
1.119672582060409968e-02
1.119672582060409968e-02
1.119672582060409968e-02
1.119591141617739052e-02
1.119580108940011060e-02
1.119580108940009498e-02
1.119580108940009498e-02
1.119580108940009498e-02
1.119580108940009498e-02
1.119580108940009845e-02
1.114431717318590219e-02
1.111063425403098492e-02
1.111063425403098492e-02
1.111064431092484255e-02
1.111064431092486510e-02
1.111064431092486336e-02
1.111064431092484775e-02
1.111064431092486336e-02
1.111064431092484775e-02
1.111064431092486510e-02
1.111064431092481999e-02
1.111064431092484775e-02
1.111064431092486510e-02
1.111064431092484948e-02
1.114431669305280571e-02
1.111064431092484948e-02
1.111064431092484948e-02
1.111064431092486336e-02
1.111064431092488591e-02
1.111064431092486510e-02
1.111064431092488418e-02
1.111087300013942174e-02
1.111087300013944255e-02
1.111087300013942174e-02
1.116399840928816202e-02
1.116399840928814294e-02
1.126677936351190568e-02
1.126677936351188486e-02
1.130147710858874464e-02
1.126677936351190568e-02
1.126677936351188486e-02
1.126677936351188139e-02
1.119851085955174755e-02
1.119851085955172673e-02
1.116399840928814294e-02
1.116399840928812733e-02
1.116399840928813079e-02
1.116399840928814294e-02
1.116399840928812906e-02
1.116399840928814294e-02
1.116399840928813079e-02
1.119804039623425833e-02
1.123230203210243486e-02
1.123230203210245394e-02
1.123230203210249037e-02
1.119804039623427568e-02
1.119804039623425833e-02
1.119804039623425659e-02
1.119804039623417680e-02
1.119804039623419414e-02
1.119804039623420802e-02
1.136642304230456660e-02
1.136642304230456660e-02
1.136642304230456833e-02
1.136642304230456833e-02
1.136641698675365346e-02
1.136641698675365346e-02
1.133675243212265912e-02
1.133675243212266433e-02
1.133747315431258076e-02
1.128136166653771928e-02
1.128136166653771928e-02
1.128136166653771928e-02
1.131160567234953951e-02
1.131160567234953604e-02
1.131160567234954818e-02
1.128136166653771928e-02
1.128136166653771928e-02
1.128136166653771928e-02
1.128136166653771755e-02
1.128136166653771928e-02
1.128136166653770367e-02
1.131081983910675604e-02
1.131081983910675604e-02
1.131081983910675604e-02
1.131081983910676991e-02
1.131081983910676818e-02
1.131081983910676818e-02
1.128136166653771928e-02
1.128136166653771928e-02
1.128136166653773316e-02
1.128136166653774877e-02
1.139952953490449422e-02
1.139952953490449422e-02
1.139952953490449596e-02
1.128094586448739889e-02
1.128094586448737287e-02
1.128094586448738675e-02
1.128094586448737287e-02
1.128094586448738675e-02
1.131022322973033144e-02
1.131022322973033144e-02
1.131022322973031582e-02
1.131022322973033144e-02
1.131022322973033144e-02
1.131022322973035746e-02
1.136805031564856391e-02
1.136805031564857606e-02
1.136805031564857606e-02
1.136805031564855004e-02
1.163989001243523509e-02
1.163989001243523509e-02
1.160734781322997344e-02
1.157644228566993838e-02
1.154570936067850218e-02
1.154570936067851432e-02
1.154678439942177087e-02
1.154678439942174138e-02
1.154678439942177087e-02
1.154678439942176740e-02
1.151617969211682531e-02
1.151617969211682878e-02
1.154678439942177261e-02
1.175038122406267885e-02
1.168733371458690815e-02
1.179445001469439126e-02
1.179445023765909525e-02
1.182638535710236333e-02
1.182638535710237894e-02
1.182638535710236680e-02
1.179445023765907964e-02
1.179445023765907617e-02
1.176269489207805788e-02
1.176269489207805788e-02
1.176269489207805788e-02
1.176269489207805267e-02
1.184654724694123376e-02
1.184654724694123376e-02
1.184654724694121815e-02
1.184654724694121294e-02
1.191157005948755877e-02
1.191157005948758826e-02
1.191117311004860797e-02
1.191117311004859236e-02
1.191117311004859410e-02
1.169759543775097596e-02
1.169759543775096208e-02
1.169759543775095861e-02
1.169759543775096382e-02
1.169759543775097423e-02
1.172893561714667861e-02
1.172893561714670463e-02
1.172893561714670463e-02
1.166784173622231226e-02
1.169907490923776522e-02
1.169907490923778257e-02
1.160599527367455613e-02
1.160599527367454399e-02
1.163689284231678167e-02
1.163689284231678167e-02
1.163689284231673830e-02
1.163689284231677994e-02
1.160599527367455613e-02
1.160599527367457001e-02
1.163689284231674871e-02
1.159005071635723673e-02
1.159005071635726448e-02
1.159005071635725408e-02
1.159005071635725408e-02
1.165127435480928057e-02
1.165127435480928057e-02
1.171318238449283247e-02
1.159005071635728183e-02
1.165124998557273001e-02
1.165127583791536990e-02
1.165127583791538031e-02
1.165127583791536817e-02
1.162057841529852246e-02
1.159005071635726795e-02
1.162057068792879226e-02
1.162057068792878012e-02
1.159005071635728183e-02
1.162057841529852420e-02
1.162057841529850859e-02
1.162057841529850859e-02
1.159005071635726795e-02
1.159005071635726795e-02
1.159005071635728357e-02
1.159116689577034502e-02
1.161959845728088511e-02
1.156116502713361825e-02
1.156116502713361825e-02
1.156116502713363386e-02
1.159153281009285899e-02
1.156116502713360611e-02
1.156116502713360437e-02
1.156116502713360264e-02
1.159153281009286073e-02
1.159153281009286246e-02
1.162206472572039143e-02
1.162206472572039143e-02
1.162206472572040704e-02
1.162206472572040704e-02
1.162206472572040704e-02
1.159153389710469023e-02
1.159153389710467635e-02
1.159153389710467635e-02
1.162205868675118305e-02
1.159153395474251357e-02
1.159153395474251183e-02
1.162206457915330136e-02
1.162206457915330136e-02
1.162206249429716988e-02
1.162206249429718723e-02
1.159153395474255693e-02
1.159153395474254306e-02
1.162206457915327708e-02
1.159153395474252918e-02
1.165246080105360356e-02
1.165246080105360356e-02
1.165246080105357580e-02
1.165246080105357580e-02
1.165246080105354805e-02
1.165246080105357407e-02
1.162176357881989155e-02
1.162176357881988982e-02
1.165246080105356366e-02
1.162176357881990717e-02
1.162176357881989502e-02
1.162176357881990370e-02
1.162176357881989155e-02
1.153095425832194668e-02
1.153095425832193280e-02
1.153095425832193106e-02
1.153095425832191719e-02
1.153095425832189984e-02
1.153095425832191892e-02
1.153095425832191545e-02
1.153095425832190331e-02
1.153095425832189984e-02
1.156114552357231234e-02
1.150091692197386002e-02
1.150091692197387563e-02
1.150091692197387563e-02
1.150091692197387563e-02
1.150091692197384788e-02
1.150091692197386002e-02
1.150091692197386002e-02
1.150091692197387216e-02
1.153095415742916990e-02
1.153095415742915603e-02
1.150091692197386176e-02
1.150091692197387390e-02
1.150091692197386176e-02
1.150091692197386176e-02
1.150091692197386176e-02
1.147098931388960963e-02
1.147098931388958534e-02
1.154427549225399419e-02
1.154422502252808354e-02
1.154422502252808354e-02
1.157443495010250685e-02
1.154422502252807486e-02
1.154422502252808354e-02
1.154422502252808354e-02
1.154422502252808354e-02
1.157436616353330061e-02
1.157436616353330061e-02
1.151546881802959291e-02
1.151546881802959291e-02
1.154422502252808354e-02
1.154422502252808354e-02
1.154422502252811129e-02
1.154422502252810956e-02
1.154422502252811129e-02
1.154422502252809742e-02
1.154422502252811303e-02
1.160481657470653107e-02
1.163535988424311239e-02
1.163535988424311239e-02
1.163535897109988816e-02
1.163535897109988816e-02
1.163535897109990898e-02
1.163535897109990898e-02
1.160481636957490584e-02
1.160481636957492145e-02
1.160481636957492145e-02
1.163535224622839342e-02
1.160481636957489890e-02
1.160481636957490584e-02
1.160481636957496829e-02
1.157444103937438871e-02
1.157444103937440259e-02
1.157444103937440259e-02
1.154421743463280269e-02
1.148429298235845511e-02
1.148429298235844297e-02
1.148429298235844123e-02
1.148429298235844123e-02
1.151417311698331968e-02
1.151417311698333529e-02
1.151417311698333702e-02
1.154421743463280442e-02
1.148429298235842735e-02
1.148429298235844297e-02
1.148429298235844644e-02
1.159089063093969585e-02
1.154421966443555138e-02
1.154421966443553577e-02
1.154421966443553577e-02
1.151417804057857167e-02
1.154431965466866383e-02
1.154422199506831802e-02
1.154422199506831802e-02
1.154422199506833363e-02
1.154422199506833363e-02
1.157439382618935010e-02
1.154422199506833190e-02
1.154422199506831975e-02
1.160468337898979893e-02
1.160468337898979546e-02
1.157442773398864588e-02
1.157442773398864588e-02
1.157442773398862160e-02
1.157442773398863374e-02
1.160479808785659130e-02
1.160479808785657915e-02
1.157442773398865109e-02
1.160474118150672980e-02
1.160474118150671419e-02
1.160474118150672633e-02
1.160616539692040962e-02
1.157571882605263648e-02
1.154422199506830587e-02
1.151417481692749642e-02
1.151417481692751203e-02
1.151417481692749815e-02
1.151417481692751030e-02
1.151417481692751203e-02
1.151417481692751030e-02
1.151417481692751203e-02
1.151417481692751203e-02
1.151417481692749815e-02
1.151417481692751377e-02
1.154421623078407018e-02
1.154421623078407018e-02
1.154421623078407018e-02
1.154421623078408406e-02
1.154421623078408406e-02
1.154421623078409967e-02
1.154421623078408406e-02
1.154421623078408059e-02
1.154421623078409967e-02
1.154421623078410661e-02
1.154421623078409447e-02
1.154421623078408579e-02
1.154421623078409967e-02
1.154419823834077798e-02
1.154419823834079359e-02
1.154419823834080573e-02
1.154419823834079185e-02
1.151417481692752591e-02
1.151417481692749642e-02
1.131719616647436887e-02
1.131719616647436887e-02
1.128745951177072097e-02
1.131719616647438448e-02
1.122833445495857209e-02
1.125776964216626194e-02
1.122833445495856862e-02
1.122833445495858597e-02
1.122833445495858423e-02
1.122833445495858423e-02
1.122833445495857209e-02
1.131699957885141244e-02
1.131699957885141244e-02
1.128721689968027568e-02
1.128721689968027742e-02
1.128721689968027568e-02
1.128721689968027742e-02
1.127335336420836297e-02
1.127335336420837511e-02
1.127335336420839419e-02
1.127335336420840460e-02
1.133299412085649743e-02
1.128701003907235829e-02
1.125760013294761601e-02
1.125760013294761601e-02
1.122852838218973796e-02
1.122852838218973970e-02
1.125776361809099901e-02
1.122832665751333052e-02
1.122832665751333052e-02
1.128752077365517172e-02
1.128752077365516825e-02
1.131726165228670242e-02
1.122852184157869734e-02
1.122852184157868000e-02
1.122852184157871122e-02
1.122852184157870775e-02
1.119926796092080533e-02
1.119926796092077757e-02
1.119926796092076543e-02
1.119926796092079145e-02
1.143778542945281078e-02
1.143778542945281078e-02
1.143778542945284027e-02
1.143778542945281078e-02
1.143778542945281078e-02
1.137719314361500776e-02
1.137719314361501990e-02
1.137719314361501990e-02
1.137885545352609190e-02
1.137885545352609884e-02
1.137885545352607976e-02
1.137885545352610751e-02
1.137885545352610751e-02
1.137885545352610751e-02
1.137885545352607976e-02
1.137885545352609364e-02
1.137885545352609364e-02
1.137885545352610751e-02
1.137885545352612313e-02
1.137885545352609364e-02
1.137885545352609364e-02
1.137885545352609364e-02
1.137885545352609364e-02
1.137885545352610751e-02
1.137885545352606068e-02
1.137885545352607976e-02
1.137885545352607802e-02
1.134866350267603637e-02
1.134866350267603637e-02
1.134866350267602422e-02
1.134866350267602249e-02
1.134866350267605024e-02
1.134866350267603116e-02
1.134866350267603637e-02
1.134866350267603637e-02
1.134866350267603637e-02
1.137885545352610751e-02
1.149906611030422805e-02
1.155065556165624577e-02
1.158194384318773050e-02
1.158194384318773223e-02
1.158194384318774785e-02
1.158194384318774785e-02
1.105260656711086649e-02
1.099574709223397583e-02
1.099574709223399144e-02
1.102409979174988688e-02
1.105260589502100703e-02
1.105260589502101917e-02
1.105262187687061637e-02
1.105262187687061637e-02
1.105262187687061810e-02
1.099613594744621413e-02
1.107962893786437406e-02
1.105099731879085646e-02
1.102252096977495051e-02
1.102252096977493490e-02
1.105099727148429849e-02
1.105099727148426726e-02
1.105099727148427941e-02
1.134608963329461137e-02
1.128618535316142958e-02
1.128618535316142785e-02
1.128618535316141397e-02
1.128618535316142785e-02
1.128618535316144172e-02
1.128618535316144172e-02
1.128618535316142958e-02
1.128618535316142958e-02
1.128618535316140356e-02
1.128618535316140183e-02
1.128618535316141397e-02
1.128618535316142611e-02
1.128618535316141397e-02
1.128618535316142785e-02
1.128618535316142785e-02
1.131605408395426615e-02
1.131605408395425227e-02
1.131605408395425401e-02
1.131605408395425227e-02
1.131605408395423666e-02
1.131605408395422105e-02
1.128618535316142785e-02
1.128618535316142785e-02
1.131605235975293410e-02
1.128618535316141744e-02
1.128618535316141397e-02
1.128624392993948615e-02
1.128624392993948615e-02
1.128624392993948962e-02
1.128624392993948441e-02
1.158350298059573208e-02
1.155217909255426209e-02
1.155217909255424821e-02
1.152094774109886643e-02
1.155217909255426036e-02
1.155217909255426036e-02
1.152091386269606110e-02
1.152091386269606110e-02
1.155212022490812070e-02
1.155212022490812590e-02
1.152091386269603335e-02
1.152091386269607845e-02
1.152091386269607672e-02
1.164246071408342117e-02
1.164246071408345240e-02
1.158089958219966041e-02
1.158089958219966215e-02
1.151925278553690528e-02
1.151925278553687752e-02
1.148831900779744009e-02
1.148831900779743835e-02
1.151814492410734372e-02
1.148831900779743835e-02
1.161297496284670501e-02
1.161297496284670501e-02
1.161297496284670501e-02
1.164460939294565366e-02
1.164460972374345253e-02
1.161297575393052846e-02
1.161297575393054581e-02
1.161297575393054407e-02
1.167642533396081456e-02
1.164612610452415466e-02
1.164612610452415639e-02
1.164612610452415639e-02
1.164612610452415639e-02
1.158276867757791068e-02
1.158276867757787945e-02
1.145957208700101350e-02
1.145957208700101350e-02
1.145957208700101350e-02
1.145957208700103779e-02
1.145957208700103779e-02
1.148932897696224899e-02
1.145853281793897914e-02
1.149040416847291711e-02
1.081899080757499874e-02
1.081899080757498660e-02
1.077784053094533318e-02
1.077784053094533318e-02
1.077784053094534358e-02
1.077784053094534358e-02
1.079242261296356475e-02
1.079242261296357516e-02
1.079242261296356302e-02
1.078172773121383737e-02
1.078172773121383737e-02
1.078172773121381656e-02
1.081405464366046176e-02
1.081405464366044789e-02
1.081405464366046350e-02
1.083577922209424775e-02
1.088877620697569631e-02
1.088877620697571540e-02
1.091080369116293261e-02
1.088877620697571887e-02
1.088877620697570499e-02
1.088877620697571540e-02
1.088877620697568764e-02
1.091082137420831821e-02
1.093295812737527656e-02
1.086672174523462334e-02
1.091088512416279500e-02
1.088886111634828659e-02
1.088886111634827444e-02
1.086693159034601321e-02
1.086693159034602708e-02
1.086737067267046219e-02
1.088933540168825383e-02
1.088886118027479824e-02
1.088951547755103409e-02
1.088951547755103409e-02
1.088951547755103062e-02
1.088951547755103236e-02
1.088951547755103409e-02
1.088951547755103409e-02
1.084509554277888858e-02
1.086661515115881077e-02
1.086661515115879169e-02
1.086661515115878995e-02
1.086661515115878648e-02
1.086661515115878648e-02
1.086661515115877434e-02
1.088899619486494511e-02
1.088868756578230228e-02
1.088868756578232309e-02
1.086670912679651817e-02
1.088868776710612621e-02
1.082339952250801172e-02
1.082340008525570045e-02
1.084511343170760020e-02
1.084511343170760020e-02
1.084511343170760020e-02
1.084511343170760020e-02
1.086695584987589641e-02
1.084511343170760193e-02
1.084511343170759846e-02
1.084511343170758632e-02
1.080170675528246797e-02
1.082336355798220115e-02
1.082336355798220115e-02
1.082336355798219074e-02
1.082336355798219074e-02
1.082336355798220115e-02
1.093282666788421634e-02
1.108915925037805630e-02
1.108915925037805110e-02
1.108915925037807192e-02
1.106636484698368672e-02
1.099857072447320283e-02
1.099857072447320630e-02
1.099857072447322712e-02
1.093165367966780765e-02
1.099856806757024651e-02
1.095387629769128263e-02
1.095387629769126875e-02
1.095387629769127048e-02
1.095387629769127048e-02
1.095387629769127916e-02
1.097617840160441949e-02
1.097617840160439694e-02
1.095387629769128263e-02
1.095387629769128089e-02
1.095387629769127048e-02
1.104366498598971513e-02
1.094489412371443468e-02
1.094489412371446070e-02
1.094489412371446070e-02
1.094489412371446764e-02
1.094489412371446070e-02
1.094489412371446070e-02
1.094489412371445897e-02
1.094489412371445723e-02
1.094489412371443121e-02
1.094489412371443468e-02
1.094489412371445897e-02
1.094489412371445723e-02
1.096724605960080513e-02
1.096724605960080166e-02
1.096724605960080513e-02
1.096724605960080513e-02
1.096724605960080340e-02
1.096724605960080340e-02
1.096724605960080340e-02
1.098969494537707994e-02
1.096724605960078952e-02
1.097977030291924505e-02
1.096724596821238920e-02
1.096724596821237879e-02
1.098969893573576752e-02
1.098969893573576752e-02
1.103489492759392523e-02
1.102233762710326179e-02
1.095505805999003567e-02
1.095505805999003913e-02
1.095505805999004781e-02
1.087140339436797574e-02
1.093757702336801106e-02
1.091540682412870007e-02
1.091540682412871222e-02
1.091540682412872089e-02
1.089333205198283853e-02
1.089333205198283853e-02
1.089336429044183985e-02
1.091575401873374346e-02
1.091575401873375387e-02
1.087138191503358997e-02
1.088403593226212711e-02
1.088403593226212711e-02
1.088403593226213752e-02
1.088403593226213925e-02
1.088403593226212711e-02
1.090604239678262012e-02
1.090604239678262186e-02
1.090604239678262012e-02
1.088465732865464934e-02
1.090664189461419339e-02
1.090664189461419339e-02
1.090664189461420207e-02
1.092872085938374066e-02
1.092872085938375454e-02
1.092872075862899237e-02
1.092872075862899237e-02
1.086276633095576739e-02
1.086276633095574311e-02
1.086276633095577780e-02
1.086276633095576566e-02
1.086276633095576739e-02
1.086276633095574311e-02
1.086276633095574137e-02
1.077493388483287406e-02
1.081814258551872139e-02
1.079649238801193636e-02
1.083988572977762424e-02
1.084955196760699347e-02
1.082774452571642378e-02
1.083993184298931781e-02
1.083993184298930393e-02
1.083993184298932821e-02
1.081819290621987770e-02
1.081819290621988984e-02
1.081819290621990025e-02
1.081819290621988637e-02
1.077493416797711823e-02
1.077493416797711823e-02
1.077493416797710782e-02
1.087479965550896752e-02
1.087479783320673132e-02
1.089668671929576449e-02
1.089668671929576449e-02
1.087478063743600384e-02
1.087478063743599517e-02
1.087478063743597956e-02
1.085296839882913394e-02
1.085296839882913394e-02
1.085296839882913394e-02
1.085296839882913394e-02
1.085296839882913394e-02
1.085296839882913221e-02
1.085296839882913221e-02
1.085296839882913394e-02
1.085296839882911833e-02
1.087511556584579847e-02
1.087492933052268233e-02
1.085296839882913394e-02
1.085296839882910966e-02
1.085296839882912007e-02
1.085296839882912007e-02
1.085296839882912007e-02
1.080958920446911144e-02
1.080958920446912185e-02
1.080958920446911144e-02
1.080958920446910450e-02
1.085288433157017944e-02
1.085288433157017944e-02
1.087467043260285059e-02
1.087467043260285059e-02
1.085288433157017944e-02
1.087467043260285059e-02
1.085288433157017944e-02
1.085288433157017944e-02
1.085261649982149045e-02
1.085288413319489623e-02
1.083119058936642815e-02
1.083119058936639692e-02
1.083119058936639519e-02
1.083119058936637263e-02
1.080958920446911317e-02
1.080958920446911317e-02
1.080958920446912358e-02
1.080958920446912358e-02
1.087501894227346257e-02
1.087501894227345216e-02
1.087501894227345216e-02
1.089688913322769438e-02
1.089688913322768397e-02
1.089688913322768397e-02
1.087501894227346257e-02
1.087501574298148886e-02
1.087501574298149927e-02
1.087501574298149927e-02
1.087501574298152356e-02
1.087501574298149927e-02
1.089688501668664190e-02
1.087501574298153396e-02
1.087501574298151141e-02
1.087501574298149927e-02
1.083155364840379838e-02
1.083155364840381052e-02
1.083155364840380705e-02
1.088635304461181563e-02
1.073148905430208223e-02
1.075167057900149048e-02
1.075167057900149048e-02
1.075167062775273658e-02
1.077193349838135618e-02
1.075167062775273484e-02
1.075167062775272443e-02
1.073148905430207703e-02
1.073148905430206836e-02
1.073148905430207356e-02
1.073148905430206836e-02
1.073148905430206836e-02
1.073148905430207876e-02
1.073148905430207183e-02
1.075167057900149048e-02
1.075167057900150262e-02
1.073141499472996842e-02
1.073141499472998056e-02
1.075166300391118719e-02
1.069082109565218548e-02
1.069082109565220283e-02
1.069082109565218375e-02
1.069082109565219589e-02
1.065097702634020850e-02
1.065097702634020156e-02
1.065097702634020850e-02
1.065097702634020330e-02
1.065097702634021197e-02
1.065097702634020330e-02
1.065097702634019289e-02
1.065036846177943274e-02
1.071084189434150062e-02
1.069080769957289102e-02
1.069080769957288755e-02
1.069080769957287888e-02
1.071084210767222523e-02
1.071084210767222697e-02
1.069080769957290837e-02
1.069080769957288408e-02
1.069080769957290664e-02
1.069080769957287888e-02
1.069080769957290837e-02
1.067045725399824556e-02
1.067027813310293498e-02
1.067027813310293498e-02
1.065036884261736684e-02
1.065036884261735817e-02
1.065036884261735817e-02
1.069026736177872659e-02
1.069026736177872833e-02
1.067027822870751132e-02
1.077143128853578699e-02
1.077143128853578699e-02
1.077143128853579393e-02
1.077001619216902233e-02
1.071084823789812158e-02
1.069081682446293424e-02
1.069081682446293251e-02
1.069081682446293251e-02
1.069081682446293251e-02
1.069081682446295159e-02
1.069081682446295159e-02
1.071084823789811118e-02
1.071084324537179694e-02
1.071084324537178133e-02
1.069081605766943055e-02
1.069081605766945657e-02
1.069081605766944096e-02
1.069081605766945484e-02
1.069081605766943749e-02
1.071087877792554176e-02
1.069081605766946351e-02
1.069081605766946351e-02
1.069081605766945137e-02
1.069081605766945657e-02
1.069081605766945137e-02
1.069081605766945484e-02
1.069081605766945484e-02
1.069081605766946351e-02
1.069081605766945484e-02
1.069081605766945137e-02
1.069081605766944790e-02
1.069081605766941494e-02
1.069081605766942535e-02
1.069081605766941494e-02
1.071084703731017655e-02
1.071093487593581528e-02
1.071093487593580834e-02
1.069081591343515152e-02
1.071084780507784023e-02
1.069081591343514458e-02
1.069081591343513764e-02
1.073095400979541536e-02
1.073095400979541536e-02
1.069081186511241892e-02
1.069081186511240851e-02
1.069081186511241545e-02
1.069081186511242759e-02
1.069081186511244147e-02
1.067086395624289308e-02
1.071084794913525380e-02
1.071084794913525207e-02
1.071135766079953783e-02
1.073144814214746501e-02
1.073144814214746501e-02
1.073144814214748236e-02
1.073144814214748236e-02
1.073144814214745286e-02
1.073144814214746327e-02
1.071135766079954650e-02
1.071135766079954303e-02
1.069134694450391172e-02
1.069134694450390131e-02
1.073144828677494687e-02
1.073144939286898095e-02
1.073144939286897227e-02
1.073144939286896013e-02
1.073144939286897227e-02
1.073144939286894972e-02
1.073144939286896360e-02
1.073144939286897227e-02
1.073144939286897227e-02
1.073144939286897227e-02
1.073144939286894452e-02
1.073144939286894452e-02
1.073144939286895319e-02
1.073144939286895319e-02
1.071135953364302576e-02
1.071135640988212477e-02
1.071135640988212824e-02
1.071135640988212824e-02
1.071161799070837611e-02
1.067141163664440950e-02
1.067141163664441991e-02
1.067141163664440950e-02
1.070879605489180250e-02
1.070879605489178515e-02
1.063178374531752006e-02
1.063178374531751832e-02
1.063178374531751832e-02
1.063178374531751312e-02
1.063178374531753394e-02
1.063178374531752179e-02
1.063178374531752179e-02
1.063178374531752700e-02
1.063178374531753047e-02
1.063178374531753047e-02
1.063178374531753914e-02
1.063178374531752700e-02
1.065155802586898598e-02
1.065155802586897557e-02
1.065155802586896690e-02
1.065155802586896690e-02
1.065155802586898424e-02
1.065155802586897210e-02
1.065155802586898424e-02
1.065155802586896690e-02
1.069134217072618617e-02
1.065195653039709318e-02
1.065195653039709145e-02
1.063219134523306179e-02
1.084550959877222769e-02
1.084550959877222769e-02
1.084550959877222422e-02
1.084550959877221034e-02
1.088636113406573139e-02
1.086589428099026498e-02
1.084550959877223809e-02
1.082520586384367461e-02
1.082520586384366247e-02
1.082510843631757057e-02
1.080498379700371540e-02
1.080498379700371540e-02
1.080498379700371540e-02
1.080498379700371540e-02
1.082520618459812019e-02
1.082520618459812019e-02
1.090691673011056663e-02
1.090691673011057530e-02
1.090691673011058398e-02
1.090691673011057530e-02
1.090691673011057530e-02
1.090691673011058398e-02
1.090691673011056489e-02
1.090691673011057530e-02
1.090691673011057530e-02
1.092754860356285988e-02
1.094826108011614021e-02
1.094826108011614021e-02
1.092754860356286162e-02
1.090691648065367746e-02
1.092754598572630471e-02
1.088648679450248367e-02
1.088648679450249061e-02
1.088648679450248367e-02
1.090705860325239494e-02
1.082533435313010224e-02
1.082533435313009357e-02
1.084570086270104060e-02
1.082533435313008142e-02
1.082533435313010051e-02
1.082533435313010918e-02
1.082533435313010918e-02
1.082533435313010745e-02
1.082533435313009357e-02
1.082533435313010224e-02
1.082533435313009183e-02
1.082533435313009183e-02
1.082533435313009357e-02
1.082533435313009530e-02
1.084570091192290676e-02
1.086614944617575289e-02
1.084570091192290330e-02
1.084570091192290156e-02
1.084570091192290156e-02
1.084570091192289636e-02
1.082537535693163348e-02
1.082537535693163175e-02
1.082537535693162134e-02
1.082537535693162134e-02
1.082537535693163522e-02
1.084576672639438362e-02
1.082537535693163348e-02
1.082537535693163175e-02
1.084563601806738144e-02
1.086578734157741220e-02
1.086578734157742088e-02
1.088632725821103882e-02
1.086605999525775725e-02
1.084563601806739185e-02
1.084563601806739878e-02
1.084563601806740746e-02
1.084563601806739011e-02
1.084563601806738491e-02
1.084563601806739185e-02
1.084563601806739185e-02
1.084563601806739011e-02
1.084563601806738664e-02
1.086600435766601862e-02
1.084563601806739358e-02
1.084563601806738144e-02
1.084563601806738144e-02
1.082529304434798334e-02
1.084563656522050459e-02
1.080436018416213069e-02
1.080436018416212202e-02
1.084563572533467357e-02
1.082529304434798507e-02
1.084542731981384157e-02
1.084542731981383637e-02
1.086586447296798187e-02
1.084542731981382770e-02
1.084542731981384157e-02
1.086553908269591653e-02
1.090673973264436915e-02
1.092746542884585198e-02
1.090673973264436568e-02
1.090673973264436394e-02
1.086553908269590266e-02
1.086553908269590960e-02
1.086553908269591133e-02
1.086553908269592521e-02
1.088609758635760739e-02
1.086553908269592521e-02
1.088609367426439552e-02
1.086553908269591306e-02
1.086553908269592347e-02
1.090673963210308552e-02
1.090673963210308725e-02
1.088613527768580655e-02
1.090652147846872533e-02
1.090652147846872706e-02
1.090652732420289116e-02
1.088595727913373168e-02
1.088595727913373168e-02
1.088595727913371954e-02
1.088595727913374035e-02
1.088595727913372821e-02
1.090587315202399231e-02
1.088618458790434687e-02
1.088618458790433299e-02
1.088618458790434687e-02
1.088618458790434687e-02
1.090684494249081343e-02
1.092750847528388934e-02
1.092750847528388934e-02
1.092750847528388934e-02
1.095904704203565921e-02
1.097994788931812293e-02
1.095904704203565921e-02
1.095926649986970515e-02
1.095926649986970515e-02
1.086462320882146393e-02
1.088508813235789310e-02
1.088509064157219645e-02
1.090563789678897742e-02
1.089689275684131882e-02
1.089689275684132402e-02
1.089689753535888657e-02
1.089689753535888830e-02
1.089689753535888483e-02
1.089689753535888310e-02
1.089689753535888310e-02
1.091743522620351389e-02
1.089689753535887443e-02
1.089689753535887616e-02
1.089689753535889871e-02
1.089689753535889871e-02
1.087633874387907568e-02
1.091759328436263041e-02
1.089689753535887616e-02
1.089689753535887616e-02
1.089689753535887790e-02
1.089689753535888657e-02
1.089689753535887616e-02
1.089689753535887616e-02
1.091743522620351736e-02
1.091743522620351389e-02
1.089704588623255713e-02
1.089717565562109761e-02
1.091760868810614550e-02
1.089702908274496444e-02
1.089702908274496444e-02
1.091759278836190901e-02
1.089702923137780659e-02
1.091759278836188993e-02
1.091759278836190901e-02
1.087641964085927886e-02
1.087641964085927018e-02
1.087641964085926671e-02
1.087641964085926671e-02
1.087641964085924763e-02
1.089687891947731767e-02
1.089687891947732634e-02
1.089687891947731420e-02
1.102175708796968891e-02
1.102175708796968891e-02
1.100083057148071308e-02
1.098045666273975152e-02
1.102175708796970799e-02
1.102175708796969064e-02
1.102150840550292742e-02
1.102175708796968370e-02
1.102175708796969411e-02
1.100083041860753369e-02
1.100083057148068706e-02
1.100083057148069053e-02
1.104298611726779560e-02
1.104298611726782509e-02
1.104298611726782509e-02
1.106407276558598989e-02
1.106407276558600203e-02
1.106407276558599856e-02
1.106407276558597948e-02
1.106407276558596733e-02
1.106407276558600203e-02
1.106407276558600203e-02
1.106407276558596907e-02
1.106407276558597601e-02
1.104298565454404045e-02
1.093800598978022717e-02
1.093800598978021850e-02
1.093800598978021850e-02
1.095892254656011429e-02
1.095869145463733603e-02
1.095869145463732736e-02
1.097972894350099198e-02
1.095892254656009347e-02
1.095892254656009347e-02
1.095923824507571975e-02
1.093856234411346925e-02
1.093856234411346925e-02
1.093856234411344670e-02
1.093856234411345885e-02
1.089721118157055239e-02
1.087671077837840811e-02
1.091779552509347315e-02
1.089721230526372042e-02
1.087671077837842025e-02
1.087671077837841851e-02
1.089719368499462819e-02
1.087669158653911845e-02
1.087669158653912019e-02
1.085627180888504642e-02
1.085627180888504642e-02
1.085627180888505509e-02
1.085627180888504295e-02
1.089719378388868259e-02
1.091788805177962458e-02
1.091788805177962111e-02
1.091788805177962285e-02
1.091788805177962285e-02
1.091788805177962285e-02
1.091788805177962285e-02
1.093858466451223463e-02
1.093858466451224677e-02
1.093858466451223289e-02
1.089714969233714775e-02
1.089714969233713734e-02
1.091773863939453880e-02
1.091773863939452839e-02
1.091773863939452839e-02
1.091773863939451798e-02
1.089701893326460065e-02
1.091758254550386636e-02
1.089701893326459371e-02
1.087653797637536980e-02
1.087653797637536807e-02
1.087653797637537847e-02
1.087653797637537501e-02
1.089701888372013490e-02
1.089701888372013663e-02
1.089701888372013490e-02
1.087653797637538021e-02
1.087653797637538021e-02
1.087653797637538021e-02
1.087653797637538021e-02
1.089701888372011929e-02
1.094887436197665778e-02
1.094887436197664737e-02
1.094887436197664737e-02
1.094887436197665605e-02
1.094887436197664737e-02
1.096964986908405965e-02
1.094887436197665778e-02
1.095832989775707804e-02
1.097913617623549193e-02
1.095832989775710753e-02
1.095832989775708845e-02
1.095832989775708845e-02
1.095832989775710753e-02
1.095832989775708845e-02
1.097913617623548152e-02
1.097913689304331163e-02
1.095832995742004011e-02
1.095833005829104957e-02
1.095833005829104263e-02
1.095833005829103743e-02
1.095833005829104090e-02
1.095833005829105998e-02
1.097913527670306595e-02
1.097913527670306595e-02
1.097913527670307636e-02
1.095833005829104957e-02
1.095833005829104090e-02
1.095833005829105131e-02
1.095833005829105998e-02
1.095833005829105131e-02
1.095833005829105131e-02
1.095833005829104090e-02
1.093760718875138108e-02
1.093760718875138108e-02
1.093760718875137067e-02
1.093760718875137067e-02
1.093760718875138455e-02
1.093760718875138108e-02
1.095826836855495583e-02
1.093750878544527856e-02
1.093750878544526295e-02
1.093750878544526642e-02
1.093750878544525948e-02
1.093750878544527856e-02
1.097911256198761711e-02
1.093750878544527856e-02
1.093750878544527162e-02
1.093750878544527336e-02
1.095832990697831640e-02
1.095832990697829731e-02
1.093760718875138108e-02
1.093760718875139148e-02
1.093760718875138281e-02
1.095833478725885372e-02
1.095833478725884332e-02
1.107330215512991774e-02
1.107330215512992468e-02
1.109459763546247722e-02
1.107330215512991427e-02
1.105209401298055776e-02
1.104207121419024246e-02
1.106321791715557910e-02
1.106321791715558604e-02
1.110577299209534498e-02
1.110577299209533284e-02
1.101623782260808398e-02
1.101623782260808225e-02
1.101623782260808225e-02
1.101623782260808225e-02
1.103728771402081275e-02
1.103728771402082490e-02
1.097806310929651946e-02
1.097806310929651946e-02
1.097806310929651946e-02
1.097806310929651946e-02
1.097806310929651946e-02
1.081405677783436881e-02
1.081436945334875166e-02
1.085477176737555810e-02
1.085477176737555463e-02
1.079407905014693678e-02
1.079407905014695586e-02
1.081436945334876380e-02
1.093788039576116047e-02
1.093788039576113619e-02
1.093788039576116915e-02
1.093788039576117782e-02
1.093788039576116047e-02
1.093788039576115700e-02
1.091708866679729287e-02
1.091708866679729287e-02
1.091708866679729287e-02
1.091708866679729287e-02
1.091708866679729287e-02
1.091708866679728072e-02
1.081436945334876901e-02
1.081610695176211077e-02
1.085455440673629979e-02
1.085455440673629111e-02
1.085455440673629979e-02
1.085455440673628244e-02
1.085455440673628244e-02
1.085455440673629979e-02
1.085455440673628938e-02
1.083414846234233980e-02
1.083414846234233980e-02
1.081353290253689661e-02
1.081353290253689661e-02
1.081353290253690702e-02
1.083388774676305975e-02
1.083388774676305975e-02
1.081385288192202553e-02
1.081385288192202553e-02
1.081385288192202553e-02
1.081385288192203246e-02
1.081385288192203246e-02
1.081385288192202379e-02
1.081385288192202553e-02
1.081385288192203246e-02
1.083417202373264561e-02
1.087596960483392695e-02
1.087596960483393736e-02
1.085551879582465247e-02
1.085551879582464900e-02
1.085551879582464900e-02
1.085551879582465247e-02
1.085457354159961516e-02
1.087497984346598098e-02
1.087497984346597925e-02
1.087497984346598098e-02
1.087497984346599833e-02
1.089553853038850544e-02
1.087497984346600007e-02
1.085457359094382963e-02
1.085457359094386086e-02
1.085457359094384351e-02
1.085457359094382269e-02
1.085457359094382269e-02
1.085457359094383137e-02
1.085457359094385045e-02
1.085457359094384698e-02
1.085457359094384351e-02
1.087505573888248971e-02
1.049092937287553554e-02
1.049092937287550951e-02
1.049092937287551298e-02
1.053218976391578909e-02
1.053218976391579603e-02
1.053218976391578042e-02
1.053218976391578215e-02
1.053218976391578042e-02
1.053218976391578215e-02
1.053218976391579430e-02
1.053218976391579777e-02
1.053218976391578736e-02
1.053218976391578736e-02
1.055438714876783847e-02
1.055438714876782806e-02
1.057380194579088037e-02
1.057380194579088037e-02
1.053219952306282299e-02
1.055295690485434992e-02
1.055295690485437594e-02
1.055295690485436380e-02
1.053219952306282299e-02
1.053219952306282126e-02
1.053219952306284034e-02
1.053219952306282299e-02
1.044999794302040388e-02
1.044999794302040041e-02
1.044999794302040388e-02
1.044999794302041082e-02
1.044999794302041429e-02
1.049096942719030673e-02
1.046578139611334043e-02
1.047041547804838761e-02
1.049093284522583866e-02
1.049093284522586295e-02
1.049093284522584386e-02
1.049093284522584213e-02
1.049093284522583866e-02
1.049093284522586642e-02
1.049093284522584039e-02
1.049093284522584039e-02
1.051151975948554605e-02
1.053218974870854044e-02
1.051151975948555473e-02
1.051151975948554952e-02
1.051151975948554952e-02
1.053218974870854564e-02
1.051151975948554952e-02
1.051151975948555126e-02
1.053072267449145505e-02
1.053072267449145158e-02
1.048999994077663353e-02
1.048999994077664741e-02
1.048999994077663873e-02
1.051064240290864975e-02
1.051064240290863587e-02
1.051064240290864628e-02
1.052162220683502611e-02
1.051064240290864975e-02
1.051064240290864628e-02
1.059397112032714645e-02
1.061502068180513597e-02
1.063615949858529031e-02
1.063615949858528857e-02
1.061502068180512556e-02
1.059397112032717074e-02
1.059397112032717074e-02
1.059397112032715686e-02
1.059397112032715686e-02
1.059397112032715860e-02
1.059397112032715860e-02
1.059397112032715860e-02
1.050666626377971466e-02
1.050757235981533873e-02
1.050757235981533873e-02
1.052830228896806455e-02
1.050757235981536301e-02
1.050757235981534740e-02
1.054911989897541931e-02
1.050757241448742503e-02
1.050757241448742503e-02
1.050757241448744932e-02
1.050757241448744411e-02
1.050757241448742850e-02
1.048692914247916115e-02
1.048692914247914727e-02
1.048692914247915768e-02
1.048692914247915768e-02
1.050757230989907143e-02
1.046441689108381853e-02
1.050576273552468465e-02
1.052835678891820247e-02
1.052835678891819032e-02
1.052835678891819032e-02
1.052835678891818859e-02
1.052835678891820594e-02
1.052835678891820247e-02
1.054916742497894432e-02
1.060215363004952428e-02
1.060215363004953469e-02
1.061344900367956409e-02
1.061344900367957103e-02
1.064452763328417248e-02
1.064452763328415340e-02
1.065531795220495126e-02
1.052865092203527329e-02
1.052865092203527329e-02
1.052865092203526982e-02
1.054953667799021430e-02
1.052865092203527329e-02
1.052865092203527156e-02
1.052865092203527329e-02
1.052865092203527329e-02
1.054953667799018828e-02
1.052865092203526982e-02
1.061317590071680222e-02
1.063440932129783474e-02
1.061317590071681784e-02
1.056313346675167783e-02
1.056313346675168477e-02
1.058390421978864203e-02
1.056313346675168997e-02
1.056313346675167436e-02
1.058289140428941844e-02
1.062503252221663926e-02
1.062503252221662885e-02
1.062503252221661844e-02
1.062503252221663058e-02
1.062503252221664099e-02
1.064610226860068613e-02
1.064610226860069307e-02
1.064610226860070695e-02
1.064610226860070695e-02
1.060405032881579605e-02
1.060405032881578564e-02
1.060405032881578564e-02
1.060405032881579952e-02
1.060405032881577697e-02
1.060405032881577524e-02
1.060405032881577524e-02
1.060405032881579085e-02
1.060405032881579085e-02
1.060405032881580126e-02
1.060405032881579952e-02
1.060405032881576830e-02
1.056313346675169865e-02
1.058390421978865070e-02
1.055425357330760927e-02
1.055425357330761447e-02
1.055425357330758845e-02
1.057496749963139637e-02
1.057496765564721816e-02
1.057496765564723204e-02
1.057497063437751704e-02
1.057497063437752745e-02
1.059577105340797805e-02
1.061665883533565412e-02
1.059577105340795723e-02
1.059577105340796764e-02
1.059577105340797631e-02
1.055425378085586390e-02
1.055425378085587604e-02
1.057496723961444569e-02
1.057496723961444396e-02
1.057496723961444396e-02
1.055425378085588818e-02
1.055425378085586390e-02
1.055425378085585349e-02
1.055425378085584828e-02
1.055425378085587604e-02
1.055425378085588298e-02
1.057496723961443008e-02
1.057496723961444222e-02
1.055425352141907414e-02
1.055425466268617926e-02
1.053362359707913504e-02
1.053362359707912983e-02
1.053362359707912289e-02
1.053362359707915412e-02
1.053362359707912983e-02
1.053362359707913330e-02
1.053362359707912983e-02
1.053362359707914198e-02
1.053362359707912463e-02
1.053362359707914545e-02
1.053362359707914371e-02
1.055425181076338238e-02
1.053362359707913330e-02
1.059485515694448543e-02
1.059485515694448023e-02
1.059485515694448196e-02
1.057405651445903795e-02
1.057405651445905183e-02
1.057405651445904836e-02
1.079993936242275125e-02
1.077818881650395577e-02
1.077818881650395577e-02
1.079993936242273737e-02
1.079993936242273911e-02
1.077818881650394363e-02
1.077818881650394363e-02
1.077818881650395577e-02
1.077818881650395577e-02
1.082182715058738025e-02
1.082182715058737157e-02
1.086585605097707338e-02
1.086585605097707512e-02
1.082178463940601347e-02
1.084372275637052532e-02
1.084372275637048022e-02
1.084372275637049063e-02
1.056202284889537317e-02
1.056202284889537490e-02
1.058284714160043563e-02
1.062471317369952616e-02
1.062471317369951401e-02
1.064579889122960546e-02
1.066726618489139723e-02
1.064580530837056470e-02
1.064580530837056817e-02
1.062472025024837306e-02
1.066699359223767345e-02
1.066699359223768906e-02
1.064581969179346534e-02
1.066699359223768559e-02
1.062471531769314942e-02
1.060371746864021726e-02
1.060371746864021900e-02
1.060371746864020685e-02
1.058280813085057948e-02
1.060371746864020685e-02
1.060371746864020685e-02
1.058280813085058121e-02
1.058280813085057080e-02
1.058280813085057948e-02
1.058280813085057080e-02
1.058280813085057080e-02
1.058280813085057948e-02
1.058280813085057948e-02
1.068824538220997447e-02
1.066697967709915804e-02
1.066697967709915804e-02
1.068824989487632791e-02
1.070960573985694879e-02
1.064580477389325333e-02
1.066698220320864803e-02
1.066698220320864803e-02
1.064580477389325507e-02
1.064580477389326374e-02
1.076906660039964742e-02
1.076906660039963874e-02
1.074676511727082340e-02
1.074676511727083728e-02
1.072379996356976652e-02
1.074592117398096014e-02
