-1.634021124992963286e-02
-1.634021124993231822e-02
-1.634021124992779406e-02
-1.634021124993018104e-02
-1.634021124992974042e-02
-1.634021124992974389e-02
-1.642261413869598036e-02
-1.634021124992975083e-02
-1.642261413869584158e-02
-1.642261413869585199e-02
-1.634021124992967797e-02
-1.634021124992966409e-02
-1.634021124992976470e-02
-1.634021124992975776e-02
-1.642261413869587627e-02
-1.642261413869585546e-02
-1.634021124992977164e-02
-1.634021124992967450e-02
-1.634021124992967103e-02
-1.634021124992971613e-02
-1.634021124992967450e-02
-1.634021124992974042e-02
-1.634021124992979940e-02
-1.634021124992978552e-02
-1.634021124992976470e-02
-1.642261413869586240e-02
-1.634021124992967450e-02
-1.634021124992976470e-02
-1.634021124992970225e-02
-1.634021124992979940e-02
-1.634021124992981328e-02
-1.634021124992977858e-02
-1.634021124992977858e-02
-1.634021124992974389e-02
-1.634021124992974042e-02
-1.634021124992978205e-02
-1.642261413869587280e-02
-1.642261413869580688e-02
-1.634021124992978552e-02
-1.634021124992980981e-02
-1.634021124992976817e-02
-1.640125046714445770e-02
-1.634021124992978205e-02
-1.634021124992980981e-02
-1.634021124992968491e-02
-1.634021124992964674e-02
-1.634021124992968491e-02
-1.634021124992961899e-02
-1.642261413869584852e-02
-1.642261413869584505e-02
-1.634021124992974042e-02
-1.634021124992970572e-02
-1.634021124992968144e-02
-1.634021124992976817e-02
-1.634021124992976817e-02
-1.684713723626683410e-02
-1.693515487785056395e-02
-1.684713723626693471e-02
-1.684713723626691043e-02
-1.684713723626690696e-02
-1.676005011387229904e-02
-1.676005011387233026e-02
-1.658859923964715530e-02
-1.658859923964717611e-02
-1.658859923964717611e-02
-1.667388831158196291e-02
-1.667388831158196291e-02
-1.658859923964714489e-02
-1.658859923964714142e-02
-1.658859923964718652e-02
-1.658859923964713448e-02
-1.658859923964714142e-02
-1.658859923964717611e-02
-1.676195115157493379e-02
-1.676195115157495460e-02
-1.684875101796684191e-02
-1.684875101796688701e-02
-1.684875101796681415e-02
-1.676195512294042025e-02
-1.676195512294039944e-02
-1.676195512294035433e-02
-1.676195512294037862e-02
-1.684875101796692518e-02
-1.676195512294038903e-02
-1.676195512294038209e-02
-1.676195512294038209e-02
-1.665333480459451135e-02
-1.665333480459451135e-02
-1.665333480459453910e-02
-1.665333480459445237e-02
-1.665333480459451135e-02
-1.665333480459453910e-02
-1.667512233455220247e-02
-1.667512233455221982e-02
-1.676105974998502376e-02
-1.676105974998500295e-02
-1.676105974998493356e-02
-1.667512233455229267e-02
-1.667512233455227533e-02
-1.667512233455223022e-02
-1.641743204122407193e-02
-1.641743204122404765e-02
-1.617909291438837660e-02
-1.617909291438833844e-02
-1.617909291438836966e-02
-1.625979455639627730e-02
-1.617909291438830027e-02
-1.617909291438835578e-02
-1.617909291438830374e-02
-1.617909291438830027e-02
-1.617909291438830027e-02
-1.617909291438823435e-02
-1.617909291438826905e-02
-1.625979455639628077e-02
-1.617909291438834191e-02
-1.617909291438833150e-02
-1.617909291438831068e-02
-1.617909291438833497e-02
-1.617909291438833497e-02
-1.625979455639629118e-02
-1.625979455639628771e-02
-1.617909291438833150e-02
-1.617909291438837313e-02
-1.617909291438835231e-02
-1.617909291438835231e-02
-1.617909291438835231e-02
-1.617909291438830374e-02
-1.617909291438833150e-02
-1.625998550043709218e-02
-1.625998550043705401e-02
-1.617909099900906311e-02
-1.617909099900910128e-02
-1.625980112651841114e-02
-1.617909099900920189e-02
-1.617909099900909781e-02
-1.623546985557081795e-02
-1.617909099900922965e-02
-1.617909099900910475e-02
-1.617909099900912556e-02
-1.642373841130198575e-02
-1.642373841130200310e-02
-1.642373841130204126e-02
-1.634136827179231977e-02
-1.634136827179231977e-02
-1.642373841130199963e-02
-1.642350663640046796e-02
-1.642350663640046796e-02
-1.634136827179229895e-02
-1.625982844766483623e-02
-1.617912529543644867e-02
-1.617912529543644867e-02
-1.617912529543642092e-02
-1.617912529543637928e-02
-1.617912529543641745e-02
-1.617912529543648337e-02
-1.625971729838367880e-02
-1.625971729838363716e-02
-1.625971729838358165e-02
-1.634124586757498138e-02
-1.625971729838361635e-02
-1.625971729838361288e-02
-1.625971729838362675e-02
-1.625971729838371002e-02
-1.625971729838366839e-02
-1.625971729838366839e-02
-1.625971729838370308e-02
-1.617912529543651459e-02
-1.617912529543644173e-02
-1.642374118290448534e-02
-1.642374118290448534e-02
-1.617760227186834307e-02
-1.617760227186831531e-02
-1.617760227186829450e-02
-1.617760227186830838e-02
-1.617760227186832225e-02
-1.617760227186832919e-02
-1.617760227186830144e-02
-1.609757806823349652e-02
-1.609757806823345488e-02
-1.617760227186832572e-02
-1.617760227186827021e-02
-1.609757806823351040e-02
-1.609757806823355897e-02
-1.609757806823349999e-02
-1.634002134847383284e-02
-1.625834137340834151e-02
-1.625834137340830682e-02
-1.625834137340839702e-02
-1.633863982778828439e-02
-1.633863982778824275e-02
-1.633863982778828439e-02
-1.633690918545252849e-02
-1.633690918545253196e-02
-1.633690918545254930e-02
-1.641918985943985679e-02
-1.641918985943985679e-02
-1.641918985943988801e-02
-1.650278927253416919e-02
-1.650278927253419348e-02
-1.650278927253416572e-02
-1.650278927253417266e-02
-1.633691499698194244e-02
-1.641965457875512943e-02
-1.641965457875512943e-02
-1.633691499698190427e-02
-1.633691499698202224e-02
-1.633691499698200489e-02
-1.633691499698191815e-02
-1.633691499698194938e-02
-1.633691499698200489e-02
-1.633691499698196672e-02
-1.633691499698196672e-02
-1.641965457875508780e-02
-1.625828797184259919e-02
-1.625828842600169841e-02
-1.625828842600171922e-02
-1.625828842600167412e-02
-1.625828888035014616e-02
-1.625828888035015657e-02
-1.625828888035016004e-02
-1.625828888035016004e-02
-1.625828888035011840e-02
-1.625828888035009412e-02
-1.634005587246024904e-02
-1.625828888035009412e-02
-1.625828888035012187e-02
-1.634963470556289808e-02
-1.634963470556291196e-02
-1.634963470556284604e-02
-1.635290926133021322e-02
-1.635290926133022710e-02
-1.635290926133021322e-02
-1.635290926133014383e-02
-1.635290926133021322e-02
-1.635290926133019587e-02
-1.635290926133019587e-02
-1.643595308867634372e-02
-1.643595308867630209e-02
-1.635290926133020975e-02
-1.635290926133020975e-02
-1.643595308867629168e-02
-1.635290926133021669e-02
-1.635290926133016465e-02
-1.635290926133016465e-02
-1.635290926133016118e-02
-1.635290926133021669e-02
-1.635290926133017853e-02
-1.635290926133016465e-02
-1.635290926133016812e-02
-1.635290926133021669e-02
-1.635290926133015771e-02
-1.660534029191852723e-02
-1.618940808678646232e-02
-1.618940808678649007e-02
-1.635302044127779145e-02
-1.635302044127777757e-02
-1.635302044127782267e-02
-1.635302044127784696e-02
-1.643610156123837679e-02
-1.697523664775359847e-02
-1.706720905626787216e-02
-1.706720959556232500e-02
-1.697758262739534896e-02
-1.697758262739527957e-02
-1.697758262739538018e-02
-1.697758262739531079e-02
-1.697758262739540100e-02
-1.706720959556227990e-02
-1.706720959556227643e-02
-1.706720959556227296e-02
-1.706720959556227296e-02
-1.701767787315319400e-02
-1.701767787315319747e-02
-1.701767787315322175e-02
-1.701767787315319053e-02
-1.701767787315325298e-02
-1.701767787315322175e-02
-1.701767787315319400e-02
-1.701767787315320093e-02
-1.701767787315320093e-02
-1.701767787315318359e-02
-1.710752279293616812e-02
-1.710752279293614037e-02
-1.710752279293616812e-02
-1.710752279293616118e-02
-1.710752279293619241e-02
-1.710752279293616118e-02
-1.710752279293618547e-02
-1.710752279293619241e-02
-1.710752279293619241e-02
-1.710752279293621669e-02
-1.710752279293620975e-02
-1.710752279293619241e-02
-1.710752279293618547e-02
-1.719833692582480034e-02
-1.719833692582477258e-02
-1.710752172787176340e-02
-1.710752172787175299e-02
-1.710752172787174952e-02
-1.710752172787175646e-02
-1.710752172787176340e-02
-1.710752172787177727e-02
-1.710752172787177727e-02
-1.710752172787177033e-02
-1.710752172787177727e-02
-1.710752172787179809e-02
-1.710752172787176686e-02
-1.710752172787178768e-02
-1.710752172787178768e-02
-1.710752172787178768e-02
-1.710752172787179462e-02
-1.710752172787179809e-02
-1.710752172787178768e-02
-1.710752172787178768e-02
-1.710752172787178768e-02
-1.710752172787178768e-02
-1.710752172787178768e-02
-1.710752172787176340e-02
-1.664875034867371525e-02
-1.664875034867374648e-02
-1.673268533180492790e-02
-1.673268533180492790e-02
-1.673268533180493484e-02
-1.664875034867372913e-02
-1.673543685858349533e-02
-1.673543685858349880e-02
-1.673543685858348146e-02
-1.664875034867371872e-02
-1.664875034867371525e-02
-1.664875034867371179e-02
-1.673543685858350227e-02
-1.673543685858351268e-02
-1.673543685858350227e-02
-1.664875034867372566e-02
-1.664875034867372566e-02
-1.664875034867372566e-02
-1.664875034867372566e-02
-1.664875034867373607e-02
-1.664875034867371872e-02
-1.664875034867373607e-02
-1.664875034867374301e-02
-1.664875034867374301e-02
-1.664875034867372566e-02
-1.673543685858348840e-02
-1.664875034867371525e-02
-1.664875034867371525e-02
-1.664875034867376730e-02
-1.753060107914686250e-02
-1.753060107914686250e-02
-1.753060107914686250e-02
-1.753060107914689025e-02
-1.753060107914689025e-02
-1.753060107914686250e-02
-1.753060107914685209e-02
-1.753060107914685209e-02
-1.753060107914690760e-02
-1.753060107914686944e-02
-1.753060107914686250e-02
-1.753060107914683821e-02
-1.766200180103739623e-02
-1.766200180103739623e-02
-1.766082247987779338e-02
-1.766082247987780726e-02
-1.766082247987778298e-02
-1.766082247987779685e-02
-1.766082247987778298e-02
-1.766082247987779338e-02
-1.766082247987780726e-02
-1.766082247987781073e-02
-1.766082247987781073e-02
-1.766082247987779685e-02
-1.766082247987781420e-02
-1.766082247987781073e-02
-1.792698424768628465e-02
-1.792698424768630547e-02
-1.766400910920908410e-02
-1.766400910920902512e-02
-1.766400910920905287e-02
-1.766400910920903553e-02
-1.766400910920905287e-02
-1.766400910920907022e-02
-1.766400910920902512e-02
-1.766400910920908410e-02
-1.775187849968687392e-02
-1.775187849968687046e-02
-1.775187849968687046e-02
-1.766400910920907022e-02
-1.766400910920907022e-02
-1.766400910920905287e-02
-1.755451222779013526e-02
-1.755451222779011791e-02
-1.755451222779011791e-02
-1.772807601080384973e-02
-1.772807601080389137e-02
-1.772807601080387402e-02
-1.772807601080385667e-02
-1.772807601080386014e-02
-1.772807601080385667e-02
-1.790513424035750437e-02
-1.790513424035750090e-02
-1.790513424035752171e-02
-1.790513424035752171e-02
-1.781615773406531461e-02
-1.781615773406532502e-02
-1.781615773406532502e-02
-1.781615773406533543e-02
-1.781615773406531808e-02
-1.790513424035751824e-02
-1.790513424035750437e-02
-1.781615773406532155e-02
-1.781615478788759616e-02
-1.781615478788760656e-02
-1.781615478788761350e-02
-1.781615478788759269e-02
-1.764049604298741081e-02
-1.764049604298739693e-02
-1.764049604298739693e-02
-1.764049604298741428e-02
-1.764049604298741428e-02
-1.764049604298742122e-02
-1.764049604298737958e-02
-1.755437256951148522e-02
-1.755437256951154421e-02
-1.755437256951151645e-02
-1.755437256951152339e-02
-1.755437256951148522e-02
-1.755437256951152686e-02
-1.746887859422049591e-02
-1.746887859422048897e-02
-1.746887859422050632e-02
-1.746887859422046815e-02
-1.746887859422049591e-02
-1.746887859422049938e-02
-1.746887859422052713e-02
-1.738424240250811825e-02
-1.738424240250809050e-02
-1.738424240250810784e-02
-1.738424240250810437e-02
-1.746887859422047509e-02
-1.738424240250806621e-02
-1.738424240250809744e-02
-1.738424240250811478e-02
-1.738424240250809050e-02
-1.738424240250809744e-02
-1.792838091168246287e-02
-1.792838091168242817e-02
-1.792838091168242817e-02
-1.792838091168242817e-02
-1.792838091168247328e-02
-1.792838091168244205e-02
-1.792838091168244205e-02
-1.792838091168247328e-02
-1.792838091168245940e-02
-1.792838091168247328e-02
-1.792838091168244552e-02
-1.792838091168250450e-02
-1.792838091168247328e-02
-1.792838091168242817e-02
-1.792838091168246287e-02
-1.792838091168247328e-02
-1.810946440058249993e-02
-1.810946440058252421e-02
-1.810946440058252421e-02
-1.792838539742822382e-02
-1.801847208111156950e-02
-1.792838539742822729e-02
-1.792838539742822382e-02
-1.792838539742822729e-02
-1.801846530596051474e-02
-1.801846530596053209e-02
-1.801846530596056331e-02
-1.810948344256322479e-02
-1.801846530596049739e-02
-1.810949330094645954e-02
-1.762499020007381872e-02
-1.762499020007379791e-02
-1.771099844905708875e-02
-1.771099844905710263e-02
-1.771099844905709916e-02
-1.771099844905713039e-02
-1.771099844905706100e-02
-1.771099844905706100e-02
-1.771099844905707835e-02
-1.779629080282833439e-02
-1.779629080282831705e-02
-1.797183524666618598e-02
-1.788362117125354839e-02
-1.770982952320150974e-02
-1.770982952320150974e-02
-1.797182924928050762e-02
-1.797182924928049375e-02
-1.788369005738477818e-02
-1.788369005738477471e-02
-1.788369005738477818e-02
-1.788369005738477818e-02
-1.788369005738475737e-02
-1.797182924928052150e-02
-1.797182924928049028e-02
-1.797182924928047293e-02
-1.797182924928050762e-02
-1.797182924928046252e-02
-1.797182924928049375e-02
-1.797182924928052150e-02
-1.797182924928049028e-02
-1.788369005738477124e-02
-1.788369005738478165e-02
-1.788369005738475043e-02
-1.788369005738475737e-02
-1.797183359234190772e-02
-1.797183359234193548e-02
-1.797183359234193548e-02
-1.797183359234194935e-02
-1.806042092785271197e-02
-1.806042092785272585e-02
-1.824170059196350904e-02
-1.833351478872405696e-02
-1.788367351108962472e-02
-1.788367351108961431e-02
-1.786142063778827990e-02
-1.790464849273091727e-02
-1.790464849273087911e-02
-1.790464849273085829e-02
-1.779641096030197545e-02
-1.788367351108961431e-02
-1.779641096030191647e-02
-1.788367351108960043e-02
-1.797181546951780173e-02
-1.779641096030187483e-02
-1.779641096030191647e-02
-1.779641096030190606e-02
-1.779641096030191647e-02
-1.779641096030189565e-02
-1.779641096030190953e-02
-1.779641096030192687e-02
-1.779641096030193728e-02
-1.779641096030189565e-02
-1.797182279084787865e-02
-1.815081473433609316e-02
-1.806086400180585000e-02
-1.797181985725279305e-02
-1.779641096030191647e-02
-1.779628158207489583e-02
-1.779628158207490624e-02
-1.788357683458105876e-02
-1.788357683458103101e-02
-1.788357683458104835e-02
-1.788357683458101713e-02
-1.788357683458104835e-02
-1.788357683458103101e-02
-1.788357683458104835e-02
-1.788357683458101713e-02
-1.803906329540810871e-02
-1.803906329540809136e-02
-1.803906329540807749e-02
-1.803906329540810871e-02
-1.803906329540806708e-02
-1.803906329540806708e-02
-1.803906329540810871e-02
-1.803906329540810177e-02
-1.803906329540807749e-02
-1.803906329540809483e-02
-1.797168182070483719e-02
-1.797168252913598080e-02
-1.797168252913599468e-02
-1.797168252913597039e-02
-1.797168252913597039e-02
-1.797168252913594264e-02
-1.806067468442289214e-02
-1.797168252913593223e-02
-1.806067468442290602e-02
-1.806055600845293124e-02
-1.793225809432798940e-02
-1.793225809432796164e-02
-1.793225809432796164e-02
-1.793225809432796164e-02
-1.793225809432796164e-02
-1.793225809432797899e-02
-1.802127345910428322e-02
-1.793225809432797899e-02
-1.806067468442286439e-02
-1.797168252913599468e-02
-1.796983701313563386e-02
-1.805886228827986023e-02
-1.805886228827986023e-02
-1.805886228827986023e-02
-1.805868784336014596e-02
-1.805868784336015637e-02
-1.814858787061755796e-02
-1.814858787061756490e-02
-1.814858787061757531e-02
-1.814858787061757531e-02
-1.805868784336014596e-02
-1.796983701313562345e-02
-1.796983701313564080e-02
-1.792875778778535087e-02
-1.788524182707027996e-02
-1.779770427656198611e-02
-1.771104262970357376e-02
-1.771104262970349050e-02
-1.771104262970354601e-02
-1.771104262970354601e-02
-1.771104262970353213e-02
-1.771104262970354601e-02
-1.771104262970350091e-02
-1.771104262970356336e-02
-1.771104262970353213e-02
-1.771104262970356336e-02
-1.779770427656198611e-02
-1.771104262970356336e-02
-1.771104262970356336e-02
-1.771104262970356336e-02
-1.771104262970353560e-02
-1.771104262970357723e-02
-1.771104262970359805e-02
-1.771104262970352172e-02
-1.771104262970359805e-02
-1.771104262970358417e-02
-1.771104262970358417e-02
-1.754022213755991599e-02
-1.745607924954883233e-02
-1.745607924954881499e-02
-1.745607924954882539e-02
-1.745607924954887744e-02
-1.745607924954883233e-02
-1.754022213755991599e-02
-1.745607924954880458e-02
-1.770791789487323811e-02
-1.770791789487320342e-02
-1.770791789487323811e-02
-1.770791789487325546e-02
-1.770791789487327975e-02
-1.770791789487324852e-02
-1.770791789487327281e-02
-1.762211116996331359e-02
-1.753715473879030248e-02
-1.737269699675906762e-02
-1.737269699675906762e-02
-1.737269699675906762e-02
-1.745603205713608733e-02
-1.745603205713606998e-02
-1.745603205713605610e-02
-1.745603205713603182e-02
-1.762518828952038680e-02
-1.754020061042685374e-02
-1.754020061042687109e-02
-1.754882516760621070e-02
-1.754882516760621070e-02
-1.754020061042685028e-02
-1.762473610918485409e-02
-1.762473610918479511e-02
-1.762473610918480899e-02
-1.762473610918482980e-02
-1.762473610918481939e-02
-1.762473610918485409e-02
-1.762473610918480205e-02
-1.745603385072232172e-02
-1.745603385072232172e-02
-1.745603385072231131e-02
-1.745603385072231131e-02
-1.745603385072232519e-02
-1.754019092606666150e-02
-1.754019092606664415e-02
-1.754019092606663721e-02
-1.754019092606665109e-02
-1.737269699675906762e-02
-1.737269699675900517e-02
-1.788530634809503209e-02
-1.788530634809505290e-02
-1.788530634809507025e-02
-1.779775659139898672e-02
-1.797374560170669072e-02
-1.797374560170669072e-02
-1.797374560170669072e-02
-1.779775659139900407e-02
-1.779775659139898325e-02
-1.762524719312445060e-02
-1.762524719312448529e-02
-1.762524719312445060e-02
-1.762524719312450264e-02
-1.762524719312447488e-02
-1.762524719312448529e-02
-1.762524719312446100e-02
-1.771106598780246635e-02
-1.771106598780241431e-02
-1.779774799911188615e-02
-1.779774799911182370e-02
-1.779774799911184105e-02
-1.779774799911185493e-02
-1.779774799911185493e-02
-1.741050780944702545e-02
-1.741050780944698034e-02
-1.741050780944702545e-02
-1.753394514194911782e-02
-1.753394514194908313e-02
-1.753394514194913517e-02
-1.753394514194912129e-02
-1.753394514194911782e-02
-1.762082210163858770e-02
-1.762082210163858770e-02
-1.744829874553061391e-02
-1.777530180715282057e-02
-1.786600495204121800e-02
-1.786600495204118330e-02
-1.786600495204120412e-02
-1.795766333616436589e-02
-1.784037540482668119e-02
-1.777530526781397405e-02
-1.814387745696433019e-02
-1.786600586089907156e-02
-1.786600586089911666e-02
-1.786600586089907156e-02
-1.786600586089909237e-02
-1.786600586089906115e-02
-1.786600586089911666e-02
-1.786600586089906115e-02
-1.786600494690390728e-02
-1.786600494690390728e-02
-1.799812298186980256e-02
-1.799812298186980256e-02
-1.799812298186979215e-02
-1.808830080598116535e-02
-1.808830080598116535e-02
-1.799575178827004032e-02
-1.799575178827001257e-02
-1.799575178827004032e-02
-1.799575178827000910e-02
-1.799575178826998828e-02
-1.790416424336117862e-02
-1.790416424336123760e-02
-1.799575059456000672e-02
-1.808824569932634269e-02
-1.808824569932633228e-02
-1.808830329497552666e-02
-1.808830329497551279e-02
-1.808830329497549197e-02
-1.799575322327183827e-02
-1.827637283231971915e-02
-1.761874737372146407e-02
-1.770228130038315612e-02
-1.770228130038318040e-02
-1.770228130038311795e-02
-1.770228130038315265e-02
-1.770228130038315265e-02
-1.770228130038315265e-02
-1.761921564220085210e-02
-1.761921564220085210e-02
-1.761921564220085210e-02
-1.761921564220084169e-02
-1.761921564220085210e-02
-1.761921564220081046e-02
-1.761921564220082087e-02
-1.761921564220079658e-02
-1.761921564220079658e-02
-1.737242094610389614e-02
-1.737242094610388921e-02
-1.737242094610389614e-02
-1.737242094610388921e-02
-1.737242094610387186e-02
-1.737242094610388921e-02
-1.737242094610387880e-02
-1.737242094610388921e-02
-1.737242094610389961e-02
-1.737242094610388921e-02
-1.737242094610389614e-02
-1.737242094610388921e-02
-1.737242094610388921e-02
-1.737242094610386492e-02
-1.737242094610385798e-02
-1.737242094610386492e-02
-1.737242094610388227e-02
-1.753622867191846277e-02
-1.753622867191844542e-02
-1.761914759795110003e-02
-1.761914759795106880e-02
-1.761914759795108615e-02
-1.761914759795107921e-02
-1.761914759795106880e-02
-1.761914759795108268e-02
-1.761914759795106880e-02
-1.761914759795106880e-02
-1.761914759795105839e-02
-1.761914803763535431e-02
-1.761914803763537513e-02
-1.761914803763537513e-02
-1.770286960623343106e-02
-1.753622896827507563e-02
-1.753622896827504440e-02
-1.753622896827504440e-02
-1.761914498104500890e-02
-1.753622896827505134e-02
-1.753622896827503400e-02
-1.770284144901321938e-02
-1.770284144901319856e-02
-1.761914154995858350e-02
-1.761914154995858350e-02
-1.761914154995859391e-02
-1.761914154995859391e-02
-1.761914154995859391e-02
-1.761914154995858697e-02
-1.761914154995855228e-02
-1.761914154995857310e-02
-1.761914154995855922e-02
-1.761914154995854187e-02
-1.761914154995857310e-02
-1.761914154995858697e-02
-1.761914154995855922e-02
-1.761914067099295059e-02
-1.761914067099294712e-02
-1.761914067099297487e-02
-1.761914067099296100e-02
-1.761914067099295059e-02
-1.761914067099296446e-02
-1.761914067099296100e-02
-1.761914067099296446e-02
-1.761914067099297487e-02
-1.761914067099298181e-02
-1.761914067099297487e-02
-1.761914068663050087e-02
-1.761914068663052169e-02
-1.761914068663052169e-02
-1.761914068663048699e-02
-1.762013340871505795e-02
-1.762013340871509959e-02
-1.762013340871506489e-02
-1.753696754864499802e-02
-1.753696754864498414e-02
-1.753696754864497720e-02
-1.753696754864498414e-02
-1.753696754864497720e-02
-1.753624417274227826e-02
-1.753624417274229561e-02
-1.753624417274229561e-02
-1.753624417274227826e-02
-1.753624417274226785e-02
-1.753624417274227826e-02
-1.753624417274230601e-02
-1.761914067099300263e-02
-1.753624417274229561e-02
-1.753624417274227826e-02
-1.753624417274228520e-02
-1.753624417274228520e-02
-1.753624417274228867e-02
-1.745410864819915697e-02
-1.745410864819918820e-02
-1.745410864819918820e-02
-1.745410864819920208e-02
-1.745410864819920901e-02
-1.753622853496015002e-02
-1.753622853496014655e-02
-1.753622853496014655e-02
-1.753622853496017084e-02
-1.753622853496017084e-02
-1.753622853496013614e-02
-1.753622853496017084e-02
-1.753622853496013614e-02
-1.745410864819919861e-02
-1.745410864819919861e-02
-1.745410864819919861e-02
-1.745410864819916391e-02
-1.745410864819921248e-02
-1.753622853496014655e-02
-1.753622853496013614e-02
-1.753622853496012574e-02
-1.753622853496013614e-02
-1.753622853496013614e-02
-1.753622853496014308e-02
-1.761914715846214785e-02
-1.771975347167529732e-02
-1.771975347167529732e-02
-1.771975347167529732e-02
-1.771975347167528345e-02
-1.771975347167531467e-02
-1.771975347167530079e-02
-1.755379728647576271e-02
-1.755379728647571760e-02
-1.755379728647575577e-02
-1.755379728647574536e-02
-1.755379728647577658e-02
-1.755379728647576965e-02
-1.755379728647576965e-02
-1.755379728647575230e-02
-1.755379728647574536e-02
-1.755379728647570026e-02
-1.755379728647570026e-02
-1.755379728647573148e-02
-1.763672982392190669e-02
-1.755379728647571413e-02
-1.755379728647572107e-02
-1.755379728647574536e-02
-1.755379728647571413e-02
-1.763672982392194832e-02
-1.763672982392191363e-02
-1.755379728647572801e-02
-1.763672982392192404e-02
-1.755379728647571067e-02
-1.763672982392193792e-02
-1.763672982392192404e-02
-1.763672982392193792e-02
-1.763672982392192404e-02
-1.767752311162369694e-02
-1.767752311162373510e-02
-1.772048988024613886e-02
-1.780504890879665639e-02
-1.763675127911076834e-02
-1.780504935699711577e-02
-1.780504935699715741e-02
-1.763675127911077181e-02
-1.763675127911074406e-02
-1.772048855024157404e-02
-1.772048855024154282e-02
-1.772048855024152200e-02
-1.772048855024153588e-02
-1.772048855024154976e-02
-1.772048855024154976e-02
-1.772048855024150465e-02
-1.772048855024151159e-02
-1.772048855024151853e-02
-1.772048855024151159e-02
-1.772048855024152894e-02
-1.772048855024155323e-02
-1.772048855024155323e-02
-1.772048855024152894e-02
-1.772048855024154629e-02
-1.763675435411783329e-02
-1.763675435411781942e-02
-1.763675435411786452e-02
-1.772049130593386645e-02
-1.772049130593387686e-02
-1.772049130593384564e-02
-1.772049130593384564e-02
-1.772049130593381788e-02
-1.772049130593381788e-02
-1.755376332260686484e-02
-1.755376332260684402e-02
-1.755376332260685443e-02
-1.747159383197257124e-02
-1.747159383197254695e-02
-1.747159383197257124e-02
-1.747159383197259899e-02
-1.747159383197257124e-02
-1.747159383197257124e-02
-1.747159383197259899e-02
-1.747159383197257124e-02
-1.747159383197259899e-02
-1.747159383197259899e-02
-1.755375869240903552e-02
-1.755375869240904246e-02
-1.747159383197259899e-02
-1.747159297777699932e-02
-1.747159297777697157e-02
-1.747159297777696463e-02
-1.747159297777696463e-02
-1.747159297777696463e-02
-1.755375703802838222e-02
-1.755375703802839263e-02
-1.747160627643433439e-02
-1.747160627643429970e-02
-1.747160627643432398e-02
-1.747160627643432051e-02
-1.747160627643432051e-02
-1.747160627643436562e-02
-1.747160627643429970e-02
-1.747160627643434133e-02
-1.747160627643436562e-02
-1.747160627643434133e-02
-1.747160627643432398e-02
-1.747160627643435868e-02
-1.747160627643431011e-02
-1.747160627643434133e-02
-1.747160627643436909e-02
-1.747160627643431011e-02
-1.755375703802838222e-02
-1.747160627643431011e-02
-1.747160627643432398e-02
-1.747160627643435868e-02
-1.747160627643432051e-02
-1.747160627643432051e-02
-1.747160627643432051e-02
-1.747160627643432051e-02
-1.747160627643433439e-02
-1.739074431060346274e-02
-1.747160627643433439e-02
-1.747160627643427888e-02
-1.755375703802838222e-02
-1.755374345287182350e-02
-1.755374345287180962e-02
-1.755374345287180962e-02
-1.763668711788517196e-02
-1.763668711788515808e-02
-1.763668711788518237e-02
-1.763668711788515808e-02
-1.772043582420557845e-02
-1.763670634784614624e-02
-1.763670634784620869e-02
-1.763670634784620869e-02
-1.763670634784619828e-02
-1.763670634784618788e-02
-1.763670634784620869e-02
-1.763670634784615665e-02
-1.723519904652214690e-02
-1.723519904652215731e-02
-1.731617319582095735e-02
-1.723519904652214690e-02
-1.731617319582094347e-02
-1.731617319582090531e-02
-1.731617319582093653e-02
-1.723519904652214690e-02
-1.723519904652215731e-02
-1.731617319582093306e-02
-1.731617319582090531e-02
-1.731617319582095735e-02
-1.731617319582093306e-02
-1.731617319582094694e-02
-1.731617319582094000e-02
-1.731617319582093306e-02
-1.731617319582091571e-02
-1.731617319582093306e-02
-1.731617319582093306e-02
-1.731617319582095735e-02
-1.731617319582092612e-02
-1.731617319582094347e-02
-1.723519904652219548e-02
-1.723519904652219548e-02
-1.731617319582093306e-02
-1.723519904652219548e-02
-1.731617319582095735e-02
-1.731617319582099204e-02
-1.731617319582093653e-02
-1.731617319582093653e-02
-1.731617319582094347e-02
-1.723519904652211568e-02
-1.723519904652210874e-02
-1.723519904652210874e-02
-1.723519904652216078e-02
-1.723519904652211568e-02
-1.684626868733758026e-02
-1.684626868733759414e-02
-1.684626868733759414e-02
-1.684626868733757679e-02
-1.684626868733759761e-02
-1.684626868733759761e-02
-1.692341986760985753e-02
-1.735427181139389749e-02
-1.735427181139391137e-02
-1.748444515823976975e-02
-1.748444515823982873e-02
-1.748444515823985648e-02
-1.748444515823982526e-02
-1.748444515823982526e-02
-1.748444515823980097e-02
-1.748444515823982873e-02
-1.748444515823983914e-02
-1.748444515823981485e-02
-1.756761709479821854e-02
-1.756761709479823588e-02
-1.756761709479823588e-02
-1.756761709479822200e-02
-1.756761709479816996e-02
-1.756761709479818731e-02
-1.732047631538195451e-02
-1.732047631538195798e-02
-1.732047631538196145e-02
-1.732047631538196839e-02
-1.732047631538196145e-02
-1.732047631538194410e-02
-1.732047631538196145e-02
-1.732047631538198573e-02
-1.732047631538196145e-02
-1.732047631538196145e-02
-1.732047631538196145e-02
-1.732047631538194410e-02
-1.732047631538194410e-02
-1.732047631538195104e-02
-1.732047631538194063e-02
-1.732047631538195451e-02
-1.732047631538198573e-02
-1.732047631538198573e-02
-1.732047631538200655e-02
-1.732047631538200308e-02
-1.732047631538200308e-02
-1.732047631538198573e-02
-1.732047631538198920e-02
-1.732087272221292940e-02
-1.732087272221295715e-02
-1.732087272221292940e-02
-1.732087272221295715e-02
-1.732087272221295021e-02
-1.732087272221293980e-02
-1.732087272221293980e-02
-1.732087272221292246e-02
-1.732087272221290858e-02
-1.732087272221288082e-02
-1.732087272221291205e-02
-1.732087272221290858e-02
-1.732087272221288082e-02
-1.732087272221288776e-02
-1.748449634194457203e-02
-1.748449634194459978e-02
-1.748449634194459978e-02
-1.748449634194459978e-02
-1.748449634194461366e-02
-1.748449634194457550e-02
-1.748449634194457203e-02
-1.748449634194458244e-02
-1.748449634194459978e-02
-1.748449634194461713e-02
-1.748449634194456162e-02
-1.765129039125245061e-02
-1.765129039125245061e-02
-1.765129039125246796e-02
-1.765129039125245061e-02
-1.765129039125245061e-02
-1.765129039125244714e-02
-1.756735280880104139e-02
-1.748450396961874487e-02
-1.748450396961876568e-02
-1.748450396961878650e-02
-1.740245267972507712e-02
-1.740245267972509793e-02
-1.740245267972509793e-02
-1.740245267972507712e-02
-1.765101886819104779e-02
-1.765101886819104779e-02
-1.765101886819105820e-02
-1.765101886819108942e-02
-1.765101886819108248e-02
-1.765101886819104085e-02
-1.782079842492717558e-02
-1.765101886819108248e-02
-1.765101886819108248e-02
-1.765101886819108942e-02
-1.740245267972501467e-02
-1.740245267972499385e-02
-1.740245267972501467e-02
-1.740245267972503548e-02
-1.740245267972503548e-02
-1.748450353573635999e-02
-1.740245267972503548e-02
-1.756713288295284198e-02
-1.765078199163495204e-02
-1.756713288295283157e-02
-1.756713288295284198e-02
-1.756713288295286279e-02
-1.756713288295281422e-02
-1.756713288295281769e-02
-1.756713288295283157e-02
-1.756713288295284198e-02
-1.756713288295283157e-02
-1.773652795952734840e-02
-1.756713288295281422e-02
-1.756713288295282810e-02
-1.740245267972503548e-02
-1.740245267972503548e-02
-1.740245267972501120e-02
-1.740245267972501120e-02
-1.740245267972502854e-02
-1.740245267972503548e-02
-1.756735368091506821e-02
-1.756735368091507515e-02
-1.748450440350582044e-02
-1.732112084454788883e-02
-1.732112084454789924e-02
-1.740237240409894803e-02
-1.740237240409893762e-02
-1.740237240409896885e-02
-1.740237240409894803e-02
-1.732112084454785761e-02
-1.748441195232176837e-02
-1.748441195232176837e-02
-1.748441195232180653e-02
-1.748441195232175449e-02
-1.748441195232179612e-02
-1.740237836782422554e-02
-1.740237836782423247e-02
-1.732112084454793394e-02
-1.732112084454793394e-02
-1.732112084454793394e-02
-1.732112084454789577e-02
-1.732112084454794088e-02
-1.732112084454793394e-02
-1.732112084454793394e-02
-1.732112084454794088e-02
-1.732112084454789577e-02
-1.732112084454789577e-02
-1.732112084454789577e-02
-1.740237240409892375e-02
-1.740237240409905212e-02
-1.732112084454793741e-02
-1.732112084454794435e-02
-1.732112084454792006e-02
-1.756725101138663717e-02
-1.756725101138664757e-02
-1.756725101138664757e-02
-1.756725101138664757e-02
-1.756725101138663717e-02
-1.756725101138662676e-02
-1.732112084454792006e-02
-1.740228123932748006e-02
-1.732099915370514248e-02
-1.724049433349716248e-02
-1.724049433349717636e-02
-1.724049433349717289e-02
-1.724049433349717289e-02
-1.724049433349713820e-02
-1.732099915370521534e-02
-1.732099915370521534e-02
-1.732099915370523616e-02
-1.732099915370520146e-02
-1.732099915370523269e-02
-1.732099915370522575e-02
-1.748435841235149515e-02
-1.756722137737342163e-02
-1.756722137737344244e-02
-1.756722137737345285e-02
-1.756722137737343203e-02
-1.756722137737343897e-02
-1.732100210842179092e-02
-1.732100210842180479e-02
-1.732100210842180479e-02
-1.732100210842180479e-02
-1.732100210842180479e-02
-1.748434333016847184e-02
-1.740227997634607657e-02
-1.740227997634604534e-02
-1.740227997634603493e-02
-1.740227997634603493e-02
-1.740227997634606963e-02
-1.756731169972973808e-02
-1.756731169972974502e-02
-1.756731169972974502e-02
-1.744729686325752899e-02
-1.744729686325753940e-02
-1.744729686325753940e-02
-1.744729686325752899e-02
-1.732097853906738524e-02
-1.732096685085449117e-02
-1.732096685085449117e-02
-1.732096685085449117e-02
-1.732096685085444954e-02
-1.732096685085447382e-02
-1.732096685085448076e-02
-1.732096685085449117e-02
-1.732096685085449811e-02
-1.732096685085448423e-02
-1.732096685085448076e-02
-1.732096685085448423e-02
-1.732096685085445648e-02
-1.732096685085447382e-02
-1.732096685085447382e-02
-1.732096685085451893e-02
3.018782124141682760e-02
3.018782124141682760e-02
3.018782124141702536e-02
3.050403943204369611e-02
2.958265912330133515e-02
2.928570380621814059e-02
2.958265912330126923e-02
2.958266936362376892e-02
2.958266936362376892e-02
2.958266936362386260e-02
2.958266936362377239e-02
2.958266936362374463e-02
2.958266936362357116e-02
2.958266936362367178e-02
2.958266936362367178e-02
2.988573977773852780e-02
2.988573977773854862e-02
2.958266936362376198e-02
2.958266936362370647e-02
2.988573977773864923e-02
2.958266936362371688e-02
2.958266936362376892e-02
2.958267277861944752e-02
2.988577772039549552e-02
2.988577772039549552e-02
2.988577772039549205e-02
2.988577772039560307e-02
2.876094876531318234e-02
2.876094876531327948e-02
2.876094876531328989e-02
2.876094876531319275e-02
2.876094876531321357e-02
2.876094876531321357e-02
2.876094876531319969e-02
2.876094876531318928e-02
2.876094876531309560e-02
2.876094876531321357e-02
2.904176517787116982e-02
2.904176517787124268e-02
2.876094876531321703e-02
2.876094876531311295e-02
2.876094876531302622e-02
2.961508816552013354e-02
2.991283646769869048e-02
2.991283646769869395e-02
2.991283646769878415e-02
2.961508816552013354e-02
2.961231473894819152e-02
2.932326126013773057e-02
2.932326126013765077e-02
2.932326126013773404e-02
2.932896575573963605e-02
2.932897533661809122e-02
2.932897533661815367e-02
2.932897533661808082e-02
2.962083061804359971e-02
2.962083061804360665e-02
2.932897533661816755e-02
2.932897533661808429e-02
2.932897533661816061e-02
2.932897533661815714e-02
2.932897533661815714e-02
2.962083061804361012e-02
2.904280461854736109e-02
2.904280461854698639e-02
2.904280461854710782e-02
2.904280461854709047e-02
2.904280461854720496e-02
2.932893112676156558e-02
2.904280461854710435e-02
2.904280461854698639e-02
2.904280461854712170e-02
2.962233764003597072e-02
2.962233764003598113e-02
2.991942406435851159e-02
2.962233764003597072e-02
2.962233764003597072e-02
2.962233764003598113e-02
3.053200535827313086e-02
3.053200535827313086e-02
3.022269959704475609e-02
3.053200535827343964e-02
3.053200535827352638e-02
3.053200535827351250e-02
3.022269959704465547e-02
3.022269959704466241e-02
3.022269959704457221e-02
3.022269959704475956e-02
3.022269959704466241e-02
3.084778815022345272e-02
3.053200894798011392e-02
3.022269959704456180e-02
3.022269959704466588e-02
3.084779383304664391e-02
3.022269959704466241e-02
3.022269959704459649e-02
3.022269959704476303e-02
3.022269959704459302e-02
3.022269959704466241e-02
3.022266465132255123e-02
3.022266465132255817e-02
3.022266465132255817e-02
3.052603394833394712e-02
3.052603394833405814e-02
3.052603394833395059e-02
3.052603394833391243e-02
3.052603394833391243e-02
2.991942406435849425e-02
2.991942406435850119e-02
2.991942406435858445e-02
2.991942406435858792e-02
2.991942406435851159e-02
2.991942406435841792e-02
2.991942406435843527e-02
2.991942406435840404e-02
2.991942406435802934e-02
2.991942406435811261e-02
2.962233764003606787e-02
2.962233764003605052e-02
2.962233764003606787e-02
2.962233764003606787e-02
2.962233764003616848e-02
2.962233764003613726e-02
2.962233764003606787e-02
2.991932117161337848e-02
3.022265540702905734e-02
2.991932117161337848e-02
2.962208169004237543e-02
3.022171723514576608e-02
2.991931779078309261e-02
3.022243665473001509e-02
3.016922856962566540e-02
3.016922856962592214e-02
3.016922856962592214e-02
3.016922856962582153e-02
3.022264733038858286e-02
3.022264733038867307e-02
3.022264733038879103e-02
3.022264733038869389e-02
2.991935372936288529e-02
2.962211252612290818e-02
2.962211252612281451e-02
2.962211252612281451e-02
2.991982596832980235e-02
2.991982596832990643e-02
2.991982596832981275e-02
2.991982596832997929e-02
2.991982596832990643e-02
2.991982596832980582e-02
2.991982596833002092e-02
3.022479088755063159e-02
3.022479088755063159e-02
3.022479088755072874e-02
3.022479088755062812e-02
3.022479088755064547e-02
2.991984305389706542e-02
2.991984305389715909e-02
2.991984305389712440e-02
2.991984305389704113e-02
2.991984305389712440e-02
2.991984305389712440e-02
2.991984305389704113e-02
2.991984305389712440e-02
2.991984305389704113e-02
2.991984305389704807e-02
3.022480476243904340e-02
2.991984995088214916e-02
2.991984995088214916e-02
3.022480476243910585e-02
3.022480476243910585e-02
3.022480476243903300e-02
3.023043940168888832e-02
2.991984995088215610e-02
2.991984995088215263e-02
2.991984995088205201e-02
3.022480476243905381e-02
3.022480476243914055e-02
2.991984995088215263e-02
2.945012436318628080e-02
2.945104304079186261e-02
2.945104304079179669e-02
2.945104304079186955e-02
2.945104304079186955e-02
2.974719288197552602e-02
2.932432075725423248e-02
2.932432075725423595e-02
2.932432075725423595e-02
2.932432075725423248e-02
2.932432075725412840e-02
2.932432075725421861e-02
2.932432075725421861e-02
2.875572100242940188e-02
2.875559889780049741e-02
2.875559889780058068e-02
2.875559889780050782e-02
2.875559889780059802e-02
2.875559889780059802e-02
2.875559889780059802e-02
2.875559889780059802e-02
2.875559889780059802e-02
2.875559889780041761e-02
2.847965539977862642e-02
2.847965539977862642e-02
2.847965539977854316e-02
2.847965539977853275e-02
2.847965539977853275e-02
2.847965539977853275e-02
2.847965539977861255e-02
2.847965539977851887e-02
2.847965539977850499e-02
2.847965539977861948e-02
2.847965539977850499e-02
2.758264221409330655e-02
2.758264221409320593e-02
2.758264221409320593e-02
2.758264221409330308e-02
2.758264221409337594e-02
2.758264221409330655e-02
2.758264221409320940e-02
2.782094522817039201e-02
2.782094522817030874e-02
2.758264221409328573e-02
2.758264221409330308e-02
2.758264221409336900e-02
2.758264221409337941e-02
2.758264221409338635e-02
2.758264221409337941e-02
2.758264221409336900e-02
2.758264221409321634e-02
2.758264221409320593e-02
2.758264221409328573e-02
2.758264221409338635e-02
2.758264221409336900e-02
2.758264221409330655e-02
2.758264221409336900e-02
2.758264221409329961e-02
2.758264221409329614e-02
2.758264221409329614e-02
2.758264221409337941e-02
2.758264221409337941e-02
2.758264221409337941e-02
2.782094522817047527e-02
2.758264221409337941e-02
2.758264221409336900e-02
2.758264221409346267e-02
2.758264221409346614e-02
2.782094518369549602e-02
2.782094518369558275e-02
2.782094518369533295e-02
2.806345108190473614e-02
2.782094518369549949e-02
2.782094518369549602e-02
2.757380455527035090e-02
2.758262180060195787e-02
2.758262180060195787e-02
2.758262180060187807e-02
2.758262180060187807e-02
2.758262180060196828e-02
2.758262180060187807e-02
2.758262180060195787e-02
2.758262180060205154e-02
2.758262180060204807e-02
2.758262180060195787e-02
2.758262180060204807e-02
2.758262180060187807e-02
2.758262180060205154e-02
2.758262180060189195e-02
2.782136936550034731e-02
2.782136936550033690e-02
2.758262180060195787e-02
2.758262180060195787e-02
2.758262180060195440e-02
2.758262180060195440e-02
2.758262180060180174e-02
2.758262180060187807e-02
2.758262180060195787e-02
2.733798457743142826e-02
2.806337809828966801e-02
2.782119348137266496e-02
2.782119348137265455e-02
2.782119348137273435e-02
2.782119348137265455e-02
2.782119348137273435e-02
2.782119348137264761e-02
2.782119348137265802e-02
2.782119348137265802e-02
2.782119348137266149e-02
2.782119348137272741e-02
2.782119348137281067e-02
2.782119348137273435e-02
2.782119348137282455e-02
2.782119348137272047e-02
2.782119348137265802e-02
2.782119348137265802e-02
2.782119348137266496e-02
2.782119348137273435e-02
2.782119348137273435e-02
2.782119348137273088e-02
2.782119348137273435e-02
2.782119348137272741e-02
2.782119348137266496e-02
2.782119348137266496e-02
2.782119348137274822e-02
2.782119348137273435e-02
2.782119348137273435e-02
2.782119348137274822e-02
2.782119348137274129e-02
2.782119348137273088e-02
2.782119348137265802e-02
2.782119348137273088e-02
2.806337809828956739e-02
2.782119348137274822e-02
2.782119348137273435e-02
2.782119348137273435e-02
2.782119348137273435e-02
2.782119348137273435e-02
2.782119348137266496e-02
2.782119348137266496e-02
2.782119348137274822e-02
2.782119348137273088e-02
2.782119348137282108e-02
2.782119348137282802e-02
2.782119348137282455e-02
2.782119348137272047e-02
2.782119348137265108e-02
2.782119348137266149e-02
2.782119348137274129e-02
2.782119348137274822e-02
2.782119348137282455e-02
2.782119348137273435e-02
2.782119348137282802e-02
2.782119348137272741e-02
2.782119348137266496e-02
2.782119348137274129e-02
2.782119348137274822e-02
2.782119348137282455e-02
2.782119348137282455e-02
2.782119348137281414e-02
2.782119348137281414e-02
2.782119348137281414e-02
2.782119348137273435e-02
2.782119348137280720e-02
2.830983495449078749e-02
2.830983495449078749e-02
2.830983495449078749e-02
2.830983495449079443e-02
2.830983495449071116e-02
2.806339716034973383e-02
2.806339716034982751e-02
2.806339716034973730e-02
2.806339716034965751e-02
2.806339716034965057e-02
2.806339716034965057e-02
2.806339716034974077e-02
2.806339716034965751e-02
2.806339716034965751e-02
2.806339716034966444e-02
2.830983495449063136e-02
2.806339716034973730e-02
2.806339716034975118e-02
2.806339716034965751e-02
2.806339716034957771e-02
2.806339716034957771e-02
2.806339716034965751e-02
2.806339716034965751e-02
2.830983495449062790e-02
2.830983495449062790e-02
2.806339716034957771e-02
2.806339716034949097e-02
2.806339716034957424e-02
2.882578872474458528e-02
2.882578872474449855e-02
2.882578872474467202e-02
2.882578872474467896e-02
2.882578872474466161e-02
2.882578872474457141e-02
2.882578872474457835e-02
2.882578872474457835e-02
2.935020174324607864e-02
2.935020174324607864e-02
2.935020174324607864e-02
2.935020174324606476e-02
2.935020174324615844e-02
2.908561222856172884e-02
2.908561222856164558e-02
2.882578872474457835e-02
2.882578872474466855e-02
2.882578872474466855e-02
2.908618172249968770e-02
2.935051502112890481e-02
2.935051502112882502e-02
2.882578872474466855e-02
2.882578872474466855e-02
2.908559898423438567e-02
2.882578872474466855e-02
2.882578872474466855e-02
2.882578872474474488e-02
2.882578872474466855e-02
2.882578872474466161e-02
2.882578872474466161e-02
2.882578872474466161e-02
2.882578872474457141e-02
2.882578872474466855e-02
2.882578872474458528e-02
2.882578872474467202e-02
3.073671345545809716e-02
3.073671345545811798e-02
3.073671345545800695e-02
3.073671345545791328e-02
3.073671345545800349e-02
3.063776724382402325e-02
3.063776724382400243e-02
3.044661334590641893e-02
3.044661334590641200e-02
3.103247546438372279e-02
3.044661334590643628e-02
3.044661334590622465e-02
3.044661334590623852e-02
3.044661334590631485e-02
3.044661334590631485e-02
3.044661334590622465e-02
3.044661334590625240e-02
2.949190137840786152e-02
2.976427840543357378e-02
2.976427840543349398e-02
2.976427840543349745e-02
2.976427840543348705e-02
2.976427840543366399e-02
2.976427840543357725e-02
2.976427840543357725e-02
2.976427840543357725e-02
2.976427840543365705e-02
2.976427840543366399e-02
2.949190137840769152e-02
2.949190137840778173e-02
2.949190137840787540e-02
2.949190137840778866e-02
2.949190137840770193e-02
2.949190137840769152e-02
2.949190137840777132e-02
2.976427840543331010e-02
2.949430424335649364e-02
2.976772153355230349e-02
2.976427840543330663e-02
3.004180892029736927e-02
3.004180892029756703e-02
2.976144088807550561e-02
2.976144088807551602e-02
2.976428413624069430e-02
2.976428413624088859e-02
2.976428413624070818e-02
2.976428413624063185e-02
2.976428413624060756e-02
2.976428413624070818e-02
2.976428413624061103e-02
2.976428413624070818e-02
3.032306981007326999e-02
2.976428413624070818e-02
2.976427251275656077e-02
2.976427251275659547e-02
2.976427251275658853e-02
2.976427251275656077e-02
2.976427251275647404e-02
2.922420903803112438e-02
2.922420903803121459e-02
2.922420903803112438e-02
2.922420903803113479e-02
2.949173217621607612e-02
2.949173217621598592e-02
2.949173217621608306e-02
2.949173217621616633e-02
2.908565468876930446e-02
2.908565468876914487e-02
3.017443993569030730e-02
3.017443993569031424e-02
2.989460852443244152e-02
3.017443993569022404e-02
2.989460852443252478e-02
2.989460852443253519e-02
2.961994216480621361e-02
2.961994216480621361e-02
2.935031871090508851e-02
2.935032143564808918e-02
2.935032143564808224e-02
2.935032143564809612e-02
2.961990580125389849e-02
2.935032143564797816e-02
2.935051364757277487e-02
2.935051364757293793e-02
2.935051364757284426e-02
2.935051364757293446e-02
2.935051364757275752e-02
2.935051364757284426e-02
2.935051364757284773e-02
2.962002836738241232e-02
2.935051364757284426e-02
2.935051364757276793e-02
2.935051364757275752e-02
2.935051364757276793e-02
2.935051364757284426e-02
2.961991405278144654e-02
2.961991405278153328e-02
2.935032416050271931e-02
2.935031871090499830e-02
2.989453200213808975e-02
2.881457324066462322e-02
2.881457324066463016e-02
2.881457324066453649e-02
2.881457324066453649e-02
2.907228703430464814e-02
2.907228703430449201e-02
2.881457324066454342e-02
2.806028121504249712e-02
2.806028121504249365e-02
2.806028121504257691e-02
2.806028121504249365e-02
2.855859845088721399e-02
2.855859845088729726e-02
2.855859845088729032e-02
2.855859845088719318e-02
2.855859845088719318e-02
2.855859845088711338e-02
2.855859845088738747e-02
2.881455785554281127e-02
2.881455785554281127e-02
2.881455785554281127e-02
2.830114859247895298e-02
2.961170985345298184e-02
2.961170985345307205e-02
2.961170985345299919e-02
2.988685117718490464e-02
2.988685117718482484e-02
2.988685117718492198e-02
2.988685117718491505e-02
2.961170985345306858e-02
2.961170985345318307e-02
2.961170985345317266e-02
2.961170985345316226e-02
2.961170985345316226e-02
2.961170985345307205e-02
2.961170985345316226e-02
2.961170985345307899e-02
2.961170985345307899e-02
2.961170985345308246e-02
2.934160267559543511e-02
2.934160267559545246e-02
2.934160267559543511e-02
2.934160267559543858e-02
2.934160267559543511e-02
2.907475277151069099e-02
2.907475277151060772e-02
2.907475277151061466e-02
2.907475277151053139e-02
2.677694379529501831e-02
2.706551293098246463e-02
2.677694379529502178e-02
2.677694379529492116e-02
2.734874815968410186e-02
2.734874815968421635e-02
2.734874815968419207e-02
2.705874551616876261e-02
2.705874551616888404e-02
2.705874551616877996e-02
2.734874815968400125e-02
2.705874551616854404e-02
2.705874551616863077e-02
2.705874551616875914e-02
2.705874551616875914e-02
2.705874551616875914e-02
2.794645171697697147e-02
2.794645171697697494e-02
2.706016420907159797e-02
2.706016420907151471e-02
2.706016420907150430e-02
2.706016420907151471e-02
2.706016420907156675e-02
2.706016420907145920e-02
2.706016420907145920e-02
2.706016420907155981e-02
2.706016420907151471e-02
2.706016420907153552e-02
2.706016420907153899e-02
2.706016420907155981e-02
2.706016420907155981e-02
2.706016420907153205e-02
2.706016420907146613e-02
2.706016420907163614e-02
2.735014653480035210e-02
2.735014653480030006e-02
2.735014653480040761e-02
2.735014653480040414e-02
2.706016420907156675e-02
2.706016420907172981e-02
2.706016420907166389e-02
2.705535640219125168e-02
2.705535640219142515e-02
2.734532864200271349e-02
2.734532864200271349e-02
2.677622571547658842e-02
2.677622571547651209e-02
2.706012968516397291e-02
2.677622571547658495e-02
2.706012968516410475e-02
2.706012968516401107e-02
2.706012968516400760e-02
2.706012968516400760e-02
2.706012968516393821e-02
2.677622571547658495e-02
2.706012968516385495e-02
2.677622571547642188e-02
2.677622571547659189e-02
2.706012968516398678e-02
2.706012968516390352e-02
2.677622571547648780e-02
2.677622571547639760e-02
2.677622571547650862e-02
2.677622571547658842e-02
2.677622571547650862e-02
2.677622571547648433e-02
2.677622571547658495e-02
2.677622571547649474e-02
2.677622571547649474e-02
2.677622571547659189e-02
2.706012968516383760e-02
2.706012968516390352e-02
2.706012968516392433e-02
2.706012968516381331e-02
2.735040104762063648e-02
2.764673706948489462e-02
2.764673706948489462e-02
2.764673706948467605e-02
2.764673706948477319e-02
2.764673706948488421e-02
2.794962200655735918e-02
2.735024388471896800e-02
2.735024388471896800e-02
2.764660503004520709e-02
2.764660503004520709e-02
2.764660503004510300e-02
2.735024388471894718e-02
2.735024388471894718e-02
2.706634964543487565e-02
2.706634964543487565e-02
2.794604613739551727e-02
2.794604613739553461e-02
2.794604613739552074e-02
2.794604613739543053e-02
2.794604613739560053e-02
2.794604613739548257e-02
2.794604613739552074e-02
2.794604613739552074e-02
3.067904577152889833e-02
3.067904577152889833e-02
2.894635373780677159e-02
2.862415224828987123e-02
2.862415224829002042e-02
2.862415224828991286e-02
2.862415224828991286e-02
2.862415224828987817e-02
2.862415224828984348e-02
2.862415224828974980e-02
2.862415224828991980e-02
2.862415224828991980e-02
2.862415224828994409e-02
2.862415224828985041e-02
2.862415224828991633e-02
2.862415224828984348e-02
2.894524489374089571e-02
2.894524489374088183e-02
2.894524489374088183e-02
2.894524489374088877e-02
2.927557007191216101e-02
2.894524489374088877e-02
2.894524489374089571e-02
2.862415224828998225e-02
2.862415224828994409e-02
2.862415224828994409e-02
2.862415224828998919e-02
2.862415224829010368e-02
2.862415224828986082e-02
2.862415224828996144e-02
2.862415224828996838e-02
2.927746937995754500e-02
2.927746937995740970e-02
2.927746937995744439e-02
2.927746937995743745e-02
2.927746937995744439e-02
2.960655048922710558e-02
2.996277927108748421e-02
2.996277927108730380e-02
2.996277927108730380e-02
2.961705557008597126e-02
2.960211395334655035e-02
3.030082959127363557e-02
3.030082959127373271e-02
3.066280503671867108e-02
3.066280503671877516e-02
3.065851801016086786e-02
3.102855015084743720e-02
3.065851801016102052e-02
3.102855015084755516e-02
3.065851801016101358e-02
3.065851801016101705e-02
3.065851801016105868e-02
3.065851801016105868e-02
3.065851801016096848e-02
3.065851801016101705e-02
3.065851801016102052e-02
3.065851801016101358e-02
3.031111633816893289e-02
3.067595660505700872e-02
3.065851801016114889e-02
3.102855015084741638e-02
3.029721858113617813e-02
3.065851004612438549e-02
3.029721858113615385e-02
3.029721858113629609e-02
3.029713271390110929e-02
3.029713271390110929e-02
3.065849734104493865e-02
3.029713271390101909e-02
3.029712798385570879e-02
2.994425923055872574e-02
2.994425923055872921e-02
2.994425923055872921e-02
2.994425923055860778e-02
2.894710319194009757e-02
2.894710319194019124e-02
2.894710319194009063e-02
2.862409839544634294e-02
2.862409839544634294e-02
2.862409839544624926e-02
2.862409839544624926e-02
2.862409839544629089e-02
2.862409839544629089e-02
2.862409839544622497e-02
2.862409839544622497e-02
2.862409839544614171e-02
2.961576543978982831e-02
2.961576543978969994e-02
2.961576543978980403e-02
2.961576543978981096e-02
2.961576543978969994e-02
2.685093109119841837e-02
2.685093109119855020e-02
2.656125575304379982e-02
2.656125575304380329e-02
2.656125575304379982e-02
2.656125575304380329e-02
2.656125575304380329e-02
