-1.867116754022143162e-03
-1.867189874629754040e-03
-1.867207339461513438e-03
-1.867153743302995628e-03
-1.867375662176707241e-03
-1.867354384136143356e-03
-1.867076552728280962e-03
-1.867181384347217123e-03
-1.867160280927794569e-03
-1.867303391367474731e-03
-1.866778561094023601e-03
-1.866014126513095180e-03
1.990677987250975139e-03
1.988819194837991838e-03
1.993655074503899137e-03
1.988559610642404250e-03
1.988573284229802444e-03
1.988120634069542002e-03
1.988671722910654964e-03
1.996795949618916481e-03
1.997024260979044820e-03
1.996696102077916059e-03
1.996578173630762700e-03
1.996602897054338462e-03
1.996590859500323688e-03
1.996506962308049540e-03
1.996285815504340259e-03
1.996274589186558188e-03
2.004984391582984807e-03
2.005249139806502927e-03
2.004914461320283624e-03
2.004948001910945680e-03
2.004982049375628791e-03
2.005028555499372908e-03
2.015631822779260021e-03
2.015497749505291807e-03
3.077741217486055364e-03
3.077740874530380654e-03
3.077613951352150580e-03
3.077668866154700898e-03
2.938529444198023470e-03
4.592645977814831942e-03
4.589743949147870837e-03
4.590461925594276245e-03
4.588002273432597623e-03
1.006601015375912893e-02
1.005940938818625750e-02
1.005939240027979575e-02
-5.171678242618485064e-03
-5.171336481984735445e-03
-1.162363862011019620e-02
-1.162459095043718096e-02
-1.149757181395945869e-02
-1.151762872262535042e-02
-1.265411675650291064e-04
-1.261002696807787956e-04
-1.262270489357097286e-04
-1.296893056981307339e-04
-1.299412894844729409e-04
-1.278071989284785257e-04
-1.276475884716775757e-04
-2.910564795630667069e-04
-7.998032018829420308e-05
-8.032455177822816887e-05
-7.968131382122987862e-05
-7.962261420007338741e-05
-8.030956415146461814e-05
-7.720463552351498632e-05
-7.699267367649877917e-05
-1.189094335800208952e-04
-1.194074349555959989e-04
-1.193792038054124709e-04
-1.189556858245425716e-04
-1.186263248140196063e-04
-1.185260230778032012e-04
-1.184147706854082676e-04
-1.183381392657916658e-04
-1.184931133164321572e-04
-1.184153329668747451e-04
-1.182691280316038621e-04
-1.201090141850693770e-04
-1.173420010935535270e-04
-1.170949149156376770e-04
-1.171934052450145889e-04
-1.173825037721038076e-04
-1.172963311974669498e-04
-1.184639577640064849e-04
-1.182203076110370553e-04
-1.657918000256220371e-03
-4.775629581650934000e-03
-4.725659214806576282e-03
-4.723745202413994100e-03
-4.724308409662964989e-03
-4.725129918013951102e-03
-4.724988044607498529e-03
-4.728092435546274973e-03
-4.727871437443782396e-03
-4.727064629478151467e-03
-4.726813758524974450e-03
-4.717344408334806123e-03
-4.721872789837450006e-03
-4.684163706391407909e-03
-4.683511918336637214e-03
-4.683581469581013859e-03
-4.684260623470134881e-03
-4.684138015165704647e-03
-4.683127117581945519e-03
-4.684373649787317191e-03
-4.682640113921028927e-03
-4.682869973819766239e-03
-4.682682164663421430e-03
-4.682687895993720671e-03
-4.682203860399423816e-03
-4.679270856538205944e-03
-1.848409817149292535e-03
-1.848306075136959235e-03
9.859152465415218017e-03
9.858925985096396102e-03
9.858501355330688901e-03
-4.425241801031824102e-03
-4.425210751752114285e-03
-4.425321897220083241e-03
-4.455822791103075317e-03
-4.455678963947429065e-03
-4.455503795733420543e-03
-4.454098337713111901e-03
-4.461706264022901811e-03
-4.461400593065066589e-03
-4.461579102840570500e-03
-4.461337298140182796e-03
-4.461541471610677885e-03
-4.461514342872959817e-03
-4.461222320361790845e-03
-4.439587183735916286e-03
-4.439341948515323003e-03
-4.439579300129970277e-03
-4.416084806337862607e-03
-4.416037261194881956e-03
-4.416166189353676851e-03
-4.419391659884559266e-03
-4.419270808552020792e-03
-4.416213912745983391e-03
5.982392759207239182e-03
5.982636149805877282e-03
5.982570693289094958e-03
5.981540972737362481e-03
5.996581355287802610e-03
5.997946932446151201e-03
8.942274393612326816e-03
8.942461145482789517e-03
8.950245250226709914e-03
8.950093262337716765e-03
-5.424589868956167064e-03
-5.423703094520727387e-03
-5.429227346564347544e-03
-5.429925108834323874e-03
-5.452120825551087964e-03
1.595412484374025310e-03
1.595172234448893629e-03
7.965779578318893514e-04
7.963714393135165907e-04
7.964311160019872096e-04
7.956612652250736988e-04
7.961099837007362418e-04
7.968662429011661103e-04
7.968771229354690766e-04
7.968752114971253174e-04
7.966335274733731811e-04
7.961180560813502401e-04
7.961176991123886885e-04
7.963508971584281997e-04
7.968243327931763846e-04
7.965784286167149715e-04
7.967093239447307863e-04
7.967666856025434549e-04
2.276312947313740859e-03
3.167677528720466099e-03
3.167634268705742454e-03
3.168294358785770076e-03
3.164834603769698350e-03
3.167520816422342983e-03
4.419691879928532713e-03
4.419748281589500234e-03
4.420071843198878150e-03
4.419162174844915372e-03
4.419732874839225369e-03
4.452034242603501203e-03
4.452382368841708432e-03
4.450979762479502153e-03
4.451969555464991776e-03
4.452943159467970952e-03
-2.195031851183872583e-03
-2.197583835171898134e-03
-2.201839297017334478e-03
-2.200065564560724305e-03
-2.300697603755105791e-03
-2.300712593818971322e-03
-2.300540511005321181e-03
-2.300633611894082990e-03
-2.300677848653815295e-03
-2.355101531232502935e-03
-2.326808249982785862e-03
-2.404729194593412545e-03
-9.757317946873077241e-02
-3.180389049721367260e-03
-3.179366249022061962e-03
-3.179250166163617806e-03
-3.180530013574638798e-03
-3.179895140634522114e-03
-3.179908464092730778e-03
-3.179902182485481229e-03
-3.179832630640005552e-03
-3.196462613713191986e-03
-3.181754973562977810e-03
-3.179561705855862928e-03
1.154694892653232961e-03
-5.897294486416950095e-03
-5.897216829838374495e-03
-5.897308936329985311e-03
-5.900083452839570940e-03
-5.899010435393060685e-03
-5.860207178037108583e-03
-5.858326638361501318e-03
-1.093703788039677690e-03
-1.093659239199283725e-03
-1.093803337149816491e-03
-1.093921693816827427e-03
-7.013462264030910671e-03
-7.013186718232746961e-03
-7.013095115038326527e-03
-7.013367986956720729e-03
-7.013172767061133170e-03
-7.013276795433098440e-03
-7.398078220052308612e-03
-7.397793171522368087e-03
-7.398713400632689688e-03
-7.399340818400840930e-03
-6.952382199546120953e-03
-6.975064021931772808e-03
-6.975068072000606065e-03
6.082998878311310018e-03
6.079012565221654160e-03
6.078224547701191818e-03
6.078522793810352785e-03
6.078371807450178715e-03
6.078145036256609769e-03
6.091128273363371343e-03
6.089794391648269307e-03
6.089294819456156881e-03
6.192170954878245363e-03
6.193996801995261224e-03
6.186744057949259204e-03
6.186621854906558526e-03
6.185947682500213263e-03
6.186259104432493411e-03
6.186050949429817113e-03
6.185739053938595772e-03
-1.671882781443040453e-03
-1.673512697886944027e-03
-1.675901748116032488e-03
-2.317088077573784769e-03
-3.043370152240811640e-03
-3.041801805910816173e-03
-1.562089066364942850e-03
-1.562101884225647764e-03
-1.562195680375244805e-03
-1.562507640191505148e-03
-1.562425572632181788e-03
-1.562386764155629642e-03
-1.562309567014423918e-03
-1.562852526906330841e-03
-1.562463402403136033e-03
-1.562435873913142845e-03
-1.561966659925338469e-03
-1.562088687628449945e-03
-1.562174000287750450e-03
-1.562448337137621558e-03
-1.562207804637560276e-03
-1.562298222154148318e-03
-1.562342511176953615e-03
-1.562225541117232171e-03
-1.562096433161802448e-03
-1.562108850585429767e-03
-1.562700006602483083e-03
-1.562536808322194989e-03
-1.562329031775929215e-03
-1.561442611903047671e-03
4.387881993980752467e-03
4.389091920428916591e-03
-4.696142774664856072e-03
-4.697778059949731487e-03
-4.697853051579234038e-03
-4.697596426609931472e-03
6.372121941452905773e-03
6.788630639889556631e-03
7.105490968642454337e-03
7.121089785606913442e-03
-1.730461515982716384e-03
-1.730532576354127305e-03
-1.765312110208876748e-03
-1.765976103813221738e-03
-1.766920305445928048e-03
-1.766490933658448198e-03
-1.765112268654576554e-03
-1.765149360169821630e-03
-1.765121605989213374e-03
-1.765104071899439289e-03
-1.765126155835298116e-03
-1.765288253653427529e-03
-1.765312325540450934e-03
-1.765251644874219579e-03
-1.586517299916911147e-03
-1.586478954165614248e-03
-1.590132689270393109e-03
-1.590999144775557704e-03
-1.590675175056718198e-03
-1.553567405461703547e-03
-1.553722306746114839e-03
-1.551925746585573317e-03
-1.551510761562690816e-03
-2.772794976097184717e-03
5.811584219241772153e-03
5.806474400172140053e-03
5.807030842757675629e-03
5.807780246436708080e-03
1.307289962708073306e-03
1.307822466548513949e-03
1.307051292224184350e-03
1.301938208869380872e-03
1.302645657308685407e-03
1.302717576177193307e-03
1.302243919821687804e-03
1.300361275166674263e-03
-2.794225420162083084e-03
-2.792635258894502533e-03
-3.034992638513430308e-03
-2.968902106323403466e-03
-3.811213643973121717e-03
-3.809733110804786830e-03
-3.809576896430119219e-03
-8.631233604909067589e-03
-8.631327723991418302e-03
-8.631166449371745555e-03
-8.631114939753778761e-03
-8.631082166208564263e-03
-8.628311364915076942e-03
5.946433964625267134e-04
5.942201181404309362e-04
6.336180633463421325e-04
6.328284738581900926e-04
6.346091436694965013e-04
6.302729073448773726e-04
6.304393885654363365e-04
6.358895598217850081e-04
6.358593505796740269e-04
5.948604971359829942e-04
5.948034631215082420e-04
5.947295041668713414e-04
5.946327019013088796e-04
5.948413998366175156e-04
5.945205732320056656e-04
5.941662785979814117e-04
5.942361910067873662e-04
5.948520456860605012e-04
5.947600625389646255e-04
5.940075522974236355e-04
5.951567249134255165e-04
5.952543638468063385e-04
5.943451108134132710e-04
5.943506358067709473e-04
5.943377489231981003e-04
5.943319163207672279e-04
5.945153439452368705e-04
5.946492797214916748e-04
5.946072917296722467e-04
5.935825619168792885e-04
5.944994296252449541e-04
5.378526291723345794e-04
5.377686434936224200e-04
5.379823747873129468e-04
5.381305002263008647e-04
6.813559373390058087e-04
6.813557101841583594e-04
6.818592542507109170e-04
6.822626146604038409e-04
6.845216694202890589e-04
6.855977104949531565e-04
6.818459022717886838e-04
6.818434982855702594e-04
6.816429729917124723e-04
6.813533159354332987e-04
6.814163077958933831e-04
6.823115083408819821e-04
6.821242932197510954e-04
6.822573937149134515e-04
6.821173333145291772e-04
6.821077857552752376e-04
6.818982266126264596e-04
6.818580178122737130e-04
6.818943547634093508e-04
6.819074979135207864e-04
6.819790636343961302e-04
6.819831663912392667e-04
6.820264725106606630e-04
6.820246179724574276e-04
5.617573949643879863e-03
5.617666366111301324e-03
5.617569782964753136e-03
5.618021919280512776e-03
5.617750541080292030e-03
5.617511746752627995e-03
5.617523168891101759e-03
5.617670086361202866e-03
5.617763617663392231e-03
1.582391852886730907e-03
1.584460081523172319e-03
1.583825471109739187e-03
-1.354338847665016807e-03
-1.351320744491086656e-03
-1.351641018135277999e-03
-1.351562037401088899e-03
-1.350742123474231752e-03
-1.350987858515173123e-03
1.623459732739938443e-03
1.623507881186150035e-03
1.624150300231228319e-03
1.617854607363030045e-03
1.618197966707592052e-03
1.617382692204503893e-03
1.617285783750838091e-03
1.617780828333998050e-03
1.617694178371161190e-03
1.618140967809453355e-03
-2.065620598846443137e-03
-2.065551365911097535e-03
-2.066870602010956876e-03
-2.066655515133178442e-03
-2.065813489734192546e-03
-2.065576947050618006e-03
-2.066096001453993948e-03
-2.065993998455246776e-03
-2.066142887222607426e-03
-2.066033168511115757e-03
-2.067051895531269237e-03
-2.066827280051754603e-03
-2.066811167366955793e-03
-2.069334525126220650e-03
1.912775854889834076e-03
1.912665638710726260e-03
1.912630890253177399e-03
1.912016611541605439e-03
1.912292499013997773e-03
1.912360043440095806e-03
1.912315822192842824e-03
1.912401469791750628e-03
1.912972159954443117e-03
1.912622225534944560e-03
1.912456936288863809e-03
1.912353854197296329e-03
1.912349005030850556e-03
1.912515408544643693e-03
1.912448430284075917e-03
1.912405436876761164e-03
1.912222874695679265e-03
1.912180052462977191e-03
1.911915224137523571e-03
1.912769768744880397e-03
2.003239113615944752e-03
2.002866564261717927e-03
1.939854690496711212e-03
1.939974389533250182e-03
1.939868377974949707e-03
1.939976638738274885e-03
1.939826509937543544e-03
1.939652602683633945e-03
1.939654953389477248e-03
1.941807835200094669e-03
1.941853980508647694e-03
-5.689874544691654774e-03
-5.689792803837070631e-03
-5.689220926020487762e-03
-5.689223018832400246e-03
-5.689193817105079286e-03
-5.689407591416887310e-03
-5.689324847620288138e-03
-5.689484979187140086e-03
-5.690056510255317793e-03
-5.689967359885237698e-03
-5.689914109659737797e-03
-5.690745605389949634e-03
-5.690139873288361204e-03
-5.689353900833042134e-03
1.830777841244904478e-03
-2.564639905023067840e-03
-3.062659928578135952e-03
-6.384333327200799289e-03
-6.386496408544696524e-03
-6.384925405916154484e-03
-6.384626348775651605e-03
-6.385731662368499852e-03
-6.385731088721068212e-03
-6.385789131633357214e-03
-6.385571441637793652e-03
-6.385606943920655448e-03
-6.383228324470981672e-03
-6.315727185041978414e-03
-6.313734663544691081e-03
-6.313729620370392773e-03
4.634246128126468054e-04
4.584165352068079189e-04
5.009392210021865448e-04
5.013385652608219178e-04
5.014198717418846428e-04
4.972831364998267977e-04
1.826575284380867583e-03
1.824518790208784274e-03
1.824925363849571811e-03
1.824620353243921632e-03
-4.751527283532239535e-03
-4.751332586135342123e-03
-4.752436317860700941e-03
-4.751506838665773939e-03
-4.751470915763834381e-03
-4.751847411081831785e-03
-4.751129956289398132e-03
-4.751266639522527466e-03
-5.796871298577461681e-03
-2.407436807167115042e-02
3.485831140792457986e-03
4.794280280520995911e-03
4.794307925791934689e-03
4.794098065732974728e-03
4.794181089667347989e-03
4.793894749070990932e-03
3.383793684694686322e-03
3.454726183018854389e-03
3.501151210453543137e-03
3.450394755104936768e-03
3.150875832416913640e-03
3.151115973168755555e-03
3.151046415987217124e-03
3.150966025766081379e-03
3.151716814154693468e-03
3.152791748244647939e-03
3.151698869143345922e-03
3.151834282645177721e-03
3.151297184484664476e-03
3.226065368117749573e-03
3.292358539694375781e-04
3.292589473138829610e-04
3.295163492121372557e-04
3.292970383377579239e-04
3.293325680602906440e-04
2.718383002720989230e-03
2.016509318963064824e-03
2.015024025570510361e-03
2.015017030179743710e-03
2.015186627234012099e-03
2.015175363947426142e-03
2.015173301634220083e-03
2.015442540043613662e-03
2.015471748205686659e-03
2.015102692355609428e-03
2.015215874932397688e-03
2.014851560931279085e-03
2.012157126502936693e-03
2.012154932719490558e-03
2.013106155803511769e-03
1.173208856169919052e-03
5.284415698432010089e-02
5.284491252605806599e-02
4.749254515834810259e-03
4.749776927051230745e-03
4.749609951460944009e-03
4.753125020480474493e-03
4.754520481552094134e-03
4.753301149166088042e-03
4.753316564560473509e-03
4.752860925934862882e-03
4.752869232523868059e-03
4.752895254897588316e-03
4.752663881104161707e-03
4.752828278108967019e-03
4.752638956367865979e-03
4.752641828917389746e-03
4.752856107468654383e-03
4.752780616594092476e-03
4.752721059580370701e-03
4.752627532644900996e-03
4.752678500898104008e-03
4.752861616556473996e-03
4.752786086914931145e-03
7.919525953496989656e-04
7.925798540849384767e-04
7.921623672246171522e-04
7.923051691230324029e-04
7.920377979140591452e-04
7.921053314804804135e-04
7.920915831367800501e-04
7.918469701660833414e-04
7.920015430413178273e-04
7.927035284202448061e-04
7.928093000297902967e-04
7.926281046020724206e-04
7.921441457506267882e-04
7.918252866229304838e-04
7.924193171402530139e-04
9.967516165161156502e-04
9.960670721557102290e-04
9.980123728565008269e-04
1.001873916861541029e-03
1.001049657654851967e-03
1.052586996745930254e-03
1.052741566635559921e-03
1.052841790025971398e-03
1.052803375806900732e-03
1.052577245242816576e-03
1.051145801559278444e-03
1.053978229182356806e-03
1.080309204652244370e-03
-1.056704885278134110e-03
-1.056016941630834186e-03
-1.056185267754916829e-03
-1.056364801797695253e-03
-1.056190835426340340e-03
-1.055813107586070759e-03
-1.056049605131249673e-03
-1.056781596355404855e-03
-3.006953830004919104e-03
-2.778568654591073977e-03
-2.781859189355556216e-03
-2.288775229551590247e-03
-2.288297414056432270e-03
-2.288222326673218770e-03
-2.288272667180760341e-03
-2.294172289377034192e-03
-2.143691078668405210e-03
-2.142808144297189167e-03
-2.143555891040875745e-03
-2.194927046914144607e-03
-2.742559495346258685e-03
-2.742572487675566575e-03
-2.742209016948915154e-03
-2.742420734280456504e-03
-2.741816644397307001e-03
-2.743024263224002647e-03
-2.740973024765432607e-03
-2.740638601281948378e-03
-2.743473385099370106e-03
-2.741952770181510773e-03
-2.754634799486474148e-03
-2.754614295609145082e-03
-2.755621066573749316e-03
-2.820688477572812474e-03
-2.821206264442841904e-03
-2.822823112671639725e-03
-2.821496250583863715e-03
-2.821794959224718184e-03
-2.822314914852896810e-03
-2.822001130924937755e-03
-2.822538372698730254e-03
-2.822829983608163024e-03
-2.818847177005994690e-03
-2.819941401237043878e-03
-2.819238573031142454e-03
-2.819917074889768342e-03
-2.820679296276709311e-03
-2.821236179303767983e-03
-2.820718402471210275e-03
-2.843793257705865603e-03
-2.843671315203301700e-03
-2.848221371344971005e-03
-2.848388495290872426e-03
-2.825434075325101123e-03
-2.825097858943408959e-03
-2.825200778968335949e-03
-2.825045160378686446e-03
-2.827609759912595548e-03
-2.827664381361217477e-03
-2.827977880897358277e-03
-2.827864509569125422e-03
-2.831522395504547027e-03
6.317820549590313396e-03
6.317222716269840256e-03
6.317293876016007864e-03
6.317432118427775828e-03
6.315393344064193677e-03
6.315088759987570223e-03
6.323025412800225772e-03
6.323657356676608277e-03
6.322341964299382951e-03
6.321324015524952544e-03
6.301521782140035929e-03
6.301418872284070966e-03
6.299587564531357146e-03
6.297689406399242795e-03
6.297590872221692053e-03
7.463194251424725041e-04
7.423565274231140858e-04
7.429624556698331437e-04
7.436480320895432275e-04
7.430334651282411926e-04
-5.936475279097506476e-03
-5.936937834016092937e-03
-5.937395420546406552e-03
-5.937747290474636695e-03
-1.152896124083166440e-02
-1.152892588673452845e-02
-1.153581609883408063e-02
-1.387129067439017878e-02
1.479974163717389475e-03
1.479498393191426781e-03
1.479665092784028524e-03
1.479664855382584101e-03
1.479674330425694018e-03
1.479900007292136435e-03
1.479727960070034883e-03
1.479768559615653092e-03
1.479963226240400267e-03
1.479720159731091758e-03
1.479604447953414845e-03
1.478665564134180443e-03
1.478899732461343196e-03
1.478912764722925804e-03
1.481337983204108295e-03
1.481188337941019388e-03
1.478769048412991718e-03
1.478910426748152171e-03
1.478152642680479953e-03
1.477732394432725894e-03
1.401077049972211837e-03
1.401096179974997908e-03
1.402512263217490195e-03
1.402700786711493907e-03
1.404004036500364075e-03
1.403613541887981705e-03
1.403037801890820663e-03
2.460510839497254327e-04
9.804872720533194808e-04
9.801052383921775215e-04
9.775862712006464818e-04
9.773413115815514189e-04
9.362434975673485571e-04
9.362433312233230890e-04
9.360506459286914048e-04
9.360151860131214665e-04
9.359411174697214800e-04
9.312704191443782692e-04
4.248506550257311379e-04
4.317953297549361477e-04
4.753414887755712877e-04
4.753130577302112306e-04
4.754076802510733631e-04
-1.053308091302730112e-03
-1.053377817319123711e-03
-1.053662985948585710e-03
-1.053738122020630823e-03
-1.093184621474811583e-03
-1.093193030735755203e-03
-1.093098433902404487e-03
-1.091520798252408522e-03
-1.091759585336338949e-03
-1.091440222881274145e-03
-1.092961103988548391e-03
-2.571591330384437064e-03
-2.563275592680861695e-03
-2.563295774845418019e-03
-2.563535204464907277e-03
-2.563398567869287770e-03
-2.563069358537727570e-03
-2.563232762255638307e-03
-2.558061687697639648e-03
-2.558426312303068752e-03
-2.558846428253998273e-03
-2.558807772547449805e-03
-2.280860901637865503e-03
-2.282603719041462458e-03
-2.282158491417450412e-03
-2.260237377175732497e-03
-2.260311339861552186e-03
-2.261797990622222126e-03
-2.261693690217603074e-03
-2.261102219304080615e-03
-2.262071760810092924e-03
-2.262568942065652441e-03
-2.262305250943640478e-03
-2.262061409588699001e-03
-2.262256316682462187e-03
-2.262266916834280561e-03
-2.262384474736920878e-03
-2.262313449340695466e-03
-2.262321773126498015e-03
-2.262322656951312998e-03
1.101576129961784551e-03
1.101472131029845435e-03
1.101723977566714191e-03
1.101791659067837166e-03
1.101767504912266969e-03
1.102084555716882587e-03
1.101879840152271590e-03
1.101771701468877646e-03
5.345223202386116187e-03
5.344960976520330906e-03
5.344947359120287393e-03
5.345174598468478179e-03
5.686914604303108800e-03
5.685215987678828888e-03
5.685440077679116549e-03
5.685153366957756797e-03
5.009202001820737930e-03
5.012238465687034530e-03
5.012002786847567781e-03
5.012070963945798596e-03
5.012376474449045834e-03
5.013440466851581782e-03
3.846042471025430069e-03
3.845972504614089248e-03
3.846033444189440008e-03
3.846062367947429388e-03
3.846102468683882183e-03
1.013687261941019046e-04
1.008558645162370361e-04
1.019686864232582371e-04
1.019211850450489474e-04
1.018953390577728105e-04
1.027704186509735009e-04
1.027655562892243165e-04
1.026821483379316771e-04
1.017123219420268886e-04
1.018539558546318978e-04
1.018728356938261684e-04
5.224828649416780706e-04
5.196469637539806105e-04
5.225082469660190113e-04
5.223763256506601524e-04
5.224004467751044468e-04
5.224123805767618214e-04
5.225002669014298462e-04
5.226293972431017348e-04
6.053876424431977980e-04
6.057095002399591130e-04
6.055321661657208200e-04
6.057309754891025428e-04
7.543527363889914687e-04
7.538301626231020888e-04
7.529822082664634503e-04
7.532675938312281784e-04
7.677036475722696842e-04
3.644266328891913875e-03
9.258149304316848870e-04
9.257777757111040982e-04
9.259271789573205336e-04
9.290417384661464389e-04
4.592237844116406863e-03
1.100156353562521845e-03
1.099585007300688628e-03
1.099573022189364235e-03
1.099556524904338108e-03
1.099645437691128356e-03
1.099636959658330856e-03
1.101369612864471458e-03
1.101640468264201370e-03
1.102511946355532813e-03
1.102985845957279824e-03
1.102272690233586060e-03
1.102405130465511319e-03
1.101823008597335989e-03
1.101654422983297781e-03
1.101437387774674165e-03
6.817376907669278271e-03
6.819003553218810736e-03
6.822159825305518753e-03
6.822805104193222121e-03
6.823106421888229869e-03
-3.128085200135805673e-04
-3.128680603270896782e-04
-3.128597740756435572e-04
-3.127024486124394486e-04
1.518657529100819010e-03
1.221944090116137407e-03
1.219480653571667055e-03
1.212541458333029438e-03
2.720332364743771863e-03
2.720082447700420542e-03
2.720053120734255547e-03
2.720087416718725004e-03
2.720083199926829742e-03
2.717840700346513001e-03
2.718644311793653925e-03
2.718599079861391300e-03
2.718580690083086983e-03
2.718498148145610544e-03
2.718547992168112402e-03
2.718653502821392724e-03
2.718587233806404966e-03
2.719158883398528539e-03
2.718801463445193536e-03
2.718830823176802535e-03
2.718716293247620125e-03
2.718439018007678259e-03
2.718458024088421781e-03
2.718434540314737871e-03
2.718610888522186592e-03
2.718565088918949071e-03
2.730324236269089915e-03
2.730250549031437973e-03
2.732363303662213236e-03
2.732691349193394018e-03
2.732674010290233550e-03
2.733027341150611519e-03
2.732964642350440686e-03
2.743588572328835729e-03
2.743351095940590317e-03
2.743918673832940539e-03
-1.668042671737722743e-03
-1.666974535795365860e-03
1.898669923723658292e-03
1.896420122062997737e-03
1.895977679212429651e-03
4.561825330934049516e-03
8.092281230845377316e-03
8.089256126345072823e-03
8.090419401905964841e-03
-1.068884302483194939e-03
-1.068431762302840104e-03
-1.068562185406102261e-03
-1.068545964541319166e-03
-3.037545603781849901e-01
-3.037590264906581128e-01
-3.037596160580362525e-01
-3.037632835143723176e-01
-3.037566929898815049e-01
-3.037565771977917550e-01
-3.037559620601849586e-01
-2.979438074467273823e-01
-5.519391893704148760e-02
-5.518660755254824191e-02
-5.506835534764698697e-02
-5.309600296458408209e-04
-5.075212870392692335e-04
-5.078907125724768179e-04
-1.190827771247757703e-02
-1.190860647799299107e-02
-1.190950158530196951e-02
-1.190849296722407830e-02
-1.190910520677882292e-02
-1.190876690352999506e-02
-1.190841821802270280e-02
-1.190782659731597429e-02
-1.190872124776920504e-02
-1.191040098814380964e-02
-1.191040126213760257e-02
-1.191002014640608203e-02
-1.191077957595993754e-02
-1.280068267049822191e-02
-1.280111895339496909e-02
-1.280048784135423209e-02
-1.280370370570415965e-02
-1.280199741890590895e-02
-1.280123284142651446e-02
-1.280336475306202704e-02
-1.280302538046914317e-02
-1.280330655455789481e-02
-1.280238793967411644e-02
-1.280413581085269002e-02
-7.592027724265614820e-03
-5.434292926208863367e-03
-7.904459834674059868e-03
-7.903910788506395696e-03
-7.904038910936470735e-03
-7.902688597644733776e-03
-7.903157765303963495e-03
-7.903265491379613678e-03
-7.903144983902628609e-03
-2.665975527152522704e-03
-2.667147220136460630e-03
-2.667688578682852595e-03
-2.668705894070655133e-03
-3.921353407398666703e-03
-3.922963524776350644e-03
-3.923012544297271344e-03
-3.919736007300638446e-03
-3.921350500765544145e-03
-3.916683842876491489e-03
-3.916868308787749275e-03
-3.916635674592340230e-03
-3.916587238128633151e-03
-3.919642335121747284e-03
-3.919535334128942429e-03
4.849188386231684592e-03
4.850447628157551934e-03
4.849616989884359547e-03
-5.875784598436759563e-03
-5.875977204710526418e-03
-5.891581002231418944e-03
-5.882917460036797379e-03
-5.864434982150608204e-03
-5.796625158265541859e-03
-5.796910243547604563e-03
-5.796745736367657671e-03
-5.767822110118807008e-03
-5.156714682998354664e-03
-5.153559419664208163e-03
-5.175180024772309782e-03
-5.455062715123769335e-03
-5.502884851066870177e-03
-5.502908839859220295e-03
-5.503521749958411279e-03
-5.503398584217522940e-03
-5.503557212206314220e-03
-4.049373678371142454e-03
-4.049963001974023549e-03
-4.049336871562204954e-03
-4.049228285246769983e-03
-4.049306412172991830e-03
-4.049788699571808814e-03
-4.050076154840330338e-03
-2.922195576059706534e-02
2.720018532391382110e-03
2.720389199416551555e-03
2.719591415728012714e-03
3.687270112528880182e-03
3.687057033277862331e-03
3.687356693760070799e-03
3.686654220717411942e-03
3.687947289902055933e-03
3.687351145207846785e-03
3.687191477506402727e-03
3.700534429367974450e-03
3.696489776265612839e-03
3.696916145518569594e-03
-3.132154952214850213e-03
-3.132754239730116148e-03
-3.132821529058859265e-03
8.333374783384336080e-04
8.319483465872476143e-04
8.336374390338730867e-04
8.334564164959317074e-04
8.334726825870884467e-04
8.336747670082478908e-04
8.337320927075643961e-04
8.333592751434969496e-04
8.321129020532368799e-04
8.319415820319441207e-04
8.012919200147877513e-04
8.145665054362874078e-04
-9.184002397546143712e-03
-9.183990870913099833e-03
-9.183881020512246057e-03
-9.713542992310015764e-03
-9.713447156806599009e-03
-9.717340973790337955e-03
-1.667032803911338472e-03
-1.668297256948717304e-03
-1.666284161582206463e-03
-1.667926701179140488e-03
-1.665433545868904566e-03
-1.666293626947512032e-03
-1.671574305890595946e-03
-8.519543664658997192e-03
-8.519613460686052339e-03
-8.519348003543475781e-03
6.761579993851108382e-04
7.285021587392804133e-04
7.284656384350961028e-04
7.287187663471443241e-04
7.284628434485770736e-04
7.284951786962480221e-04
1.232577718573190642e-03
1.232463204014978787e-03
1.232375875487671689e-03
1.234859272990441060e-03
1.234936520857746753e-03
1.234612715710054105e-03
1.235038778318035173e-03
1.235065487233246622e-03
1.234544816871977792e-03
1.233732838321855048e-03
1.233709677676153625e-03
-3.691398615179735093e-03
-3.690861399289408103e-03
-3.696429529425042208e-03
-3.714203830220784604e-03
3.276545044312515528e-03
3.276554369885557611e-03
3.277945310788387637e-03
3.277029229983617533e-03
-2.436743725424819935e-03
-2.437239812583773604e-03
-2.438198245465237907e-03
-2.437484740722617102e-03
-2.437375024074387320e-03
-2.436552284797985791e-03
-2.436315609476547885e-03
1.113681431646091312e-03
1.113608259964979971e-03
1.113018406898275614e-03
4.238230871711967315e-03
4.238334371289315117e-03
4.281058638278322469e-03
4.282214371498774784e-03
4.282058682559305995e-03
4.282187162688455388e-03
4.282694913571409578e-03
4.282529162777738534e-03
4.282074620995524397e-03
4.282013560561746639e-03
4.281297012172402723e-03
4.273935788886995199e-03
-2.798917007558939744e-03
-2.799298194848973305e-03
-2.799297234908332006e-03
-2.799324524420449510e-03
-2.802751202711362046e-03
-7.798112955999011563e-04
-7.799750105214020264e-04
-1.307752908794671378e-03
-1.309056909998681942e-03
-1.309612094928587489e-03
-1.309362110363060383e-03
-1.309007298078037132e-03
4.100104038615986525e-03
4.099981276734662901e-03
4.099921887792474379e-03
-2.242701972312993036e-02
8.197669052260842665e-03
8.197505612751869106e-03
8.197838836655488640e-03
8.197805686521468863e-03
8.197750229931258237e-03
8.197850520406550767e-03
8.197648736597385605e-03
8.197495860921194533e-03
8.197736145851423559e-03
8.197880769003507845e-03
8.197867216733397897e-03
8.197993033924301509e-03
8.197510126163716493e-03
8.197820380935498183e-03
1.763090120714379261e-02
1.762800082822452846e-02
1.780590328999415856e-02
1.780596131235023458e-02
1.784594224049629307e-02
1.784630690340626921e-02
1.784546016087923750e-02
1.784428298514550981e-02
1.784441572589305983e-02
1.790073720608481231e-02
1.790443350651244395e-02
1.790433147228220542e-02
1.790340204730511003e-02
1.790461694759837644e-02
1.790424439631529974e-02
1.790550118043034503e-02
1.790498672784429993e-02
1.790473245712543085e-02
1.790525745064022733e-02
1.790399182080612203e-02
1.790427241795472524e-02
1.789215115307611279e-02
-1.665437452945082455e-04
-1.665434555599011439e-04
-1.677907223844232396e-04
-1.410808935127260181e-04
-1.414612410884264642e-04
-1.414015073877199842e-04
-1.411897062083680493e-04
-1.411856094225581238e-04
-1.417931583944683340e-04
-1.421966442698721850e-04
-4.684995335304408979e-05
-4.684613507424552207e-05
-4.690258521097088188e-05
-4.686246183267145685e-05
-4.698015969814328717e-05
-4.688809268171106984e-05
-4.678813708627557901e-05
-4.669197534384956003e-05
-4.693834041409346953e-05
-4.698211660499174684e-05
-4.642508138076961266e-05
-4.685297830258575592e-05
-4.792072064067452329e-05
1.429040670145262327e-03
1.428849239493739558e-03
1.427442683359366176e-03
1.427413958306221909e-03
1.445947802454125661e-03
1.445573823521247199e-03
1.445637192881172239e-03
1.445983699505058121e-03
1.446068552713672796e-03
1.446147264993556019e-03
1.446159450548359935e-03
1.446345447308489867e-03
1.446289643623201735e-03
1.446801404194848328e-03
1.446649911938074906e-03
1.445998865449098008e-03
2.911867355278877339e-03
2.912248224530459857e-03
2.912381532785887368e-03
5.982800825402822403e-03
6.105932948853475505e-03
6.105900942946606257e-03
6.105838351466383492e-03
6.104686795290344657e-03
4.369017474796837476e-03
4.367600525166753095e-03
4.366700688653967453e-03
4.366781079542312975e-03
4.366138415385999345e-03
4.365536665723875054e-03
4.365442153567377324e-03
-1.244673449505746604e-03
-1.277174494005665212e-03
-1.277037626868685180e-03
-1.276188755613543455e-03
-6.391242269785856085e-03
-6.385073408974245752e-03
-6.384505819186928749e-03
-6.385011924556463839e-03
-6.422556245846834481e-03
-6.421372229641375204e-03
-6.429685761377830662e-03
-6.429038662580697540e-03
-6.430266446480162323e-03
-6.428854241178173258e-03
-6.424062289997867214e-03
-6.421473284101502331e-03
2.943991153320187071e-02
2.943956952400338112e-02
2.943920359480332871e-02
2.944319733453393956e-02
2.944458407980690695e-02
2.947308498517557315e-02
2.947344440054519912e-02
2.947553298391244331e-02
2.947519552825521305e-02
2.948118146225291517e-02
2.948065360655595032e-02
2.939684535966031673e-02
2.939670167593824018e-02
2.939754841476239361e-02
2.939790558171984786e-02
2.939760683660859811e-02
2.374173729736007640e-02
2.630372251774737088e-02
2.630331617350589735e-02
2.630383712250764644e-02
4.309164016849532632e-05
5.109172179666533753e-03
5.078903037949586245e-03
5.077087910940526229e-03
6.057114089880052780e-03
6.058203029362561713e-03
4.322302086402714932e-03
4.339974883022814506e-03
-1.564453266176330307e-02
-2.037600767052185138e-02
-2.037597814144560815e-02
-2.037583843460949451e-02
-2.037449890255280463e-02
-2.037518307673263918e-02
-2.037500004683612601e-02
-2.037452340961503489e-02
-2.037459844262996811e-02
-2.037073861662885149e-02
-2.037262166442707634e-02
-2.037295871370101152e-02
-2.040546800920128509e-02
-2.040673672684075596e-02
-2.040718345019743377e-02
-2.040951698346908302e-02
-2.040977303506259430e-02
-2.040971064391939108e-02
-2.040756907292281055e-02
-2.040725407905629937e-02
-2.040734119597634871e-02
-2.040705392013173608e-02
-2.040781754572908169e-02
-2.040725406424920285e-02
-2.040723084145380090e-02
-2.040719393947921720e-02
-2.533722508905464615e-03
-2.533763615831041184e-03
-2.536852034649215385e-03
-2.536867619265669501e-03
-3.872925331371260011e-03
-3.967237323858387350e-03
5.636034616065615892e-03
5.672017561293464516e-03
5.672863677712425452e-03
5.672632310340059575e-03
5.669235472367473161e-03
5.663879137811558308e-03
5.690046407972595630e-03
5.692367502963531327e-03
5.671486904321072775e-03
5.671552506735012301e-03
5.528465366221126977e-03
-8.931166735972073147e-04
9.511846736970679594e-04
9.513699039208915655e-04
9.503178135138966569e-04
-5.288975441790263674e-03
-5.289077677519607792e-03
1.277197146657822920e-03
1.278811901076464452e-03
1.279948140354923150e-03
1.279103539470750808e-03
1.278995749826733041e-03
1.278949406376584004e-03
1.279050647077033774e-03
1.276866360822051039e-03
1.278632781938149245e-03
1.278677544809267994e-03
1.278886537621071705e-03
1.277937674500581296e-03
1.276391437168644151e-03
1.275912170821497061e-03
1.275847604567495333e-03
1.275855365715289434e-03
1.276022228331466718e-03
1.276952063853145896e-03
1.276650712252098713e-03
1.276515986948801966e-03
1.276597931290439488e-03
3.064510604233581462e-03
3.064292212587952161e-03
3.064376127703735339e-03
3.064374894888637936e-03
3.063569044867313785e-03
3.193678710034653610e-03
3.187831107257397319e-03
3.188107377084693685e-03
-2.915771326154880175e-03
-6.172416933061540588e-04
-1.377755832267206363e-03
1.938921893340172153e-03
1.939480631480893121e-03
1.940209358033587617e-03
1.938848216361637117e-03
1.938546960273978149e-03
1.938734928376310189e-03
1.938787530070379926e-03
1.940074216492225371e-03
1.940170234646434620e-03
1.940126104669582813e-03
1.940074120002340495e-03
1.938638272180685015e-03
1.939208890613359744e-03
1.938100457409131080e-03
1.938060874306008798e-03
1.939536446909802736e-03
1.940108433843483558e-03
1.941701783756786355e-03
1.914581217778364838e-03
1.913556309776855710e-03
1.912930686684063747e-03
1.912907936123237670e-03
1.912609547634152012e-03
1.913985943864211173e-03
1.913826476757970758e-03
1.913835920469565601e-03
1.896015469530249343e-03
1.896012502840865388e-03
1.895923510145075368e-03
1.895812665246908316e-03
1.895848775721228462e-03
1.895331169530547468e-03
1.895341478289181304e-03
1.895358924975210340e-03
1.895659021626687046e-03
1.895567029510510917e-03
1.895455970046055301e-03
1.895605341678938908e-03
1.896514044205771824e-03
1.896432445292207383e-03
1.865519544468342752e-03
1.864941923122413097e-03
1.865071869666534796e-03
1.865037919276891967e-03
1.861786232928894528e-03
1.861791774132946125e-03
1.861642732673893068e-03
1.861712549576670806e-03
1.861809865527791876e-03
1.861764290809434386e-03
1.861869470303165706e-03
1.861926817654226953e-03
1.862023306072760646e-03
1.861929437626450934e-03
1.934039205342879012e-03
1.934623080360448012e-03
1.934360459275180156e-03
1.934597040690913452e-03
1.934494218752761925e-03
1.933293922936604303e-03
1.933310980219745149e-03
1.933407618018652147e-03
1.933386836707504542e-03
-2.167108367879660817e-03
3.208308683929381004e-03
3.208257538419486028e-03
3.208415778022497174e-03
3.208418249447332789e-03
3.207663577012842809e-03
3.208317415281521003e-03
3.208112272436656944e-03
3.212019788486972748e-03
3.212383464519215272e-03
3.212253306195411891e-03
3.212254636609505453e-03
3.212211327185214224e-03
8.606778684749880753e-03
8.606853573164109303e-03
8.607344633100075248e-03
8.606910818674434402e-03
-5.328467123048396918e-03
-5.327883652687071328e-03
-5.327807466502359687e-03
-5.327838635793451412e-03
-5.321915712467682920e-03
7.537011025628533728e-03
7.536808646092389534e-03
7.537070189245823754e-03
7.537031754948251942e-03
7.536614075375819809e-03
7.536999881289267213e-03
7.537117178408087211e-03
7.549032239020559212e-03
7.549410067915037631e-03
7.548144573857958235e-03
7.548005139781596012e-03
7.550573880475381500e-03
7.550208357511526552e-03
7.548977331338369186e-03
7.549443155966404154e-03
7.544771002243522671e-03
7.544385376037120519e-03
7.544780493753473934e-03
7.544462389833872691e-03
7.544423446027191497e-03
7.544362262715271182e-03
7.544479740788740015e-03
7.546882481345782226e-03
7.545772212742150355e-03
7.530706610307188326e-03
7.530716200128357261e-03
7.530750409659774103e-03
7.530649469094382632e-03
7.530739251362069883e-03
7.531445998916010132e-03
7.531360299975977182e-03
7.531757000886886953e-03
7.531491391626062709e-03
7.531589070830693733e-03
7.531585319154572057e-03
7.531555852266068156e-03
7.525168748062836116e-03
7.551558303358031285e-03
7.551827293728372893e-03
7.551949678403222128e-03
7.551657810527373331e-03
7.551881731858085291e-03
7.551149266581209420e-03
7.552659327718728652e-03
7.551776918622227393e-03
7.549013945297613874e-03
7.549007023581877709e-03
7.550309375665021500e-03
7.549979599715467456e-03
7.550280114093582164e-03
7.551781894412598270e-03
1.427900727744104467e-04
-7.753854764290352109e-05
-8.001439518968869562e-05
-8.014459225336616535e-05
5.882518162875621781e-05
5.929680203697519381e-05
5.950226269539253223e-05
5.963113899111574827e-05
5.883564033989370734e-05
-3.489523666687943584e-03
-3.510560314931694247e-03
-3.510693221864508162e-03
-3.510650797952169760e-03
-3.510746850763055409e-03
-3.286358511582061510e-03
-3.285898416604895317e-03
-3.283397051228399959e-03
-3.517898918807659935e-03
-3.517974318441200593e-03
-3.524391771516360329e-03
-3.517421358571573217e-03
-3.518709989696833240e-03
-3.518994073896320601e-03
-3.518504173301232295e-03
-3.519212608614255208e-03
-3.519625939711134178e-03
-3.519930486227687994e-03
-3.519097711812658839e-03
-3.518474004309058052e-03
-3.518806129397167651e-03
4.193916469069946737e-03
4.195518908289227328e-03
4.195338169680951426e-03
4.197117977082879224e-03
4.195266528752022647e-03
4.195293612072420637e-03
4.194724808600050134e-03
4.171129104322060521e-03
4.171244746626620072e-03
4.171150401296245570e-03
4.170950058537491352e-03
4.170511560979283869e-03
4.170718153128360160e-03
4.170749524077997650e-03
4.171595047859436196e-03
4.160968406559818061e-03
4.160630191712694562e-03
4.162103574966959790e-03
3.182366159450027848e-02
3.182247820537358746e-02
6.412546386684740522e-03
6.416573592284608579e-03
6.417522310688004127e-03
6.421584395584156724e-03
6.416959374678651677e-03
6.416920346889881839e-03
6.416517954271741542e-03
6.416834685132618774e-03
6.420494234937191777e-03
6.420975508913522208e-03
6.416549681696128923e-03
6.425690085947130883e-03
6.425554576352046805e-03
6.424508998038238640e-03
6.424600069353741429e-03
6.425118750305765063e-03
6.425050577009291768e-03
6.439038994342193879e-03
6.437701898862877026e-03
6.438292586802713165e-03
6.438129008113456855e-03
6.446240470446993644e-03
6.446376334580318501e-03
6.446449405240079270e-03
6.446475973590689093e-03
6.448555738204399430e-03
6.448558112715392643e-03
6.448154750619629165e-03
6.448199367021769692e-03
6.448164040555053392e-03
6.448162945727816710e-03
6.448213782439064443e-03
6.448127310443189063e-03
6.448666870914213610e-03
6.448277167664385502e-03
6.447681503940799926e-03
6.448581343897938009e-03
6.448228819365370117e-03
3.763365293664350936e-03
3.763435916846801909e-03
3.762471821603157341e-03
3.735090997682390199e-03
2.850854143101042622e-03
2.851672612372501206e-03
2.803291924100033763e-03
2.803272890321025553e-03
2.803334702626057804e-03
2.803270201068078487e-03
2.803436915718555533e-03
2.802546311380270470e-03
2.802930980945917295e-03
2.805077261525068966e-03
2.805080126897132285e-03
2.805724973680381439e-03
2.805734771501693092e-03
2.805609946918092255e-03
2.805794077700166089e-03
2.805345218879596193e-03
2.804668535794550398e-03
2.804611751589327923e-03
2.804600754958288134e-03
2.804605705039598697e-03
2.804605432662117450e-03
2.804815812306216214e-03
2.804597204718743512e-03
-2.908468834765290303e-03
1.016113662567152617e-02
1.016173146957445074e-02
1.016147728723062506e-02
1.016159782916527775e-02
1.016100953141622909e-02
5.050996337234691866e-03
5.051036042020578924e-03
5.051035214909601126e-03
5.051057385112449165e-03
5.050759113148945226e-03
5.120831703966467752e-03
5.120825240416705497e-03
5.120846823490131199e-03
5.120843736893505339e-03
5.002124253170126510e-03
-4.083220541416015571e-03
-4.085249117181137188e-03
-3.275285677207431367e-03
-1.869942449368076692e-03
-1.867586319458694379e-03
-1.867636189263589819e-03
-1.867620118722639966e-03
-1.867675043512535436e-03
-1.867636431146621218e-03
-2.592284218015164163e-02
2.835083708765959512e-03
3.362015872480430666e-03
2.547917937487472004e-03
2.551879860481311157e-03
2.553301797989383781e-03
2.552183098143312456e-03
2.548155813739569515e-03
2.548060574041903417e-03
2.549324270530766139e-03
2.529176112253479682e-03
8.019982627027607506e-04
8.031733731299926316e-04
8.032689550496472167e-04
-9.000528330058115214e-03
-9.001359073371167224e-03
-9.001333464457347833e-03
-9.002082601770898529e-03
-9.001596801832205397e-03
-9.001462360570216051e-03
-9.001652063675924520e-03
-9.021930307119284051e-03
-9.021598382150157469e-03
-9.023657605784685468e-03
-9.023357408805096624e-03
-9.021780644655077661e-03
-9.023625084275567823e-03
-9.144894766578507903e-03
-9.144680194202715190e-03
-9.147058646833737192e-03
-9.146811810983618285e-03
-9.144833447832219006e-03
-9.145064238601799400e-03
-9.144672087102689167e-03
-9.145495628313536629e-03
-1.212177596014813287e-03
-1.211342075056490121e-03
-1.211070314883963810e-03
-1.211106318162651812e-03
-1.211172244289685862e-03
-1.211672090329752151e-03
-1.210340045673786438e-03
-1.210323126641327327e-03
-1.210423093536381299e-03
-1.210471801056794972e-03
-1.210312994379608882e-03
-1.179842594870743984e-03
-1.180478650974364687e-03
-1.180438536728436452e-03
-1.180574244107245908e-03
-1.180911475934637604e-03
-1.181361821004079955e-03
-1.181380834945483732e-03
-1.181012126433960037e-03
-1.181032921028344132e-03
-1.163544820755010260e-03
-1.196169362570890593e-03
-6.735651166997747713e-03
-6.741101486169942189e-03
-6.741349569290688154e-03
-6.740165247847426828e-03
-6.740294224227344998e-03
-6.724466587176690206e-03
-6.725974822510179772e-03
-7.710982285793196306e-03
-5.282329027097573204e-04
-5.277084849901603333e-04
-5.282276334162220709e-04
-5.284799418463900431e-04
-5.280579922123271276e-04
-5.280516810816918887e-04
-5.283578527579553107e-04
-5.283430888331957023e-04
-5.283223255263348522e-04
-5.281540047138795404e-04
-5.281097375648766004e-04
-5.281009376141297717e-04
-5.280675136253845312e-04
-5.283085271870162749e-04
-7.528262768122628845e-03
-7.529174813965866520e-03
-7.528160861099986341e-03
-7.528302244674711652e-03
-7.527119655238895778e-03
1.443604915089073768e-03
1.443188946912510404e-03
1.443205854883805378e-03
1.454556361631413912e-03
1.458238333497010111e-03
3.927230889191573975e-03
3.927146985384293541e-03
1.766075269196070796e-03
-1.336664717548840435e-03
-1.477042255473487659e-03
-1.476918647743037183e-03
-1.476414033317930558e-03
2.046118941824026736e-03
2.046198017750423034e-03
2.046255295974761055e-03
1.354149667215953298e-03
1.354209174636246101e-03
1.354212020977265318e-03
1.354029388619776200e-03
1.351654010133389447e-03
1.339676378089272929e-03
1.358390960999854898e-03
1.360043723401524029e-03
1.358458911190098088e-03
1.358849634093732680e-03
1.357895179893412905e-03
1.353469927553707826e-03
1.353385633049501192e-03
1.412252525092305483e-03
2.144196234060880609e-03
2.014146042819496291e-03
2.013949145395699507e-03
2.015177932231794304e-03
2.014974704394295168e-03
2.014750410309196823e-03
2.010736449320474871e-03
1.904185894218749907e-03
7.682738407642406529e-03
7.682776521755010392e-03
7.682352518402160539e-03
7.608998890629445691e-03
8.346839822752716645e-03
8.341569217704965233e-03
8.351781152148690310e-03
8.347384153189097919e-03
8.347985884530484055e-03
8.350203978396704418e-03
8.313951923857724677e-03
8.314349444491782315e-03
8.312602036805954650e-03
1.542253972322129869e-03
1.542679047553029582e-03
1.542694604134006546e-03
1.542897760000551963e-03
8.113873113832022546e-03
8.114887247102898354e-03
2.404996944903521703e-03
2.404994784757880782e-03
2.439994003151789177e-03
2.439062045807626443e-03
2.101720096648602380e-03
2.101932570702287877e-03
2.101951664822319064e-03
2.101882858338094406e-03
2.101907329841276335e-03
2.100297335261706953e-03
2.096873199738758051e-03
2.105682213952968836e-03
1.029312124254692148e-03
1.019710218520307162e-03
1.019243178878671613e-03
3.929092817488381698e-04
3.715830403577546643e-04
3.715607632209158291e-04
3.724680691806162448e-04
3.727369418345406727e-04
3.725847522137686724e-04
3.725394178835509697e-04
3.708271705895513880e-04
3.424943620856584848e-04
3.428696906248614304e-04
3.428351675906197603e-04
9.737332344478700358e-04
9.736836761909118928e-04
1.105601040846176377e-03
1.099466449568075157e-03
1.099060338443910061e-03
1.098922485987425006e-03
1.098915131391096358e-03
1.098740556204628972e-03
1.099392874356409358e-03
1.099111528480119964e-03
1.099272535739193556e-03
1.099243912303619550e-03
1.099148210500129359e-03
1.099222547337650423e-03
1.099127914871563362e-03
1.777409484284402704e-03
1.778256620390552276e-03
1.779346980284542351e-03
1.780202559334499116e-03
1.779347233915313685e-03
1.779030496781571847e-03
1.778913392508807379e-03
1.778956310237984765e-03
1.779716401795206245e-03
1.778148379400689479e-03
1.778124379614226622e-03
1.778358962993771162e-03
1.778932705962419378e-03
1.778772623330418610e-03
1.778831295643083831e-03
1.778764058438395785e-03
1.778742576174311644e-03
1.779165238593477527e-03
1.779228529448047789e-03
1.779145171126938129e-03
1.779076091553766833e-03
1.779147139337309289e-03
1.779237546213323189e-03
1.779242907489045605e-03
1.778728668973009186e-03
1.778565396282314002e-03
1.778601218610147876e-03
1.778603579502143883e-03
1.778816311271187549e-03
1.778739164123271932e-03
1.779250591181760896e-03
1.761265061563199556e-03
1.762280015817178913e-03
1.762170380178766692e-03
3.856756215311281637e-03
3.876374401563784100e-03
3.876170442815303051e-03
3.873844142101836793e-03
3.873703590246480640e-03
3.876395059241631927e-03
3.876381243692149283e-03
3.877549946007272617e-03
3.876082340116378516e-03
3.876104293793448778e-03
3.875698800797054439e-03
3.875906640056757738e-03
3.880477864201715196e-03
3.880558557955180853e-03
3.880546979915548787e-03
3.880367617415069175e-03
3.880352457986592334e-03
3.880382765767254657e-03
3.874402366803420417e-03
3.037401885740661275e-03
3.037340308389002621e-03
3.037189271520760337e-03
3.037624423018490949e-03
3.037989918563274109e-03
3.037675703159653864e-03
3.037676721336029107e-03
3.037576940341822369e-03
3.031378368289042429e-03
3.031511420273385292e-03
3.031478602571932666e-03
3.031474845026617838e-03
3.031494068033591810e-03
3.031494537283211874e-03
3.031493480720875554e-03
3.031715613553458838e-03
2.997583179035485067e-03
2.996415760827747694e-03
2.997401473606073861e-03
2.929732687674488096e-03
2.964526406116889563e-03
2.963515262383468584e-03
2.963094726949621043e-03
2.963105176776806033e-03
2.964054154036762766e-03
2.976649284506591945e-03
2.976464995615260654e-03
2.976203142082833528e-03
2.976113972767628450e-03
2.976010660863024314e-03
2.976132909341292192e-03
2.976050458354847182e-03
2.973999946765243201e-03
2.973755225970103541e-03
2.974239949144626225e-03
2.975851859829039409e-03
2.977860824551081202e-03
2.977800439474658119e-03
2.979003347989619792e-03
2.979176569877648589e-03
2.978158215732554497e-03
2.978040109744604837e-03
2.978128026345258465e-03
2.980501548033175682e-03
2.980043120368606070e-03
2.980070602518664763e-03
2.979850901805223846e-03
1.827666665717895666e-03
2.766954190332883532e-04
1.722858190201100167e-03
1.723882526593047311e-03
1.710633619858515676e-03
1.709639300852069379e-03
1.709652830010837277e-03
1.709646541891198575e-03
1.710472030824093485e-03
1.710934774605338531e-03
5.234990719921334698e-04
5.243544364803596558e-04
5.241804974516691166e-04
5.242220176438135712e-04
5.241493011395857195e-04
5.241118771649929406e-04
5.243293184945602885e-04
5.236621822381918104e-04
5.243406242296070078e-04
5.238971545850532562e-04
5.237256637003576435e-04
5.239041480468148828e-04
5.117759433465343634e-04
2.623390991210351611e-04
2.613375107962970733e-04
2.612261193674152398e-04
2.610708336799115827e-04
-2.196859106896948983e-03
-2.208661306798979235e-03
-1.099884523010610489e-03
-1.099693281065305690e-03
-1.103538047058352485e-03
4.069403203662712645e-03
4.068961447240790688e-03
4.070500623487204039e-03
-1.814992873876876975e-03
-1.815109051215196877e-03
-1.815034214688209359e-03
5.659171240866170058e-03
5.660809701296062174e-03
5.659001595140959393e-03
8.077576599705003912e-03
7.925933097649879092e-03
9.258990728405290657e-04
9.262570589709995163e-04
9.231857814419204816e-04
1.024174993469327728e-03
1.024037881494884675e-03
9.998889736783254586e-04
9.999816966222709828e-04
1.000869496120909263e-03
1.000668534241585779e-03
1.001037250455763744e-03
9.542931959311645685e-04
2.200323332800262731e-03
2.197919808876071593e-03
2.198228127672720474e-03
2.198109280896031435e-03
2.198306326103541437e-03
2.198424784054581280e-03
2.973600578591920323e-03
3.122361473876548825e-03
3.121929100135375969e-03
3.115992965164263336e-03
3.115566818966264331e-03
3.115250628494931843e-03
3.117303806797126590e-03
3.117502245576592775e-03
3.117516379470296629e-03
3.117576191986145238e-03
3.117682964626380167e-03
3.117553694960096752e-03
3.117547751456820841e-03
3.117432572667946759e-03
3.117364967054522904e-03
3.117375768113337612e-03
3.117374396045097772e-03
3.117595029015118348e-03
3.117270489912087571e-03
3.116789864572925423e-03
3.116791558022256707e-03
3.126016061469373986e-03
3.111950816311514090e-03
3.112317501933561416e-03
3.112171445336201023e-03
3.112224706005977878e-03
3.029638099750780848e-03
3.119895306909135392e-03
3.075856521783457229e-03
3.075477883051252418e-03
3.075192544562384799e-03
3.075270734784399732e-03
3.075629791982164175e-03
3.076003466186315143e-03
3.075897254975415527e-03
3.075948316839273791e-03
3.132529119641990541e-03
3.306674054579987129e-03
3.307028665418545836e-03
3.306897480402775334e-03
3.307027639758331524e-03
3.307314689477033193e-03
3.307235251610765592e-03
3.307378296570147487e-03
3.307386621698215311e-03
3.308222645876573997e-03
3.308088616029426082e-03
3.308561497299075411e-03
3.308585560976034026e-03
3.308306998689966669e-03
3.304749292220698648e-03
3.304665923777151595e-03
2.872319325616675897e-03
2.871931790320329456e-03
-9.049103312367237292e-03
-9.049615276931656863e-03
-9.049063568893450996e-03
-9.048990974267387064e-03
-9.049211842644613521e-03
-9.049102823903251019e-03
6.262944376374346943e-03
6.264357090881416887e-03
6.061476965307823796e-03
6.061288656907277451e-03
6.060825656342885143e-03
2.820367473488290082e-03
2.801335385108399446e-03
2.795257454222645817e-03
2.850149738342729576e-03
2.855514473180856012e-03
2.855001048524996327e-03
2.855886626720845981e-03
2.855355106201606496e-03
5.248563985106665004e-03
5.248255161926463838e-03
5.248674601880523767e-03
5.248641565190918443e-03
5.250343565765599498e-03
5.251145570027302735e-03
5.251054851129585005e-03
5.299473522250562965e-03
5.253452179603404666e-03
5.253263578118765736e-03
5.244953166721404159e-03
1.433421365376170661e-04
3.252344487165055153e-03
3.253380995175914493e-03
3.248223261057322196e-03
3.248402277479746272e-03
3.248598439854450716e-03
3.246381239604276530e-03
3.611538092361425006e-03
3.611654403345123526e-03
3.611382429916014901e-03
3.611544438152301719e-03
3.609392855272417020e-03
3.609495290148240394e-03
3.495165184899330386e-03
3.492721173654890227e-03
-1.511040661772244074e-02
-5.311689144542905069e-03
-5.312545890806588331e-03
-5.312595444687471559e-03
-5.286489673451109234e-03
-5.286316552860799781e-03
-5.286514235905809614e-03
-5.402049652957787579e-03
-5.400006679771557350e-03
-5.661968853096522973e-03
-5.656689171276978179e-03
-5.656068659721819047e-03
-5.656237358045113246e-03
-5.656183755300203848e-03
-1.268201862338116112e-03
-1.309351551433765885e-03
-1.309421897028358560e-03
-1.309448197523626744e-03
-1.309420047411081946e-03
-1.309478937113908378e-03
-1.309442957853646080e-03
5.470168211749085359e-03
4.985754881776262694e-04
-9.477356625607774067e-04
-9.481368986184209166e-04
-9.481102047484009062e-04
-1.068708420054158585e-03
-1.068668929423277321e-03
-1.068655706745254936e-03
-1.039028274150074387e-03
-1.039092505353559704e-03
-1.039197425933734414e-03
-3.574367718272017554e-03
-3.564817431459313228e-03
-3.564761071402772642e-03
-3.564794428820321735e-03
-3.586570379816845372e-03
-3.583551222939535680e-03
-3.047147507606052727e-03
-3.047782416937638676e-03
-2.367767682077854922e-03
-2.367499936783892551e-03
-2.365127018913558941e-03
-2.365130587686125035e-03
-2.364776536815903218e-03
-2.364841286425872074e-03
-2.364637269333103725e-03
-2.364584413074988581e-03
-2.364536989960112998e-03
-2.364787462120120955e-03
-2.364667425738428436e-03
-1.724583734086998152e-02
-1.724625640805783899e-02
-1.724640174418889949e-02
-1.724666889908350875e-02
-1.724647400437933492e-02
-1.723980620009231760e-02
-1.723614581157800404e-02
-3.243404289333981765e-03
-3.243397241077028859e-03
-3.250922413772490503e-03
-3.250658122854504367e-03
-3.257566950952312922e-03
-3.256448693126149686e-03
-3.192421893946518346e-03
-3.186196780836479756e-03
-3.196016473117185928e-03
-3.199223946758901916e-03
-3.198886668709731429e-03
-3.198671691163195406e-03
-3.199212165681218200e-03
-3.198067188760462740e-03
-3.293391958069295453e-03
-3.302030107275040482e-03
-3.302280358347764542e-03
-3.244143850157553410e-03
-3.244566005749469854e-03
-3.244165499557417377e-03
-3.153522290049954289e-03
-3.152678804647404600e-03
-3.151436351658561726e-03
-3.151381000378826285e-03
-3.163005771103839184e-03
-2.266626023411794902e-04
1.248886165662160472e-03
1.247944443564144362e-03
1.248196596273445577e-03
1.250478587189002028e-03
1.250436545683931370e-03
1.249903357662203581e-03
1.251065821012975260e-03
1.248607833417671132e-03
1.248537732518432714e-03
1.247277994505327460e-03
1.246732954018848257e-03
1.247343703293848005e-03
1.251390209034665673e-03
1.252169079365855493e-03
1.252206197174707183e-03
1.252381649968563023e-03
1.091758880588483607e-03
1.143287709243306872e-03
1.147252778307978260e-03
1.147430293405306409e-03
1.147319913770347742e-03
1.147331792827754535e-03
1.088982364712753545e-03
1.089145654894981474e-03
1.051011446942368881e-03
1.050803138932052171e-03
1.048733247530317901e-03
1.049212100806206803e-03
1.050228048607890555e-03
1.050219480503598738e-03
1.944962419321502600e-03
1.945047082114021407e-03
1.944938650643091059e-03
1.944960366397802641e-03
1.945152457141683571e-03
1.944344417370184180e-03
1.943525274559394517e-03
1.944167215564783589e-03
1.943993276267428618e-03
1.944206255935140674e-03
1.944844754280189783e-03
1.944154914363521551e-03
1.943909673124260282e-03
1.850984664519693791e-03
1.850739261448061668e-03
1.850805309168418369e-03
1.851568486777444792e-03
1.851148753841336519e-03
1.851051072615899880e-03
1.850961116162855953e-03
1.227700371370500946e-03
1.227786232273941642e-03
1.211516057997043087e-03
1.211528178834219479e-03
1.211187063307604238e-03
1.211094722134614058e-03
1.211080690952167889e-03
1.212157357785177518e-03
1.212373228337656822e-03
1.212338295862274654e-03
1.212434593665875655e-03
1.212192143898498976e-03
1.211665518166044151e-03
1.211624362584793040e-03
8.950230587203511921e-06
8.469524401341940289e-06
9.047135300053451906e-06
8.607488709686128642e-06
8.075887050707435434e-06
8.726547532501570831e-06
7.975968925746941806e-06
8.302461450032586467e-06
8.297712662022245375e-06
8.347874976859544482e-06
7.844179571186536890e-06
7.958961354537487875e-06
-4.126534581898676739e-05
3.781908193264186234e-05
3.777612519412532234e-05
3.783129970114776011e-05
3.752833439084906660e-05
3.733750535595489625e-05
3.861996812749095265e-05
3.888893043400182167e-05
3.866483384273964875e-05
3.864801608913605909e-05
3.867814192644464797e-05
3.853477717307344201e-05
3.860960745441029574e-05
3.858777183997410409e-05
3.862883322351309796e-05
3.859406096098822760e-05
3.827956836129372235e-05
3.826433245568428427e-05
3.828053372792147076e-05
3.824005403075553001e-05
3.828378887207210324e-05
3.839025299313983489e-05
4.213037390308560851e-05
4.146121331836727836e-05
6.799877495291135323e-05
7.078299190205483715e-05
7.072496964756476532e-05
2.970651949145150389e-05
3.032178798022498124e-05
3.084500730200203446e-05
3.093018934568953534e-05
3.559954013732015437e-05
3.303845607536393504e-05
3.026043349330908766e-05
3.024077265836591308e-05
1.459607223703794441e-05
-1.041530572802998539e-03
-1.042659718772810835e-03
-1.041933639204903296e-03
-1.042286779414488803e-03
-1.042113016472682920e-03
-1.039745630872282054e-03
-1.040136814261389316e-03
-1.039794175329620532e-03
-1.039174154268796653e-03
-4.715696796965263005e-03
-4.718704331423077131e-03
-2.368935855562843192e-03
-2.368693167469099192e-03
-2.368931014749705698e-03
-2.368852726695727749e-03
-2.368755083405156212e-03
-2.369550143980555992e-03
-2.369533261075585685e-03
-2.369581589948884827e-03
-2.369557705269666019e-03
-2.369630878707411695e-03
-2.369749018155002229e-03
-2.369691699533019343e-03
-2.369761424120153670e-03
-2.369439512107900016e-03
-2.369543646061408361e-03
-2.369415250263524463e-03
-2.367553234244210072e-03
-2.367744184788195781e-03
-2.323360221009473318e-03
-2.320598777902469975e-03
-2.326716993295098023e-03
-2.400800476390875775e-03
-2.405181051247060140e-03
-2.348870805919658997e-03
-2.348816883031964054e-03
-2.348396042700699304e-03
-2.348441664173748708e-03
-2.348346721598087126e-03
-2.349392777547841277e-03
2.504530684063453489e-03
2.504336780488166953e-03
2.495995671022331868e-03
2.522190662832473045e-03
2.522255999853175237e-03
6.347124589169586377e-03
6.344560884656862479e-03
3.724479039238180571e-03
3.724487484969147156e-03
3.724401611694491080e-03
3.724378341240526264e-03
3.724926941697194113e-03
3.725013819272017523e-03
3.724645387494652637e-03
3.725251668006481897e-03
3.725533496349195742e-03
3.725453955636699645e-03
3.725356399976411347e-03
-8.433024139195437197e-03
-8.431981147965618775e-03
-8.595360488101600610e-03
-8.682947046607434813e-03
-1.020102728726485431e-04
5.434657071976012896e-04
5.439498056677885118e-04
5.467402466180536560e-04
5.466170569828241680e-04
5.464762357417569027e-04
5.485682990377836136e-04
5.539146583969643042e-04
5.455549714826757324e-04
5.462359583350908125e-04
5.452040073012497535e-04
5.455146467616026973e-04
5.462110864538447397e-04
5.450334905662099390e-04
5.450394067354208264e-04
5.446933378630936873e-04
1.308440437160632037e-03
1.307157851945653327e-03
1.307801721276481829e-03
1.307390788305997590e-03
1.307446465044041556e-03
1.307331214487208928e-03
1.307318231303031437e-03
1.307275878151496068e-03
1.317725989774230734e-03
1.320639523483084759e-03
1.321133104200418636e-03
1.318155926719306653e-03
1.318222670946328197e-03
1.317805949790914555e-03
4.836986528179827390e-04
4.757438217539750763e-04
4.758508108602477540e-04
4.877382467520650000e-04
4.875996265552458558e-04
4.875095031420108673e-04
4.874643453046983619e-04
4.902423316456603697e-04
4.896071882037233069e-04
4.893771110103648956e-04
5.072085658214053406e-04
5.088393183483641341e-04
5.079122773811938722e-04
5.083435246990577160e-04
4.980558468536499910e-04
4.980899831689044243e-04
4.979761470848682826e-04
4.980965760420397615e-04
-9.137447275026483722e-04
-9.135070141217633633e-04
-9.132019923050107169e-04
-9.215455211887605119e-04
-9.382725119417503626e-04
-9.382056435973135794e-04
-9.380737315028525288e-04
-9.380660048382544582e-04
-9.380737735273812425e-04
-9.381064176962516845e-04
-9.380611584993790025e-04
-9.380495667918332383e-04
-9.369319746480842502e-04
-9.368846480955719163e-04
-8.399363994185164717e-03
-8.397351300491229936e-03
-8.397321021849594308e-03
-8.396722705031861578e-03
-8.346751921554146705e-03
-8.346655169349731854e-03
-8.346700909335423232e-03
-8.345930063555131312e-03
-8.346068799645185027e-03
-8.346037385739420167e-03
-9.018170206747477477e-03
-9.018428137313572179e-03
-9.018731008382694161e-03
-9.018813243162613832e-03
-9.017231497905821291e-03
-6.163413778461739045e-03
-6.163591651467990179e-03
-6.163530539036755733e-03
-6.163470231794866173e-03
-6.352547904964101107e-03
-6.350527625703525358e-03
-6.366028971963291240e-03
-6.365953836702696426e-03
-3.719777944191277638e-04
-3.720353614542227789e-04
-3.720288136039472311e-04
-3.719174445928684716e-04
-3.718560217433651907e-04
-3.717470259602918218e-04
-3.720141757228925014e-04
-3.721825850074339699e-04
-3.722042724476497299e-04
-3.718355572766995519e-04
-3.729033855442885560e-04
-3.704611656536094168e-04
-3.693090916982990843e-04
-3.711765487984525626e-04
-3.725558272611031530e-04
-3.719079658542284532e-04
-3.713833518653233143e-04
-3.803449553423162853e-04
-3.800612820505878606e-04
-3.856408770431326996e-04
-3.856310005419146523e-04
-3.847821810858786766e-04
-2.448036557946708155e-03
-2.448177486396631037e-03
-2.447989830970664915e-03
-2.448126056534289524e-03
-4.441275651703894363e-04
-4.445087673371977228e-04
-4.449863205280410374e-04
-4.452027194264179723e-04
3.328663748093859363e-03
3.327182445802060341e-03
3.326920371731846831e-03
3.325798020958474575e-03
3.325731417201036478e-03
3.316508995289066571e-03
3.316179463453336734e-03
3.316355319503903366e-03
3.318774412811214061e-03
3.317562030540904035e-03
3.321787893022654613e-03
3.321768729447061030e-03
3.320389595621550758e-03
3.318930595306429469e-03
3.320927922073812696e-03
3.320722117500895642e-03
3.321195385995995026e-03
-6.816204826290160395e-04
-6.858806262422442995e-04
-6.860626014076650746e-04
-6.855831989240027298e-04
-6.855491254853873047e-04
-6.850681734647236449e-04
-6.494948323758855833e-04
-6.907079011478343446e-04
-6.879934990680380055e-04
-6.814266123510794070e-04
-6.815112912856673404e-04
-6.816805284210283346e-04
-6.812945914618975113e-04
-6.816911316876834385e-04
-6.818512560781025446e-04
-7.152518985987449743e-04
-7.140111636374058901e-04
-4.721592826466219721e-04
-4.708877096296815883e-04
-4.700350267443389974e-04
-4.705396251162458380e-04
-4.711555554712145550e-04
-4.714584608498223993e-04
-4.717932446468128187e-04
-4.715562009315486715e-04
-4.766810330150940346e-04
-4.766936609695827075e-04
-4.740050883935184155e-04
-4.700243382984993870e-04
-4.665171046363402341e-04
-4.666205491135332365e-04
-4.666199761135950488e-04
-4.686137076584771127e-04
-4.731899592380656053e-04
-4.770691199093150575e-04
-4.758433543967992784e-04
-4.758133810929080507e-04
-4.768938828839735470e-04
-4.773120170528935211e-04
-4.773391250843626453e-04
-4.774448185722693122e-04
-4.764644080256150963e-04
-4.767566013085683678e-04
-4.768320219765029787e-04
-4.768177163918770663e-04
-4.767968715087907323e-04
-4.769350654913116468e-04
-4.769239448099652097e-04
-4.770503496601415745e-04
-4.770557091343048716e-04
-4.770026167503609851e-04
-4.770062742895219560e-04
-4.769871306649509785e-04
-4.770199204998935611e-04
-4.759146245042240745e-04
-4.768552719123267348e-04
-4.767927875402651230e-04
-4.765450393096073121e-04
-5.035789291524838708e-04
-5.037430573430251492e-04
-5.089403774671552323e-04
-5.055052910683581696e-04
-5.035112045248881256e-04
-5.020215081121204770e-04
-5.021610225127133651e-04
-5.044890593365623571e-04
-5.043997779319726307e-04
-5.043352179026426140e-04
-5.041453820870851754e-04
-5.037490025268787216e-04
-5.087110151344827668e-04
-5.088876917781377796e-04
-5.089404217511904385e-04
-5.085650206254480662e-04
5.076134648715689181e-03
5.075430099561645085e-03
5.075443053091037438e-03
5.075030175437941424e-03
5.076554759602648625e-03
5.076774702165978183e-03
5.077000724320198354e-03
5.076897101719700725e-03
8.503279331483977509e-04
8.509236784984675452e-04
8.506339777872268899e-04
8.517994113257150056e-04
8.486502508462508360e-04
8.490265069955846332e-04
8.480701276532563769e-04
8.480579220132522479e-04
8.486422038104779724e-04
8.483222597217386770e-04
8.481798292310975367e-04
8.481418161101335297e-04
-8.904627471733054991e-05
-8.964675638116679471e-05
-9.434279195325477802e-05
-9.409268036129329763e-05
-6.667497967888924917e-03
-6.667384998420849626e-03
-6.667572279344222315e-03
-6.666042352131692356e-03
2.618592968157144613e-03
2.616742481198565829e-03
2.617556177089264743e-03
3.312099952379220290e-04
3.505407565705497951e-04
3.447087132426583959e-04
3.440633644310655951e-04
3.447312200367408114e-04
-1.927459360348667211e-03
-1.927758247694934344e-03
-1.928287269365614983e-03
-1.927378568170174744e-03
-1.927303579789239841e-03
-1.927142365082711853e-03
-1.927181400481447517e-03
-1.927570004366922166e-03
-1.927361056988074898e-03
-1.927775533836139201e-03
-1.927498154872524239e-03
-1.928369366646913875e-03
-1.929877271875775346e-03
-1.929513695338480475e-03
-1.929621279924342240e-03
-6.691824631301239771e-05
-6.691012228515764830e-05
-6.664442884897141099e-05
-6.647235479808271492e-05
-6.670315210906198767e-05
-6.654533502130385142e-05
-6.652662877622862725e-05
-6.653998427467090369e-05
-6.685504374892778921e-05
-6.687535948474641315e-05
-6.663485115783194580e-05
-6.649235697081714973e-05
-6.681074777030050608e-05
-6.651711981904219375e-05
-1.105172592985075508e-04
-1.153474479307164090e-04
-1.159561205705834507e-04
-1.158578870742504662e-04
-1.159526080294918037e-04
4.229527351322631863e-03
4.228721113457411390e-03
7.213585201358559823e-03
7.213616622292483987e-03
7.215680120793012235e-03
7.213826390447757031e-03
7.213882359328093775e-03
7.214282680486542795e-03
7.213917027521938100e-03
7.213867386866312965e-03
7.214758614672072724e-03
7.213738263529228742e-03
7.213918586374664689e-03
7.213939066863308235e-03
7.213999931859319328e-03
7.213956691126432660e-03
7.213777687219397050e-03
7.045637869552073135e-03
7.046097884341184781e-03
8.219992310651810796e-02
8.219802539000047037e-02
8.351911219054637681e-02
8.351748978130793533e-02
8.352127145781004791e-02
8.352219976075191121e-02
8.351759703649039301e-02
8.352329772968443422e-02
-8.050875574664929013e-04
-1.673359373252325012e-03
-1.673232881769954120e-03
-2.386411764956996955e-04
-2.387632010297287700e-04
-2.128280725298422151e-04
-2.105817523978007150e-04
1.743823590749995177e-03
1.743744331739106434e-03
1.733331419072875424e-03
1.732977573704153540e-03
1.733233921825687220e-03
1.733291515152379607e-03
1.733119254794105281e-03
1.733034514575985605e-03
1.731907542534530517e-03
1.900144096297645517e-03
1.900175792456209852e-03
1.899889146717779944e-03
1.900220531195023722e-03
1.900277808950142895e-03
1.900415739155902417e-03
1.537095403325959694e-03
1.537131730702787731e-03
1.537114010353669326e-03
1.537135618250718653e-03
1.512351502064125620e-03
1.512276995055337287e-03
1.512867663550555852e-03
-6.381516563828029676e-03
-6.381515242820780774e-03
-6.380349116639331443e-03
-6.380204241908386982e-03
-6.380212517406201773e-03
-6.380145120265630181e-03
-6.377860940863801752e-03
-6.377686812235840684e-03
-6.377728345987291811e-03
-2.001021371481428914e-03
-2.056041214877938565e-03
-2.055969698779322972e-03
-2.056520151466803992e-03
-2.055299002574366082e-03
-2.060883803381499246e-03
-2.041627516484153474e-03
-2.039229581542226742e-03
-1.138522880185477773e-03
-1.139089078611893934e-03
-1.298227240256805441e-03
-1.297477197681195203e-03
-1.297432145450289455e-03
-1.297586634680623040e-03
-1.297515990268295919e-03
4.209975292851464782e-03
4.209875088645078332e-03
4.209979352844800231e-03
4.210184073170451964e-03
4.210150037017285247e-03
4.209337741733995032e-03
4.209313627950928352e-03
4.209882113392030001e-03
4.211319784697472625e-03
4.208410072318490708e-03
4.208416140093503184e-03
4.208337350771172887e-03
4.208331609466217996e-03
4.208312496539309312e-03
4.208244531182622067e-03
4.208192900636970740e-03
4.209099241958894760e-03
4.209162982720385769e-03
4.209258555997636396e-03
2.401718338781187734e-03
2.400778459754405233e-03
2.401018387208394243e-03
2.401017878807874210e-03
2.371088591071267380e-03
2.392934860256022006e-03
2.392848999920786299e-03
2.392416164865573090e-03
2.392935978425013432e-03
5.065964399591384344e-03
5.066033754684845167e-03
5.066141959291345712e-03
5.066206112552648806e-03
5.065687145044322180e-03
4.975610850774071954e-03
4.975630147887135681e-03
4.975616004222365059e-03
4.975717289384308344e-03
4.975737072984426704e-03
4.975513013770056260e-03
3.791320675866987309e-03
3.978269255472162078e-03
3.947473190649299253e-03
4.159205438236292761e-03
4.159090314239387819e-03
4.166913958766681886e-03
4.167393837240753428e-03
4.165868621918933541e-03
2.069922959968708773e-03
2.073252786282417034e-03
2.073367749064003104e-03
2.073353584695113942e-03
2.072845025111686411e-03
2.072810009906190468e-03
2.073892017608463222e-03
2.073556264975200038e-03
2.074044410506279724e-03
2.343413212700230612e-03
2.343431457970777173e-03
2.343440216380994739e-03
2.343425119807758441e-03
2.343609780321938545e-03
-2.602599268094723649e-03
-7.608835877201116857e-03
2.023449296060581340e-02
2.023402642633346724e-02
2.024117140782738175e-02
2.024004635214512668e-02
2.024185528161379782e-02
2.023687397120499734e-02
2.023725124897893593e-02
2.023776586892350390e-02
2.023665192327892340e-02
2.023663227658516542e-02
2.023649609131254745e-02
2.023660000682579382e-02
2.023639729007832219e-02
2.023334977437068333e-02
2.023424229376613939e-02
2.023368888388873618e-02
2.023737812734155081e-02
2.023501057808850187e-02
2.023287127465168284e-02
2.023330124860972523e-02
2.023299528059004440e-02
2.024245885833517167e-02
2.024121171275380937e-02
2.024117910680258911e-02
2.024013427703415940e-02
2.023997631353514903e-02
2.023884246293074923e-02
2.023948745903366223e-02
2.024074586265660683e-02
2.024133937196241628e-02
2.024191301300872631e-02
2.024210184378840913e-02
2.024027009087898607e-02
2.023899750440811759e-02
2.023901247303223211e-02
2.023898152299618072e-02
2.023896006080533327e-02
2.023835456881920014e-02
2.023865913146449813e-02
2.023870251579876559e-02
2.023851265495054882e-02
2.023891890946332220e-02
2.023856721017704141e-02
2.023883062829094984e-02
2.023872726172601735e-02
2.023823241889691898e-02
2.023959893528205073e-02
2.024032606581736490e-02
2.024046895635857324e-02
2.023993722749067511e-02
2.024012568606581644e-02
2.024017510851585516e-02
2.023985338353661428e-02
2.024418073327825807e-02
2.024459390016684901e-02
2.024669803724087752e-02
2.024718366749351378e-02
2.024673157840390161e-02
2.024736521314316612e-02
2.024763809856812424e-02
2.024809256267652569e-02
2.024770184291597996e-02
2.024676856739157302e-02
2.024704417342642129e-02
2.024096824797878835e-02
2.024050357654795865e-02
2.024147650101935231e-02
2.019718908582650296e-02
2.019407589368538494e-02
2.019199291361439136e-02
2.019272281889938209e-02
2.014501999992339420e-02
2.014676073458837591e-02
4.900209352389137824e-03
4.895138495125681173e-03
-9.178896505535414502e-03
-9.179025806564888174e-03
-9.171224134899378516e-03
-9.399878190161149380e-03
-9.399445460507417985e-03
-9.399790583399543833e-03
4.137652568629083508e-05
-9.456520804159888145e-04
-9.462390863297081168e-04
-9.467126995663244097e-04
-9.321654028434945552e-04
-9.462221113098034236e-04
-9.464862141906812141e-04
-9.465337552658147861e-04
-9.465455318168801641e-04
-9.461269478229756376e-04
-9.466913026288133323e-04
-9.467775454701920102e-04
-9.445934620695924143e-04
-9.441695843663745367e-04
-9.454977664837916967e-04
-9.454276772996294534e-04
-9.452051152401281641e-04
-9.452482851865939449e-04
-9.451966598969582930e-04
-9.451747737388621661e-04
-9.461839818491144536e-04
-9.462270756608975831e-04
-9.460878087152508773e-04
-9.456411349650842421e-04
-9.467611798778967141e-04
1.012996725033236782e-02
1.013076027677387372e-02
1.013083441464925939e-02
1.012829227286750518e-02
1.012731006764966239e-02
1.012783500854095610e-02
-4.737376219558179537e-03
-4.737717592297498170e-03
-4.736369076589775143e-03
-4.448447954499595153e-03
-2.936460566647963039e-03
-2.936981235382156441e-03
-2.818289045280570389e-03
-2.817803759084829517e-03
-2.816859823910482057e-03
-2.818742570963535515e-03
-2.320853578140440849e-04
-2.312874023973247677e-04
-2.312257315029898777e-04
-2.314833030989429095e-04
-2.314472074459042537e-04
-1.579674687147050022e-04
-1.585563468003729694e-04
-1.555469672762023090e-04
-1.554187376160092013e-04
-1.555537479353927169e-04
-1.545236634975154179e-04
-1.650552476745311640e-04
-8.144191917302313899e-02
-8.144468940529014933e-02
-8.144460015946528020e-02
-8.144420671671231959e-02
-8.144321020149068724e-02
-8.144309233750808563e-02
-8.144503131654642902e-02
-8.144665466475771443e-02
-8.144398734298269327e-02
1.639595193121074293e-04
1.637381010279606792e-04
1.638489913593825726e-04
1.639821556486971811e-04
2.314438783318331682e-04
2.463535133491243762e-04
3.089906094792799055e-04
3.103889791701146023e-04
3.102609999768728187e-04
3.105729010826396093e-04
3.111391157482522275e-04
4.192890988394814026e-04
4.182843066643771013e-04
4.188123817291439688e-04
4.186681712026041466e-04
4.179561391690032337e-04
4.184090439389507427e-04
4.179605088130048480e-04
4.184402203293732477e-04
4.185156747968632441e-04
4.171237747171799314e-04
4.212731293725509784e-04
4.210076314534861685e-04
4.205322086276317632e-04
4.279739746538159377e-04
4.359896174102339031e-04
4.336262537651560767e-04
4.325336017986952685e-04
4.336104963404085696e-04
4.335474990622693761e-04
-2.911782899968495819e-02
-2.911829319838980107e-02
-2.911536928813861572e-02
-2.911412068055776667e-02
-2.912422444494073767e-02
-2.912480304917254570e-02
-2.911968502607636608e-02
-2.912361666721122525e-02
-2.912628409151139797e-02
-2.912607040449143384e-02
-4.231260825323915689e-03
-6.923873624229759556e-03
1.218963094048370992e-02
1.233795193582796698e-02
1.239500082656687374e-02
1.239471435272611853e-02
1.239591885564075326e-02
1.239634191667652284e-02
1.239607765306173504e-02
1.239655938610857537e-02
1.239634093907586269e-02
-1.169185849810199743e-03
-1.169511085328882229e-03
-1.169080847031524423e-03
-1.171329170718822575e-03
-1.171094142256105461e-03
-1.217551230929951036e-03
-1.217272507521318303e-03
-1.217407515818531329e-03
-1.217390240184018559e-03
-1.217474393759884581e-03
-1.217318244380932377e-03
-1.217254330686023348e-03
1.519999416014109622e-03
1.522463520783479433e-03
1.504449689847759146e-03
1.503979500720884366e-03
1.504075408227955896e-03
1.269961735281971383e-03
1.270399694163384940e-03
1.270166521216042855e-03
1.270168092214575941e-03
1.270308839399816956e-03
1.270658978162265409e-03
1.273958199280554896e-03
1.273813240483821167e-03
1.809989263671033704e-03
1.809884047241642124e-03
1.810007632460360972e-03
1.810066363160725599e-03
1.809943937228034386e-03
1.810107027985616897e-03
1.810041001795480728e-03
1.809988350226773585e-03
1.809900691973022205e-03
1.809924935629155830e-03
1.809936824123177957e-03
1.809938520273890461e-03
1.809868276926348239e-03
1.809825593556109143e-03
1.809992337075811341e-03
1.810067153355506735e-03
1.809706586030362810e-03
2.536489073949066766e-03
2.540558662047829805e-03
2.541078769732438812e-03
3.678309168495407996e-03
3.721238111987148697e-03
3.722447135621294399e-03
3.722956045806336944e-03
-1.492086698386427095e-02
-1.492136695936133704e-02
-1.492124435481764766e-02
-1.492112362883866138e-02
-1.492188669736326488e-02
-1.492215647031671505e-02
-1.492197310779083338e-02
-1.492189974240060689e-02
-1.492228483235573215e-02
-1.492222185125315244e-02
2.827696887751684433e-03
2.813373133002282887e-03
2.604893115262473663e-03
2.605151276916522693e-03
2.604956684840629370e-03
2.624137998023445915e-03
2.613343398764936612e-03
2.613337203959271646e-03
2.616507453965651649e-03
2.616658516141720948e-03
-7.101219649501283246e-03
-7.102781342143554659e-03
-7.103337974047210443e-03
-7.103246441154636819e-03
