-1.109301535457471108e-02
-1.109247816585941758e-02
-1.109178882768599092e-02
-6.153794667876306967e-03
-1.271013872813572809e-03
4.205375589893048383e-03
4.205091475614507190e-03
4.205388315433921179e-03
4.205335822646854432e-03
4.205316261093994257e-03
4.205370685587076635e-03
4.205421668559101295e-03
4.205379995855473146e-03
4.211075766653471497e-03
4.214868065463584293e-03
4.214844803098038301e-03
4.222706548771163609e-03
4.222583468724141337e-03
4.222169536632094239e-03
4.222921540041965280e-03
4.195052319723589079e-03
4.195075206532429546e-03
4.195090303785332236e-03
4.195045973589908023e-03
4.195417829808747653e-03
4.195174398174780772e-03
4.194217498343061346e-03
4.194229685361487020e-03
4.195099852553259637e-03
4.194900879931899584e-03
4.194782634984153130e-03
4.194675440474224942e-03
4.194675848412571240e-03
4.194736817136778505e-03
4.194879138168746725e-03
4.194744714655493020e-03
4.194758251416223598e-03
9.496779707619531011e-03
9.491151340093238048e-03
9.589449275459649771e-03
9.591556995249984202e-03
9.591473855185037034e-03
9.590209762448750550e-03
9.590424331223149773e-03
9.590347877176842381e-03
9.589098603098930931e-03
9.589089876918041946e-03
9.589163874329261275e-03
9.589265492251185588e-03
9.589089633316510639e-03
9.591514184941269533e-03
9.600903972525097821e-03
9.598788732850546332e-03
9.598756226792626300e-03
9.599268474954947977e-03
9.601314918733250617e-03
9.596883766398084381e-03
9.596802576502782775e-03
9.597155544162523644e-03
9.596896858075109824e-03
9.597961712845512125e-03
9.583166992001374007e-03
9.583591779152229526e-03
9.588830221716847582e-03
8.461203960152763326e-03
8.460997475110650090e-03
8.462387041462123699e-03
8.462370023895106688e-03
8.461976297342695130e-03
8.462308205984789972e-03
8.462223257900459289e-03
8.462631380318160618e-03
8.462594054522565648e-03
8.462861989362240045e-03
8.462829887360908548e-03
8.462782629977742138e-03
8.462531556861658047e-03
8.357599057596641276e-03
8.357697736011013290e-03
8.358554604071944186e-03
7.552769262398215978e-03
-3.858090434990176041e-03
-3.858340054707155940e-03
-3.858382385803549742e-03
-3.858238168883369908e-03
-3.858340738729081846e-03
-3.858012046657491312e-03
-3.858029521621758173e-03
-3.858026286471726192e-03
-3.857872617485063552e-03
-3.857987317401220979e-03
-3.857930405842766811e-03
-3.857939833403949918e-03
-6.154240000621851586e-03
-6.154249551355074101e-03
-9.394237665840878687e-03
-2.956774024788272250e-03
-2.956649150723916850e-03
-2.956496604399519012e-03
-2.956499318708118076e-03
-2.956461414419297128e-03
-2.956472092423468537e-03
-2.956453777050515892e-03
-2.956467721777953327e-03
-2.956554464915220597e-03
-2.956692936767571847e-03
-2.956690245498706966e-03
-2.956566732792542673e-03
-2.956703836912809216e-03
-2.956701833063996639e-03
-2.956750595483677736e-03
-2.956772581476586805e-03
-2.956656092370391932e-03
-2.956660243759351523e-03
-2.956760861492116477e-03
-2.956724286148131216e-03
-2.966831706340533874e-03
-2.966210453188701784e-03
-2.966223730302382840e-03
-2.962625778037622590e-03
-2.961927638169964405e-03
-2.960727353905854512e-03
-2.959512264758012903e-03
-2.959727082555004170e-03
-2.959768924654429621e-03
-2.959526880439397253e-03
-2.959649288506905392e-03
-2.959649094984015839e-03
-2.959694808610516346e-03
-2.959611547642921042e-03
-2.959374930902605293e-03
-2.959125296290440917e-03
-2.907953113131741835e-03
-2.908032414058897910e-03
-2.908013717016568606e-03
-2.889421384293889335e-03
-2.888849243188587948e-03
-2.891761513063855794e-03
1.550742690116883264e-03
1.550779775632798617e-03
1.550732962623751522e-03
1.550716619100098170e-03
1.550743144653591232e-03
1.550722284042133602e-03
1.550770955176008744e-03
1.550694544909964620e-03
1.550758141966692696e-03
1.550809376642273358e-03
1.550895584508913110e-03
6.274060720165106075e-03
6.273565216910232875e-03
6.273541469337064538e-03
6.273075676857975402e-03
6.273742293069134619e-03
6.273331189477325369e-03
6.273157182280498546e-03
6.273162362514714090e-03
6.273080885324801639e-03
6.273585916247647123e-03
6.273505170486320774e-03
6.273275066847916991e-03
6.273397217736536267e-03
6.273247452570988522e-03
6.273357178318915428e-03
6.273569394019301235e-03
6.273865307076430253e-03
6.273406382141198494e-03
6.273410891491530000e-03
6.273572810378178453e-03
6.273782470774150015e-03
6.271175194734928196e-03
6.271325742528225874e-03
6.272705683598819859e-03
6.278908229413843536e-03
6.278752004771204556e-03
6.276751998566332605e-03
6.277384203747993739e-03
6.274818586378791592e-03
6.270499041701254987e-03
1.892045826169264922e-01
1.892053437751989864e-01
1.892056582104660878e-01
1.892041455972975905e-01
1.892034010031366786e-01
1.892079328691125550e-01
1.892086473654435719e-01
1.892083520190713242e-01
1.892042654199043994e-01
1.892040656636411744e-01
1.892003927153185494e-01
1.083056488855641290e-03
1.083241139146747488e-03
-9.533449016219367259e-03
-9.533606660261286642e-03
-9.525109422038099266e-03
-9.524980192279002347e-03
-9.525296850514944000e-03
-9.525464518707421613e-03
-9.559378845009567846e-03
-9.559941872859521392e-03
-9.559778500069029267e-03
-9.559299751186292257e-03
-9.559214872657073245e-03
-9.559231358507599974e-03
-9.560226523328180931e-03
-9.560152705154990535e-03
-9.560358424228304966e-03
-9.560263129350841937e-03
-9.559741490669983882e-03
-9.559516402741032037e-03
-9.560952349720380425e-03
-9.560789593105205667e-03
-9.560457647132182546e-03
-9.559838579041914433e-03
-9.521788940068852403e-03
-9.521843905766590524e-03
-9.521828541659458148e-03
-9.521888341878803966e-03
-9.525503240062096338e-03
-9.525338314161628517e-03
1.155679574986871868e-03
1.155393500316690423e-03
-2.616753766434358995e-03
-2.616734085208785240e-03
-2.617045575160448483e-03
-2.640338889544555957e-03
-2.640404118096005039e-03
-2.640523308240537784e-03
-2.640511085982065551e-03
-2.640557918121284701e-03
-2.640526556475147023e-03
-2.640466698478782792e-03
-2.640481494822946151e-03
-2.640312086979458052e-03
-2.640409048900449040e-03
-2.640418291184440987e-03
-2.640371920049531217e-03
-2.640612438559411523e-03
-2.640684309957012661e-03
-2.640588672391305531e-03
-2.640401335180373159e-03
-2.640437185428746829e-03
-2.640401348343468773e-03
-2.640406813209078725e-03
-2.640483018138489735e-03
-2.640497442924502093e-03
-2.640500863274592921e-03
-2.640375655872033694e-03
-2.640395400918389875e-03
-2.636026875518537958e-03
-2.636313747212973291e-03
-2.636396962325234308e-03
-2.636414990445635348e-03
-2.636289408745572539e-03
-2.636217681008164518e-03
-2.636311278688720228e-03
6.427267977377451071e-03
6.428275720592020737e-03
6.416608812902736304e-03
6.417333227235662470e-03
6.416754944150092517e-03
6.418016047815603385e-03
6.417750125987611680e-03
6.417812615201224334e-03
6.417865766820238412e-03
6.417739427911369095e-03
6.397388425817344439e-03
6.397443300025860112e-03
6.397781964645705283e-03
6.397636492259138781e-03
6.396863332539460406e-03
6.396844365669134350e-03
6.397302086224196729e-03
6.397609504208750554e-03
6.397589057304680499e-03
6.396742018581807500e-03
6.396581853862497342e-03
6.396761979690011347e-03
6.396360016792742784e-03
6.396770787931979618e-03
6.410160902189418475e-03
6.410188749238290157e-03
6.410120444554381208e-03
6.410369957935192070e-03
6.410412682850776672e-03
6.410400915005235768e-03
6.410263542887451385e-03
6.410329442287826356e-03
6.410411875835990946e-03
6.410304338696996146e-03
6.410319586464955852e-03
6.410001087936722380e-03
6.409880348348107916e-03
6.409967906412426808e-03
6.409940470322177293e-03
6.409895689014188241e-03
6.409959234571962344e-03
6.409940833605612745e-03
6.409869404539149038e-03
-7.689594810293044584e-03
-7.689163562528053379e-03
-7.689042930645005602e-03
-7.689296654307170922e-03
-7.689171165283680692e-03
-7.681226003104238420e-03
-9.662455903103731036e-03
-9.660795260222718173e-03
-9.675118573175175637e-03
-9.674698795717456140e-03
-9.667465942984693889e-03
-9.666828911882511047e-03
-9.665829796074679181e-03
-9.691132377353403604e-03
-9.690994641871703008e-03
-9.691540164058293216e-03
-9.690915037012476016e-03
-9.691169117083335560e-03
-9.691062462262799507e-03
-9.690912499678020625e-03
-9.691040384757347234e-03
-9.692066701202248225e-03
-9.692103478008407685e-03
-9.691737013240669593e-03
-9.689887057474370208e-03
-9.689662430801821227e-03
-7.727106081565942447e-03
-7.726965739785770539e-03
-7.728263183851147820e-03
-7.727168686948105575e-03
-5.609465567527982185e-03
-4.817458522329033481e-03
-4.817134179899605455e-03
-4.817110862022367865e-03
-4.817154239568022245e-03
-4.817074568066338942e-03
-5.568920577168390328e-04
-5.568367579355590477e-04
-5.565493621397707945e-04
-5.566207445417185005e-04
-5.064274118514882923e-04
-1.313598496476806087e-03
-1.313612235422213000e-03
-1.313600458127560681e-03
-1.313576997866242654e-03
-1.313659501829003056e-03
-1.313906077126831716e-03
-1.315011481210999478e-03
-1.317845784794390062e-03
-1.313235148831388673e-03
-1.313380300575406204e-03
-1.313457892236033833e-03
-1.313473409221286746e-03
-1.314828530813116425e-03
-1.314501569771684948e-03
-1.313700413181463113e-03
-1.313502680154404832e-03
-1.313570562506368323e-03
-1.313299290354395018e-03
-1.313439423273368841e-03
-1.313911441847072674e-03
-1.313883132885560910e-03
-1.314044778377837768e-03
-1.281012009675979195e-03
-1.281169588967754529e-03
-1.280804986886031633e-03
-1.281255713628001334e-03
-1.281956588500896129e-03
-1.281650178424103897e-03
-1.281886188754338208e-03
-1.281536174005158376e-03
1.118213349680044748e-03
1.118200421441761447e-03
1.065098797828205627e-03
1.064981081137321255e-03
1.065342207632449150e-03
1.064805025314628914e-03
1.064850609900307122e-03
1.088560555902093156e-03
1.088561081538606855e-03
1.088520952516672897e-03
1.088312021249810638e-03
1.088910947265431467e-03
1.088821375878757172e-03
1.088073222868835314e-03
1.087955591494290004e-03
1.087417564727050090e-03
1.087623616309714219e-03
1.087936827290351093e-03
1.087510301637244128e-03
1.087610949516237043e-03
1.087495925321408210e-03
1.357668613631493517e-03
1.357748385010993774e-03
1.357693258310503507e-03
1.357727392798505506e-03
1.357213357423640724e-03
1.357260721406653705e-03
1.357402744169715824e-03
1.357486207911453007e-03
1.357513774573716010e-03
1.357051990548265768e-03
1.357250288857660614e-03
1.357802392401002934e-03
1.357746117972309608e-03
1.357936023654328405e-03
1.358013216067587361e-03
1.357854389100107088e-03
1.357802827802594451e-03
1.358083415181607356e-03
1.358126763437826059e-03
1.357976970509984765e-03
1.357790373648132178e-03
1.357770210673623192e-03
1.357823664032814168e-03
1.357857693965660618e-03
1.357782394320276170e-03
1.357951428253964879e-03
1.357894039680874803e-03
1.357852826955017805e-03
1.363875319231931758e-03
1.363816467606600476e-03
1.363816467606678538e-03
1.363576718055268047e-03
1.363549557640287169e-03
1.363794005718368257e-03
1.348555331375551544e-03
1.348670044610919506e-03
1.963996810929117230e-03
1.964043409871328236e-03
1.966039778744222474e-03
1.965941667967326112e-03
1.966043023377701902e-03
1.966805746667505024e-03
1.965831093452114018e-03
1.965837665819887732e-03
1.966899847664164373e-03
1.969175169952421586e-03
1.969348324724276653e-03
1.969619742262769188e-03
1.969133177693918255e-03
1.969370909318793675e-03
1.969367547345784227e-03
1.970243797194414209e-03
1.971642368162945021e-03
-5.332378209209463586e-03
-5.357093596983642479e-03
-5.357559102351018739e-03
-5.357528993079914599e-03
-5.357336204430609462e-03
-5.357149787189516114e-03
-5.357254742920035916e-03
-5.357211115903300590e-03
-5.357243104656156385e-03
-5.357141492755199651e-03
-5.357458189506671478e-03
-5.357383443960027879e-03
-5.357398353319909115e-03
-5.357657417714037883e-03
-5.357417632937429633e-03
-5.357410835045647163e-03
-5.357411374282509790e-03
-5.357428054605063543e-03
-5.354376680155022682e-03
-5.354576376837258227e-03
-5.352065549186321020e-03
-5.352809881004859383e-03
-5.352991743900185895e-03
-5.352268136538869923e-03
-5.353864989481534747e-03
-5.354107137597045180e-03
-5.353924807661901257e-03
-5.354619422660069836e-03
-5.354430430826858864e-03
-5.354417358279092362e-03
-5.354342178002495338e-03
-1.918653360235023433e-03
-1.919221903977095904e-03
-1.919008925748713623e-03
-1.918982869894559230e-03
-1.918924776687034586e-03
-1.918901621247969501e-03
-1.918865781917055043e-03
-1.918977231258923132e-03
-1.918935051199708620e-03
-1.918947964914133894e-03
-1.918927907495247527e-03
-1.919058138808127714e-03
-1.918717003587480695e-03
-1.919386366025372694e-03
-1.919107867167818213e-03
-1.919010119345005956e-03
-1.918903307763550987e-03
-1.918450873922583318e-03
-1.934963149952076411e-03
-1.985464857167064910e-03
-1.990385860303583911e-03
-1.990637898792313974e-03
-4.193454450887619880e-03
-4.194316643481682018e-03
-4.206031716829799344e-03
-4.205183867498891656e-03
-4.205156048491860525e-03
-4.204841911611221367e-03
-4.205900723973873302e-03
-4.205718381413637436e-03
-4.205079417014210078e-03
-4.204652763116047479e-03
-4.205006076050115706e-03
-4.205050647115956414e-03
-4.204136841539292922e-03
-4.204090106439091652e-03
-4.204225460893045753e-03
-4.202127251291639352e-03
-4.202231535048505350e-03
-4.202390256621862941e-03
-4.202476852673599390e-03
-4.202300407407745519e-03
-4.202061948589247073e-03
-3.754379100427915079e-03
-3.754405704133193748e-03
-3.754238144202505425e-03
-3.754204358033588589e-03
-3.754230330235002432e-03
-3.754394082318470490e-03
-3.754436400196400642e-03
-3.754707516022619089e-03
-3.754784455741634695e-03
-3.754732563979356480e-03
-3.754656466086111859e-03
-3.754712840042320320e-03
-3.754577428983115351e-03
-3.754073567358564775e-03
-3.754242808767229919e-03
-3.754302272893762435e-03
-3.754252763611708611e-03
-3.739507363965999687e-03
-3.739769858986842586e-03
-3.739650370708674006e-03
-3.739396991538542110e-03
-3.739924667568644834e-03
-3.739871996168335835e-03
-3.739937698001898070e-03
-3.740021801206395990e-03
-3.739972079796228914e-03
-3.739558264984122783e-03
-3.739179139794760864e-03
-3.739502982108344753e-03
-3.742074176203681601e-03
-3.742057044297661048e-03
-3.742002161155075311e-03
-3.741996864647496000e-03
-3.742018506966407389e-03
-3.742308814006849085e-03
-3.742347261220461963e-03
-3.742228608171702022e-03
-3.742330648103193817e-03
-3.742363285842076857e-03
-3.742221692252109804e-03
-3.742121603391964594e-03
-3.742183575928693245e-03
-3.742124368572644078e-03
-3.742156537707321332e-03
-3.742105558074960286e-03
-3.742162184603364545e-03
-3.742372394134934211e-03
-3.742066500686626763e-03
-3.742293868862275798e-03
-3.742579297293584500e-03
-3.742551099970398490e-03
-3.742558242223653023e-03
-3.742752420433143393e-03
-3.742801879008004866e-03
-3.742620378429550171e-03
-3.742769068190472323e-03
-3.753995507828005330e-03
-3.753976970234457894e-03
-3.754029254656572178e-03
-3.753929799608479289e-03
-3.753981378356922166e-03
-3.753954002282093669e-03
-3.753983751131515292e-03
-3.753970272973132950e-03
-3.754014885651059830e-03
-3.754011245901144305e-03
-3.754001930645956431e-03
-3.754045117307184924e-03
-3.754068365495917114e-03
-3.754110997052856682e-03
-3.754097869221979626e-03
-3.753727153039485270e-03
-3.753768558491544019e-03
-3.734726238480153004e-03
-3.735241264947796163e-03
-3.734996178802752094e-03
-3.733661427890075466e-03
-3.733296972876157336e-03
-3.733356882991030294e-03
-3.734644063562305664e-03
-3.734249857412005359e-03
-3.734284083798264809e-03
-3.734087177984703014e-03
-3.734018130912811814e-03
-3.734018329426257946e-03
-3.734006890251399292e-03
-3.734070808679022975e-03
-3.734061479484629409e-03
-3.734056430151611299e-03
-3.734600592882860674e-03
-3.734687273706406487e-03
-3.734719439126790545e-03
-3.734734087601851091e-03
-3.734691940588034161e-03
-3.734557168748714115e-03
-3.734493938727848246e-03
-3.734096097662518814e-03
-3.734099939795759281e-03
-3.734067557468094024e-03
-3.734119730258715630e-03
-3.734091206429620939e-03
-3.734068008199855401e-03
-3.734059419914397600e-03
-3.733986760712239197e-03
-3.734061750259483770e-03
-3.734480443115378683e-03
-3.734538540311963927e-03
-3.734349417124463531e-03
5.888609994791420624e-03
5.888732994316880388e-03
5.888595529649955779e-03
5.888738664185873967e-03
5.888693417776146542e-03
5.915948957729451167e-03
5.915353284799397537e-03
5.915458815715131900e-03
5.915789998462524756e-03
5.626688021291359650e-03
5.407857115379367807e-03
5.408875251421101440e-03
1.487585494720279644e-04
1.486576670511096981e-04
1.489477765220486433e-04
1.485993205897670455e-04
1.486566456638233719e-04
1.500815890573508726e-04
6.412372857826404045e-04
6.409367339383223797e-04
6.408337671111220693e-04
6.409861856738770626e-04
6.411527527762266379e-04
6.407631478170084478e-04
6.407886387203166455e-04
6.407822650794632677e-04
6.409869164651908107e-04
6.406298681617786676e-04
6.406324036383161591e-04
6.404408702664169143e-04
6.404266386627998752e-04
6.408364987923640625e-04
6.405627719655710133e-04
6.403795241024668860e-04
6.404631625341017072e-04
6.406885372964646330e-04
6.415748093675071586e-04
6.414446719537938426e-04
6.416261674939302507e-04
6.404373713934768389e-04
6.404551421812726755e-04
6.404466634530153182e-04
6.404292101974251973e-04
6.405349107860232099e-04
6.404359878228772784e-04
6.404417206506755845e-04
6.404100401508353501e-04
6.405218349926941439e-04
6.405255448685438086e-04
6.406285994503156320e-04
6.393585172178450774e-04
-1.086847054717616449e-03
-1.088155938729456085e-03
-1.090275889217879159e-03
-1.090585933432826294e-03
-1.090547582392593874e-03
-1.090839309285715226e-03
-1.090090987152262866e-03
-1.088447107397187263e-03
-1.089385940637242365e-03
-1.089564442887885334e-03
-1.089599509091418233e-03
-1.748774991993547450e-03
-1.748518380927769050e-03
-1.748593879957655028e-03
-1.749172919496329130e-03
-1.748489534750467637e-03
-1.750103432426903778e-03
-1.749415636209008260e-03
-1.749185030130558744e-03
-1.686607069214953120e-03
-1.664714662311858866e-03
-1.664655619590396044e-03
2.202296088003634182e-03
2.202171588012313049e-03
2.202289041629821188e-03
2.202377411772864658e-03
2.202336197540355218e-03
2.202294747179367896e-03
2.202140658656502603e-03
2.202348398511664446e-03
-5.236590290050780437e-03
-5.237394929258698019e-03
-5.237477254299689744e-03
-5.237707591268310654e-03
-5.237918441589173475e-03
-5.238044405627475045e-03
-5.237814469712121987e-03
-5.237640798280276955e-03
-5.237886433920782743e-03
-5.237874605284878644e-03
-5.237921990609593036e-03
-5.238130256124375744e-03
-5.238212442945885602e-03
-5.238311247640720265e-03
1.104766884417741901e-02
1.104757239366972559e-02
1.104782366808205844e-02
1.104805601869217162e-02
1.104810030077293601e-02
1.104758973450991472e-02
1.104774865834975278e-02
1.104697952408640986e-02
1.104682951412897830e-02
1.104687852834309279e-02
1.104708899277383888e-02
1.104702404590324032e-02
1.104707110834280206e-02
1.104740052508197679e-02
1.104739943516227195e-02
1.104817730738580708e-02
1.104797248128313453e-02
1.104737905160740018e-02
1.105014698688581293e-02
1.104826191781904492e-02
1.104819607304365764e-02
1.104936569188550398e-02
1.104900160893347756e-02
1.104727674676460498e-02
1.104732383409623431e-02
1.104731966893499236e-02
1.104740367628703930e-02
1.104727360626368317e-02
1.104711533256368290e-02
1.104735314763339790e-02
1.104717478897219649e-02
1.104734231195842430e-02
1.104861348859887890e-02
1.104865806655643164e-02
1.104832968459696675e-02
1.104770006833330834e-02
1.104964874199300742e-02
1.096062574249819302e-02
1.108736661004667071e-02
1.108724149794060310e-02
8.715112535358844614e-03
8.715869023553261125e-03
8.715676999488523521e-03
8.720598319366652459e-03
8.719836948839137375e-03
8.719759990277943518e-03
8.719872578629812507e-03
8.719873540092222194e-03
8.719881197029431472e-03
8.719907801305671821e-03
8.719244977830130361e-03
8.719352803247308603e-03
8.720091516817780539e-03
8.720095046954593615e-03
8.719964284759207720e-03
8.719895680129957638e-03
8.720852295744336430e-03
8.720271956865458321e-03
3.648109485700368453e-03
3.648288100573863872e-03
3.648200680547654135e-03
3.648765016762125103e-03
8.210178873272518801e-03
8.209947102436056590e-03
8.209927735501203888e-03
8.209812970772152260e-03
8.210038699605903822e-03
8.209802576581153033e-03
8.209658970053679630e-03
8.209581032410425555e-03
8.209442680014181204e-03
8.209454529085433161e-03
8.209606085829440278e-03
8.209534608317421711e-03
8.209551148593849726e-03
8.209861658415558774e-03
8.208306486252600967e-03
8.208205424024136651e-03
8.208407401928657920e-03
8.208132903168730704e-03
8.208105813886010932e-03
8.207979436900329079e-03
8.205839710361578082e-03
8.205982012470231998e-03
8.225409938085747469e-03
8.232448485475848390e-04
-4.774688429750399352e-03
-4.774666472472217059e-03
-4.774714580287817145e-03
-4.774569808884005992e-03
-4.775724155132078479e-03
-4.774224798727548166e-03
-4.774164864704648174e-03
-4.773355348658213371e-03
-4.773499686987692919e-03
-4.773492057868143276e-03
-4.773520660876951101e-03
1.013164075586213495e-03
1.014037961883651690e-03
1.236035547360191155e-03
1.235892484851698007e-03
1.235873521384595834e-03
1.235885705726214381e-03
1.235778631512127407e-03
1.235763828306879648e-03
1.235821877145934890e-03
1.235908135639818359e-03
1.235788029067241703e-03
1.236277165198803023e-03
1.272233237909805355e-03
1.272642612155927989e-03
1.272605755253166000e-03
1.272614963229528077e-03
1.272641907953245060e-03
1.272777770890695789e-03
1.272508542836561394e-03
1.272446235805750787e-03
1.272477262134096921e-03
1.272578551958698919e-03
1.272574871217270693e-03
-9.602822640317388745e-05
-9.662563797218203117e-05
-9.627397349242300330e-05
-9.641216961766959834e-05
-9.611188182184837259e-05
-9.611890090661283706e-05
-9.634492710259734036e-05
-9.573510987894457021e-05
-9.574884880078529236e-05
-9.574069703602575609e-05
-9.417134107135375352e-05
-9.419207087258638653e-05
-9.415863396223477487e-05
-9.421491673087407633e-05
-9.438148417265005525e-05
-9.495657843234530607e-05
3.277021469417523052e-04
3.277577674887547049e-04
3.279073668661153435e-04
3.278835914622012693e-04
3.278870411608376641e-04
3.278390448321563959e-04
3.310248844418860149e-04
3.310296615438168967e-04
3.310933115987701385e-04
3.310972711054573970e-04
3.312467645984731781e-04
3.314036828363325330e-04
3.315962739158361677e-04
3.314903712485344498e-04
-1.935756367538110580e-04
-1.929894697021094466e-04
9.477381444839710640e-04
9.482101175167966444e-04
9.474252694115496047e-04
9.480091484478434102e-04
9.484958277768557868e-04
9.482123794165813043e-04
9.479748707533033111e-04
9.453190220828595414e-04
9.453805866208477146e-04
9.452890095852095609e-04
9.452153968685438968e-04
9.452811490864347849e-04
9.451717138541410219e-04
9.453105593481175069e-04
9.453376058381977301e-04
9.454156046774026727e-04
9.453023005848315173e-04
9.452810394795766900e-04
9.444209864657713335e-04
9.443718741751098511e-04
9.444219532835203485e-04
9.443462480512160567e-04
9.443752421154431561e-04
9.443928645213255741e-04
9.440100931204500542e-04
9.440972193435787519e-04
9.440993828363908455e-04
9.441211319390864151e-04
9.441898024879460038e-04
9.439565571299021350e-04
9.444553698900573545e-04
9.444061953766165344e-04
9.442067006673548167e-04
9.443048720699137632e-04
9.449042443227123351e-04
9.447144776602045026e-04
9.449432308250118370e-04
9.447724681343729275e-04
9.215819388924554115e-04
9.164859137921568290e-04
9.162351111077388392e-04
9.160308580669310630e-04
9.172847859269073027e-04
9.290708215210612955e-04
9.329705102794625445e-04
9.329445773361144667e-04
9.327994018222212193e-04
9.334684278828187095e-04
9.336279412322030964e-04
9.337107461274777578e-04
9.333662079942281042e-04
9.334337190327359184e-04
9.334291224861031256e-04
9.334624137322399028e-04
9.314484310234858681e-04
9.317178527872719889e-04
9.284289595665768269e-04
9.280497541855651459e-04
-2.778361883118238285e-03
-2.778337012595382717e-03
-2.778355794372922623e-03
-2.778071877286453131e-03
-2.777888309222952424e-03
-2.777845845363992924e-03
-2.777981895736423516e-03
-2.777887687829443293e-03
-2.769960197774127934e-03
-2.769977571049157469e-03
-2.770728654179280704e-03
-2.770720580995459596e-03
-2.770719575374818149e-03
-2.770687497201980952e-03
-2.770571346349521864e-03
-2.770700654004417535e-03
-2.771686511991296349e-03
-2.771769043868181539e-03
-2.771795633848779961e-03
-2.771197204987071137e-03
-2.771335757334558985e-03
-2.773860288721228737e-03
-2.773400827608669614e-03
-2.773525667208972308e-03
-2.773993149246485601e-03
-2.773445930779143680e-03
-2.773105951343260780e-03
-2.772432407195160858e-03
-2.772457876136296632e-03
-2.772378239066882431e-03
-2.772400651930866447e-03
-2.772418355202478559e-03
-2.772376976659560958e-03
-2.772381892731004549e-03
-2.772502530114777635e-03
-2.772503110814796522e-03
-2.772468060046527367e-03
-2.772508698815057387e-03
-2.770390969322800590e-03
-2.770296379417168907e-03
-2.770704372367233104e-03
-2.770647873313467763e-03
-2.770651418055549656e-03
-2.769993641203795029e-03
-2.770041557855395121e-03
-2.770256030030510217e-03
-2.770118252921921487e-03
5.994801716632916326e-03
5.995135055690581014e-03
5.994779010340380888e-03
5.994845001620606809e-03
5.994830763653647733e-03
5.994951061000526778e-03
5.994791876413356133e-03
5.994796698114643503e-03
5.994665042761864945e-03
5.994793447494603869e-03
5.994888408488260011e-03
5.994773610831490539e-03
5.995040104874140713e-03
5.994392694977496855e-03
5.994250483362371408e-03
5.994365491453268469e-03
5.994979130375057211e-03
5.993696785617453650e-03
6.013889916366249068e-03
6.015810965840300874e-03
7.220891352350606272e-03
7.220923302609205674e-03
7.220983832482363689e-03
7.220859937918183702e-03
7.221113411564092192e-03
7.221499484493295457e-03
7.220866801523988070e-03
7.221507684930942098e-03
7.185334147909941058e-03
7.185180393458783996e-03
7.184986575955924423e-03
7.184952075611375326e-03
7.185620551924698854e-03
1.906290244856828327e-03
1.906498259337092776e-03
1.908124698916965076e-03
1.908029491943372428e-03
1.907804386373768623e-03
5.295485573708629164e-03
5.513567786858873665e-03
1.453729940112643291e-03
1.457044964704961969e-03
1.457087170525688761e-03
1.456725136012120263e-03
1.454409994633409529e-03
1.455989104896807584e-03
1.456056701506658379e-03
1.455876214174045948e-03
1.455897943330425543e-03
1.455834114280929589e-03
1.455886020654195570e-03
1.455944592997937678e-03
1.455893670914843200e-03
1.455978633654849211e-03
1.455945512701703947e-03
1.455897281862510379e-03
1.455913880270256078e-03
1.455899439649853497e-03
1.455911943827262927e-03
1.455912413892178955e-03
1.456517896715837056e-03
1.456507826798901810e-03
1.460493711255925675e-03
1.466332249201718818e-03
1.467337235100726629e-03
1.467260277058297490e-03
1.467350445112333354e-03
1.467375114295008500e-03
2.572816753453973163e-03
2.572435713740757988e-03
2.582461137681219595e-03
2.582615251159602575e-03
2.582501004511346225e-03
2.582617066233425587e-03
1.589231916165331771e-02
1.589282513312666872e-02
1.589325086972545945e-02
1.589364825556676547e-02
1.589205968801025645e-02
1.589220161030722653e-02
1.589220102191896480e-02
1.589261792334287215e-02
1.589223221130797031e-02
1.589294182885953033e-02
5.575252920804363473e-03
5.575291320264962568e-03
8.511711658137605108e-03
8.511895064234730607e-03
8.522370985817512290e-03
8.522431090643734289e-03
8.522318485488308490e-03
8.285294868285934811e-03
8.285465924288476156e-03
8.285355850019392870e-03
8.285170729541692369e-03
6.762850163747175479e-03
6.767781933859957737e-03
6.767777776457072243e-03
6.768175710263247928e-03
6.768172253183294892e-03
6.768207476733702904e-03
6.766119848462747235e-03
6.768620209843922986e-03
7.315385402218310511e-03
7.314489956653383654e-03
7.314977642820108192e-03
7.310756974752089660e-03
7.300034203689905604e-03
7.299645018374472522e-03
7.756995777554546827e-03
7.756869741072409605e-03
7.757909107085886498e-03
7.758252319021534220e-03
7.758344488896908552e-03
7.756587500158343244e-03
7.421265482440469324e-03
8.279615971013877529e-03
8.279465657965643516e-03
8.279325865977512494e-03
8.279496443381731408e-03
8.279759628268840849e-03
8.279640481570762003e-03
8.279081881600796472e-03
-4.523905316643159549e-03
-4.523813235161248773e-03
-4.523893280588700029e-03
-4.524371647664387520e-03
-4.524408173418087778e-03
-4.530454094618028421e-03
-4.530440026965599186e-03
-4.530349908372912834e-03
-4.531056784298791162e-03
-4.532196370146382783e-03
-4.532214692824121545e-03
-4.532150512461803442e-03
-4.531998467801845627e-03
-4.532010981760726913e-03
-4.532131429876313372e-03
-4.532124272803281922e-03
-4.518803143105774682e-03
-4.519145159835041489e-03
-4.517036041665321681e-03
-4.517122108580894427e-03
-4.517211185079025165e-03
-4.517039082342759818e-03
-4.517087579101015764e-03
-4.517064582946329551e-03
-4.517059862752104485e-03
-4.517091902662754427e-03
-4.516921818660302006e-03
-4.516931497102147711e-03
-3.623460016785090901e-03
-3.623427606838686751e-03
-3.623320960037907865e-03
-3.623457532018072458e-03
-3.623385914164852558e-03
-3.623257383212716721e-03
-3.623200529073220162e-03
-3.628134278031330904e-03
-3.627957893838643522e-03
-3.628542021776096343e-03
-3.628211630431910344e-03
-3.628587375341236348e-03
-3.627981677565594084e-03
-3.627554922371878376e-03
-3.624053763063850731e-03
-3.624050516645372939e-03
-3.623409982562172862e-03
-3.627019245692957288e-03
-3.625424434665704392e-03
-3.625062452342700265e-03
-5.159789466105863670e-03
-5.160011577133906575e-03
-5.160050892409335892e-03
-5.160755443206632362e-03
-5.160742414514295565e-03
-5.160759384645427494e-03
-5.160971802455699420e-03
-5.160324348022628932e-03
-5.160082103801518459e-03
-5.157343428274921600e-03
-5.156741163840252405e-03
-4.514986044715826007e-03
-4.514949854943323473e-03
-4.515224948135569162e-03
-4.527953249819043416e-03
-4.509617957481864246e-03
-4.510350959564908210e-03
-4.520896440649635646e-03
-5.161015617860519392e-03
-5.162942547594450912e-03
8.603596742960743088e-03
8.604820025660901359e-03
-1.685985631769530658e-03
-1.686026217928024993e-03
-1.686036296525718174e-03
-1.686039311135286876e-03
-1.685993127994082344e-03
-1.685987459484350644e-03
-1.686006057658535808e-03
-1.685972257906848647e-03
-1.685915598576729051e-03
-1.687824662155723143e-03
-1.688776681564773275e-03
-1.688377875232377912e-03
-1.688451574844467050e-03
-1.688423051788279705e-03
-1.688872385826452284e-03
-1.686293554604958479e-03
-1.688953572895128454e-03
-1.689051082693902948e-03
-1.688895488138131415e-03
4.262224416962010279e-03
4.263079119946385637e-03
4.263282927716557404e-03
4.264059257688536039e-03
4.255527022012694019e-03
4.255393107374463163e-03
4.255342243986426180e-03
4.255267512320183750e-03
4.255204131095456817e-03
4.255801962509962386e-03
4.255643790603260736e-03
4.255729566261367419e-03
4.255482090727311616e-03
4.254971266439077152e-03
4.254924001219077129e-03
-5.182924365459740806e-03
-5.181844794387530269e-03
-5.182678593280003708e-03
-5.182802460346276098e-03
-5.182877961227972882e-03
-5.182805872079549597e-03
-5.182704666136655168e-03
-5.182579530105577148e-03
-5.182637476634395501e-03
-5.182214406887782239e-03
-5.181817337762556659e-03
-5.192683795005119049e-03
-5.192660546741170551e-03
-5.192668821451861504e-03
-5.192623954326532239e-03
-5.193433558375189739e-03
-5.192374603526349157e-03
-5.192373173918594063e-03
-5.162713917317181614e-03
-5.165500989498035544e-03
-5.165171643755520764e-03
-5.164713079457941558e-03
-5.165688549422764106e-03
-4.986898141086805458e-03
-5.057768241277108348e-03
-5.053596105642602782e-03
-5.054725946956799797e-03
-5.054703008607981315e-03
-5.215068869550780993e-03
-5.214521464307892221e-03
-5.217010518490656015e-03
-5.216907166200449898e-03
-5.216828746649795553e-03
-5.214947680131271773e-03
-5.215138934543571241e-03
-5.215077727621376599e-03
-5.209277784371914646e-03
-5.208296813537063516e-03
-5.206579413260567502e-03
-5.206565687975105508e-03
-5.214431063208788304e-03
-5.214394827319633607e-03
-5.214973619130145940e-03
-5.214826232176388021e-03
-5.214631314686050609e-03
-5.215588310077062285e-03
-5.215743684019322202e-03
-5.215737890451320122e-03
-5.215952820772572565e-03
-5.216363229828665550e-03
-5.216330400683226107e-03
-5.215672838732691996e-03
-5.213970969428962515e-03
-5.213884081636444359e-03
-5.209673631759845561e-03
-5.209706055877526276e-03
-5.209765691596417170e-03
-5.209789556084147739e-03
-5.209846193580091808e-03
-5.209898795542266745e-03
-5.209607509739741515e-03
-5.209999894085290059e-03
-5.209675829943198784e-03
-5.209720116706231634e-03
-5.209597721151314718e-03
-5.210434165525979974e-03
-5.210138648179269381e-03
-5.210182600324788846e-03
-5.210141802017871117e-03
-5.199478231359548272e-03
-5.199637578301267993e-03
-5.543270295341529326e-03
-5.543223174745693510e-03
-5.542071937883590212e-03
-5.542162876387177889e-03
-5.542138684334659525e-03
-5.542203824537249995e-03
-5.541802967529205377e-03
-5.533415334156534769e-03
-5.534240278056840739e-03
-3.344685131158760087e-03
-3.344121983736411587e-03
-3.343877935367003777e-03
-3.341937397524710751e-03
-3.341842252769626660e-03
-3.341933131363723341e-03
-3.342128756957734106e-03
-3.343887309598496393e-03
-3.343743512802802107e-03
-3.343909107075983007e-03
-3.343908528447242165e-03
-3.343984778809484717e-03
-3.344087454024372279e-03
-3.343957954565878431e-03
-3.343972235454312908e-03
-5.844283330212021385e-03
-5.845586660968831588e-03
-5.843840432107085675e-03
-5.846824534258588356e-03
-5.847256526499387819e-03
-5.847370037961738092e-03
-5.847170137452375495e-03
-5.845026605521479006e-03
-5.852734326984056212e-03
-5.849176727545891789e-03
-5.843039451881649679e-03
-5.843202995451158600e-03
-5.843364927966655104e-03
-5.843988941737671833e-03
-5.844026477801148034e-03
-5.843950746733722265e-03
-5.843906948982599374e-03
-5.843938181900387892e-03
-5.843830116248127822e-03
-5.843966159412924619e-03
-5.843712216378065677e-03
-5.843684633122585639e-03
-4.862127054319802938e-03
-4.862446536156413840e-03
-4.862412610102238679e-03
-4.862184579792110453e-03
-4.862162467050507378e-03
-4.862195722277038237e-03
-4.862185319893485604e-03
-4.862317592543840064e-03
-4.862335871067193817e-03
-4.862263662908385652e-03
-4.862268694249484609e-03
-4.862370218439464840e-03
-4.862186142272682463e-03
-4.862124764294387981e-03
-4.862225335820929625e-03
-4.862236936624569385e-03
-4.862187883304440461e-03
-1.480949693726214302e-02
-1.480953877848356463e-02
-1.480944501153917160e-02
-1.480983843327495983e-02
-1.480968850156705319e-02
-1.480803151518088161e-02
-1.480815194393223996e-02
-1.481014670745591129e-02
-1.480983856348846300e-02
-1.481008776390768493e-02
-1.480982393392197422e-02
-1.481001844969337573e-02
-1.602643100882708929e-04
-1.618213353708433547e-04
-1.609512372794123162e-04
-1.611395725839589825e-04
-1.730531758217149598e-04
-1.744976978299391174e-04
-4.672978725298532004e-04
-4.655544273196313078e-04
-4.656454056272264601e-04
-4.543539864619333571e-04
-4.543190139587836851e-04
-4.546491918064289790e-04
-4.546327291390669478e-04
-4.545958761935070926e-04
-4.546022600510750433e-04
-1.772055904304868591e-04
-1.774304982091058744e-04
-1.774497576901676213e-04
-1.608327116825174099e-04
-1.860434375058345332e-04
-1.862730814022675596e-04
3.674437958887191453e-04
3.680416827962674923e-04
3.678884270542195955e-04
3.675876628296346062e-04
3.676327895079880182e-04
4.101374060199338540e-04
4.100200049603393033e-04
4.100723408021975927e-04
4.098145236175728475e-04
4.096902646566289038e-04
4.101483008543183365e-04
4.089884309596257279e-04
4.089408700679000495e-04
4.086383534246424841e-04
4.087853725633297931e-04
4.092511981946147072e-04
4.092431205617210865e-04
4.092511806701491046e-04
4.117535795342802110e-04
4.116266393799549654e-04
4.115612722014420086e-04
4.116184617547406061e-04
4.116380295478013038e-04
4.114547944735118886e-04
4.113442863479968657e-04
3.994864231821549576e-04
3.991298774825219396e-04
5.856467674643031293e-03
5.857101145355691867e-03
5.857006262480691366e-03
5.855862050005467521e-03
5.856196415071523304e-03
5.856959718564563877e-03
5.847829250293087172e-03
5.847852138444473505e-03
5.847807543266522919e-03
5.847819991122404394e-03
5.847869240915165752e-03
5.848189868550326444e-03
5.847883822475582333e-03
5.847963999824634836e-03
5.847896087088908131e-03
5.857542763579383187e-03
5.857708310060200270e-03
5.857457188139124013e-03
5.857386953274415151e-03
5.857819653175854770e-03
5.856544600841797309e-03
5.857151384826944293e-03
5.856775093445560146e-03
5.856768729905890980e-03
5.857009709147066416e-03
5.857289583810912706e-03
5.862184669575542031e-03
5.866383795966625264e-03
5.866219743907418946e-03
5.866486709924272763e-03
5.866452025431235541e-03
5.866779140139842356e-03
5.866584282630970919e-03
5.870997936602159739e-03
5.872614751565585767e-03
5.859184941059973790e-03
5.859131589328825385e-03
5.859122205894276049e-03
5.859208626843037844e-03
5.811819464505974669e-03
5.811804564575679885e-03
5.811777730125697490e-03
4.442174330156545455e-03
4.442231221252455203e-03
4.442073936295581373e-03
4.441983388252486627e-03
1.150856145118736486e-03
1.150861125544392792e-03
1.145962441611334459e-03
1.147153906584172465e-03
-1.525397257520742789e-02
-1.525390449545514782e-02
-1.525392577420255080e-02
-1.525483145961720188e-02
-1.525473320561638799e-02
-1.525342451970795529e-02
-1.525380522016416864e-02
-1.525347921775809315e-02
-1.525108829073183042e-02
-1.525117268176533376e-02
-1.525107982189996027e-02
-1.525378973154520486e-02
-1.525341969444583660e-02
-1.525338323288341451e-02
-1.525349819607583861e-02
-1.525362501051447453e-02
-1.525363852662667621e-02
-1.525366559513141596e-02
-1.525472385112720645e-02
-1.525419497276874099e-02
-1.525412155600922026e-02
-1.525457793897629089e-02
-1.525436831925175429e-02
-1.525462635762892677e-02
-1.525463128731437308e-02
-1.525446253924665069e-02
-1.525459272676043219e-02
-1.525485421534430487e-02
-1.525473078789994080e-02
-1.524930101632952090e-02
-1.524924384350553191e-02
-1.524959208686909283e-02
-1.524925447791057251e-02
-1.524873287244116540e-02
-1.524831208094221124e-02
-1.525133618513787974e-02
-1.525141191504945405e-02
-1.525200700180915671e-02
-6.917690375526293865e-03
-6.916836606112690411e-03
-6.927600179606399101e-03
-6.927340303958879481e-03
-6.927242268828127415e-03
-6.906245093542488951e-03
-6.906285041784607746e-03
-6.906239212822642970e-03
-6.906278339072547887e-03
-6.906204010354985087e-03
-6.906061044887064349e-03
-6.906055317117102028e-03
-6.905986474695271181e-03
-6.906494089164366863e-03
-6.902078520700391517e-03
-6.901257864691188494e-03
-6.902590461146483093e-03
-6.902645430020838170e-03
-6.880761033437121123e-03
-6.904468093675998792e-03
-6.883245231859748056e-03
-6.883067094212682452e-03
-6.883954272462471276e-03
-6.883900866236399539e-03
-5.157543512902348741e-03
5.177128663909441554e-04
5.176906329373489202e-04
5.176796091138975058e-04
5.176811237904608252e-04
5.177130058090124998e-04
5.177671151157311070e-04
5.179853758006014615e-04
5.176343478657893403e-04
5.179126277454353154e-04
5.179284260725977411e-04
5.183307854339752434e-04
3.172312615329058046e-04
3.173032087258464019e-04
3.169612095169714160e-04
3.170927733942073383e-04
3.170884537290546371e-04
3.171230350651116684e-04
3.171809531622679949e-04
3.172352201792899692e-04
3.165240627371402379e-04
3.166523662680686664e-04
3.168569377241197793e-04
3.168350127741093644e-04
3.166123532760988825e-04
3.165461919861383734e-04
9.775506071405995479e-03
9.779140708390981693e-03
9.797739251792152854e-03
9.797650241341443120e-03
9.797094013230098555e-03
9.797069763853784308e-03
9.799600711313451173e-03
9.799443409086132720e-03
9.800005139516747635e-03
9.798846879038234509e-03
9.799457128926608238e-03
9.799937226974647295e-03
9.801076939167931504e-03
9.799911614019538031e-03
9.799430779426592311e-03
9.798906308630579015e-03
9.798727975530765674e-03
9.798722913442827614e-03
9.799384469775124576e-03
9.799347094861824911e-03
9.799557005845128607e-03
9.799432390068290449e-03
9.799172854936876592e-03
9.798560546204272345e-03
9.797770858297144211e-03
9.800039919163328755e-03
9.800044399554497937e-03
9.800073391201863729e-03
9.799102834117823929e-03
9.794261569743561643e-03
9.793764558967903155e-03
1.426260926461485595e-03
1.371905795698855415e-03
1.371892653350615136e-03
1.371610672684115328e-03
1.372122560329254708e-03
1.372042881757366091e-03
1.372186164011727008e-03
1.371373744682876728e-03
1.371366660083717017e-03
1.371195650213178621e-03
1.371137160229478911e-03
1.371412039110976632e-03
1.371361456316555700e-03
1.371294572436122924e-03
1.371274683463713376e-03
1.371279001966696758e-03
1.371299090288826631e-03
1.371238196329270216e-03
1.371227347104776164e-03
1.371196509924067254e-03
1.371253223424579630e-03
1.371249879216537414e-03
1.371257229631328133e-03
1.371252026457825618e-03
1.371252928801015803e-03
1.348498315081593252e-03
1.348162293450051990e-03
1.350171748344941624e-03
1.349564575173688554e-03
1.349638870732501952e-03
1.349783933735952289e-03
1.349724991125680288e-03
1.349575352957618638e-03
1.349561822488770007e-03
1.348237187266382265e-03
1.363784501578395184e-03
-3.289299285247307848e-03
-3.291573443047934172e-03
-3.291060007801664428e-03
-3.291639012073016048e-03
-3.289647573327398287e-03
-3.289359026818249824e-03
-3.289476759316744409e-03
-3.289470323501620524e-03
-3.292080881718252843e-03
-3.292046876587450058e-03
-3.291995904736667346e-03
-3.281965008441245935e-03
-3.281904000610141696e-03
-3.281887456801203893e-03
-3.315977388181737522e-03
-3.316023597265444541e-03
-3.316779199260351009e-03
-3.316139173038101708e-03
-3.316014035981340678e-03
-3.316248112495557513e-03
-3.316246938809973462e-03
-2.286418670352769952e-03
-2.284836227006402549e-03
-2.285962346628908626e-03
-2.285875890195446583e-03
-2.284727431546531868e-03
-2.272762082649754448e-03
-2.272495211889473225e-03
-2.281104211587978419e-03
-2.280469953199367340e-03
-2.280575488774388981e-03
1.031425568525702087e-02
-3.954681803890456628e-03
-3.954652192872259303e-03
-3.954568184620721807e-03
-3.954650596555571961e-03
-3.954651176908681280e-03
-3.954650262621491920e-03
-3.954583010843502541e-03
-3.954692243010002849e-03
-3.954672149942811861e-03
-3.954548846646911003e-03
-3.892311415598796991e-03
-3.885478397754625612e-03
-4.169589278508964610e-03
-4.168943596725920887e-03
-4.168986323335159387e-03
-4.170022518672551748e-03
-4.169395787625330627e-03
-4.169012548522683589e-03
-4.154020629415516690e-03
2.103217974371693788e-04
2.103474373238713678e-04
2.103415557885158886e-04
2.102072604549946639e-04
2.102362321790728810e-04
2.102170004025267905e-04
2.102379030078644468e-04
2.102319183653913971e-04
2.103302345961897241e-04
2.103901953425309928e-04
2.105609533786473124e-04
2.106409622063609775e-04
2.107082127018209891e-04
2.062129819239296683e-04
2.065323676088317965e-04
2.055619373538514856e-04
2.058552333663115047e-04
2.058864695434391916e-04
2.058630193484098955e-04
4.790144691655876322e-03
4.790511266022508610e-03
4.790323192940301733e-03
4.790336522762706460e-03
4.790386255033787267e-03
-2.554854839221236840e-03
-2.554594198718385372e-03
-2.555178363207287126e-03
-2.555008453022834629e-03
-2.555182654359572196e-03
-2.539215474707948780e-03
-2.539691204699475856e-03
-2.578561512906727988e-03
-2.578649684102157433e-03
-2.577204307943008373e-03
-2.618034731891534343e-03
-2.618101324170498453e-03
-2.618498249213647034e-03
-2.618454866670344959e-03
-2.618567615527729944e-03
-2.618523123067345582e-03
-2.618566859069409915e-03
-2.618573848442055235e-03
-2.618070369304747926e-03
-2.618013313242799952e-03
-2.617287413070273992e-03
-3.578256403868013396e-03
-3.578126721662154130e-03
-3.563543977929412108e-03
-3.563504618869391388e-03
-3.563391579407047469e-03
-3.563476345411313584e-03
-3.563838388961073148e-03
-3.563701658142001249e-03
-3.563678468067186383e-03
-3.563777421869455345e-03
-3.563637883080770109e-03
-3.563225150764778859e-03
-3.563110800261746168e-03
-3.563108561585461888e-03
-3.563172128083173709e-03
-3.562917001796716936e-03
-3.563223422410865312e-03
-3.563218504451468819e-03
-3.563168127701389631e-03
-3.563006849470778080e-03
-3.563086440539318164e-03
-3.563038486614580804e-03
-3.563008900844377280e-03
-3.562959572014292361e-03
-3.563067476480131016e-03
-3.562981258544873232e-03
-3.562992276277584646e-03
-3.562882237648275045e-03
-3.562934451713556123e-03
-3.584997369738079920e-03
-3.578585676858527138e-03
-1.210402423650607136e-02
-1.210419885619260123e-02
-1.210443584622158432e-02
-1.210428448332603185e-02
-1.210413423999308867e-02
-1.210425760152182388e-02
-1.210423207326401414e-02
-1.210406822098410683e-02
-1.210382965894210051e-02
-1.210454747936109618e-02
2.768708239880396729e-03
2.768783630559607054e-03
2.768732554645188162e-03
2.768803041276315068e-03
2.769745429408301558e-03
2.769671397123325135e-03
2.769767737100105147e-03
2.769818185028469389e-03
2.769839107945370592e-03
2.769788012455242591e-03
2.769617009205133876e-03
2.769605157926266319e-03
2.769788856004738037e-03
2.769832099979924363e-03
2.769645991456321822e-03
2.774202783636675433e-03
2.770659562126560546e-03
2.775987735429186025e-03
2.776133967480652522e-03
2.776138479484229274e-03
2.776194720145567368e-03
2.794986330411609269e-03
2.794659404774061610e-03
2.793903001226556108e-03
2.793879968728393056e-03
2.794101142630470158e-03
2.794360999128431538e-03
2.794517745318145143e-03
2.794620472478351412e-03
2.794543817795748682e-03
2.794724386885237555e-03
2.794258331393270015e-03
-3.877542491126159587e-03
-5.660707812973767364e-03
-2.725844537907265441e-01
-2.725733048803890002e-01
-2.727162964256376609e-01
-2.727184355287334272e-01
-2.727167659177665571e-01
-2.727178917630448396e-01
-1.941955622483074462e-01
-1.942215812346067827e-01
-1.658827759211152584e-03
-1.655537385370966369e-03
-1.655227476762760564e-03
-1.655573114669780859e-03
-1.655563142827512057e-03
1.582967796190699753e-04
-1.901699882556730573e-04
6.566319971334915427e-03
6.566362746939431380e-03
7.956568516410205197e-03
7.958198728127245658e-03
7.959230352588294796e-03
7.959149749871203758e-03
7.958751877825432156e-03
5.895285061886929284e-04
5.930764962558696205e-04
6.006794259484621703e-04
2.417584910415787602e-02
2.417558921063198835e-02
2.417477741598016497e-02
4.938107476628744025e-03
4.938088941431569186e-03
4.938279403593383819e-03
4.941712155715100550e-03
4.940798654852748134e-03
4.941799406221078668e-03
4.941817131028825201e-03
4.941788419839793917e-03
4.941714339839794155e-03
4.941898242342418826e-03
4.946759646149379019e-03
4.945684870328273530e-03
4.946008413057272415e-03
4.946411693969842045e-03
4.946363848182387668e-03
4.946402366261672817e-03
4.946281911028481242e-03
4.945347216713323613e-03
4.944396227551431898e-03
4.944510969410715814e-03
4.944500873220123056e-03
-1.190214313337923735e-03
-1.198567358163907162e-03
-1.198814206003323861e-03
-1.198807298426122657e-03
-1.198606855393641183e-03
-1.198574797064507706e-03
-1.198458821473625787e-03
-1.198669471389272097e-03
-1.198821922494542214e-03
-1.198896489297809811e-03
-1.199153398473748466e-03
-1.198734315910451789e-03
-1.198835287122147980e-03
-1.198783952998296737e-03
-1.198976608656699295e-03
-1.199120366943694531e-03
-1.198811754330569510e-03
-1.198775714770015759e-03
-1.891115697604206459e-03
-1.890908409043533592e-03
-1.890870469058560229e-03
-1.890832283896270267e-03
-1.890652045960405881e-03
-1.891808698100562415e-03
1.025291414034056915e-02
1.024399528204101260e-02
1.024318734882154885e-02
1.772745474645907914e-03
1.772753195303663392e-03
1.773351867125585145e-03
1.769020517280781848e-03
1.774397477797463743e-03
1.770383177125399140e-03
1.770292898262336607e-03
1.770333067640177333e-03
1.769926803387532289e-03
1.770217827069701065e-03
1.770199567022590851e-03
1.770078768521790059e-03
1.771676775914396776e-03
1.771882048861837334e-03
1.771399062000033253e-03
1.771132067239383247e-03
1.775297960643949270e-03
1.772129660600139803e-03
1.771264704395183066e-03
-2.519408312306320018e-03
-2.519704357816426009e-03
-2.519568362887554015e-03
-2.519581529989670110e-03
-2.519817612346344354e-03
-2.519893926699438153e-03
-2.519961227214781527e-03
-2.519769017007512414e-03
-2.518449606609453068e-03
-5.146995875338007502e-03
-5.147065186478904514e-03
-5.146824358786003008e-03
-5.331841394285704271e-03
-5.331754072388117383e-03
-5.331862351856979029e-03
-5.331776926591423257e-03
-5.331799595489296675e-03
-5.331815003922462347e-03
-5.331414569951772008e-03
-5.331483427592322369e-03
-5.331386763532171107e-03
-5.331275910963012392e-03
-5.331245012371929951e-03
-5.331314678626057450e-03
-5.331496190569350035e-03
-5.331481133229547947e-03
-5.331528244435572786e-03
-5.332330988763127506e-03
-5.332479573727312398e-03
-5.332453648612356552e-03
-5.333132789469632873e-03
-5.333173383303687481e-03
-5.333166193169627291e-03
-5.333248014166018687e-03
-5.333121651404464786e-03
-5.333187886745934143e-03
-5.333228492618607985e-03
-5.332949902054891743e-03
-5.332987461130938092e-03
-5.333137915495150122e-03
-1.628687900619042858e-03
-1.628777101705021447e-03
-1.628436233410875513e-03
-1.628526462004313644e-03
-1.628597607393631559e-03
-1.628573938954630974e-03
-1.626208177448307647e-03
-1.626284881979572468e-03
-1.632257035007321283e-03
-1.632228853637286616e-03
-1.632250001428238624e-03
-1.632242271745268760e-03
-1.632129453763268021e-03
-1.632149815445050950e-03
-1.837491880472420357e-03
-1.837897604179470354e-03
-1.837790267044789663e-03
-1.837789970428115732e-03
-1.837777973286349158e-03
-1.837591488024270699e-03
-1.837763087640622694e-03
-1.837453542766616550e-03
-1.837859775331969047e-03
-1.836960045718256766e-03
-1.836962748157301879e-03
-1.836300326368331143e-03
-1.836732614383246526e-03
-1.866835125076817675e-03
-1.866937350406012519e-03
-1.464753511362286995e-03
-1.464766925236170823e-03
-1.464677325296423645e-03
-1.464603953087148568e-03
-1.464669116569947529e-03
-1.464581970438630235e-03
-1.464547177469485576e-03
-1.464660829736338672e-03
-1.464475589442372537e-03
-1.464420430388203289e-03
-1.464334302283559590e-03
-3.202098533316252715e-03
-3.202083551771582950e-03
-3.201776931402460728e-03
-3.201929204262355787e-03
-3.201835929649769156e-03
-3.201745502054213505e-03
-3.201844096530009377e-03
-3.201764400500517905e-03
-3.201847869019992972e-03
-3.202122936207493428e-03
-3.202195793599750713e-03
-3.200939469458380891e-03
-3.200972281803315337e-03
-3.200996762489465887e-03
-3.200954295252696636e-03
-3.200953846343352043e-03
-3.201010771891848843e-03
-3.200992640051943897e-03
-3.201138959899981623e-03
-3.201098796276335111e-03
-3.201246799139289504e-03
-3.201251540388439735e-03
-3.201252291571225414e-03
-3.201247565932640541e-03
-3.201118537832189134e-03
-3.201550048352124010e-03
-3.201722130411882410e-03
-3.201739570061222073e-03
-3.201497319769622870e-03
-3.201392939577243218e-03
-3.200870361842545701e-03
-3.200916962545153656e-03
-3.200930096954169787e-03
-3.200950062630734949e-03
-3.199986387254695475e-03
-3.199875417360058868e-03
-3.199711990077889947e-03
-3.200033879427622435e-03
-3.200071067039777020e-03
-3.199768533260843872e-03
-7.240296104052151675e-03
-7.241292823081674733e-03
-7.240974050854060394e-03
-7.212340104899392368e-03
-7.215320232033288310e-03
-7.215492807207082859e-03
-7.216243050692526355e-03
-7.216445392369934438e-03
-7.211817943916872323e-03
-7.211252835552975360e-03
-7.211242155314490088e-03
-7.211340013089546051e-03
-7.198535842387860685e-03
-7.202250997909082943e-03
-7.201659711427928733e-03
-7.202774893530813904e-03
-7.202888213144556864e-03
-7.202910708057205617e-03
-7.203431779589105667e-03
-7.203450316842261759e-03
-7.203222328343967910e-03
-7.202751843745774062e-03
-7.202770433155023834e-03
-7.202685235276264086e-03
-7.202610084473795929e-03
-7.202635296746971380e-03
-7.202693379289758051e-03
-7.202624967136074703e-03
-7.203040779095370647e-03
-7.203094101763904758e-03
-7.204277452472031447e-03
-7.204279032256134460e-03
-7.204295338549112672e-03
-7.204093484846974156e-03
-7.204105539718440657e-03
-7.204224671609247774e-03
-7.204218678589994172e-03
-7.204202856430143645e-03
-7.778737474557487902e-03
-7.777576335997227891e-03
-7.777766986315719396e-03
-7.777721422299164848e-03
-7.778188805588067724e-03
-7.987156106974624067e-03
-7.987683327292051730e-03
-7.987474198377097351e-03
-7.987304711219523137e-03
-7.987723386991196425e-03
-7.967442908846641969e-03
-7.972496304547431467e-03
-7.972335536541507936e-03
-7.972995472046606746e-03
-7.973209736791520355e-03
-7.973103808177827226e-03
-7.973120320386765936e-03
-7.972760999726866138e-03
-7.972603633529858763e-03
-7.972463149630317630e-03
-7.973793622045290130e-03
-7.972922538607079418e-03
-2.175900431138773697e-03
-2.177358177158081071e-03
-2.176463161980164967e-03
-1.803303673498263910e-03
-1.802438904414459947e-03
-1.795994894898392995e-03
-1.796347686769766061e-03
-1.801467499209345258e-03
-1.801039990715513472e-03
-1.800522246561366523e-03
-1.801023991284114809e-03
-1.801450550066886367e-03
-1.802043483498671789e-03
-1.802039712159057925e-03
-1.801722282174969113e-03
-1.801587228726607426e-03
-1.801521491071662222e-03
-1.801471100057268912e-03
-1.801848075297305275e-03
-1.801733908208818721e-03
-1.802024007008317915e-03
-1.802185784125755414e-03
-1.802308363133851409e-03
-1.801842678189808896e-03
-1.801882406846247323e-03
-1.801824848066846396e-03
-1.800233267292824201e-03
-2.816543283324523042e-03
-2.816767624325557801e-03
-2.815020277318305581e-03
-2.815227565885937075e-03
-2.818242598872261126e-03
-2.922256501558379710e-03
-2.906723922996528545e-03
-2.908115429977954896e-03
-2.908325890524644276e-03
-2.908109134650322444e-03
-2.908858018013315942e-03
-2.908423395153119251e-03
-2.909874342085167279e-03
-1.011833762397219838e-02
-1.011832912850275240e-02
-1.011828514335319507e-02
-1.011794798208717414e-02
-1.011965513055262944e-02
-1.011840973513719599e-02
-1.011798416441823771e-02
-1.011780922590151122e-02
-1.011846233768668585e-02
-1.011826260609653000e-02
-1.010103798845085263e-02
-1.278343520969499672e-03
-1.278035067799721198e-03
-1.277624464501597550e-03
-1.277929028515020554e-03
-1.276736508033386513e-03
-1.276713815408024588e-03
-1.274974606134612453e-03
-1.274964402317094094e-03
-1.274957771649643879e-03
-1.274847550010054821e-03
-1.274960347005484355e-03
-1.274519547597700690e-03
-1.274459444031620639e-03
-1.271855563125912124e-03
-1.271874915906064194e-03
-1.271823103279239378e-03
-1.271588967763597269e-03
-1.271535848297055717e-03
-1.271909731622727132e-03
-1.271884378792725954e-03
-1.271899668528312082e-03
-1.271898454661000077e-03
-1.271746615983603565e-03
-1.271743393008500185e-03
-1.271638250829187130e-03
-1.271701503923053323e-03
-1.271891479266906147e-03
-1.271864698906401657e-03
-1.271960740414326135e-03
-1.271931200450933212e-03
-1.271622773682125557e-03
-1.271772484292843898e-03
-1.271599963433344164e-03
-1.273047728018285654e-03
-1.272885381392882195e-03
-1.272828101152490400e-03
-1.272166654586730228e-03
-1.089948801006186165e-03
-1.090056656952201677e-03
-1.090175014100318654e-03
-1.090238506532174162e-03
-1.090256999267569683e-03
-1.090229377479769515e-03
-1.087840982568464166e-03
-1.088641226023343705e-03
-1.085901375916533155e-03
-1.085916413671887465e-03
-1.085932087635782051e-03
-1.085890387747856988e-03
-1.085867102929263979e-03
-1.086001364545983094e-03
-1.087725607291317601e-03
-1.087983193470680931e-03
-1.087773216016147890e-03
-1.088756176859412067e-03
-1.088688320311067366e-03
-1.088109236140969924e-03
-1.088124635420432626e-03
-1.088439302208144867e-03
-1.088493610519925686e-03
-1.088630358855032215e-03
-1.102674576301430290e-03
-1.102863364747139760e-03
-1.102635308444349952e-03
-1.102416656097113647e-03
-1.102353515266508207e-03
-1.103179632425540027e-03
-1.102791101612412379e-03
-1.102975109897318205e-03
-1.102599908513137231e-03
-1.103055666531827916e-03
-1.103176002012771877e-03
-1.103165879376898474e-03
-1.103162344959004049e-03
-1.103153559494134996e-03
-1.103147016356656766e-03
-1.103123560158287284e-03
-1.103607851916411052e-03
-1.103162758330049125e-03
-1.103077728390371290e-03
-1.103076022626424532e-03
-1.102945320986839679e-03
-1.102653512531368788e-03
-1.102771724977504465e-03
5.021135659459497781e-03
5.021670571335228039e-03
5.020326882514438566e-03
5.020294516932716049e-03
5.020608496123692664e-03
5.020524255858206317e-03
5.020632855570457062e-03
5.019759460602046461e-03
5.019608697487468879e-03
5.019832773549703572e-03
5.019991442550574001e-03
5.019774445705203932e-03
5.019397912932978441e-03
5.019408993401182871e-03
5.019458999457288711e-03
5.019469631110788990e-03
5.019601693565854325e-03
5.019600901207548621e-03
2.180102066654267604e-02
2.180140524379705486e-02
2.180035142360605901e-02
2.180001980100491898e-02
2.180006167914512460e-02
-4.501500071875400889e-03
-4.501497141338095011e-03
-4.501545895683392931e-03
2.549849448025097356e-03
2.549839881363139948e-03
2.549880037694989519e-03
2.549866109377965911e-03
2.549760792652282660e-03
2.550021064816259102e-03
2.550010830193396357e-03
2.549919925821362600e-03
2.549918023727529032e-03
2.550350179913846247e-03
2.550415866586872894e-03
2.550482194475633263e-03
2.550322880023480569e-03
2.550212851010408895e-03
2.549854969617239200e-03
2.549838341921121208e-03
2.549769214166748045e-03
2.549807787295707649e-03
2.549781383634886107e-03
2.549769819980339611e-03
2.550493392596235500e-03
2.550573901957834365e-03
2.550576625986932574e-03
2.550583699908814429e-03
2.550744532308189903e-03
2.550646570022160279e-03
2.550681779575079793e-03
2.549723730141137054e-03
2.549682990859364340e-03
2.549736054582440927e-03
2.549623885537863517e-03
2.550140281040508793e-03
2.550232775068252133e-03
2.550180746994116284e-03
2.550521999715176565e-03
2.550325996531601584e-03
2.550444419548336412e-03
2.550351045292662596e-03
2.552784720886244578e-03
2.552412269791620898e-03
2.552686191764690690e-03
2.344665686463290408e-03
2.344633432532045817e-03
2.345993015890523049e-03
2.342017402773154296e-03
2.341888504859397646e-03
2.341958535911339498e-03
2.341842405583381345e-03
2.341799576959649638e-03
2.341725272191003474e-03
2.339877425766325163e-03
2.339801936021143267e-03
2.340706991969398239e-03
2.423258289291135067e-03
2.358366530293846356e-03
2.357839136751746674e-03
2.358275900322021751e-03
2.358206534383645685e-03
2.358157379608970174e-03
2.358050074624858366e-03
2.358096885908921806e-03
2.353346607426384449e-03
2.354407516488037436e-03
2.354506051225143184e-03
2.393052036570338451e-03
2.393629265124228543e-03
2.393293778066628817e-03
2.394295298956407216e-03
2.393033021278596646e-03
2.381158723091166343e-03
2.381285305107963979e-03
2.381491845074937448e-03
2.381273558877784920e-03
2.382170991140295999e-03
2.383085928178119064e-03
2.383083171824297228e-03
2.382805618230506711e-03
2.382579201543447850e-03
2.390087269543169409e-03
2.381931671951600590e-03
2.382570242349669933e-03
9.315517799148111122e-03
9.315433173372486206e-03
9.314765025928675030e-03
9.315303264728434091e-03
9.314622826444815193e-03
9.314687628560016849e-03
9.359123915910956895e-03
9.340473658830037579e-03
9.340515637058920129e-03
9.340001737006470295e-03
9.340356460246767092e-03
9.340288125216046275e-03
9.346530708354214290e-03
9.346366176068376941e-03
9.347909177551905202e-03
9.369261909455365439e-03
9.369893999119088476e-03
9.366980105035187590e-03
9.366511707984449819e-03
9.366598015914530395e-03
9.366874846876038774e-03
9.366371023709666246e-03
9.366905443727839217e-03
-8.980996099413520589e-03
-9.003953955688035957e-03
-9.004732063362542310e-03
-9.002671006401606960e-03
-8.884608436222003400e-03
-2.952226039222868078e-03
-2.952570879119193522e-03
-2.952379190252962023e-03
-2.952314605504858212e-03
-2.952145692969209128e-03
-2.882860035630770579e-03
7.251712782201235642e-03
7.251480298520148089e-03
7.253564637587976878e-03
7.253573324857110101e-03
7.253518576151958205e-03
7.253376774085727556e-03
7.257417334848296174e-03
7.257442968439443455e-03
7.257571672947585664e-03
7.257538532691781320e-03
7.257465376405949214e-03
7.257459088218705737e-03
7.265289410542046834e-03
7.265255245133018028e-03
7.265250783274807000e-03
7.265121088743148499e-03
7.265343933605894478e-03
7.265385137078207364e-03
7.265349153814507077e-03
7.265511434756152624e-03
7.265689656751722972e-03
7.265502476007804425e-03
7.265152315065826275e-03
7.265276629328470612e-03
7.265413698839974684e-03
7.265500938094537203e-03
7.265489225291217081e-03
7.265414988758585844e-03
7.265420370571517780e-03
7.265446163626548999e-03
7.265383761326993893e-03
7.265380903422193927e-03
7.265468162599358209e-03
7.265338977213060129e-03
7.265351141555296752e-03
7.265408243389013913e-03
7.265309007711493947e-03
7.265355339955256037e-03
7.265241174718893406e-03
7.265238058922908471e-03
7.265342887127891267e-03
7.265399308392399801e-03
7.265469325970983806e-03
7.265458533538985374e-03
7.265505751484619551e-03
7.265303527021432436e-03
-6.279010507252531445e-04
-6.281515102650950125e-04
-6.280690799283679404e-04
-6.284483967225559407e-04
-6.285468569466578495e-04
-6.284426028693390837e-04
-7.246871182644859955e-04
-7.245293660773911805e-04
-7.247827861436316249e-04
-7.249327697842965993e-04
-7.250317673251307398e-04
-7.056090794923611416e-03
-7.055878033873372659e-03
-7.154217316348476102e-03
-7.153807192944514406e-03
-7.151158160261335793e-03
-7.133553323018785274e-03
-7.134176868994588847e-03
-7.134118147279122982e-03
-7.134526868089250198e-03
-7.081842642468542427e-03
-7.102186435119133348e-03
-7.101343572224026388e-03
-7.087489281467763795e-03
-7.087325810469229277e-03
-7.087260901166530895e-03
-7.087322016607662360e-03
-8.776023238433064075e-03
-8.775949263761675598e-03
-8.775899437258776262e-03
-8.775957083349505278e-03
-8.775949682804241869e-03
-8.775867984853845741e-03
-8.775769246790805778e-03
-8.775779222060249574e-03
-8.775786995798754916e-03
-8.668337933771889589e-03
-8.668581378762186401e-03
-8.668472264547781234e-03
-8.668342969254512476e-03
-8.668326689855596762e-03
-8.668799159551817540e-03
-8.667956783404854107e-03
-8.667978677035909768e-03
-8.668108327791530787e-03
-8.668001514206635436e-03
-8.667778637671940539e-03
-8.667863377340545572e-03
-8.667839078536503788e-03
-8.667859611741114342e-03
-8.668085681797665920e-03
-8.668041993795120442e-03
-8.667776836169626895e-03
-8.667955511205310479e-03
-8.667904608361944735e-03
-8.667979635127286836e-03
-8.667769453908640356e-03
-8.667938693701322111e-03
-8.668002273110453695e-03
8.955585322146970568e-05
8.927669944266951741e-05
-1.408271614004619719e-03
-1.408437156485298908e-03
-1.408355789485094076e-03
-1.408487939173693609e-03
-1.408711585543054355e-03
-1.408533288892961210e-03
-1.408470694373117373e-03
-1.408436216972509727e-03
-1.408594541648241875e-03
-1.408599765465308289e-03
-1.408862280344982997e-03
-1.410276050667969624e-03
-1.161657383158300411e-03
-1.161836625316006733e-03
-1.162186651197617045e-03
-1.162296820934471172e-03
-1.161601252640594379e-03
-1.161389774968963002e-03
-1.161564439361521036e-03
-1.161567632995684799e-03
-1.161686696873741754e-03
-1.161788667330633648e-03
-1.161618616442555967e-03
-1.161625219187421365e-03
-1.161657881364734201e-03
-1.161574923711429898e-03
-1.161595107692030065e-03
-1.167625057296287549e-03
-1.167492782255473514e-03
-1.167610244257113366e-03
-1.167667514802647397e-03
-1.167906392153524302e-03
-1.167656398550075744e-03
-4.128837954960278174e-03
-4.128896692233887354e-03
-4.128996027765412594e-03
-4.128501904211536074e-03
-4.128903178917309527e-03
-4.141353266432987179e-03
-4.141351674958939147e-03
-4.139452391420446464e-03
-4.138969616445806882e-03
-4.138965655325006592e-03
-4.138993643899736147e-03
-4.139014345273086051e-03
-4.142279488776379193e-03
-4.146623196888406075e-03
-4.143385843561676538e-03
-4.142842359945877670e-03
-4.142743616896419311e-03
-4.142728787309394797e-03
-4.142755454002151547e-03
-4.142663818860992456e-03
-4.142986157517882830e-03
-4.142831591347736868e-03
-4.142815687845156913e-03
-4.142872686271374498e-03
-4.142851513712529458e-03
-4.143190357393249264e-03
-4.142938747475718129e-03
-4.142811411590868742e-03
-4.142765658190504345e-03
-4.142982267107971073e-03
-4.143092859676992049e-03
-4.142767793823824707e-03
-4.141344518408287580e-03
-4.141334104623097499e-03
-4.141598286281467090e-03
-4.141631032381474890e-03
-4.141643205239488139e-03
-4.141887885355323255e-03
-4.141810441740218299e-03
-4.137375365985184426e-03
2.749770514985192416e-03
2.748987391954155809e-03
2.749028665767324665e-03
2.749017681777151095e-03
2.749019868504170173e-03
2.749012524051075868e-03
2.748798571006352658e-03
2.748823102485298958e-03
2.748801181367513825e-03
2.748851053422232422e-03
2.748766206195327882e-03
2.748790994798174046e-03
2.753557981103490777e-03
2.753693995833077657e-03
2.753416808926313370e-03
2.753437745854709663e-03
2.753461971716881021e-03
2.753407825812620793e-03
2.753724827259783608e-03
2.753803369328742482e-03
2.753362454294415104e-03
-1.580955148363471022e-03
-1.584657963416054565e-03
-1.584698281607785104e-03
-1.585007622346183958e-03
-1.585004321665635851e-03
-1.584950252595574783e-03
-1.584541224084302837e-03
-1.585767295704270177e-03
-1.585996289281804130e-03
-1.585009291317308238e-03
-1.585014705263602334e-03
-1.585615513817242948e-03
-1.581447593393014994e-03
-1.581335444920367378e-03
-1.581250757181696222e-03
-1.581528944154405496e-03
-1.581466415402616506e-03
-1.581465812778276537e-03
-1.581441336220452141e-03
-1.581441246327984105e-03
-1.580985710730788054e-03
9.926837359638493452e-03
9.927804622192065373e-03
9.927850592584233635e-03
9.928878809679211187e-03
9.927575611393367472e-03
9.927570566049061934e-03
9.929598705507532153e-03
2.829723695977415590e-03
2.829796321020055464e-03
2.829228667697150645e-03
2.829467077599117242e-03
2.829238520002642487e-03
2.829074144698772927e-03
2.829046327355539802e-03
2.829060195806464787e-03
2.828989630048055464e-03
2.829174368415919138e-03
5.205286298899504914e-03
5.205208495920793377e-03
5.205171415123597579e-03
5.175430521303331192e-03
5.175333394039441544e-03
5.175319792367066331e-03
5.175395645050131534e-03
5.175211228618311655e-03
5.175171069087716562e-03
5.175324123528081237e-03
5.175169829042112167e-03
5.175082048422296674e-03
5.174577388512973178e-03
5.210065359808089408e-03
5.209978054488495838e-03
5.210285245278968407e-03
5.210170478748128026e-03
5.210107458758093425e-03
5.210506450040230941e-03
5.208742993551900187e-03
5.209283853774671937e-03
5.209593827684578203e-03
5.212790465666833351e-03
5.212773215447824050e-03
5.212853732635758415e-03
5.212801655105950803e-03
5.212775795090212640e-03
5.212728368796596366e-03
5.212746172881249120e-03
5.212777602926804872e-03
6.223890166560992580e-03
6.224369903792168271e-03
6.224139443579011256e-03
6.223968538917492091e-03
6.223906868418557954e-03
8.825490708815030829e-04
8.826712760395739226e-04
8.829998178932497435e-04
8.831415183192335011e-04
8.830997395532485389e-04
8.834795094456643133e-04
8.834013954818282967e-04
8.833112318555663353e-04
8.833977096441144802e-04
8.830686766004543567e-04
9.036203968283289300e-04
9.037553172453488158e-04
9.049407237960158720e-04
2.536035275872524763e-03
2.536000423317258043e-03
2.536122541250148028e-03
2.536260128155108737e-03
2.536377059473015737e-03
2.536641188516352338e-03
2.536606260676699254e-03
2.536297357151286701e-03
2.536578209914817569e-03
2.536593067429297570e-03
2.536377952141598887e-03
2.838805416151024032e-03
2.838884776675923514e-03
2.839040803140548998e-03
2.839051227080098636e-03
2.839052612519505497e-03
2.838649719970338502e-03
2.837638173551630498e-03
2.837548272997555184e-03
2.825865241892870205e-03
2.834774844427662317e-03
2.834901125901739469e-03
2.834320614704661286e-03
4.465753993791773957e-03
4.465725913320570464e-03
4.465903595378981593e-03
4.465885460342146514e-03
4.462471785534246130e-03
4.471613363332616747e-03
4.471584614666374892e-03
4.471556238657204037e-03
4.471424742207713576e-03
4.471454032285016381e-03
4.471400940089957643e-03
4.470942732470859458e-03
4.494697804292666077e-03
4.489165517405025764e-03
4.488656200782772943e-03
4.489620970235885279e-03
4.496123669947704390e-03
4.496048776378176043e-03
4.495872684831004121e-03
4.495526445126462288e-03
4.495497948677783240e-03
4.495602646500598300e-03
4.495423109992391190e-03
4.495475112008818531e-03
4.495456776922012940e-03
4.495462169296146962e-03
4.495452598124424597e-03
4.495442136008761212e-03
4.495514518152075867e-03
4.495688283630290549e-03
4.495577347119418012e-03
4.495729675957776256e-03
4.495791085529285760e-03
4.495696719085127795e-03
4.495625113287056440e-03
4.495656875422351581e-03
4.495161715945555567e-03
4.495296903985088362e-03
4.495379627560142609e-03
4.495584794335515284e-03
4.497405821037981852e-03
4.497297704096792949e-03
4.497246880619749747e-03
4.497219648039448708e-03
4.497492090498604773e-03
4.497013823460462370e-03
4.497025415281770758e-03
4.497153735006365061e-03
4.497195460124480022e-03
4.497167603965820763e-03
4.497169257756502420e-03
4.496740836919770404e-03
4.496597856228109862e-03
4.496480605283347497e-03
4.496559226264127025e-03
4.496547762676737781e-03
4.496528562810839236e-03
4.496527363945125935e-03
4.496221112965842308e-03
4.496187887793282913e-03
4.496234466658408958e-03
4.496242769104086094e-03
4.497416529943946105e-03
4.497423489912099129e-03
4.497579081432380617e-03
4.496409332732033588e-03
4.498490004130224762e-03
4.498201004551998818e-03
4.498293100045471470e-03
4.498042790557972223e-03
4.498062001540512229e-03
-1.802070491465496680e-04
4.511253100181563031e-04
4.519926069996976488e-04
4.521031892674800840e-04
4.521442676530566460e-04
4.096891328831564916e-04
4.095087148132169150e-04
4.095978198665709978e-04
4.095880740249332737e-04
4.099811508926190550e-04
4.094219828594545586e-04
4.093976056821697668e-04
4.093970543855169068e-04
4.093945279503434813e-04
4.092309173171238012e-04
4.086102591473103878e-04
4.087897191316289800e-04
4.278460855039728354e-04
4.271473009526086540e-04
4.286047286843758784e-04
4.286962477524328846e-04
4.282652873033597528e-04
4.284046495645835043e-04
3.092724103136649215e-03
3.092662929878961520e-03
3.091755174592529954e-03
3.091503040312714324e-03
3.091372922788810425e-03
3.091360639458828798e-03
3.091217227522619505e-03
3.091224583536601039e-03
3.091613767023298608e-03
3.091509363339409004e-03
3.093771406710547987e-03
3.093121427907736479e-03
3.091656342160353354e-03
3.091484863937552386e-03
3.091596976387100786e-03
3.091871480470183113e-03
2.996070313002242164e-03
3.092589033724754948e-03
3.092552804882913071e-03
3.092457514305702471e-03
3.093320454847536035e-03
3.093144379047243608e-03
3.093463514177136487e-03
3.093426643855426688e-03
3.092726737391596637e-03
3.092693062031983374e-03
3.092674913863684063e-03
3.092697686564476432e-03
3.092459557604260601e-03
3.092413268087042168e-03
3.092594368397042198e-03
3.092452508648819987e-03
3.092416555599200503e-03
3.093131445805635295e-03
3.093587028083823968e-03
3.093486117011911337e-03
3.088286309316870711e-03
3.087851831969148485e-03
3.088370626413595478e-03
3.088315282307322815e-03
3.088314314840892496e-03
3.088889190417527710e-03
3.090865240559688421e-03
2.099870223878113739e-03
2.101308541882269607e-03
2.101289027421690027e-03
2.101528073379135744e-03
2.043578877726401431e-03
2.043613684661992579e-03
2.043448313867185506e-03
2.043641761496446749e-03
2.043560777915528689e-03
2.043336828103445389e-03
2.043304513779781433e-03
2.043327743965626681e-03
2.043411422924984715e-03
2.043416410743837969e-03
1.557660915856490030e-03
1.557474554834677215e-03
1.557993828575502402e-03
1.557409260445592443e-03
1.557104292937754693e-03
1.557675561947516633e-03
1.557413670942066558e-03
1.557447822388311094e-03
1.560844233166039244e-03
-4.939081522854180421e-04
-4.939082776759467315e-04
-4.938917453783861749e-04
-4.939423203008852428e-04
-4.939116903440090439e-04
-4.939070734139783736e-04
-4.939674911588323508e-04
-4.938769156649945374e-04
-4.938523958565177322e-04
-4.938700310957594170e-04
-4.939027365237426588e-04
-4.939084311997541136e-04
-4.939078120760145331e-04
-4.940745478816407172e-04
-4.940165442742394013e-04
-4.939693666900530234e-04
-4.938612109851074844e-04
-4.941930492765266286e-04
-4.943317107732526266e-04
-4.941640353668513277e-04
-4.943621520611952676e-04
-4.940565995177081428e-04
-4.943392472594591077e-04
-4.941623515419476002e-04
-4.942312033976340542e-04
-4.942566080454247664e-04
-4.940903074359541706e-04
-4.940292511239680788e-04
-4.941317605527773080e-04
-4.941365721185513732e-04
-4.942247807639119951e-04
-4.942139356629162523e-04
-4.942037693023531826e-04
-4.941947979314791290e-04
-4.942186608599351792e-04
-4.941286127484529256e-04
-4.940700534197179673e-04
-4.940262214371867865e-04
-4.937950183101763981e-04
-4.829061679659017812e-04
-4.829320472350716927e-04
-4.826754328038157993e-04
-4.804848748183790223e-04
-4.806294511038307717e-04
-4.806330686800534564e-04
-4.805677985263292020e-04
-4.807138881641418587e-04
-4.807212541837437491e-04
-4.806961128583548976e-04
-4.805932551534418027e-04
-4.806490230859247585e-04
-4.830872646614914985e-04
7.277452086868924932e-05
7.254840189545556527e-05
7.246645055667979521e-05
7.253303720466283103e-05
7.259253717629415435e-05
7.256230918142216458e-05
7.257345172973883162e-05
9.315447413065058965e-05
9.315447417418832709e-05
9.320949235496965547e-05
9.314387053790669328e-05
9.313743689065471598e-05
9.315509080131047931e-05
9.322903381711532505e-05
9.333166203830142271e-05
9.333268581802053128e-05
9.333221075790974785e-05
9.333123201180492810e-05
9.335532693020783023e-05
9.331528596310925455e-05
9.333818607440479229e-05
9.346325993092125190e-05
9.345042793583048361e-05
9.356217978552630642e-05
9.264526609001279452e-05
9.273470003249305630e-05
9.271636678676867997e-05
9.271195108017243620e-05
9.257887791871467504e-05
9.296364219920026900e-05
2.333592836259954732e-03
2.315782927250183924e-03
2.315786764780672618e-03
2.315713166159653804e-03
2.315729041934750255e-03
2.315714467253698373e-03
2.315677386234751139e-03
2.315811769295564402e-03
2.315939674400352769e-03
2.315954410960495077e-03
2.315673892935217817e-03
2.315743727698366290e-03
2.315738245096437414e-03
2.315727508715077505e-03
2.315903973956784812e-03
2.316395861338289928e-03
2.316421834282843262e-03
2.316296535334305771e-03
2.316248071619902201e-03
2.316260175938343428e-03
2.316291057127701277e-03
2.316376546301978246e-03
2.315681298271756675e-03
2.315503700106132361e-03
2.316008280846256449e-03
2.316138462898796255e-03
2.314018496426547156e-03
2.315857810502329472e-03
2.315974376020205582e-03
2.315764722327556813e-03
2.315787963822508056e-03
2.315598287377651065e-03
2.316074450451205413e-03
2.316181669781072674e-03
2.316189243483883411e-03
2.316144974898206015e-03
2.316128563721138109e-03
2.316158512025324936e-03
2.257589818600237459e-03
2.259908393715647466e-03
2.261406339351354402e-03
2.514630999766909788e-03
2.514600654551021105e-03
2.513951716203812782e-03
2.514004941261204201e-03
2.513989016683115287e-03
2.513986755249984686e-03
2.514112805895482063e-03
2.514284718805535369e-03
2.514185865528356829e-03
2.514271369322593989e-03
2.514337179305152058e-03
2.514392001129518630e-03
2.514986869346418942e-03
2.514868086198250325e-03
2.514167505577064900e-03
2.514005791251949090e-03
2.514793915932123959e-03
2.515127415351045906e-03
2.514988351989343174e-03
2.513760444254391820e-03
2.543394287501433721e-03
2.526851329383550913e-03
2.531359035981164182e-03
2.525945050072881965e-03
2.532798496476198428e-03
2.532696352677520080e-03
2.537359377163222844e-03
2.537113619784843368e-03
2.546026924668555978e-03
2.538964298194999834e-03
2.542984285586188681e-03
2.543012387013244679e-03
2.559212731184461881e-03
2.559129968600737642e-03
2.559136486435205100e-03
2.559154960842747063e-03
2.559128659240809435e-03
2.559205116376662374e-03
2.310926213736600073e-03
2.331204280977644278e-03
2.360541571574488115e-03
2.360490590066297283e-03
2.360578006109758428e-03
2.360394176408276475e-03
2.360254818200498237e-03
2.360100417122535255e-03
2.360098603379813271e-03
2.360497454285172877e-03
2.360270351814268072e-03
2.360294076596660198e-03
2.360288215022621986e-03
2.565150099837361451e-03
2.571661243022851234e-03
2.570299883867018052e-03
2.522736341426392182e-03
2.522710874407291855e-03
2.522652526799569039e-03
2.523860515775325393e-03
2.416903437359679049e-03
2.416877774833799987e-03
2.416912690567353961e-03
2.416865514416128864e-03
2.416829511125890423e-03
2.416956216045283278e-03
2.416960447704171594e-03
2.416991425014371631e-03
2.416617008768632766e-03
2.416698404079101452e-03
2.416664637077922759e-03
2.416717102602158624e-03
2.416877309669056024e-03
2.416929541880346536e-03
2.416866434388739108e-03
2.416862766096347908e-03
2.416916526163884887e-03
2.416825521139843135e-03
2.416760534206831984e-03
2.416768728803270032e-03
2.416771056153412065e-03
2.416773927990603296e-03
2.416760208305362544e-03
