1.567665343907992045e-02
1.580646438274358606e-02
1.580537786395898314e-02
1.577586345300755616e-02
1.577584121410196411e-02
1.577618890743581054e-02
1.571413816865827040e-02
-1.866967236547921417e-03
-1.867074302523082574e-03
-1.293201093262462582e-02
1.334681798092705006e-02
1.334643799876688436e-02
-8.922146163065646646e-03
-8.922260798787707420e-03
-3.235968028570067843e-03
-3.236047813883918736e-03
-3.240899724119574409e-03
3.773797860952410235e-03
3.772885956266410802e-03
3.772963545439648580e-03
3.772999255887726777e-03
-2.065670401915242760e-02
-2.065904065437136616e-02
-2.066287231533617264e-02
-2.066371913128571547e-02
-2.066348872114674023e-02
-2.066181133188197544e-02
-1.761860870493152376e-02
-1.761872019505936887e-02
-1.762005072385092880e-02
-1.762049485288878434e-02
-1.762025952816437258e-02
-1.761529661191449034e-02
-1.767403652587280077e-02
-1.767390095745714068e-02
-1.765870963056113963e-02
1.041723316698641745e-02
1.041386332879942582e-02
1.045786923619041082e-02
-2.243434013830784141e-02
-2.241020814268038924e-02
-2.236017004311286957e-02
-2.245377645303386904e-02
-2.246431101039850914e-02
-2.246426708267697595e-02
-6.178190798428464039e-03
-6.178641963341348874e-03
-6.181387914543749751e-03
-6.180626839477292196e-03
-6.181771585572205276e-03
2.364968628164251449e-02
1.858365103880956284e-02
1.858744423078381378e-02
1.858693135574324487e-02
1.858790820527162629e-02
1.858686555913762611e-02
1.858687459911706127e-02
1.859273488975831182e-02
1.833779944336514159e-02
1.833923170553339657e-02
1.833888321170967783e-02
1.833815754245877658e-02
1.833805506202209473e-02
1.834004762212791337e-02
1.833999823964476208e-02
-3.259472299087367957e-03
-3.258881670958046865e-03
-3.260275658873740268e-03
-3.259488666513469038e-03
-5.443734273336548260e-03
-5.442931753129849962e-03
-5.440040765711775389e-03
-5.440427390619100717e-03
-5.440677441188522881e-03
-5.443173636474585644e-03
-5.443206852358492727e-03
-5.315303409988044771e-03
-5.322250864058630793e-03
-5.321974838005862768e-03
-5.321549734892536652e-03
-5.322661229055909021e-03
-3.108288399989240364e-03
-3.112075629782634200e-03
-3.112258147164230580e-03
-3.110601788537407410e-03
-3.111766808209901099e-03
-3.112062183054044220e-03
-3.880456834976369306e-03
-3.877020779780229222e-03
-3.873570609954804771e-03
-4.444576442217127929e-03
-4.444944753588787878e-03
-4.445284869067156648e-03
-4.445313071643169911e-03
-4.444232083456357493e-03
-4.414940202577594466e-03
-4.415441295615879849e-03
-4.415438557108688003e-03
-4.415525355258465880e-03
-4.417077324771655038e-03
-4.416908121401563053e-03
-4.415728430603563931e-03
-4.419523915590170375e-03
-4.416784158423277089e-03
-5.471499137147540180e-03
-5.472025786524900050e-03
-5.471839447912466708e-03
-5.471859010132616892e-03
-5.471826676937591866e-03
-3.900849824752360660e-03
-3.866879848127354954e-03
-3.864767179956922483e-03
-3.865172522780532024e-03
-3.844579280709934342e-03
-3.842518041365000896e-03
-3.904961052746285834e-03
-3.903846877502031854e-03
-3.904558106259611167e-03
-3.904093047076635965e-03
-3.904470330739566106e-03
-3.903919727541831086e-03
-3.894065375596795792e-03
-3.893757888372516469e-03
-3.927479023100085426e-03
-3.902219488642651689e-03
1.549745525961267970e-03
1.555497792114775985e-03
1.554553669776383411e-03
1.554770954434697532e-03
1.554142454916858417e-03
1.562651521367396275e-03
1.564118234728051641e-03
1.564126166358010368e-03
1.564102436956709254e-03
1.563524404549261658e-03
1.563846625467186537e-03
1.564261633567179573e-03
1.564263048471828746e-03
1.564224654289367387e-03
1.564074495850988240e-03
1.564038264589060531e-03
1.446973590434146723e-03
1.415810704363542737e-03
1.415659827505741548e-03
1.417330504402572293e-03
1.415811057016436603e-03
1.416032262093319064e-03
1.417030307303843509e-03
1.417124281799814894e-03
1.417205472655459417e-03
1.472537120472935338e-03
1.348211876725608112e-03
1.348674923358251631e-03
1.371167776136945037e-03
1.371354936444820101e-03
1.369418147811817107e-03
1.238572991274141527e-02
1.238575460811788473e-02
1.238579409068033335e-02
1.240268272884571636e-02
-6.453127008334572090e-03
-6.452994121510867431e-03
-6.452983807428999338e-03
-6.154867592132951676e-03
-6.154770571541431749e-03
-6.154806825876176120e-03
-6.155104459735744916e-03
-6.155000780451861872e-03
-6.155148823176176572e-03
-6.155386767415270757e-03
2.322180410619270954e-02
2.322250601200504666e-02
2.322251034980195999e-02
2.322251457308444067e-02
2.322249180165485843e-02
2.322255552561410669e-02
2.322260654908261598e-02
2.322256608688125570e-02
7.182917970359568340e-03
7.183545826265107064e-03
7.183531595477393901e-03
7.183384363987965759e-03
7.182716855794903273e-03
7.182680834230670969e-03
7.188980565493130817e-03
7.188544756648800743e-03
7.188455175034213530e-03
7.188347389870037608e-03
7.187456542938460737e-03
7.177382166897134513e-03
7.176607972923897474e-03
7.176659451908981753e-03
7.176556339729844684e-03
7.176613632168806975e-03
7.176634636627034387e-03
7.176439471931634999e-03
7.176172695888990288e-03
7.176377161634391912e-03
7.176621954501063473e-03
7.177012262765037134e-03
9.249256632058979128e-04
9.113374781847143925e-04
9.347055034463346186e-04
8.590849983294458888e-04
8.560971819625614460e-04
8.591242929464324753e-04
8.592111656312727188e-04
8.589800166186223503e-04
8.590776645386568244e-04
8.592894924276419082e-04
9.178916295608851922e-04
9.158253478508043615e-04
9.020478402842905044e-04
-3.353728549476622453e-03
-3.487415577129661121e-03
-1.999488460963351824e-02
-2.409018866776598336e-02
-2.409059915045241862e-02
-2.409048132282741450e-02
-2.408956735241566186e-02
-2.408949949911408026e-02
-2.194496273216789070e-02
-2.195268438880793385e-02
7.551817607021619333e-03
7.551844591610317424e-03
7.552216246645482300e-03
7.550697906587345437e-03
7.550997023945371991e-03
7.551462257934769134e-03
7.551732250400906843e-03
7.551685061117971616e-03
7.544694179380463835e-03
3.165904567065281217e-03
3.175903670670034151e-03
3.180050489909164255e-03
3.159258337655229589e-03
3.159227195096835517e-03
3.159160612236735968e-03
3.063066145548695197e-03
3.062526300927686726e-03
3.061573981153600365e-03
3.061990332067495140e-03
3.061253197866633559e-03
3.061638247551022856e-03
3.061210229626424618e-03
3.061292712887816667e-03
-4.968730959472173782e-03
-4.968946191017074680e-03
-4.968932484640212199e-03
-4.968938652138765733e-03
-4.968930261531876759e-03
-4.795311251088668972e-03
-4.779594791860596915e-03
-4.906616906267627712e-03
-4.917742994930622384e-03
-4.842437708116699609e-03
-4.842475192436672231e-03
-4.842334458980190881e-03
-4.842744850511146275e-03
-4.842581136637092581e-03
-4.842220819233788824e-03
-5.087746701239043157e-03
-5.091382881486338982e-03
-5.091617907374622158e-03
-5.090057765839268999e-03
-5.082260416390922513e-03
-5.081841252779180536e-03
-5.081199507512759901e-03
-5.082142333187038286e-03
8.722871471378925573e-03
8.631471377914388954e-03
8.549066710609617287e-03
8.549665285925279676e-03
8.545720840087247736e-03
8.545925024497047842e-03
8.536039746192458991e-03
8.534956125172509303e-03
8.536790243675257753e-03
8.536537499432608408e-03
8.535419058542069448e-03
-3.287224799555327811e-03
-3.287433023775767141e-03
-3.287449018850319756e-03
-3.287954711980616007e-03
-3.287886628030693703e-03
-3.288256034203957193e-03
-3.286231144095577619e-03
-3.286128591569880894e-03
-3.287070366834383191e-03
3.203396877961030113e-03
3.203243333605795481e-03
3.203093869442502108e-03
3.202919591440159686e-03
-2.504412348082101902e-03
-2.504331659349307623e-03
-2.500610403790326595e-03
-2.174355329554296390e-02
-2.724059173609062051e-02
-2.719416651267108492e-02
-2.718961552904491236e-02
-2.720433986696925432e-02
1.204931901920537791e-02
1.286100215318954423e-02
1.287216826165050315e-02
1.625343062471657418e-04
1.621325563781276775e-04
1.621264460914813397e-04
1.603400890723882452e-04
1.603336760045454977e-04
1.660652465956103220e-04
1.639599198574313074e-04
1.641649597610596984e-04
1.644292633291641456e-04
1.644156378044207454e-04
5.901415679318113613e-04
5.903442689783524201e-04
-1.867817242556977185e-04
1.580669638426485980e-03
1.580153329900102401e-03
1.581434119740746016e-03
2.877604004844809202e-03
2.877083135906042394e-03
2.876424266749821705e-03
2.996905972435194229e-03
2.997041305543712928e-03
2.997299389302587706e-03
2.997145185052161199e-03
2.997279105316678818e-03
2.997206542081077597e-03
2.997206027829483165e-03
2.997109799569426698e-03
4.976773558171666313e-03
4.975426617328164956e-03
2.449933965892740848e-03
2.437853037653906277e-03
2.438193716485573953e-03
5.552232359898902174e-03
5.552407457476919717e-03
5.564797177301444159e-03
5.565014533683461211e-03
3.959002218941611679e-04
3.958888773096178038e-04
3.957235482464082927e-04
3.955504395690778523e-04
3.955610727737866742e-04
3.959675030913457623e-04
-1.216158188019564714e-03
-1.216144376795143429e-03
-1.216148050518340825e-03
-1.216199230130881421e-03
-1.216236120341192403e-03
-1.216276480153849916e-03
-4.922962083497478374e-03
-4.922105590714707588e-03
-4.948751854264045284e-03
-4.948834143998646386e-03
-4.948900217110377420e-03
-4.882774719142597350e-03
-4.883169025803615025e-03
-4.883089634337656366e-03
-4.883076372889031368e-03
-4.883067605824793593e-03
3.619185378837481374e-03
-4.555769114902418204e-01
-4.555601001228009594e-01
-4.554445846542479193e-01
-7.538534514845669082e-03
-7.538933429358791842e-03
-7.539145289964049000e-03
-7.538904665514482850e-03
-7.538763499701709239e-03
-3.516926907178793103e-03
1.480113729262449605e-03
1.485765904478124561e-03
1.485782820581659424e-03
5.099372539222080634e-03
5.098916306110970985e-03
5.099755160519162285e-03
5.098211817296305348e-03
1.688111882866812161e-03
1.688141626589096354e-03
1.687630959006091846e-03
1.687906586611081410e-03
-3.472501329693690117e-03
-3.472673114420836860e-03
-3.472668321824654535e-03
-3.472612031868870311e-03
-4.133686593471814358e-03
-4.136205975002506252e-03
-4.136821852663011972e-03
7.862735872153039929e-03
7.867068856183993125e-03
8.082016064502910851e-03
8.513986447513475359e-03
8.513997840001686843e-03
1.018508261178606086e-02
1.018358191099364915e-02
1.018338132369460414e-02
1.018340973005563664e-02
1.018344689367732536e-02
1.028883589868599159e-02
1.028853123812488793e-02
1.028405667191577277e-02
1.028416173004559689e-02
1.028560618421444674e-02
1.026042441965557481e-02
-1.127118450653608571e-02
-1.126251278822808580e-02
-2.564676763828311473e-03
-2.563043806797788392e-03
-2.564810651212087126e-03
-2.523153852987349358e-03
-2.522212974221401706e-03
-2.743924478191816455e-03
-3.283541523108197968e-02
-3.283566128938857076e-02
-3.283312175804094235e-02
-3.283387270015727250e-02
-3.283480308147755655e-02
3.123872142900567441e-03
3.125752346706653709e-03
1.072960076178047090e-02
1.072908138418188391e-02
1.072855104870548693e-02
1.073334833815858640e-02
1.072825181445016818e-02
1.072069791494876558e-02
1.071980790552915647e-02
1.071980141474750473e-02
1.071974762138386099e-02
1.071885094517706534e-02
1.071850074692828718e-02
9.637223493282361456e-03
9.637280463520940185e-03
9.636970498412311334e-03
9.637042811704956899e-03
9.637503437702348713e-03
9.637477976128280832e-03
9.405486358135461619e-03
9.103081018457010939e-03
9.103084847499757007e-03
9.103223637491202752e-03
9.103033556809065827e-03
9.107283108039456593e-03
-1.341824024006856367e-02
-1.341799084608415356e-02
-1.341857374502253286e-02
-1.341889814872938673e-02
-1.341884402470536891e-02
-1.341883751109537726e-02
-1.341908342213268129e-02
5.683665491383139111e-03
5.538500320842225204e-03
5.540694924290834496e-03
5.233127674581822437e-03
5.232982346624995805e-03
5.233058760166051267e-03
5.233124140335520570e-03
5.233552989086941512e-03
5.322478338764804681e-03
5.320766325452049202e-03
-5.060296228597714260e-03
-5.060023313439149066e-03
-5.072706327819545558e-03
-5.076520567066470334e-03
-5.076595756885900028e-03
-5.076525243153465379e-03
-5.057909895884970565e-03
-5.057580403566956651e-03
-5.057491831262671440e-03
-5.028545000548180141e-03
-1.345316355697490605e-02
1.083537389916105001e-02
1.083276733592198997e-02
1.172105289454807887e-02
-3.938640247256425253e-02
-3.938767345084841220e-02
-3.939146800390379288e-02
-3.939106669079853185e-02
1.331399495553596372e-02
-8.027999189340525102e-03
-8.028919889348279729e-03
-8.028624516247204537e-03
-8.027279113917498710e-03
-8.027834266505419480e-03
-8.027717943102176401e-03
-8.027632054831007613e-03
-8.027479950832252034e-03
6.982985008794296601e-03
7.174667042482512323e-03
7.175958526923214773e-03
7.175507224384499935e-03
7.175498476458281455e-03
4.257506301564814230e-03
4.248375376977535541e-03
4.248553527472139282e-03
4.248389629768792655e-03
4.248244331045293587e-03
4.248258296926094371e-03
4.250085157366327235e-03
4.249605924405534807e-03
4.249642750147762139e-03
4.249666756843114256e-03
6.530916150909976681e-03
6.536050301550819751e-03
6.615601776092426035e-03
6.615859042363626472e-03
6.616051450933134979e-03
6.614689545992578391e-03
5.526444170171757909e-03
5.526814180958486596e-03
5.526757598749657691e-03
5.542198455370436587e-03
-1.938277799213990312e-03
-1.938345986492619752e-03
-1.938646800329664769e-03
-1.938152424678543043e-03
-1.941166714052808230e-03
-1.941933438264985138e-03
4.638576497742762962e-04
-5.568273735017343967e-04
-2.007472286814064415e-03
-2.007586656859052399e-03
-2.007236674341905582e-03
-2.009954828384021095e-03
-2.008865437596599884e-03
-6.953687049580363315e-03
-7.077195748538367241e-03
-7.077995124207831640e-03
-7.037845650781620471e-03
-7.036935980563734615e-03
7.431783106044650457e-03
7.415131848579490682e-03
9.171753542039601942e-03
9.172041545200022850e-03
1.686936538411611120e-02
1.686924478903989097e-02
1.686963392537294687e-02
-1.819083706737539483e-02
-1.819263400813821846e-02
-1.819285674184095702e-02
-1.819296956782864155e-02
-1.819292363065837248e-02
-1.819268686980589356e-02
-1.819022017383888426e-02
-1.819020901959639627e-02
-1.821171994161104729e-02
-1.821465709748447057e-02
-1.821198072796400072e-02
-1.821064493219782046e-02
-1.821214889274629448e-02
-1.798467283148954751e-02
-1.798451922021321661e-02
-1.798461495008494074e-02
-1.749949659975021457e-02
-1.749952640584714197e-02
-1.750089151455453892e-02
-1.749960059652994407e-02
-1.750667891856420161e-02
-1.455011290330955262e-02
-1.456569169925243414e-02
-1.456534300993710986e-02
-1.456520535693709047e-02
-1.474329201537919951e-02
-1.444156632445549836e-02
-1.453854164736319808e-02
-1.458151331530659935e-02
-1.458213544540661738e-02
-1.458321729674496095e-02
-1.458187830212140552e-02
-1.457936901882661562e-02
-1.458070291974440137e-02
-1.452316455459335375e-02
-1.452309986222099017e-02
-1.451880387464144287e-02
-1.451917645065762749e-02
-1.452082352933503455e-02
-1.452122065242899759e-02
1.095918499936491576e-02
1.097288646899484410e-02
1.097316069076910081e-02
1.097272568035875633e-02
1.096976317128529194e-02
1.096990361163418908e-02
1.097063829031234665e-02
1.097600483750148063e-02
8.602603617464163466e-03
8.602029282058691259e-03
8.601967886032494195e-03
8.601502806568205040e-03
8.601933869238581262e-03
8.572534676090523553e-03
8.563731256424950491e-03
8.566752538864297328e-03
8.572441957947912056e-03
8.572555201685184978e-03
8.572490692349119326e-03
8.573648630860023628e-03
8.573555205603010376e-03
8.572901287747288629e-03
9.889520763726449004e-03
9.889460186759646901e-03
9.888990026635633215e-03
9.888495974298788099e-03
9.889039164534086518e-03
9.897519783373786434e-03
9.898261461514937590e-03
-6.844013824360437905e-03
-6.847934583291491462e-03
-6.847972570968716664e-03
-6.847949558771627802e-03
-6.844408588130187522e-03
-6.844305216319323745e-03
-6.844234022583388539e-03
-6.844181450674350665e-03
-6.844574826814259390e-03
-3.068612626469536912e-03
-3.067766929526022975e-03
-3.068682726908376901e-03
-2.978346925468253019e-03
-2.965977263885831439e-03
-2.964967920243442422e-03
-2.964571720365503840e-03
-2.964898250899886904e-03
-2.964845439036749904e-03
-2.964521841910431471e-03
-2.966106814597036564e-03
-2.965933762142906535e-03
-3.042913525174832396e-03
-3.048839134205515861e-03
-3.068311773771210949e-03
-3.470834554692799837e-03
-3.455096241683812668e-03
-3.455070108116484705e-03
-3.455059605376730424e-03
-3.453647786574150225e-03
-3.453554596392436477e-03
-3.453897275383307781e-03
-3.455549595782316311e-03
-3.399900233426293022e-03
-3.399358855455467208e-03
-3.399384279720834689e-03
-3.399446205477394626e-03
-3.399496861352430902e-03
-3.400117726673963434e-03
-3.400073523200036231e-03
-3.400250718498806952e-03
-3.420826397281967815e-03
-3.420839507894009139e-03
-3.421062902348251129e-03
-3.421056968129609042e-03
-3.421028748532001576e-03
-3.421091312339567207e-03
-3.420958036107648540e-03
-3.420530681576059231e-03
1.757805915763864177e-02
1.764144843315526220e-02
1.764137181518931827e-02
1.764074830114886402e-02
1.764470162652073681e-02
1.756758151439799867e-02
1.756748767519743931e-02
1.756749421685049189e-02
1.756776482331546749e-02
1.756066856789306393e-02
1.756314857401838556e-02
5.761223178370238930e-03
5.761054106971201690e-03
5.761061848806532486e-03
5.761885127639036937e-03
1.417436618283208268e-03
-3.665408769903715641e-03
-3.666857257659820058e-03
1.418286623804320854e-03
1.418263577866787093e-03
-1.482983870773090570e-03
-1.482903553614350585e-03
-9.195789946655376704e-03
-9.211283892524737074e-03
-9.320441306533339132e-03
-1.137268332518973947e-02
-1.137252985429901449e-02
-1.137250046654640460e-02
-1.137248809783236378e-02
-1.137248137827091138e-02
-1.137167972233433903e-02
-1.137052150332573154e-02
-1.137185621724660749e-02
-1.137443163817148870e-02
-1.137401557511376338e-02
-1.137380330056470164e-02
-9.153506865243642848e-03
2.464421823263895223e-02
2.116278505671658969e-02
5.133903950019058637e-02
5.133476120429610046e-02
5.133465541829283774e-02
5.133342512705396654e-02
5.134202747120731464e-02
5.134600627990822813e-02
5.134737204623194412e-02
5.134741735912336236e-02
4.820521803536101380e-02
-4.672703712718970052e-03
-4.673828164584710974e-03
-4.892957778194118382e-03
-4.892766566439770738e-03
-4.902195399049921395e-03
-4.901177243826427415e-03
-4.901587368681299683e-03
-3.740632606574885617e-03
-3.647659678474720561e-03
-3.650064524768268943e-03
-3.642902450129661355e-03
-3.643034649002828331e-03
-3.721214511418537759e-03
-3.721710456073182294e-03
-3.721284954964323814e-03
-3.721171602193115800e-03
-3.721213464816217759e-03
-3.721489000903905990e-03
-3.721435187217409478e-03
-3.721055960948352597e-03
-3.721662965036270226e-03
-3.721158616653549855e-03
-3.721383081437352504e-03
-3.724063221445229454e-03
-3.724498076268424000e-03
-2.546779492572058545e-03
-2.539506733887682798e-03
-2.541570432558963848e-03
-2.539865708182428589e-03
-2.539716314216916397e-03
-2.541114041456473804e-03
-2.540020892516306125e-03
-2.540200482284155157e-03
-2.543068870266648566e-03
-2.542976310995871160e-03
-3.996981802687637857e-03
-3.995500875394457363e-03
-3.890947172745440417e-03
-3.891411986013705148e-03
-1.112806950228284117e-02
-1.112803634443449048e-02
-1.112804270462973942e-02
-1.112798013950497440e-02
8.807457967533224852e-03
8.807415685756256329e-03
8.807473333805319882e-03
8.809589856823039217e-03
8.809816682331241683e-03
-7.948464779756244519e-03
-7.947815705027042391e-03
-7.948173390252815523e-03
-7.948257885480458293e-03
-7.860645120744698400e-03
-7.860679555965598836e-03
-7.673381656804714734e-03
-7.673836997143302675e-03
-7.673974718510868931e-03
-7.674099728490935309e-03
-7.674282998561750800e-03
-7.676098271961441337e-03
-7.675909633930996095e-03
-7.675423610106629942e-03
-7.675331082363568737e-03
-7.675466785784764226e-03
-7.675318418842828894e-03
-7.675391146946305976e-03
-7.675422036429806541e-03
-7.675416158710871711e-03
-7.675635308146871831e-03
-7.675476478696906420e-03
-7.675558295992125635e-03
-7.671551302843920492e-03
-7.671038747135015129e-03
-7.670512483867948303e-03
-7.671245279999109982e-03
-7.669490268548990498e-03
-5.784799331856588407e-03
-5.781095982372149757e-03
-5.781475296043676881e-03
-5.781099201897881706e-03
-5.786194736367127577e-03
-5.789127171347711008e-03
-5.788274962923256259e-03
-5.664078146349482354e-03
-1.762621322642816946e-04
-7.755891845921617910e-04
-7.777415567454644884e-04
-7.908571913947516716e-04
-7.909211325643650693e-04
-5.652379406199554155e-04
1.930139109760000121e-03
1.930143209525187614e-03
1.930498901312317859e-03
-1.450101325550094125e-03
-1.450188826656959289e-03
-1.450178415458887229e-03
-1.467347265019377893e-03
-1.467496036491404508e-03
-1.468273191576668132e-03
-1.440747961494908682e-03
-1.440712207436684392e-03
6.551543461042226915e-03
6.556375258507968207e-03
6.556499490411307404e-03
6.556230168526733064e-03
6.556205498176556276e-03
6.861676912159479606e-03
6.861292944680964269e-03
1.052384861111703776e-02
-4.894773257249936246e-04
-4.868693145856339268e-04
-5.580760224450588471e-04
-5.579166493989276337e-04
-5.631687787660889007e-04
-5.612633892639675185e-04
-5.613924361456113475e-04
-5.617429806315519299e-04
-8.280187541614761337e-04
-6.571468373934183328e-04
-6.568453729258777636e-04
-6.568307186618229342e-04
-6.570363166121900812e-04
-6.571428517695334769e-04
-6.567825859392365439e-04
-6.568560696775927301e-04
-6.567562069968174579e-04
-8.043432322352148979e-04
-8.222823255037653521e-04
-8.407453035834122623e-04
-8.011563554465242357e-04
-8.011802807996737386e-04
-8.011802807996878332e-04
-8.011717307766083249e-04
-8.009559552979726759e-04
-8.010112906205525988e-04
-8.010107003082122482e-04
-8.011425121573222162e-04
-8.050009371549975363e-04
-8.024563380908021019e-04
-8.023844525382268968e-04
-8.025622110984444342e-04
-8.027753729497771103e-04
-8.024409564650527432e-04
-8.024657954392828366e-04
-8.025204327324811761e-04
-8.025531592992831949e-04
-8.021543383528867421e-04
-8.021913379801427378e-04
-8.025558780511807440e-04
-8.020406875804686475e-04
-4.444843961796638180e-04
-4.443414351726763297e-04
-4.443303517884531818e-04
-4.440153514792819010e-04
-4.440554936478402731e-04
-4.440542343583648958e-04
-4.448521808827970514e-04
-4.447780823229327616e-04
-4.451065454150656677e-04
-4.450753212308463562e-04
-4.445186868985563471e-04
-4.451285635756704363e-04
-4.448949101774232707e-04
-4.447898120736371898e-04
-4.448494266117898762e-04
-4.450613747956678763e-04
-4.448389069748876889e-04
-4.456203811620194606e-04
-4.456324689875182593e-04
-4.454397063086652569e-04
-4.456475455866002280e-04
-4.447251596411267967e-04
-4.456306678405768675e-04
-2.021572962353446190e-03
-2.021245132878007715e-03
-2.021550546979683331e-03
-2.021457822314851136e-03
-2.021439996306275202e-03
-4.830830692468529065e-03
-4.842214373287434016e-03
-4.842088936084848125e-03
-4.848719993097868296e-03
-4.845203291165106098e-03
-4.845724184362693553e-03
-4.845025884105754084e-03
7.810217357763527294e-04
7.812632373646001202e-04
7.811695782149834493e-04
7.812635893930739827e-04
7.813800569395111875e-04
7.743965848805042752e-04
7.750286228964993343e-04
7.751703533755431759e-04
7.750858284727528674e-04
7.755845492827263517e-04
1.863713152746320767e-01
1.865876538541598184e-01
1.865920938351657010e-01
1.866396327705839020e-01
1.866379746322695821e-01
1.866833063767407708e-01
1.866850226290294457e-01
2.702298389948465558e-03
2.702306563987504073e-03
2.701670508997422969e-03
3.432389638342186935e-03
-4.192520657807946929e-03
-2.431118455203325462e-03
-2.427469016596008663e-03
-2.429550132392174853e-03
-2.429716141228835218e-03
-2.429611495860783347e-03
6.180339428509536853e-03
6.178162071070246973e-03
6.178078463213592525e-03
6.179202856580219040e-03
6.316287225320918464e-03
6.316105487561196954e-03
6.316058915609282232e-03
6.323518527221874859e-03
6.321475035818005690e-03
6.322320630578471580e-03
6.321266790343616805e-03
6.325481448913041274e-03
3.052159340498813208e-03
-6.024935850555192610e-03
-6.025682029964354001e-03
-6.025471854416724130e-03
-5.570149825673518205e-03
-5.569373452948226527e-03
-5.569365681752297577e-03
-5.569388263264128149e-03
-9.613616653345762042e-02
-9.613070054816870436e-02
-1.285410610562570319e-02
1.141074056313222569e-02
1.140967941267505455e-02
1.140962624765936261e-02
1.140986482297220127e-02
1.140957263829741990e-02
1.141487230780674315e-02
1.141500144743750125e-02
1.141521297152581563e-02
1.140495721520689079e-02
1.140505484740436497e-02
1.140488622005775450e-02
1.140470559666529986e-02
1.140487715161036739e-02
1.142296083579960944e-02
1.143064244116187220e-02
1.143142201758032793e-02
1.098099022455342570e-02
1.098098653909724415e-02
1.098115772473399511e-02
1.098029315370893828e-02
1.098081096200850815e-02
1.097866746127675042e-02
1.097885096350916662e-02
1.097875811323643577e-02
1.097777106182601208e-02
1.768756407568920080e-02
1.768841080325161269e-02
1.768868859462783757e-02
1.768867814661203089e-02
1.768930079980227804e-02
1.768932778905158917e-02
1.768849431814750045e-02
1.768433199712842602e-02
1.769763882580228237e-02
1.769449215108354762e-02
1.769432723932783807e-02
1.769565239700755452e-02
1.768681512281845489e-02
8.303361747919150646e-03
8.300051838140013252e-03
8.299913684401390504e-03
8.300044675111441922e-03
8.300280847865453351e-03
8.300075327970481143e-03
8.300119569043815440e-03
8.302315538786207705e-03
8.455037015211922316e-03
8.454745869997408805e-03
8.455878708682952605e-03
8.455911881692309423e-03
8.455885243127150147e-03
8.455235708541036788e-03
8.370511594839867217e-03
8.371175495854175225e-03
8.371234856662038148e-03
8.371305389890393300e-03
8.370468173259990388e-03
8.305960942953837661e-03
8.303743336929212543e-03
8.303797835422092530e-03
1.486458616220128447e-02
1.486533470342991763e-02
