2.046533978516251653e-03
-1.106929163451314535e-03
-1.106686221751754934e-03
-1.106692291457201955e-03
-1.106634166567643796e-03
-1.106550774612901581e-03
-1.105427168935165742e-03
-1.105413011494676707e-03
-1.100596582558402686e-03
7.055273943794180755e-04
6.543699653513142082e-04
6.537768507780578227e-04
6.591858438109328682e-04
-7.834878786386705735e-03
-7.840832244811371532e-03
-8.117101828171813943e-03
-8.130286949232257490e-03
-8.130477576672606038e-03
-8.130621027269342369e-03
-8.130316906105501673e-03
4.488034076865298969e-03
4.488300758457583819e-03
4.488383371993657535e-03
4.488380461115461934e-03
4.487283053750052916e-03
4.487368226961782093e-03
4.486500536216152246e-03
4.791779992674780400e-03
5.375603890845929642e-03
5.371860428530259024e-03
5.372397084093433715e-03
5.372285160696342599e-03
5.372334974244378190e-03
5.372338158476300599e-03
5.372382025391161595e-03
5.372358667920881618e-03
5.372376032543032393e-03
4.253631236971192574e-03
4.587344839848936200e-03
4.587375232835380623e-03
4.587453993982919427e-03
1.310182428639236098e-03
1.184796698450312673e-03
1.199141582125300143e-03
1.199117421847947611e-03
1.199014856365647214e-03
1.198830438705440586e-03
1.382753462048875960e-03
1.381797049067917194e-03
-3.574897720519699409e-04
-3.580231481339202887e-04
-3.576749571762091067e-04
-3.578396624120828008e-04
-4.180799921515945166e-04
-4.177395733085287224e-04
-4.172138558396899072e-04
-4.186440126841132797e-04
-4.186491403647484661e-04
-4.185968967023221787e-04
-4.188031895143678844e-04
-4.185922376355819680e-04
-4.189350992459539569e-04
-1.806766246068828739e-03
-7.950595845181077440e-03
-7.949287743993671551e-03
-7.949504739076719562e-03
-7.949070576111607125e-03
-7.948685050448298789e-03
-7.951615625405361598e-03
-7.951743895018891298e-03
-7.951445462935038955e-03
-2.297966067610501643e-03
-2.297791307929724670e-03
-2.229138656126606038e-03
-2.229061138613070304e-03
-7.072341043825131838e-05
-7.075728208274588806e-05
-7.070927027950642089e-05
-7.055758010706928319e-05
-7.117854016641768703e-05
-7.139368266902276425e-05
-7.151412496645834433e-05
-7.289991816701879579e-05
-6.963283432903729535e-05
-6.978033278820149554e-05
-6.975471753542190412e-05
3.605766019283967918e-03
-4.262793947442776866e-04
-4.255329368278761297e-04
-4.243869051353467317e-04
-9.333635226570830739e-04
-9.333419271323125125e-04
-9.345825138794195850e-04
-1.945539181007579675e-04
-1.945633862148767035e-04
-1.920526396565831100e-04
-1.935789498872653842e-04
-1.936407625158816765e-04
-1.937647190329059666e-04
6.580692352865705858e-05
-3.176282122709268851e-04
4.769405819562762164e-04
4.769352538252012545e-04
4.771029369904303133e-04
4.771985392531844991e-04
4.774247775671787777e-04
4.773848406940921630e-04
5.150588869174201360e-04
2.228041449993468318e-03
2.227961204217166272e-03
2.186061136471631298e-03
2.186247204372081861e-03
-3.415632695322985864e-03
-3.416585884140953353e-03
-3.404296717332209489e-03
-3.407915334537340180e-03
-1.207125902017579201e-03
-1.207382357465404182e-03
-1.221690562122994522e-03
-1.221785970440753336e-03
-1.221852530363551738e-03
-1.220966979775505497e-03
-1.221246294646038521e-03
-1.218301711004279950e-03
-1.218069972869468588e-03
-1.218200747567371950e-03
-1.218938225875202362e-03
-1.219333393050768977e-03
-1.219800026103541471e-03
-1.218890100373062326e-03
-1.209037438326263569e-03
-1.211618448743827063e-03
1.074031646667975362e-02
1.073846322083544906e-02
-7.990588232619494705e-03
-5.676215951630553085e-03
-5.676233619854118700e-03
-5.914776800880722045e-03
-5.916532703638155075e-03
-5.914568202618406684e-03
-5.914275268258320159e-03
-5.919533630826897923e-03
-5.917971596143408244e-03
-5.610314158626620445e-03
-5.607608438698175046e-03
-5.607040765867684143e-03
-5.615576445670302473e-03
-5.615416391727813192e-03
-5.612187427965035190e-03
-5.612068226128289275e-03
-5.611906913587080825e-03
-5.618008205631954896e-03
-5.420455909899474581e-03
-5.420726229886000704e-03
-5.420813070445141928e-03
-5.419773107277452671e-03
-5.420545913368911457e-03
-5.419626225021284896e-03
-5.419346093637795667e-03
3.223994324441972065e-02
3.224007059334971226e-02
3.223834568514406113e-02
-1.441024459485294165e-03
-1.441497578057261046e-03
4.677203084092361116e-03
4.676382474851394945e-03
7.696555458807929906e-03
7.715329489142499012e-03
7.716161576244545163e-03
7.716759025487097794e-03
7.718650693777894152e-03
6.391509610629195724e-03
6.391447326156738523e-03
6.389126149382879510e-03
9.261740045456475900e-04
9.215139833314839454e-04
9.214236729620313600e-04
9.403411687967759558e-04
9.183228950395580471e-04
9.144385630351585916e-04
9.147378008870931830e-04
3.292779771561771957e-03
3.292107415855954119e-03
3.292838161777158698e-03
3.293736358921229776e-03
4.723717809417593387e-03
4.719607150701521370e-03
4.719654563304630582e-03
6.756008010576646308e-03
6.781808312402130487e-03
6.785304294474690974e-03
6.789322048955791222e-03
7.792244861925776448e-04
1.726365801394777032e-03
1.547704099489187945e-03
1.585017084333214437e-03
3.293590252036392944e-03
3.293614196808631722e-03
3.293675655184875352e-03
3.293677141689952369e-03
3.293649882237896075e-03
3.293512652822680638e-03
3.293418915290384497e-03
3.293501643076698990e-03
3.293562471282132555e-03
3.284144838493265831e-03
3.283618741654540599e-03
3.284079802779347849e-03
3.284240598473610849e-03
-1.545845568965808397e-03
-1.546410940839489448e-03
-1.546332308735456776e-03
-1.545928437361413811e-03
-6.277098516900867647e-03
-6.276343894603722030e-03
-6.276357850535424845e-03
-6.276539437143544703e-03
-6.276651474181994296e-03
-6.276548419668447412e-03
-6.205989971817574627e-03
-6.206137138638131816e-03
-6.206066447762640000e-03
-6.206058973964957703e-03
-6.205331844668154559e-03
-6.202928105372697461e-03
1.232233659655163419e-02
1.232156795788694713e-02
1.214966299330390992e-02
1.215470162454817399e-02
1.215705619411474106e-02
1.215813421801968143e-02
1.215643850226526441e-02
1.215670116887632504e-02
5.063026912541071338e-03
5.063195861661861155e-03
5.063185327157633010e-03
5.060793460226639846e-03
5.061049670006923830e-03
5.060894361053743136e-03
-1.144054782049439185e-04
-1.130462677551860936e-04
-1.130736018988920893e-04
-1.130483974091932059e-04
-1.136001789195133704e-04
-1.132279938208259731e-04
-1.133288693784175328e-04
-1.133609355040538739e-04
-2.592225017322906215e-03
-2.607685863506566809e-03
-2.608798570369250808e-03
-2.608332032249145727e-03
-2.608371024667569156e-03
-2.608338598551966214e-03
-2.608273667803410589e-03
-5.678222125724021602e-03
-5.678507215013101246e-03
-4.970714625823504339e-03
-4.969209780179961906e-03
3.101518039656068083e-03
3.101811704435450835e-03
3.103160035265196785e-03
3.103485983372995891e-03
3.101644920962247625e-03
3.102372653131446004e-03
3.102321498189810917e-03
3.108505536972065025e-03
3.106385265843822786e-03
4.561192923470250293e-03
4.567099045018892939e-03
4.563250885744619609e-03
4.564072365903074947e-03
4.556801836406739088e-03
4.557621859119372412e-03
4.543919851805692384e-03
4.544003815458375756e-03
4.544150775202110241e-03
4.542976872774909421e-03
4.543823927326129733e-03
4.543806390802387039e-03
4.543536715867867518e-03
4.543441896277706192e-03
4.543595950628915962e-03
3.335782105970377387e-01
5.786240226148238810e-03
-6.466454580720479468e-03
-6.467147210828583237e-03
-6.458235437332040911e-03
-6.458294750881216420e-03
-6.458685160639700794e-03
-6.458416661907646558e-03
-6.458263687027207371e-03
-6.458145466340442162e-03
-6.458115454888023466e-03
-6.457655180065135191e-03
-6.458376502197383552e-03
-6.455302226692536706e-03
-6.456500184392033326e-03
-6.456415957332063520e-03
-6.456283897219022329e-03
-6.448954550713432120e-03
-6.449159844141981457e-03
2.705770013446830852e-02
1.378613704637198087e-03
1.378435656344567358e-03
-7.836510870294868163e-04
-8.112116842677575233e-04
-8.113741374898273719e-04
-8.083283819385093331e-04
-8.086247502439949421e-04
-8.085759462324412132e-04
-8.086720396938639442e-04
-8.088781328302709420e-04
-8.086511108069954898e-04
-5.395365751950342544e-04
-1.539460107602308014e-03
-1.540096560977812726e-03
-1.363984461755836201e-03
2.050698685250181789e-03
2.050382563303999699e-03
-4.345248377010553324e-03
-7.886020391498628317e-04
-7.882906919523112888e-04
-7.902038495285451224e-04
-7.863930102689624694e-04
-8.135205389985655918e-04
-1.250350086344149991e-04
-1.251045005956535666e-04
-1.250334449506777367e-04
-1.247869893547146568e-04
-1.247863855871065902e-04
-1.247352406996962086e-04
-1.249819393273546699e-04
-1.250017212604759775e-04
-1.127068425737814717e-04
2.810043719473752193e-03
7.894877521714631363e-03
7.894374466774928614e-03
8.178314633018454391e-03
8.177150501947068328e-03
8.180010726609952473e-03
8.179854450485310804e-03
8.180041498019732099e-03
7.980428500367361608e-03
7.964428476936607354e-03
8.723150854739859447e-03
8.722803751973220998e-03
8.723161575002179660e-03
5.740974525958196517e-03
5.727651102176985892e-03
5.730322687075031785e-03
5.730714174437455399e-03
5.730515016160766563e-03
3.644644120354139250e-04
3.664977798848786526e-04
3.665551484897155488e-04
3.666038010186691053e-04
3.749517212290046824e-04
3.748532017708609484e-04
3.749448512842195420e-04
3.774478489602766372e-04
3.767816102618809829e-04
3.766199025231449439e-04
3.215117856585473534e-04
1.078814149944862244e-02
1.077514571189705679e-02
-3.987948191375128258e-03
-8.295923661080188971e-01
3.549228872956766961e-03
3.616750267071433284e-03
3.615223589611916023e-03
3.614934428090589222e-03
3.614531951523422808e-03
3.615930871733505532e-03
3.615827646708842571e-03
3.615859861706246636e-03
3.611797167878900809e-03
3.744222913021351840e-03
3.744397923328412429e-03
3.744943030659906615e-03
3.744890427124813233e-03
3.747953127633536167e-03
3.748933350786198566e-03
3.748908416755291316e-03
3.748442903194179436e-03
3.747358077966836225e-03
3.747358358724366297e-03
3.747507291658896001e-03
3.747496799590049020e-03
3.746294325692344895e-03
3.746387536520623830e-03
1.071908853600819257e-03
1.071709352667130641e-03
1.071765618694710395e-03
1.072025155365197375e-03
1.071695473908720539e-03
1.066288305271685839e-03
1.066236684100973272e-03
1.065856385612129909e-03
1.065778156941463379e-03
1.066021632953631244e-03
1.080605789163246360e-03
1.080489131854207472e-03
1.081263315009981484e-03
1.081334433475819676e-03
1.081473455548042544e-03
1.089377579424524083e-03
-5.204787898484590573e-05
-4.364805530038726156e-05
-4.365253831000123785e-05
-4.365164310684791903e-05
-4.357298138415811780e-05
-4.355642828146891811e-05
-4.355951443419172497e-05
-1.000367502803086762e-03
-1.000512410174487750e-03
-1.000555988356693123e-03
-1.000477573112473761e-03
-1.000542053435210564e-03
-8.093143291419930413e-03
-8.093155276570665121e-03
-8.093190791253718902e-03
-8.093180638014368933e-03
-8.093221788620994298e-03
-1.577260664114226579e-02
-1.578642965171572071e-02
-1.578682387915456703e-02
-1.578582467782708651e-02
-1.578592072595913498e-02
-4.107711242846784350e-03
-4.107405328820311861e-03
-4.107479609948885488e-03
-4.108081282472798162e-03
-4.109269180628213371e-03
-4.109760443210390760e-03
-8.839212665719844639e-03
-8.911997608568977824e-03
-8.912758914612723890e-03
-8.912019591232616875e-03
-8.919001284582863537e-03
-8.918407931792706952e-03
-4.371708716245428610e-03
-4.392931663722417397e-03
-4.393656068481847921e-03
-4.390772604085537052e-03
-4.390511318029172161e-03
-4.391089738443783481e-03
-4.392549157918818580e-03
-4.392802244533998424e-03
-4.392430888256705288e-03
-4.392522521607747713e-03
-4.392000913600699503e-03
-4.391933073453203364e-03
-4.393875391630764488e-03
-4.389084667357437235e-03
-1.093682543117605738e-02
-1.093675168729296016e-02
-1.093637563991117431e-02
-1.094937371378208561e-02
-1.094659783841125077e-02
8.348735105680766145e-04
3.879380218628279253e-05
3.906980613560895126e-05
3.882592822169167034e-05
3.822816356539585411e-05
3.819085268438827865e-05
3.791375451373768345e-05
3.879930952581299940e-05
-1.299448939134267616e-04
5.288449758899569459e-04
5.286023774661953228e-04
5.302221069764539605e-04
5.325679197288762413e-04
5.463907127043232973e-04
5.514898841082570410e-04
5.517828524846374707e-04
5.501224012733188290e-04
5.501253274885797070e-04
5.500025146639074764e-04
5.502481751378386198e-04
5.499504936494937915e-04
5.503373784241216010e-04
5.502673791571976178e-04
5.501707095676800028e-04
5.503472596531695923e-04
5.503623445418856768e-04
5.625105843124275510e-04
5.615604846353908566e-04
5.897019583228328568e-04
5.893232859043752566e-04
5.897474770726591044e-04
5.897557438862668965e-04
5.945863374043534010e-04
5.934252617623839762e-04
5.903739852130406463e-04
6.017952290588602249e-04
6.011633076887338027e-04
6.012504405743359162e-04
6.010050300631287947e-04
9.449823228295666649e-03
9.450095016080982402e-03
-2.397629578883625143e-03
-2.397511130421789861e-03
-2.397876911492395624e-03
-2.398161261800486888e-03
-2.398920567016529348e-03
-2.399065947461854337e-03
-2.398494679000019118e-03
-2.398456666742693373e-03
-2.398123069790049442e-03
-2.406796283823869897e-03
5.639460019226688766e-05
6.408637450345142051e-04
6.411841761558844137e-04
6.408717181017501525e-04
6.403233350311880560e-04
-1.322356036696927624e-03
-1.322320142365993002e-03
-1.322288910170746953e-03
-1.322277242164016662e-03
-1.322326044500339798e-03
-1.322174797086020847e-03
-1.322263026810304148e-03
-1.322387911578669492e-03
-1.322387098097089434e-03
-1.322950856412766479e-03
-1.323645168423863861e-03
-1.324004344717881997e-03
-1.324449109736480648e-03
-1.324453156201977526e-03
-1.324498485275132703e-03
-1.323708227963633259e-03
-1.323352297608388966e-03
-1.323355871034494983e-03
-1.323296058269915216e-03
-1.323300699647114026e-03
-1.323354793552091986e-03
2.213058872679515409e-03
2.214620533683721824e-03
3.182160891339290421e-03
3.182022838653750241e-03
3.182001179163772200e-03
3.181977045831821307e-03
3.181890596584215341e-03
3.166847287649023068e-03
3.170460394308821650e-03
-2.169950501372342865e-03
-2.171039877079150669e-03
1.234212467847299686e-03
1.234255908337072299e-03
1.233920027340750436e-03
-6.903266973537006135e-04
-6.882225204659355930e-04
-6.878496962961041421e-04
3.014359017111216746e-02
3.013897752806598412e-02
-6.600698152953599768e-03
-6.600155120304420850e-03
-6.661893087273183800e-03
-6.603024429860395415e-03
-6.603046832769377331e-03
4.959761013676749868e-03
3.369795181001687245e-03
3.465719942683985694e-04
2.184019483863100075e-04
2.179833199121679809e-04
-2.455735198945012410e-02
-2.455256014352813487e-02
-2.369020382786353462e-02
-6.899194920830680790e-03
-6.899219159476570676e-03
-6.899453831985774381e-03
-6.898571859315250944e-03
-6.903079560967189700e-03
-6.896783550965342874e-03
-6.902762004284221202e-03
-6.903675823263869145e-03
-6.901408241973686249e-03
-6.900952881325076414e-03
-7.103716276740796448e-03
-7.103073289477442563e-03
-7.103058243961380379e-03
-7.103463011446321286e-03
-7.103413685125177339e-03
-7.103326456410432969e-03
-7.098793083906703577e-03
-7.098486239799967415e-03
-7.098085180795576932e-03
-7.098495581075466195e-03
-7.098568475671523416e-03
-7.098815529037599825e-03
-7.098422877551062264e-03
-7.097903017363023370e-03
-7.098117156054163657e-03
-7.097315378891896030e-03
-7.095154704131324645e-03
-7.096594808361801447e-03
-7.096842827630681777e-03
-7.096231962544660016e-03
5.521440257690959572e-03
3.505964818695390429e-03
3.506217340653639252e-03
3.505643287343494178e-03
3.507781685704496402e-03
-9.250486267883915176e-04
-9.250470707769581011e-04
-9.241709730352906703e-04
-8.916424575615876846e-04
-8.899434252681218517e-04
-8.903512239464827236e-04
-9.312995399335060156e-04
-9.326382029466048990e-04
-9.336007527293322403e-04
-9.341045267043771071e-04
-9.339499051854892797e-04
-3.269769697362639050e-03
-3.273612131100746975e-03
-3.273422952403525626e-03
-3.273491801321881146e-03
-3.273566968102505168e-03
-3.273657307796134629e-03
-5.077537469979084318e-03
-6.998771869023152469e-04
-7.115161887511808458e-04
-7.110950580905604865e-04
-7.125623105540648036e-04
-7.124301304951661130e-04
-7.121465186334872662e-04
-7.125770881134971214e-04
-7.122994741065480796e-04
-6.390678661213796937e-04
-6.391298220992059839e-04
-5.329882248857789172e-04
-5.330228201964386193e-04
-5.688452566746791299e-04
-5.690498984463564485e-04
-3.514039193863344483e-04
-3.511028643997038336e-04
-3.509141945392036700e-04
-3.509550238756999909e-04
-3.512675728242904932e-04
-3.514063625140764996e-04
-4.690424184316353416e-04
-4.748299259340307463e-04
-4.746692025990677222e-04
-4.757144608921775784e-04
-4.757511198940499891e-04
-8.612254921588281993e-04
-8.972408678211702803e-04
-8.971062681753303033e-04
-8.972233503990467447e-04
-8.971067581679550117e-04
-9.096389784439872297e-04
-9.087191678795496696e-04
-1.132051469766011485e-03
-1.138136135706005773e-03
-1.137966654778466060e-03
-1.138280114807250490e-03
-4.777659361348195362e-03
1.747936319915033114e-03
1.812539152573074564e-03
1.850672982164075801e-03
1.850672144090835004e-03
1.850485846746727659e-03
1.863033393198967793e-03
1.863090737209859103e-03
1.863609222758152431e-03
1.863320027702103105e-03
1.863085432524413639e-03
1.864053132152679922e-03
1.824029739781285074e-03
1.823909488381922437e-03
3.862959840640527685e-03
3.862304403763019110e-03
3.859584747200218470e-03
-1.279256649709458642e-03
-1.279086321691579650e-03
-1.279181968514978181e-03
7.894652354390731220e-04
7.894609854114072785e-04
7.893671922868479227e-04
8.580520321421526448e-04
2.242366803172238764e-03
2.243072425221060220e-03
2.245097001880545784e-03
2.229609286287342375e-03
2.227407928225383534e-03
2.226709140012604268e-03
2.226788816355033864e-03
2.226713663326844363e-03
2.226453287368742283e-03
2.226485260764097650e-03
2.226429069305057174e-03
2.163609144872840218e-03
6.634345332361552168e-03
6.766231068758201544e-03
6.761166765178951328e-03
6.761599975425584136e-03
6.760659055858382616e-03
6.760707746118357550e-03
6.760363780212973357e-03
6.761000523700751684e-03
4.433604346214385129e-03
4.433538331007895461e-03
4.433512611057606988e-03
4.433609530112486707e-03
4.433518577318705869e-03
4.433381008971910148e-03
4.433301712260826442e-03
4.921735834513463106e-04
4.934036523509658951e-04
5.210200300815623180e-04
5.208003699355533015e-04
5.197238040078671576e-04
5.197226320743750672e-04
5.196460708098015087e-04
5.195378528424259490e-04
5.198841860461396198e-04
5.196956732210972815e-04
5.190663617746250078e-04
4.866155644794744228e-04
3.039563681424675701e-03
3.039993459983921127e-03
3.587048606024380217e-03
3.587300514622740986e-03
3.591316574901417917e-03
3.590979713079437731e-03
3.588323919635508404e-03
3.584220875651844811e-03
3.585796008295086008e-03
3.585643522115654000e-03
3.585515135615478972e-03
3.582351629919510328e-03
3.582364895492824632e-03
2.202707079033779450e-03
2.087570318542910329e-03
2.087337903532928904e-03
1.950533912784546903e-03
2.823558161145281031e-03
2.823621231744015154e-03
2.823644456275828038e-03
2.823171898045069485e-03
2.824520204664045762e-03
2.824450232256664473e-03
2.824270552116310389e-03
2.824887192257694024e-03
2.823368634361727789e-03
2.462308549068252094e-03
2.461944606043067058e-03
2.461719118008029363e-03
1.291451723784081164e-03
1.291765086234914666e-03
2.950233828475990958e-03
2.950447911379142432e-03
2.949715434829364678e-03
-7.410993225297048646e-03
-7.411700420183697964e-03
-7.433104721998212358e-03
-7.433483202956432320e-03
-7.433722116066444029e-03
-7.433933074355283423e-03
-7.434061886491101501e-03
-7.434644749096805220e-03
-7.434427831515843556e-03
-7.434523389719782660e-03
-7.434260887665190311e-03
-2.677769895465204573e-03
-2.676957195956288296e-03
-2.676803462452749006e-03
-2.676942881099614573e-03
2.031466766834946237e-03
2.031257371709572265e-03
2.037052789364502715e-03
1.942441818835522437e-03
1.941138881619899718e-03
1.941254464960838391e-03
1.938001169933432303e-03
1.939943839582255027e-03
1.969454084238024798e-03
1.969160350546381600e-03
1.969090007438608052e-03
1.969179824021952824e-03
1.962230287794493669e-03
1.964043525125559742e-03
1.962728287987640634e-03
1.963417718918737762e-03
-1.373682940790866853e-03
1.572355126008599061e-03
1.572187228786824835e-03
1.572533012419170600e-03
1.572486517151507708e-03
1.572558695225733478e-03
-3.676569711949233699e-04
-9.273429479007321355e-04
-9.296543353664869953e-04
-9.300943169029845560e-04
-9.216066131991113323e-04
-9.227303624577783874e-04
-9.237155239769631382e-04
-1.767376639554633401e-03
-1.767507699968265183e-03
-1.719829176189778671e-03
-1.272826036680201750e-03
-1.227896921679974118e-03
-1.151927644495168244e-03
-1.151442929168642769e-03
-1.152939142531176058e-03
-1.206892871847720962e-03
-1.206783972019870310e-03
-1.207067306362756597e-03
-1.187945743820469123e-03
-1.187637384790982782e-03
-1.187451587937977341e-03
-1.187426921478117008e-03
-1.186993677802679770e-03
-1.186990314583590478e-03
-1.186862811928331542e-03
-1.187006129726894373e-03
-1.186752503892851609e-03
-1.187340580316472880e-03
-1.188822412429641840e-03
-1.846380449694993379e-03
-1.846753282544395455e-03
-1.809621650226848899e-03
1.880423718709203253e-03
1.882955255374475214e-03
1.882885780488595786e-03
2.080899297815377164e-03
2.684522320736570065e-03
2.684867066213015175e-03
2.688853370327438583e-03
1.829419947935465246e-03
1.829367841555024380e-03
2.740805468266221609e-03
1.976064229083729720e-05
-4.125828821793104924e-04
4.800481775483061986e-03
4.800720493149261518e-03
4.800487378050785972e-03
4.801218929249022674e-03
4.801035498066416607e-03
4.801101185936683044e-03
4.801213042019621645e-03
4.057544628434139530e-03
4.075599721140797313e-03
4.075512861252334959e-03
4.416624951388115929e-03
4.419129584961782077e-03
4.420972467392064731e-03
4.415958489485069006e-03
5.586668188108270643e-03
5.620021395865136896e-03
5.619787248547379079e-03
5.619623824362558924e-03
5.619627987700448642e-03
5.621511805327878211e-03
5.622831958210315791e-03
5.617146273021189802e-03
5.617857847203489192e-03
5.617246887245675585e-03
5.720809372191689238e-03
5.720230587638352668e-03
5.719703497324066938e-03
5.644424845321764292e-03
5.646920656541573429e-03
5.646910118646188137e-03
5.646159364539883943e-03
-2.200294795396869074e-04
-2.199658486766272640e-04
1.348567604699716467e-03
1.347928716065364312e-03
1.348034818150888091e-03
1.348242729519791511e-03
1.348083400270779549e-03
-3.399411032047377091e-03
-3.399548056680346247e-03
5.147811541006015561e-03
5.149677067157378690e-03
5.130032375974412709e-03
5.129798006915774894e-03
1.043070988396339015e-02
1.042583879575324605e-02
1.094401629467674220e-02
1.094510047576552868e-02
1.096751884300531041e-02
1.096769986067435039e-02
1.096903984237093156e-02
1.097016657572737371e-02
1.096957458749336055e-02
1.096954964260438495e-02
1.096882439459193059e-02
1.096722348554505372e-02
2.900634548221899759e-03
2.900209975388763628e-03
2.900119566665999328e-03
2.894392284777827593e-03
2.907211263406187310e-03
2.907388077144430066e-03
2.907639954147737005e-03
2.907013813461093148e-03
2.907513719606483801e-03
2.907495678883085990e-03
2.907445075669674341e-03
2.907598140722107531e-03
2.907517628684941433e-03
2.456418496930693352e-03
2.456422236370855820e-03
2.457039177956592442e-03
2.299880041903543972e-04
2.314045370582543094e-04
2.314816609829079897e-04
2.320938640210593452e-04
2.323680408188280762e-04
-1.460721280152570307e-03
2.901524147772398428e-03
3.186309709156188216e-03
6.079365191680691921e-03
6.079246223781852379e-03
1.288887130667780608e-02
1.289338966790397334e-02
1.263311041242429038e-02
1.263281700976880487e-02
1.263301553573125541e-02
1.263291216887837791e-02
1.263309959940983954e-02
1.263315795000886400e-02
1.263224632907930176e-02
1.272980516902643029e-02
1.274482394612040659e-02
1.274484915066710286e-02
1.274476817500084895e-02
1.274578915940153406e-02
1.274499735245173022e-02
1.274470224252525694e-02
1.274476535992715917e-02
1.274452860715879349e-02
1.274500998931679847e-02
1.274500293394746631e-02
1.274554985013608144e-02
1.274552851952260972e-02
1.274507429564436176e-02
1.274354788337339790e-02
1.275119821075850965e-02
-1.735882163085643737e-03
-1.735761885702668270e-03
-1.736525188318391744e-03
-1.735108028814760220e-03
-1.735232448748919498e-03
-1.735720664059008577e-03
-1.735323601948923636e-03
-1.735319964992266574e-03
-1.735312096852546955e-03
-1.734856146101700731e-03
-1.737454923754164562e-03
-1.734587536859273724e-03
-3.090080904641459656e-03
-3.090189824547496817e-03
2.843768340086396318e-04
2.843149454684089426e-04
2.861159802535094749e-04
2.920694336176151741e-04
2.910827360821150898e-04
-3.354900414696785228e-04
-3.360225489065744387e-04
-3.362100649995871824e-04
-3.364100914461332580e-04
-3.298915226663495077e-04
-3.281165505308340151e-04
-3.289708182414846486e-04
-2.837972910381937174e-03
-2.797214362253309938e-03
-2.797301590906351495e-03
-2.847139597501122631e-03
-2.847702709363306942e-03
-2.848046301731089244e-03
-2.847927888706416281e-03
-2.847603267189446116e-03
-2.847604969595610505e-03
-2.847779600331992820e-03
-2.847957121184400107e-03
-2.847934761262953599e-03
-2.847686642181080762e-03
-2.847587666110611496e-03
-2.848417546181479607e-03
-2.845006413600836490e-03
-2.843200826874768029e-03
1.087058855848087400e-03
1.100798918913503503e-03
1.100361427351423133e-03
1.100521159563214559e-03
1.156310485385174565e-03
1.156089724310430111e-03
1.156188593503829683e-03
1.156097175481657227e-03
1.074011474865951398e-03
1.074631980530928524e-03
9.729018422719792414e-04
1.757208894578624406e-03
1.762553257626392044e-03
1.762622669296427889e-03
1.762620669190899858e-03
1.762764066090109294e-03
1.762534312397055552e-03
1.258092142559490405e-03
-4.493876317124283377e-03
-4.492973602082183521e-03
-4.492972026714055905e-03
-4.492975379539044037e-03
-8.573165679413852214e-04
-8.542081554268249116e-04
4.337889648816299452e-03
4.339225144711258107e-03
4.337153370936954605e-03
4.338254493222174629e-03
4.337150665663838840e-03
5.257063444960734244e-03
5.257129887173221314e-03
5.257386654517377106e-03
5.257502759642212684e-03
5.257840357690914818e-03
5.258435963225316020e-03
5.256177537769675043e-03
5.256707543458966417e-03
5.255540515870952244e-03
5.254007683384900526e-03
5.254047948799046679e-03
5.254042781695359918e-03
5.254164433726450124e-03
5.259594792571761074e-03
5.259778569216683880e-03
5.259524142934990897e-03
5.256485432249951954e-03
5.256763565662820638e-03
5.256191673449307072e-03
5.258228477540519488e-03
5.257761892105351949e-03
5.095903176228083059e-03
-5.119867912933833733e-03
-5.121998155898828571e-03
-5.135453677465640770e-03
-5.135306710334023444e-03
-5.135085582531994167e-03
-5.135322874260410050e-03
-5.137089460410990648e-03
-5.137100199840068451e-03
-5.137053911478013657e-03
-4.777991563065706569e-03
-4.777658711614573422e-03
-4.778250279725380391e-03
-4.106214403340030170e-03
-4.106286154555708300e-03
-4.068855020062630938e-03
-4.068223984361616676e-03
4.327848681679829362e-03
4.355998010315735060e-03
4.356413403306167061e-03
4.356443818045075897e-03
4.355852327516185514e-03
4.286258721867404649e-03
4.288142113257779019e-03
4.286571116487705203e-03
3.884071623330559268e-03
3.883867181534380025e-03
-1.147956568242465341e-03
1.445435564447141927e-03
1.444393443230452753e-03
1.443979550513808984e-03
1.444506273360032875e-03
1.444023202403739827e-03
1.444201479305714901e-03
1.444231934966515698e-03
1.420945384745403136e-03
1.416511761284055398e-03
1.418080985074897686e-03
2.739640025980454550e-03
2.739582044163248100e-03
2.739233810058049057e-03
2.740080906773690195e-03
2.719577293506909681e-03
2.719396760163087651e-03
2.720162515576367117e-03
3.841467286572993085e-03
3.892754653721170952e-03
3.893055874943640408e-03
3.893111679693079911e-03
3.796695807522132600e-03
3.796855218695214303e-03
3.796202216401785203e-03
3.797173479235923989e-03
3.797986729787821043e-03
3.797925380785868287e-03
-6.581739738916294116e-05
2.999740684255828953e-03
3.000175592485935204e-03
2.999592413421762679e-03
2.999558844243726402e-03
3.000410887202943286e-03
3.000211881140330862e-03
3.001243247491095986e-03
3.010446084513770937e-03
3.010760565882866953e-03
3.010780073577701017e-03
3.010887516154455400e-03
3.010813496977959858e-03
3.009686423129924893e-03
3.009632665044921843e-03
3.009447932911624417e-03
3.009511375097082171e-03
3.009479751536499933e-03
3.006534266171300221e-03
3.006931733104789561e-03
3.007736430588897007e-03
3.007831085510658323e-03
3.007765340901354806e-03
3.007896644207141111e-03
-1.829899958536046608e-03
-1.831396862191551553e-03
-1.831581057990866977e-03
-1.831438931714247540e-03
-4.190787441009465562e-03
-4.190835743459624986e-03
-1.100869417863600905e-03
-1.100775807762033494e-03
-1.100241936460147774e-03
-1.100159555530932963e-03
-1.099985014775484160e-03
-1.100306450002186669e-03
-1.100320662611487064e-03
2.638158985002565012e-03
3.270632002860554121e-03
3.270735770370746236e-03
3.271198195601544411e-03
3.271148562519852511e-03
1.328343513505517029e-03
1.333385347079697096e-03
1.333220882339633409e-03
1.334780450445687949e-03
1.335234150409719649e-03
-9.913634978392816145e-04
-9.879330249143352186e-04
-9.879914751252261845e-04
-9.884920766633730187e-04
4.000848561080673667e-03
4.000798401544391342e-03
4.000964480328674487e-03
4.000215421025022679e-03
4.577138482690823636e-03
4.576822782110669119e-03
4.576190749004021945e-03
4.502409179953263847e-03
4.538989955861446636e-03
4.562509375644639709e-03
-4.796134680226510176e-03
-4.795127905925495801e-03
-4.797018196424398563e-03
-4.796426199345523930e-03
-4.796456626065330811e-03
-4.798780562536967415e-03
1.094477159343936745e-01
1.533314780600863222e-04
1.534069409536312027e-04
1.496520669219629897e-04
1.419746277359793332e-04
1.414694427506238666e-04
1.416680083618403131e-04
1.415883208743082711e-04
1.143486416816388244e-03
7.908939795655037762e-04
7.906448915733115586e-04
7.906799672809354399e-04
7.905129954504126885e-04
7.125269017524274613e-03
-1.797161434009791187e-04
-2.703647700736909465e-04
-2.709458238970643171e-04
-2.708586915259126649e-04
-2.710722047536663019e-04
-2.716795180508939432e-04
-2.709552134788095236e-04
-2.720333468657744683e-04
-2.673071447229551849e-04
-2.674631760946899472e-04
-2.692192327797112089e-04
-2.610126866033459295e-04
-2.625532804421818519e-04
-2.704063561750638341e-04
-2.704458125805571118e-04
-2.706424131237128395e-04
-2.713183508540134244e-04
-2.722768418596861360e-04
-2.719435306565023774e-04
-2.630956509943388130e-04
-2.657160222238626039e-04
-2.676153357614107181e-04
-2.682349619172239952e-04
-2.681896059776387310e-04
-2.557487453488947781e-04
-2.557761399532170236e-04
2.650381975321289925e-04
2.650527614262148269e-04
-1.284755259050671184e-06
-9.199017598166764689e-04
-9.186225391244871473e-04
-9.178281195105206019e-04
-9.178402799885921606e-04
-9.156091966024799099e-04
-9.156752550879638988e-04
-9.161869694451182976e-04
-9.163743795581513665e-04
-1.309796312122204608e-03
-1.310090977989332396e-03
-1.308961386273467401e-03
-1.309076444989209055e-03
-1.309730276258042102e-03
-1.025343413416904617e-03
-7.556588516331572483e-03
-7.556679544512999100e-03
-2.185583784445752770e-02
-2.185560765974476488e-02
-2.185454361398775705e-02
-2.185578832382764625e-02
-2.185541888962259580e-02
-2.185531021895087758e-02
-2.185492449465549492e-02
-2.185453565138432974e-02
6.053334984974581556e-04
6.055011377933940337e-04
6.055629469676209907e-04
6.054226175448381743e-04
6.053408347702724391e-04
6.053325813686426639e-04
6.053577767414065978e-04
6.057195503174320379e-04
6.054367766116120365e-04
6.053807711886082877e-04
6.042611302003856634e-04
6.045380453361617499e-04
6.042891811853364154e-04
6.041516571850225840e-04
6.042863358611269900e-04
6.041404936323232491e-04
6.047755793414718185e-04
6.044982333076544170e-04
6.049501206379984380e-04
6.048111773253687104e-04
6.046992874315286568e-04
6.048194407596287027e-04
6.038401459705178102e-04
6.040628649549879955e-04
6.069459236928913910e-04
6.068017295676252998e-04
6.046183018437622418e-04
6.056103009223035927e-04
6.055527280157543216e-04
6.063325638396497826e-04
6.069755282084990161e-04
6.050144088090373675e-04
6.065956331286682284e-04
6.075616014294814727e-04
6.045125424073924131e-04
6.036112291627118015e-04
6.039868197896108024e-04
6.034539852540322198e-04
6.033184420612266400e-04
6.057066452174003591e-04
6.057083166613791338e-04
6.056444116767192073e-04
6.056101217570119405e-04
6.057113029062770890e-04
6.058818545017438401e-04
6.057880759233093141e-04
6.058649267326466888e-04
6.062238741162348250e-04
6.050815478069037235e-04
-9.321042148540618910e-03
-9.321372308442127386e-03
-9.321531969311376911e-03
-9.323240638244209219e-03
-9.322742650612307266e-03
-9.332620409559006305e-03
-1.915521104574162761e-02
-1.915500080374042333e-02
-1.917554356124782922e-02
-1.917719058200532609e-02
-1.917811793091608180e-02
-1.917811283453461912e-02
-1.916673221530761431e-02
-1.916974151481961805e-02
-1.916858005207008539e-02
-1.916844681994640462e-02
-1.815356599998620298e-04
-1.823764062541827907e-04
-1.822489401174680118e-04
-7.599538145572772940e-05
-7.565091809846159017e-05
4.281879686049460017e-03
4.281969267888290596e-03
4.281705780028838629e-03
4.281429750454886392e-03
4.281922929649549688e-03
4.289702853308094595e-03
4.495009179744870360e-03
4.498976692610834154e-03
4.502305671666337848e-03
4.502677870331393828e-03
4.502842057191022707e-03
4.502390367121430689e-03
-8.939117693978071086e-03
-8.941345906314448685e-03
-8.745549687086842314e-03
-2.303514659230064543e-02
4.089187508802482988e-03
4.079520128717767889e-03
4.071141093048576132e-03
4.071847200792017528e-03
4.071967650159709178e-03
4.072230544039157074e-03
4.071854438211949985e-03
4.618059728470061062e-03
4.618043357642136020e-03
4.618031314565095198e-03
4.618000268672941243e-03
4.617859065905289238e-03
4.617952201268877253e-03
4.618100324146819612e-03
4.618563067393501378e-03
4.618243760952360326e-03
3.458201720445380593e-03
3.668143248546474645e-03
-2.283278715038497293e-03
-2.282427982273809667e-03
-2.278330229139950789e-03
-2.278388520537718512e-03
-2.279389857540226483e-03
-2.398802275256910806e-03
-2.399373559939810881e-03
-2.399365281382455188e-03
-2.399052879540766216e-03
-2.398714701877985560e-03
5.425262428181813930e-03
5.423966889483019041e-03
5.386946695326949759e-03
5.385592698272470905e-03
2.303147575700179115e-03
2.303266911349775153e-03
2.220254099891854835e-03
3.796313069901735386e-03
3.796711632571278267e-03
1.220490887090873618e-02
1.222809403303969783e-02
1.222780017899511608e-02
1.222379550044582104e-02
1.220515901287325296e-02
1.323012640303325048e-03
1.323035838812885003e-03
1.329065312449282310e-03
1.327589841110139550e-03
1.327623209773560282e-03
1.327587787006588235e-03
7.543239717581943062e-04
-1.656747114345612053e-03
3.238604927648854395e-03
3.513571048046792728e-03
3.513610267027751817e-03
3.495229752144016211e-03
-9.006683047949897228e-03
-9.006795822765851708e-03
-9.006649935981391603e-03
1.939785603092648164e-03
1.955771393226903108e-03
-1.492540472468028992e-03
-1.492353512907667592e-03
-1.492395119169290197e-03
-5.676050199862305501e-04
-5.564589393619637746e-04
-7.675079184960137391e-05
-7.694144054320027517e-05
-2.687120762035187863e-02
-1.303476978513140334e-03
-1.303497238278557725e-03
-1.303493827079639338e-03
-1.303448866353909856e-03
-1.297749704326712356e-03
-1.296577337271036332e-03
-1.296105880183360745e-03
-1.302543425473735861e-03
-1.302608728843057543e-03
-1.302425453170529598e-03
-1.302422176122770142e-03
-1.302428182702465142e-03
-1.302666266306690959e-03
-1.302540752430770069e-03
-1.303060801303386040e-03
-1.301841763616074215e-03
-1.301879357889368025e-03
-1.305795356208849746e-03
-2.623228317620627300e-03
-2.622696012914881719e-03
-2.252988852494473924e-03
-2.280208289894834848e-03
-2.280104585822893912e-03
-2.260841097282838882e-03
-2.265473708770405700e-03
-2.265210999198800229e-03
-2.258157966224174674e-03
-2.259065467589204540e-03
-2.258517471319557851e-03
-2.343798587717771820e-03
-2.342332970047089017e-03
-2.342137443942046530e-03
-2.342421459997794109e-03
-2.341273599832359616e-03
-2.342204691443698812e-03
-2.346065258199820508e-03
-2.370735720826878772e-03
-2.370862627840416431e-03
-2.371424334355460000e-03
-2.371960764306166747e-03
1.710786221573067350e-03
1.711574736941239580e-03
1.710143814705649638e-03
7.444708775299671219e-03
7.446398950382477483e-03
7.446187740008491061e-03
7.445646466489149601e-03
-9.595485296023402357e-04
-6.249327002435241078e-04
-6.251326698578221286e-04
-2.488742488097989061e-03
-2.489361197076570172e-03
-2.489106668673756167e-03
9.473972869722414305e-04
9.476190124931029284e-04
9.451332175619802777e-04
9.487110822302288965e-04
9.498786845509577231e-04
9.493493024032600329e-04
1.215566822434244795e-03
1.215482292667516675e-03
8.873315812444765869e-04
8.875001376751336058e-04
8.887213060093387225e-04
8.897205862512450178e-04
8.907046535457802941e-04
8.902195095745877489e-04
8.877516272245480075e-04
8.876019871046254839e-04
8.876472017982406414e-04
8.881187369805129900e-04
8.880727717982477660e-04
9.052369362669903871e-04
8.859579049721698352e-04
3.023378684170063445e-04
3.016789847713440540e-04
3.018008254653440454e-04
1.191364172725720106e-03
1.189472886626538909e-03
1.191120427874776131e-03
1.189226340859258829e-03
1.189401875599257466e-03
1.185391166571907141e-03
1.185564166083647982e-03
-3.210953215216311683e-03
-3.210964177538812823e-03
-3.210981209698643337e-03
-3.195173261277062856e-03
-3.305868891171293445e-03
1.582523924544576577e-02
1.582394480347311394e-02
1.582376446058924441e-02
1.582495020504767758e-02
1.582432089627371433e-02
1.582340894970179351e-02
-4.086256741212531372e-03
-4.086218317890537646e-03
-4.085924659863058618e-03
-4.095714515326309701e-03
-4.103766010315539232e-03
-4.092246721472141482e-03
-4.092897806284833892e-03
-9.123394403643621297e-04
-9.048317950410359736e-04
-9.048577637664461520e-04
-9.046836386735956567e-04
-9.045083997803692304e-04
-9.046787822692844115e-04
-9.047258916769722716e-04
-9.046434057319143254e-04
-9.045802711385783753e-04
-3.438130988226884618e-03
-3.461305745212052247e-03
-3.462943338401270558e-03
-1.820694838642213792e-02
-1.819074059108429647e-02
-5.121174200754814720e-02
-5.120393932233327505e-02
-7.823045962409810525e-03
-7.778311758092359279e-03
-7.779439667526401314e-03
1.982227071566821947e-03
1.982849629173701490e-03
1.981922561489844747e-03
-3.645203873646762644e-03
-3.649063608234339329e-03
-3.719727074752078588e-03
-1.029638285900674050e-03
-1.029714875937485889e-03
-1.029580247938352783e-03
2.231823666971064629e-02
2.231928459448084129e-02
2.231886126853091165e-02
2.231689094643319465e-02
2.231669030631943176e-02
2.230857168810197744e-02
2.230859587561753732e-02
2.230835136523397905e-02
2.230765366198922753e-02
2.230717224091034387e-02
2.230776392534447594e-02
2.230786786094189969e-02
2.230848711571449539e-02
2.239831819999604443e-02
2.239907495151255770e-02
2.239842552138999326e-02
2.239893684890113118e-02
2.239870323148289780e-02
2.239137508069729762e-02
2.239950603654747990e-02
2.241579179316949277e-02
2.243611119425095723e-02
2.244566821898908229e-02
2.241008968465029935e-02
2.240956060544442227e-02
2.240926435805285985e-02
2.240895575745664725e-02
2.240947513765478502e-02
2.240929661577035006e-02
2.240935897046340830e-02
2.240971647766490035e-02
2.241014579101924600e-02
2.240896795412859743e-02
2.240911765157045307e-02
2.240280782158595232e-02
2.240300101999517790e-02
2.240285670937261844e-02
2.240318020616768879e-02
2.240719577596191406e-02
2.240705916622535987e-02
2.240771090833515444e-02
2.240624356027778527e-02
1.268022465557372067e-02
1.267923339856974127e-02
6.206987763977228449e-03
6.206163228263242293e-03
6.209228765081334887e-03
6.213860261938776962e-03
5.962410243424623793e-03
5.962542708012510094e-03
5.978638675086542752e-03
5.776438436107739390e-03
5.826111384830984057e-03
5.826314712565226414e-03
5.829499511007257481e-03
5.831583311122213488e-03
5.831165038557749140e-03
5.828012540210291900e-03
5.827893584484835320e-03
4.371087153902978532e-04
4.371615789670060489e-04
4.371679094926907649e-04
3.009378850518566544e-04
3.009160089730339893e-04
2.984453811511254655e-04
3.032913297354502820e-04
3.021265907875243708e-04
3.057988903925079626e-04
3.062163558776135079e-04
3.063007051048865516e-04
3.054124090605735771e-04
3.053843545433687461e-04
3.056688506106926013e-04
-1.810442281268310615e-04
-1.820214022468950919e-04
-1.386205831705597188e-04
4.501217151398079035e-03
4.500489758301642711e-03
4.500800099237287771e-03
4.500792705362397818e-03
4.453587418427135992e-03
4.451301235680083478e-03
4.441750924794644895e-03
4.441408116505605498e-03
4.442675465187384369e-03
3.821062395903602939e-03
1.348249208478309201e-03
1.403363849951524663e-03
1.402511873800770187e-03
1.402441338674187150e-03
1.402641488426954741e-03
1.402571663154587910e-03
1.401278298300275699e-03
1.404585073704309661e-03
1.405333761233191646e-03
1.406891718980461930e-03
1.404900766371324199e-03
1.404796977747409985e-03
1.404752460809752116e-03
1.404917084906980420e-03
1.403350365722190419e-03
1.403324544520423390e-03
1.403405031504832961e-03
1.403122884981076188e-03
1.403371507087146624e-03
1.403359920245358288e-03
1.402758931520815605e-03
1.402519920492128125e-03
1.402506829307312037e-03
1.402223889599952481e-03
1.402611939367417191e-03
1.402003841332957051e-03
1.401989433494736604e-03
1.401978766303367888e-03
1.357133502048027017e-03
1.349555307838915278e-03
1.352575609382697473e-03
1.352601451146925740e-03
1.352750076712005457e-03
1.352312106498902624e-03
1.356487625551767474e-03
1.358336481207065433e-03
1.358140618811703136e-03
1.358152854650117878e-03
1.358146780336527129e-03
1.357194476493198783e-03
1.357354266224746961e-03
1.357239185711734504e-03
1.357297328462455733e-03
1.357371077417366583e-03
1.398088359469845188e-03
1.398093268843882478e-03
1.397958371416511839e-03
-4.472603485032823276e-03
-4.474621800131405383e-03
-4.474908767591146558e-03
-4.474960848940995675e-03
-4.474899143111839284e-03
-4.474922546467295995e-03
-4.474941814254515884e-03
-4.341880303233710929e-03
-4.339642730725727648e-03
-4.362591943697744813e-03
2.797347218201600826e-03
2.797353097914883919e-03
2.797737409900420257e-03
2.797580947923491469e-03
2.797473907344207988e-03
2.797537855205521964e-03
2.797556380273976458e-03
2.797563898624789037e-03
2.367560307173418536e-03
5.921330301354341477e-03
5.921343347853059644e-03
5.921242775641532945e-03
5.921331115244461707e-03
5.921246987556672524e-03
5.929900690585520294e-03
5.926010888173487666e-03
5.938614065413445539e-03
-1.568722207523840645e-02
4.438287099928847276e-03
4.438826519195053152e-03
4.435190024353098844e-03
4.435802294504554398e-03
4.434331168134585804e-03
4.434248389816638179e-03
-5.079915385937816379e-03
-5.081964404681810210e-03
-5.079799770451799007e-03
-5.079873680224178574e-03
-5.067171958425074202e-03
-5.066659376504465025e-03
-5.067058350380760148e-03
-4.364079478543476422e-03
-4.365053754696860376e-03
-4.364985370080634586e-03
-4.366168460346403490e-03
-4.366120980219052872e-03
-6.092826167773028948e-03
1.713819532983112178e-03
1.712852227952147994e-03
1.717196620644709498e-03
1.717052962599327666e-03
1.710079243111449140e-03
-4.283006712434518290e-03
-4.273591775741465183e-03
-4.254229227139816501e-03
-4.254574258324105712e-03
-4.255106969661126386e-03
-4.256157528263923920e-03
-1.386521685626968328e-03
-1.387621423884080737e-03
-1.390405582112242246e-03
-1.390129166261454621e-03
-1.390288984973009128e-03
-1.389676859303927339e-03
-1.384988238675077723e-03
-1.384945874228480896e-03
-3.975937028166821006e-03
-3.935119578918277843e-03
-3.936317244571903469e-03
-2.211998214331148058e-02
-2.212018883031448974e-02
-2.478025676302571603e-02
-2.475218038724558492e-02
-2.475045574287318417e-02
-2.477013703542971929e-02
-2.480051072261001827e-02
-2.479976032699320043e-02
-2.479952187785606360e-02
4.795969116854785692e-04
4.794552577345138488e-04
-2.986443955447791294e-05
-1.948353028765381474e-05
-1.959630913747038990e-05
-2.977621000341331778e-05
-2.988950513388875923e-05
-4.687198226352207761e-04
-4.681756782348950948e-04
5.529059283545492871e-03
5.533227588136163839e-03
5.533249899319329576e-03
5.531287911333214805e-03
5.531336225780963782e-03
4.275645652208992335e-03
4.281691927862482823e-03
4.282233790335886019e-03
4.282003093619268091e-03
4.282340045229560480e-03
4.280329712006569406e-03
4.281212482263060601e-03
4.282342600366649370e-03
4.282333945623644639e-03
4.282020187956371050e-03
4.282343715497037573e-03
4.282477718708351325e-03
-1.135505910100103547e-03
-1.133671682274162238e-03
-1.137397861495253234e-03
-1.137441824226831854e-03
-1.134782160496300039e-03
-1.135243614950943222e-03
-1.697685105661945982e-03
-1.201473406458712168e-03
-2.080604916700119246e-03
-2.077918425393459386e-03
-2.067864414179779869e-03
-2.077099447857363394e-03
-2.077144658735901716e-03
-2.368196717770484471e-03
-2.460903820982593936e-03
-2.445192513787050777e-03
-2.445114628104703633e-03
-2.445093164555614974e-03
-2.421511961018720221e-03
-2.421795038772930637e-03
-1.505331458985883532e-03
-1.892193848159373810e-05
-1.918058147990934413e-05
-1.914461830418559673e-05
-1.051187680200824461e-05
-9.811833260467664434e-06
-8.691502945800308987e-04
-8.686329023140594487e-04
-8.694919499399076735e-04
-8.694377663807993477e-04
-8.681852909298389724e-04
-6.440044442811974391e-04
-6.488536616787386182e-04
-6.556605790329382089e-04
-6.556558170574312578e-04
-6.562743671851392667e-04
-6.554749108755995217e-04
-6.554930332816072272e-04
-6.554354461514144258e-04
-6.563861573746591080e-04
-6.558425070479406488e-04
-6.544780176706332985e-04
-6.538009900222311417e-04
-6.543742820939044353e-04
-6.507139282482587777e-04
-6.506851556976110760e-04
-6.509948874910901750e-04
-6.510057702546190577e-04
-6.510705939383483855e-04
-6.509616037622191790e-04
-6.510363075581165806e-04
-6.510823349349495514e-04
-6.510502789425454085e-04
-6.812750479505261031e-04
-6.810508504608940843e-04
1.364540177523015409e-03
1.365178572207177785e-03
1.507563406972342286e-03
1.507942190754249382e-03
1.503775021010183123e-03
1.506711951218858226e-03
1.507117952257315194e-03
1.507161325220625304e-03
1.433168464915472078e-03
1.434454860786596887e-03
4.904094020054416796e-03
4.903803601207146548e-03
6.556510135185785078e-03
6.555311461330749073e-03
6.557683498161244809e-03
5.494263814014076729e-03
5.498205210831079957e-03
-2.917804364464566570e-03
-2.917836573953706217e-03
-2.917557714490787157e-03
-2.917486378073406734e-03
-2.916826580454322596e-03
-2.917655949461445998e-03
-2.158963288219585639e-03
-2.158295685647504663e-03
-2.162203082633412828e-03
-2.162158205765607206e-03
-8.896907631664952238e-04
-1.397969849698481488e-02
-1.397822097486975390e-02
-1.397946584892405773e-02
-1.397929521118590653e-02
-1.397892132238010184e-02
-1.397693788782135987e-02
-1.397797574941248185e-02
-1.226935519238661274e-02
-1.227038599433589658e-02
-2.562667584337392519e-03
3.845502718418528977e-04
4.111270451252278368e-04
1.519137393190394571e-03
1.518654609816211774e-03
1.519300145009385046e-03
1.519212532678698713e-03
1.518153275834262499e-03
1.518133331416547487e-03
1.518755731742400285e-03
1.518721071706338353e-03
-1.498806971331091351e-02
-1.498806273162535917e-02
4.725873100226150522e-03
4.725918888892417964e-03
4.712392179399266419e-03
4.712521770173071049e-03
4.628605619268283400e-03
4.641583931158635781e-03
4.641896488599354942e-03
4.641569164433839711e-03
4.641642434290037603e-03
4.559055925122392113e-03
4.618485199043569252e-03
4.618985201774727933e-03
-1.121166213699978332e-03
5.776475020368288318e-03
5.778652831188679957e-03
5.775395628874684106e-03
5.780491480695247077e-03
8.536980820649554824e-04
8.530457973134295555e-04
8.542348874578794757e-04
3.236615502940996120e-03
3.237254282652656228e-03
3.236076917072090199e-03
2.360192325708768656e-03
2.358958862053376140e-03
2.358872271801050989e-03
2.359775888646656414e-03
2.364899193371781862e-03
2.364919183962619492e-03
2.365133105910083820e-03
2.365122673099739458e-03
2.361656643146136346e-03
2.360721335668093234e-03
2.363369348933202791e-03
2.362586993850796218e-03
2.361928706329956013e-03
2.361821686573459603e-03
2.361860252047652195e-03
2.361753242462738545e-03
3.330495365401730298e-03
3.330479673358736296e-03
3.330309761492236068e-03
3.332353331785102134e-03
3.332665321675415317e-03
3.332600798034241352e-03
3.331779822956786909e-03
-7.479977266069522601e-04
-7.496081658127627407e-04
-7.496402809036320459e-04
-7.495934940196270768e-04
-7.500191101421093982e-04
-7.490059848273630675e-04
-7.493329756077631021e-04
-5.728823068306930499e-04
-5.720580373254182185e-04
-5.705468372705853374e-04
-5.705068151324274063e-04
-5.709937130590892048e-04
-5.706986365368279298e-04
-5.712058180047944111e-04
-5.711096030966960474e-04
-5.800642397914275265e-04
-5.690361734996599290e-04
-5.686856221005829421e-04
-5.685117499355087176e-04
-4.922878628548510438e-04
-4.922496166669768644e-04
-4.923197517768294418e-04
-4.923954577744574105e-04
-2.617197602096933869e-03
-2.616910690115552881e-03
-2.615840797579958160e-03
-2.619426743348045664e-03
-2.618180152014198004e-03
-2.618214630135769303e-03
-2.618391861234429987e-03
-2.618033407415744016e-03
-2.617359972178647139e-03
-2.617809310442454750e-03
-2.618343627383012268e-03
-2.621047448041436898e-03
-2.626651567822886179e-03
5.360075509183196210e-03
5.349733465891512614e-03
5.353138798275340268e-03
5.353918758818544503e-03
5.367255672447863481e-03
5.377144771336023199e-03
5.361362830188808916e-03
5.362588274800776482e-03
5.363265614923235468e-03
5.363919286632591772e-03
5.376394443282329731e-03
5.364479088834831107e-03
5.364871602678407403e-03
5.365614297004868936e-03
5.365028721375357003e-03
-1.045927425549785239e-01
-1.045952234722558605e-01
-1.045966216744588922e-01
-1.045951057641564264e-01
-1.045952620159689567e-01
-1.045943424921674941e-01
-1.046043457830298368e-01
-1.045964337467265720e-01
-1.045933156053325958e-01
1.328034320814566044e-02
1.342063501053559170e-02
1.342121412560534459e-02
1.342115022665834288e-02
1.342133106848880826e-02
1.342133177335908499e-02
1.342217981079230071e-02
1.342136240437733809e-02
1.333798880472378788e-02
5.753957070562343810e-03
5.754631819075681047e-03
5.753993701527486057e-03
5.751642908898368413e-03
8.128688257938485040e-03
2.682356294769573657e-02
2.682376564402232447e-02
3.126448178594443909e-03
3.126487804519613965e-03
-9.499842983780388411e-03
-9.502453175726720616e-03
-9.502425003320175839e-03
-9.502893625937954350e-03
-9.502862938929016942e-03
-9.502858404273731990e-03
-9.502732170946302098e-03
-9.502909454717548693e-03
-9.502515080303483921e-03
-9.502833663471993084e-03
-9.502890644832829442e-03
-9.502787823741941364e-03
-9.502959410407659305e-03
-9.502796128657748503e-03
-9.502819570764377624e-03
-9.502170144420485007e-03
-9.370785650877001133e-03
-9.370809285984887591e-03
-9.372034331006931507e-03
-8.757586671933574249e-03
-8.757060657905459816e-03
-8.756782408491703418e-03
-4.436045264512015161e-03
-4.431932037701526335e-03
-4.437449126957767644e-03
2.731962064186290503e-03
2.731678846422857122e-03
