-1.186162911129266155e-03
-1.186133799344884143e-03
9.388646391143366451e-03
9.388762101733045748e-03
9.388712232642683342e-03
9.388377110465341568e-03
9.388256120863913701e-03
9.388304182779855581e-03
9.388446719772186241e-03
-1.112888138935656628e-03
-1.112814478577309240e-03
-1.114664526141843220e-03
-1.967134512222711452e-03
1.315882109856368999e-03
1.316071613803299458e-03
1.316212380586813347e-03
1.102253119053946909e-03
3.243245459372558724e-03
3.233573634239735387e-03
3.233888076468638146e-03
3.233468427735354707e-03
3.228415349864099167e-03
3.323042244118536853e-02
3.320780245212070873e-03
-2.795744658278684347e-03
-2.795911561059039388e-03
-2.796041035262682075e-03
-2.796088358750808966e-03
-2.796988390163292551e-03
-2.820442020224594396e-03
-2.820644150577121274e-03
2.703233575613026712e-02
2.702744458353279616e-02
2.702570541752874131e-02
6.826636883613502538e-04
6.778876068432008626e-04
6.761244260287321015e-04
6.759411534746058523e-04
6.784962647612772504e-04
6.816686064766173730e-04
6.835068155757282205e-04
6.789599552702195104e-04
6.789467376381575197e-04
1.865181198109586722e-03
1.864595398874814396e-03
-8.978232846601288258e-03
-9.020310842935089918e-03
-9.020030475741029966e-03
3.552924493689305074e-02
1.133841145878654137e-02
1.133830326572444168e-02
1.172519092657061529e-02
1.172536907898043095e-02
1.172436368115233052e-02
-5.698034582678700687e-03
-5.690997834981422268e-03
-1.579357020136645112e-02
-1.579344878911818906e-02
-1.579299596376840600e-02
-1.579389543095259182e-02
-1.584269602370036098e-02
-1.580540501154944349e-02
-1.580543763439530569e-02
-1.580541836067226105e-02
-1.581511979755554492e-02
-1.581570951002814196e-02
4.562163943371727245e-03
4.562212277162185949e-03
4.562239917372448023e-03
4.562195625772046820e-03
4.562217217262581545e-03
4.564952109254677079e-03
4.564032685367064301e-03
6.526897137416706740e-03
6.528428840684413759e-03
6.528053327490176277e-03
6.528031802716920823e-03
6.527946662949556111e-03
6.527906374793454071e-03
6.527282685611362524e-03
-1.638050165212427017e-04
-7.267929992325895296e-03
-1.826187169878973468e-03
-1.826209619950238359e-03
-1.825943949483955012e-03
7.569241045725335834e-03
7.568807877385089374e-03
-2.652571495533213690e-03
-8.863148478691379450e-03
-8.864307687641915720e-03
-9.673158780288879793e-03
-9.672628009855618880e-03
-9.673879717041552681e-03
-9.677451628269231887e-03
-9.677481189868906986e-03
-9.679682007193284379e-03
-9.679783388779934425e-03
5.696983295396545847e-03
5.696893373699905838e-03
5.697430395966267443e-03
5.697563116206982511e-03
5.697802651913600434e-03
5.697926107629509331e-03
2.754708850836992684e-03
2.754942031828489738e-03
2.753669787710922787e-03
2.753556320722678336e-03
-2.907565952940062773e-03
-2.907373013419225355e-03
-2.829889474297856127e-03
-2.808739708268670476e-03
-2.848611498270984827e-03
-4.037383423505062907e-03
-9.070784706793307613e-04
-3.906373470339896681e-03
-3.905504100604165803e-03
-3.905281820190142396e-03
-9.173424802803037056e-03
-5.417109491766386974e-04
-5.415386306402011300e-04
-5.415986860663736481e-04
-7.048920143950713297e-04
-7.013403862908089686e-04
-6.926912989802128193e-04
1.032693392761200625e-03
1.477418789399389913e-03
1.476886654084818814e-03
1.477228810969225935e-03
1.477859472774477323e-03
1.478037365741750658e-03
1.477619106716858768e-03
1.478007482942497990e-03
1.479595807210603697e-03
1.478379291572967311e-03
1.479400816182389975e-03
1.479153558109581532e-03
1.450601761396531691e-03
3.953233802295012009e-04
5.104600762034451102e-03
4.400156646642268063e-03
-6.058734757165802143e-04
-6.062999841611061563e-04
-5.407479793548306901e-04
-5.375674147459615082e-02
-5.375702221794143726e-02
-6.947234614234748182e-03
-6.947480688951425225e-03
-6.817109645724584062e-03
-7.065275915369390730e-03
-7.071039391657609439e-03
-7.224609627245207923e-03
-7.219432455225292811e-03
-5.063723146101512841e-03
-5.063723919850941953e-03
-5.043521303279061181e-03
-5.042576279286585181e-03
-5.042665315165628832e-03
-5.042620330882202975e-03
-5.043430602987230248e-03
-5.043154852547250024e-03
-5.008177719280662750e-03
-5.007720656437778493e-03
-5.007666671641494184e-03
2.174048414678897163e-03
4.853340147794194676e-03
4.852729435723368914e-03
-3.863651138241816496e-02
-3.863651809270995247e-02
-1.123261424492011731e-02
-1.123280508179968877e-02
-1.672771118334214803e-03
-1.670161928250466377e-03
-2.070505263508029027e-03
-2.115668720442140209e-03
-1.744714512187212421e-03
-1.744607937545086286e-03
-1.744415029891351575e-03
-1.744594462345172049e-03
-1.738629437379659399e-03
-1.751055312512106747e-03
-1.750964814609139511e-03
-1.750660684720208721e-03
-1.714246204068192031e-03
-1.714375897428803766e-03
-1.961332417417453126e-03
-1.962645558448579321e-03
-3.953455737742786816e-03
-3.956382122863576559e-03
-3.960600914272817928e-03
-3.962063258157072151e-03
-4.032336504113611178e-03
4.131473203402808575e-03
4.127473575081074333e-03
4.121024864758356110e-03
4.121073791801124070e-03
1.470638316651372247e-03
1.471302129708696544e-03
1.978200435327002148e-03
-2.718397856061489058e-03
-2.718969250303156140e-03
-2.733037354295616509e-03
-2.732597956763069616e-03
-2.732723184926143679e-03
-2.736763869880722705e-03
-2.734500623812958272e-03
-2.734550584292962626e-03
6.487024303791426132e-04
-4.449899472968951546e-03
-4.449584632036161606e-03
-4.449628676932295551e-03
-9.555710668094012650e-03
-9.555345678738584245e-03
-1.014074811653063214e-02
-2.036013157384946801e-03
5.560508950676214431e-03
-3.786788138871203298e-03
-3.786786519198389461e-03
-3.788165435331597181e-03
-3.787183042507461482e-03
-3.787262246770776563e-03
-3.787077385508553704e-03
-3.786914193422911967e-03
-3.786914193422916738e-03
-3.788707669862302011e-03
-1.295563142621762717e-03
-1.295457904158123881e-03
-1.295390397694987398e-03
-1.295048156641051941e-03
-1.295602152296246225e-03
-1.295127197074876250e-03
-1.295299692209294197e-03
-1.296000176305199232e-03
-1.295090583881202762e-03
-1.294460019572231521e-03
-1.299133913348200949e-03
-3.593551189791982861e-03
-3.593403188761723488e-03
-3.593550721126471080e-03
-3.593165246594365748e-03
-3.588977629779857743e-03
7.588429810844293452e-03
7.588523692640656432e-03
7.588491970803384890e-03
4.909748296774874878e-03
4.909791876576143424e-03
5.857536372715806128e-03
5.857877184913318214e-03
5.850027119330968549e-03
5.850264894443281578e-03
5.842897209551784453e-03
5.850526475681305967e-03
5.846829877483058872e-03
5.838361420252554355e-03
5.852613570966395257e-03
5.853101981933278054e-03
5.853031081341266914e-03
-2.636732623079379896e-03
-2.628860732611879372e-03
-2.627981471160490551e-03
-2.717862487368724513e-03
-2.718091870872427294e-03
-2.718325304926683030e-03
-9.151990210041002641e-04
-9.159224457600257914e-04
-9.157817734822264622e-04
-9.158065152528330416e-04
-9.125970256988473646e-04
-9.113571048879581370e-04
-9.113745248541295103e-04
-9.112163342408194410e-04
-9.111522638478416125e-04
-9.111438932522262016e-04
-3.664625367471290723e-03
-3.664055373688471489e-03
-3.664145144198609812e-03
-3.663873888315732821e-03
-3.673558284505863691e-03
-3.673525415157553268e-03
-4.114397916238844884e-03
-4.114034147914815732e-03
-4.115227211127605797e-03
-4.114979002258033550e-03
8.527367586363382001e-04
-6.136171542235136292e-03
2.603065485501691260e-03
2.602948014820505394e-03
2.602944267478632823e-03
-3.832012960946074107e-03
-3.834176511529553428e-03
-3.833600408425440979e-03
-3.833849950372226513e-03
-3.834311199424307766e-03
-3.835128057317538017e-03
-3.835056224574079266e-03
-3.893866237016660372e-03
-3.893713856047229232e-03
-4.197680757515819677e-03
-3.717500514422931654e-03
-1.288352181154227456e-02
-1.288342972357175119e-02
-1.288363804129550455e-02
9.353431342519612224e-03
9.342600943589539353e-03
2.547864874134158839e-02
2.547534203571708705e-02
2.548585753772910495e-02
2.548593450635354765e-02
1.911991093016931218e-03
1.910904119679621409e-03
1.910717047132644286e-03
1.910722343482104853e-03
1.906531415470774258e-03
1.906693376526466793e-03
1.904524952356203985e-03
1.904579659131599122e-03
1.904610965517483396e-03
7.728190851117481414e-03
4.497482550199683252e-03
4.494861551664946532e-03
4.494972890053303485e-03
4.495280966747805008e-03
4.495318504619616809e-03
4.516405453927422806e-03
4.515900296501092551e-03
4.507646068983360392e-03
-6.460630314980937358e-04
-4.580751170094308523e-04
1.764912243274406904e-03
1.837025610010454635e-03
1.837024645117819226e-03
1.840273297157378691e-03
1.840078559919531079e-03
1.839934917811016308e-03
-4.476459611337296231e-03
-4.418149062075819866e-03
-4.416872356863599074e-03
-4.365690599815114439e-03
-4.434587972506230311e-03
-4.431121941131791961e-03
-4.431777434018263628e-03
-4.560954703799116085e-03
-4.560790881439644694e-03
-4.560769530388381759e-03
-4.571345725622895199e-03
-4.568572037379357333e-03
9.628620291360285351e-04
9.562736458704947790e-04
1.583378948347316127e-03
-3.255174588936835716e-04
-3.261845168616092638e-04
-3.276714984787799283e-04
-3.277795788559567051e-04
-3.307767287435652405e-04
-3.308976250000873558e-04
-3.324701787930859883e-04
-2.616288693111489135e-04
-2.617317488088284389e-04
-2.617214760706337308e-04
-1.173839582502421777e-02
1.040943056217917811e-03
1.041121735704016909e-03
1.035387523426723648e-03
-8.084786878053227405e-04
-8.087944482626935067e-04
-8.088324919743423384e-04
-8.088700558732736176e-04
3.057505149488529052e-04
2.956635836266882558e-04
2.957166615902762823e-04
1.604034970660931899e-04
6.928434154420400970e-04
6.926859123151975217e-04
6.933941041869577356e-04
7.201214849238108491e-04
6.703249690003395232e-04
3.670167154759890887e-03
1.467677833878588099e-02
1.473739324487716509e-02
1.495371035511524997e-02
8.056678706262691944e-05
7.974013058132126076e-05
-5.196889445760994632e-03
-3.908861864099995136e-03
-3.908756613750115176e-03
-1.783167708744679003e-02
-1.782852330639446425e-02
-1.782824435882714859e-02
-1.701469906654960035e-02
-1.701516139650940951e-02
-1.018400705101122211e-01
-1.018417534870686286e-01
-1.018423931820547634e-01
-1.018397008063712667e-01
-1.138248847653636903e-02
-5.815970139900271223e-03
-5.812581334889278459e-03
-5.812085196369918411e-03
-5.812283348998893706e-03
-5.810089604581723279e-03
-5.795331144566049156e-03
-5.794863319197181631e-03
-5.795404084813264578e-03
3.075639893272175216e-03
3.075724046141637552e-03
2.822756256512654049e-03
1.464297321129497597e-03
1.464592298994007958e-03
1.464526007451277291e-03
-1.825785398487329413e-03
-1.828091080486264793e-03
-1.830283636198030929e-03
1.142603704896579322e-03
1.141492805401978861e-03
1.142742311546148231e-03
1.142834193230105651e-03
1.148329841731210140e-03
1.147655906979560061e-03
1.147552197960442343e-03
1.148272863727389835e-03
1.147418837288380214e-03
1.147210362457086550e-03
-1.476376873168205872e-03
-5.574588149572832531e-03
-5.333817169440336139e-03
-5.332731801684254848e-03
-5.152405151534256156e-03
-5.152578260181469791e-03
-5.162185206128152432e-03
3.049956523406941421e-03
9.531064154100961925e-04
9.532544918159167185e-04
9.532315256270085203e-04
9.533477287525735913e-04
9.534774076188361376e-04
1.913534131476623797e-03
1.990937563150635414e-03
6.964753290973264323e-03
6.963937342363633008e-03
6.963890982719079213e-03
6.811984459902642973e-03
6.385647405324361252e-03
6.435341927773648510e-03
6.436778229550335108e-03
6.518039497525194431e-03
-1.921483261350259665e-03
-1.926248171793839550e-03
-1.408782819757645579e-04
-1.307095255878362586e-04
-3.148179498828613371e-04
-2.927258350692098807e-04
-2.928444542917017540e-04
-2.936184220614784790e-04
-2.940781449988095889e-04
-2.981636556354914252e-04
-2.973542523706649470e-04
-2.960734437661637314e-04
-2.980809208996030939e-04
-2.973657663264935914e-04
-6.323274568606747012e-03
-6.322632652890613873e-03
-6.322829140168692921e-03
-6.322797870385977494e-03
7.265338077885681069e-03
7.275683773359076234e-03
7.273379385373326088e-03
4.766999483226681930e-04
4.766854694716373135e-04
4.767477172586095696e-04
4.767859672609488773e-04
2.063616298977584071e-02
2.063598058830199908e-02
2.063640425456936267e-02
2.063559125810688830e-02
2.063322895011260316e-02
2.063347734167756201e-02
2.062346191386496205e-02
-1.786330949284817239e-03
-6.516703628080565414e-03
-6.515381320089496352e-03
-6.460195371141222095e-03
-6.460626633584075525e-03
-1.565256073439802800e-04
-1.575323189456743914e-04
-1.576914633316748172e-04
-1.573406430861898852e-04
1.209871656418205332e-03
1.182797904070839430e-03
6.565526918355523052e-04
6.576263209710982464e-04
6.568713375606050715e-04
6.568924583607903614e-04
6.569784166900134509e-04
6.567979410438170695e-04
6.565096618526405090e-04
1.553518942428596793e-03
1.553601345427442233e-03
1.555701388556609676e-03
1.553763282435118584e-03
-1.375215629093219519e-03
-4.030090339205352236e-03
-3.965137297147171974e-03
6.113704906117521480e-03
6.131284785345058816e-03
6.129658095580983734e-03
6.101379662029294756e-03
4.481356668127250975e-02
4.481384243338921991e-02
9.469139733425002703e-03
-6.205661674924090911e-03
-6.204959804824178998e-03
-1.040291683896979978e-02
-6.542882998363352791e-03
2.648399204370999356e-03
2.648280231766012884e-03
2.648356459343682596e-03
2.649517088754333848e-03
1.382948960261433250e-03
1.382776050413250454e-03
1.382648818924643802e-03
1.524661975310485874e-03
1.521346005653617791e-03
1.520665983519699964e-03
1.520732960552341126e-03
1.520582567146950637e-03
-8.157498757549456331e-03
-8.158754368560302769e-03
-8.158469923205343560e-03
-8.158244214287464768e-03
-8.158084284015753099e-03
1.216478639532145994e-03
-8.207306546807468378e-03
-8.201165146710142143e-03
2.897935568221618875e-04
2.899159999053090150e-04
2.900699301177330543e-04
2.896924978950971442e-04
2.897229989023027402e-04
2.901073265783030348e-04
2.892199356020651790e-04
2.897860392539226967e-04
-2.265699734242490626e-04
-1.968607705047215582e-04
-2.703311550376453847e-04
-2.701447926450652464e-04
-2.704492758588922328e-04
1.837681177271913103e-04
1.836591445772004969e-04
1.833621285320262331e-04
1.834095821685352947e-04
-2.496311672713470513e-04
-2.495288090834511157e-04
-2.498273740502472023e-04
-2.495816735429629615e-04
-2.488677697484341562e-04
-2.498624777621358435e-04
-2.493986286578746313e-04
-2.391265436091997965e-04
-2.391907080650799489e-04
2.467894924775390804e-03
2.485484932266430330e-03
2.443029719346929887e-03
2.153581002363532445e-03
2.143355936171379567e-03
2.143387092955810654e-03
2.143229449862769833e-03
2.143041728566444197e-03
7.232227208727388598e-03
7.779720974194850609e-04
4.262381178439421858e-04
1.551517304153478966e-03
1.550280741270968887e-03
1.549709859232078959e-03
-7.977262727615128460e-03
-8.003306853245269539e-03
-3.466950339468045234e-02
-4.759357159016649325e-03
-4.759659139872480203e-03
-4.761280999136164975e-03
-4.758726778502600507e-03
-4.755091082241927163e-03
-4.755036179365912559e-03
-4.754928921028982527e-03
5.338251607293341069e-03
5.338254828020748063e-03
9.475268791080807551e-01
4.000523356593479974e-04
4.000342118937789027e-04
-1.301808285572027615e-03
-1.301791754166259233e-03
-4.397488214657981238e-03
6.872361523777006584e-04
6.905607237898205063e-04
6.902552253425510128e-04
1.021312855605396560e-03
1.022490425225127276e-03
1.022969354348376688e-03
-4.267418903787488678e-03
-4.264138074115360333e-03
-4.262328272457606079e-03
-4.262424043225151657e-03
-5.374562769139145865e-03
-5.374186006499644119e-03
-5.378888018021748228e-03
-5.428520323072212259e-03
-5.408098078727974732e-03
-5.408275495741033875e-03
-5.398676752557936796e-03
-5.349833689952690485e-03
-5.349814653438905894e-03
-5.350015863666709830e-03
-5.350025632252153850e-03
-1.052956359152293049e-03
-1.053016019478229294e-03
-1.084977839668210386e-03
-1.084002784495242781e-03
-1.092898619828343298e-03
-1.092864495819199965e-03
-1.086975766613425959e-03
-2.309947686027994523e-03
1.029851952327052100e-03
1.030077696948167917e-03
8.784235778622528221e-06
1.097357698869925839e-02
1.097367849762161812e-02
1.097333984102132065e-02
1.097337663191838564e-02
1.097292983631553871e-02
-7.652983046925899979e-02
4.028176555963460664e-03
4.123156909819111759e-03
4.126002016805448668e-03
4.117880775471410154e-03
4.117847882915647711e-03
4.117859354624204757e-03
4.119018685773336019e-03
4.131901840871028513e-03
4.131931435459977250e-03
4.132063435133647052e-03
4.132275661913474910e-03
-2.157530437559176343e-03
-2.153059422436443601e-03
3.257053123237863695e-03
3.257849405940141038e-03
3.252229560868279048e-03
3.252066668927564019e-03
3.252209335305808555e-03
3.250029656358696326e-03
3.250109212898031393e-03
3.254797170557026647e-03
3.251623386382973720e-03
3.250260097475724148e-03
2.305670875293556934e-03
2.385343619292283092e-03
2.385428255219778238e-03
2.385519871703770372e-03
2.384627207379689650e-03
3.330930037992313464e-03
3.328979600733807023e-03
-2.178884050664720538e-03
-3.254275959541920362e-03
-1.036064258682305129e-03
-2.940919153261303993e-03
-2.940908841045290593e-03
-3.032425290945821739e-03
-2.789002954435960448e-03
-2.789080857543575417e-03
-2.788991145825203254e-03
-2.789214890849926742e-03
-2.789180314820177784e-03
-2.791142205680037167e-03
-3.227128867364961653e-03
-3.227434125465250547e-03
-3.228305827744101884e-03
-3.232538892193582113e-03
-3.230771829322050172e-03
-3.411061174901554565e-03
-2.024004020646044157e-03
-2.024013195070885947e-03
-2.034371520183664902e-03
-1.991731273640717781e-03
-1.991750074383956057e-03
-3.044690083323366072e-03
-3.044571916618078137e-03
-3.044249289743858854e-03
-3.043421392117912939e-03
-3.044049407753074421e-03
-3.043831133794149251e-03
-3.044314540358044989e-03
-3.043890191963548406e-03
-1.433460613101195970e-02
-1.433392362090999544e-02
-1.433434579123949414e-02
-1.445233576112500869e-02
-1.440415662624798532e-02
-1.457800939851917367e-02
-1.439109757169329540e-02
-1.439435921241804563e-02
-1.439445526658071108e-02
-1.439444388471192333e-02
-1.731766163457822399e-03
-1.731739645123063411e-03
-2.310979618980516480e-03
-2.308701947423789837e-03
-2.308703628545647445e-03
1.208467003321808285e-03
1.208546374321935006e-03
1.616545218056360559e-03
1.617547838563735589e-03
-3.071976144940713645e-03
-3.073093002660052565e-03
-3.072659011648470970e-03
-3.072213981870146673e-03
-3.072899626487770978e-03
-3.072851721728155679e-03
-3.072492693471970838e-03
-3.072585771871130453e-03
-3.072465993090695534e-03
-3.072449941989483912e-03
-3.072380460915141547e-03
-3.071981993890279643e-03
-7.438002275096350195e-03
-7.438096791589608042e-03
-7.438299468689425591e-03
-7.437985439266514912e-03
-5.206137094888750073e-03
-5.206071641843519789e-03
-5.206662853834007759e-03
-5.206787474550092845e-03
-5.206995917740427776e-03
-5.207133477069900152e-03
-5.207038088210383213e-03
-2.703302384944970306e-03
-2.624760469104169425e-03
-2.503443534407734372e-03
-2.904712386950742981e-03
-2.905849022504461247e-03
-2.933065721649734219e-03
-2.932948815396969021e-03
-2.933041517127422861e-03
-2.933069542769552347e-03
-2.932768786214455612e-03
1.477977104154375989e-03
-2.095413449195469629e-04
-2.415151310243354862e-04
-2.416692635742740531e-04
-2.103965041675681907e-04
-2.095029469036459888e-04
-1.646400245394336590e-04
-1.060263198218403154e-02
-1.060129825994052255e-02
-1.045732922480016591e-02
-1.046097375624650133e-02
-1.046100003667538303e-02
-1.120820375973336641e-02
-2.196211404774116999e-03
-2.195699017481317784e-03
-2.195832152705096390e-03
-2.196530156833245099e-03
-2.196619409320948579e-03
9.403076104082095169e-03
3.059524688038009910e-03
2.068535118931843792e-03
1.969292628378432278e-03
2.225974145731773358e-03
2.226900467170622473e-03
2.226801279827583888e-03
2.227003538299551604e-03
2.479970325169428887e-03
2.480187144239671005e-03
2.479822085899387879e-03
2.479301268405933491e-03
2.479002669790788052e-03
2.479241902616051863e-03
2.530259432603175485e-03
2.509847316021139758e-03
2.574781740023177230e-03
2.574787036436710242e-03
2.579943461688391417e-03
2.579608627579784742e-03
2.574848367367941430e-03
2.576100935532202058e-03
2.557759732542585780e-03
2.557783448765013103e-03
-8.338358999625724785e-03
-8.341302410597488393e-03
-4.196021315359867859e-03
3.471122898178146104e-03
4.361907147952369043e-03
4.362721136256783594e-03
4.362761712845155022e-03
4.602636931646113022e-04
4.601330888746784438e-04
4.613742430377974790e-04
4.606541609901689612e-04
4.608422618509447257e-04
1.572975585590171733e-03
2.103197180474253389e-03
1.853533751937680180e-03
1.765394170890876744e-03
1.752224199689397972e-03
8.146545746519053000e-03
8.163957031618495480e-03
6.899721961906911914e-03
1.174812780421266361e-03
-1.682457073439833800e-04
6.017398839919314846e-03
6.016919932302912735e-03
5.997656398915638884e-03
5.997653283465726945e-03
6.003987837916172771e-03
6.003163061768162362e-03
5.855539793243514160e-03
1.323767710881723712e-03
-7.399656575776786499e-05
6.103071824171970965e-03
6.113864251240050569e-03
6.113902618280294202e-03
-5.225810883724694338e-04
-4.985043012543837262e-04
-4.973863647186113754e-04
-4.962419550911017141e-04
-4.870988264518952456e-04
-5.819235599024364042e-04
2.989139795294661756e-03
2.999507554681862722e-03
2.999943374394260960e-03
2.999862824565751457e-03
2.999021715897548859e-03
2.998955458879661029e-03
2.999380616659227863e-03
2.999262159663500672e-03
2.944085915392394628e-03
2.581838349269540735e-03
2.510562239959401344e-03
2.510154438446334044e-03
2.510475791363854948e-03
-1.342906561378550030e-03
-1.335235676976679079e-03
-1.333259653494031508e-03
-1.339093218560867505e-03
-1.339420285003575231e-03
-1.338804409438607446e-03
7.419193042727805377e-04
7.364432938467155515e-04
3.924493681240954525e-03
7.279382544342284829e-03
7.279609614621714887e-03
7.279792183720591899e-03
7.279684166149548788e-03
-3.581534377742058052e-03
-3.281868140102001032e-03
-3.813117259294917984e-03
-3.813764385738006944e-03
-3.805900591096354237e-03
-3.808554283993270326e-03
-3.808301070698906846e-03
-3.810844653638373759e-03
-3.807955783763498133e-03
-3.808037166845952646e-03
-3.689268353044858860e-03
-3.689141949900642033e-03
-3.701193253811740913e-03
-3.682974896347712516e-03
-3.683569598244148049e-03
-3.684094415499859082e-03
-3.684072925096969556e-03
-3.683873453501422448e-03
-3.684271415908135436e-03
-3.684080476096035159e-03
3.900017627989980202e-04
3.900670412471479677e-04
3.907423860498401196e-04
3.907505467854240511e-04
3.907373866756726514e-04
3.906599385109505015e-04
3.907856417199521808e-04
3.908197746104368148e-04
3.923120238607413659e-04
3.923679086410651324e-04
-7.125784188380395075e-03
-7.115960592276049552e-03
-7.116302452163893698e-03
-7.117605207597053202e-03
-8.774925941087658582e-03
-8.797531778274103945e-03
-9.863163858527500272e-03
1.068070648975282758e-03
1.068403229421281773e-03
1.067726725375665745e-03
1.067659493231600410e-03
1.067626692469729683e-03
1.067645187592507813e-03
-5.069860415298754405e-03
-5.069557834364326471e-03
-3.099677012238898164e-03
-3.091896762541069144e-03
-4.364223014548903289e-03
-4.364469492157864103e-03
6.805889562622850081e-03
4.774635700536063350e-03
4.548272206349974339e-03
2.529809082794631445e-03
2.417037975373968577e-03
2.461981838365616317e-03
2.462114283477862334e-03
2.462473837300241906e-03
2.462184832392484441e-03
4.273329318959377329e-03
4.273154396036630068e-03
4.273190625550432262e-03
4.288784363682091733e-03
4.285551125882581559e-03
4.285841554022136630e-03
4.285172119306695018e-03
4.285262671799053638e-03
4.285026865691751730e-03
4.301776172766930313e-03
4.247707759905165574e-03
4.247692452592589235e-03
4.247945973373586093e-03
4.248720074395971255e-03
4.252520809685198314e-03
4.255626174353510129e-03
4.251200858856669061e-03
4.239098464516597234e-03
4.230047229657524568e-03
3.951000968935980580e-03
3.958722273099925075e-03
3.958329552992304740e-03
3.925593936664189577e-03
3.919072253097996561e-03
3.999030164808413217e-03
3.976583023029534557e-03
3.976017660118085287e-03
3.975235731411379085e-03
8.193991917383588661e-03
8.193993754210950747e-03
8.190683722097063385e-03
-1.724504714845020645e-02
5.504962839894206664e-03
1.730437822547267312e-03
1.726990520877278021e-03
-4.768228854361533349e-04
-1.481099949167049906e-03
-1.482828811561858352e-03
-1.480248189833874945e-03
-1.482402473657856495e-03
-1.477042794824681574e-03
-1.476899560384428147e-03
-1.476875348259328166e-03
-1.476914453967754191e-03
-5.397541381555213480e-04
-5.996835061950706123e-04
-4.179433898062452179e-04
-4.184008567688984274e-04
-4.174584310608849577e-04
-4.174449000877988327e-04
-4.160537918083116217e-04
-4.081066165372881677e-04
-4.108282418120536884e-04
-4.105843666866794178e-04
-4.107547352337032292e-04
-4.106773343626088607e-04
-2.812497183049821351e-04
-7.179579217060354668e-04
-7.015593489226876547e-04
-6.972182995471653839e-04
-2.949122402557527228e-04
-2.922806347679038894e-04
-2.921807400975086257e-04
-1.423253226478789039e-03
-1.423091470302888240e-03
-1.445548245949175364e-03
-1.445998676093463754e-03
-1.444401128538937628e-03
-6.242743075492477971e-03
-6.519915141820607600e-03
-3.413378546274592300e-03
8.488234583440440809e-03
8.494314940973609132e-03
8.494324726360092878e-03
-2.972193021461518384e-02
-3.034369757183905808e-02
-2.890388515265675945e-02
-2.873040958598627181e-02
1.139212741548734260e-02
1.206883554587116596e-02
1.206610322872553494e-02
1.209967320935397862e-02
1.209985222349921515e-02
3.196366785257733628e-02
-1.703403921885331476e-02
-1.703394323964974380e-02
-1.704280170502141256e-02
-1.704504513451609096e-02
-2.134917903783725875e-03
-2.130025869647518295e-03
-3.834712090228009629e-03
-3.833963319323434142e-03
-3.833621089921896482e-03
