Target Quality Analysis - Full Similarity Matrix Diagnostics
==========================================================================================================================

Model          n     L     mu    Coherence  NumRank   Sigma2    Partition   Valid Gap       RelGap    Lambda2   Lambda3   
──────────────────────────────────────────────────────────────────────────────────────────────────────────────────────────
yule_pure_birth1000  10000 0.10  0.097654   34.72     0.0016    349|651     Yes   0.009511  0.482643  0.019707  0.029218  
yule_pure_birth2000  10000 0.10  0.064278   39.83     0.0015    10|1990     Yes   0.014620  0.139072  0.105126  0.119746  
yule_pure_birth3000  10000 0.10  0.040869   75.31     0.0012    598|2402    Yes   0.000739  0.065001  0.011365  0.012104  
yule_pure_birth1000  10000 0.20  0.199507   78.40     0.0001    291|709     Yes   0.000059  0.392669  0.000151  0.000210  
yule_pure_birth2000  10000 0.20  0.188114   113.62    0.0001    53|1947     Yes   0.000032  1.160609  0.000027  0.000059  
yule_pure_birth3000  10000 0.20  0.181027   218.41    0.0000    2|2998      Yes   0.000107  1.123570  0.000096  0.000203  
extinction_heavy1000  10000 0.10  0.192096   13.13     0.0000    29|139      Yes   0.000038  inf       0.000000  0.000038  
extinction_heavy2000  10000 0.10  0.201459   28.64     0.0000    6|447       Yes   0.000010  -0.667131 -0.000014 -0.000005 
extinction_heavy3000  10000 0.10  0.177970   35.26     0.0000    10|634      No    0.000002  -0.184158 -0.000012 -0.000010 
extinction_heavy1000  10000 0.20  0.277761   31.49     0.0000    5|164       No    0.000002  -0.130119 -0.000016 -0.000014 
extinction_heavy2000  10000 0.20  0.236679   39.96     0.0000    3|400       No    0.000002  -0.043460 -0.000035 -0.000034 
extinction_heavy3000  10000 0.20  0.263513   63.10     0.0000    2|602       Yes   0.000003  -0.055328 -0.000055 -0.000052 
──────────────────────────────────────────────────────────────────────────────────────────────────────────────────────────

Total configurations analyzed: 12
