-1.331348816260611440e-02
-1.331348764154325487e-02
-1.325775777647197895e-02
-1.331348411188609804e-02
-1.331348411188813807e-02
-1.334531250783468903e-02
-1.314804345257397644e-02
-1.314804345257397124e-02
-1.309404719645138916e-02
-1.314804295732789272e-02
-1.336836067885681031e-02
-1.336833794971913590e-02
-1.336833794971920529e-02
-1.331264335478158159e-02
-1.320157590709131884e-02
-1.320157590709120261e-02
-1.336835603451603897e-02
-1.336835603451605112e-02
-1.325740188455093276e-02
-1.325740188455103684e-02
-1.325740188455102990e-02
-1.325740188455100908e-02
-1.325740188455086163e-02
-1.326518504822232943e-02
-1.325740188043852096e-02
-1.325740188043839779e-02
-1.325740188043839432e-02
-1.336835602566913139e-02
-1.331264130344148727e-02
-1.331264130344148380e-02
-1.331264180686552584e-02
-1.331259292135782840e-02
-1.342447576111282549e-02
-1.336844319502828761e-02
-1.336829268869627746e-02
-1.331259292135774513e-02
-1.331259292135769483e-02
-1.331259292135788565e-02
-1.331259292135771044e-02
-1.331259292135772432e-02
-1.314826768266513443e-02
-1.309442243900236016e-02
-1.309442243900248160e-02
-1.309442243900226302e-02
-1.309442243900236016e-02
-1.314826768266506678e-02
-1.314826768266504076e-02
-1.309442243900236016e-02
-1.320257432282849648e-02
-1.320257432282847393e-02
-1.325734020951144405e-02
-1.325734020951144405e-02
-1.320257331694723799e-02
-1.325734121984403074e-02
-1.314826768266501647e-02
-1.314826768266502341e-02
-1.314826768266507198e-02
-1.309442243900246425e-02
-1.309442243900250762e-02
-1.309442243900240006e-02
-1.309442243900236016e-02
-1.309442243900236363e-02
-1.309442243900236537e-02
-1.309442243900236363e-02
-1.314826768266513790e-02
-1.320257231099180792e-02
-1.320257231099184955e-02
-1.309442243900215026e-02
-1.309442243900226129e-02
-1.309442243900225261e-02
-1.309442243900235496e-02
-1.320258578164192238e-02
-1.314829421025491031e-02
-1.314829421025502654e-02
-1.314829421025500919e-02
-1.314829421025501786e-02
-1.331257013553361658e-02
-1.314829421025502654e-02
-1.314829421025502654e-02
-1.314829421025502654e-02
-1.314829421025491378e-02
-1.320258578164201606e-02
-1.320258578164196922e-02
-1.325734242217922743e-02
-1.320259139253026834e-02
-1.320259139253023017e-02
-1.325734250234102997e-02
-1.325734519730067430e-02
-1.325734519730064481e-02
-1.325734519730067777e-02
-1.337565278286558142e-02
-1.325734250234095711e-02
-1.325734250234095885e-02
-1.325734250234100395e-02
-1.325734250234103170e-02
-1.312791517951872149e-02
-1.312791517951870414e-02
-1.312791517951871802e-02
-1.318177488006994080e-02
-1.318177488006993907e-02
-1.323608557793295830e-02
-1.318177488006995815e-02
-1.312792009830812678e-02
-1.307451357532716726e-02
-1.307451357532721237e-02
-1.307451357532720716e-02
-1.312791960906990740e-02
-1.323608657310225770e-02
-1.318177488008363644e-02
-1.318177488008362604e-02
-1.312791764812535830e-02
-1.307451357532720543e-02
-1.351340466900831719e-02
-1.351340466900829637e-02
-1.351340466900830505e-02
-1.351340466900833107e-02
-1.351340466900829637e-02
-1.351340466900831372e-02
-1.295176539481337173e-02
-1.295176539481337867e-02
-1.295176539481333704e-02
-1.295176539481338214e-02
-1.295176539481333704e-02
-1.295176539481334571e-02
-1.295176539481336306e-02
-1.295176539481335785e-02
-1.295176539481336132e-02
-1.330000054496269582e-02
-1.330000054496270102e-02
-1.330000054496270970e-02
-1.330000054496270623e-02
-1.313834824153787759e-02
-1.313834824153785504e-02
-1.324561709591541223e-02
-1.319068203977478461e-02
-1.319068203977477767e-02
-1.324561809338956411e-02
-1.313829787090004843e-02
-1.313829787090004496e-02
-1.313829787090005884e-02
-1.302950315354483093e-02
-1.292705012742577896e-02
-1.297889029988729542e-02
-1.297889029988729542e-02
-1.308531703784955938e-02
-1.308531703784954550e-02
-1.308531703784954550e-02
-1.298072810477762275e-02
-1.303280568799506343e-02
-1.298072810477762101e-02
-1.298072810477760887e-02
-1.298072810477760887e-02
-1.308531703784954550e-02
-1.298072810477762795e-02
-1.298072810477761407e-02
-1.308531656727800543e-02
-1.303280615654909061e-02
-1.303280568799505823e-02
-1.298072810477761407e-02
-1.298072810477760887e-02
-1.298072810477761407e-02
-1.298072810477762101e-02
-1.298072810477763489e-02
-1.298072810477763836e-02
-1.298072810477764009e-02
-1.298072810477764183e-02
-1.298072810477764183e-02
-1.298072810477761060e-02
-1.298072810477760887e-02
-1.303280568799506170e-02
-1.357890993519930874e-02
-1.346590972142663878e-02
-1.346590972142663531e-02
-1.346590972142663357e-02
-1.346586556101381400e-02
-1.346586556101381747e-02
-1.352252620612030484e-02
-1.352252620612025974e-02
-1.352252620612029790e-02
-1.346586556101384523e-02
-1.346586556101385737e-02
-1.330624081659700399e-02
-1.319763129988101198e-02
-1.319763129988099117e-02
-1.319763129988101198e-02
-1.319763129988103280e-02
-1.319763129988101198e-02
-1.319763129988101545e-02
-1.347261896401443122e-02
-1.347261896401443122e-02
-1.347261896401441561e-02
-1.347261896401441214e-02
-1.347261793846269741e-02
-1.347261793846271823e-02
-1.352902877593567532e-02
-1.341674293073994925e-02
-1.341674293073992844e-02
-1.341674293073992323e-02
-1.341674293073995272e-02
-1.341674086482940939e-02
-1.336133928037433818e-02
-1.336133928037433125e-02
-1.336133928037432951e-02
-1.336130546088216096e-02
-1.336130546088216443e-02
-1.336130546088219392e-02
-1.336130546088221821e-02
-1.336130546088221301e-02
-1.336130546088220260e-02
-1.336130546088219045e-02
-1.336130546088220780e-02
-1.325187805178784477e-02
-1.325187805178785865e-02
-1.335758649161871911e-02
-1.335758649161873646e-02
-1.330266046991125141e-02
-1.330266046991125141e-02
-1.335758649161874513e-02
-1.300581795977201124e-02
-1.295418168739517761e-02
-1.295418168739518282e-02
-1.295418168739520016e-02
-1.295418168739518802e-02
-1.295418168739520537e-02
-1.295419900474215763e-02
-1.295419900474214202e-02
-1.300581660560207534e-02
-1.305786129301610143e-02
-1.305786129301609623e-02
-1.305782421629119242e-02
-1.295394142726732749e-02
-1.295419900474213334e-02
-1.295419900474213508e-02
-1.295419900474213334e-02
-1.300581660560208748e-02
-1.295419170160748423e-02
-1.295419170160748423e-02
-1.300582293409080492e-02
-1.295421213644934455e-02
-1.305786070678958272e-02
-1.305786070678957751e-02
-1.305786070678955496e-02
-1.305786070678953935e-02
-1.305786070678958098e-02
-1.305786070678958098e-02
-1.305786070678958792e-02
-1.305786070678960527e-02
-1.295421213644936363e-02
-1.295421213644937751e-02
-1.300582385641287954e-02
-1.300582385641286046e-02
-1.305786668784022532e-02
-1.305786668784022532e-02
-1.299788606217458335e-02
-1.290300457673833334e-02
-1.290300457673831773e-02
-1.290300457673831599e-02
-1.290298607906805589e-02
-1.290298607906805589e-02
-1.290298607906803854e-02
-1.290298607906802640e-02
-1.290703853409781894e-02
-1.290289581100138340e-02
-1.290289581100137820e-02
-1.306100764144678059e-02
-1.295796634608702841e-02
-1.300927601541966572e-02
-1.300927601541966745e-02
-1.295796634608702320e-02
-1.295796634608702841e-02
-1.295796634608704402e-02
-1.295796634608704055e-02
-1.311318104612267839e-02
-1.311318104612266972e-02
-1.311317751637991469e-02
-1.316576324952199034e-02
-1.311317751637991122e-02
-1.305459401962926445e-02
-1.305459401962924364e-02
-1.305459401962926098e-02
-1.305459401962923670e-02
-1.305459401962923670e-02
-1.305459401962923496e-02
-1.305459401962923323e-02
-1.305459401962927139e-02
-1.310666832483698904e-02
-1.310666832483699251e-02
-1.310666832483699251e-02
-1.310666832483699598e-02
-1.310666832483696823e-02
-1.326550999339925173e-02
-1.321214784644017884e-02
-1.321214784644012853e-02
-1.321214784644015802e-02
-1.321214784644017884e-02
-1.321214784644017190e-02
-1.321214784644014935e-02
-1.321214784644015802e-02
-1.321214784644015802e-02
-1.315684535113051390e-02
-1.315684535113051910e-02
-1.321013421034434969e-02
-1.315684535113053992e-02
-1.315684535113055206e-02
-1.315684535113051910e-02
-1.315684535113052431e-02
-1.321212394082461362e-02
-1.321212394082462924e-02
-1.321212394082464138e-02
-1.321212394082464485e-02
-1.310672541568152875e-02
-1.310672541568154263e-02
-1.310672541568154784e-02
-1.310672541568157212e-02
-1.310672541568157212e-02
-1.310672541568157212e-02
-1.315920652620767087e-02
-1.315920652620766566e-02
-1.315920652620766566e-02
-1.310672541568157212e-02
-1.342856411978985386e-02
-1.337363322472206149e-02
-1.337363322472203894e-02
-1.337363322472202853e-02
-1.337363322472199037e-02
-1.337363322472203721e-02
-1.310673927754352208e-02
-1.295411715994530463e-02
-1.295411715994531851e-02
-1.300561796653523089e-02
-1.295411715994531678e-02
-1.300561796653527079e-02
-1.300561796653527252e-02
-1.300561796653526732e-02
-1.290303139539396120e-02
-1.295411534599261172e-02
-1.295411534599261519e-02
-1.285235212186744067e-02
-1.285235212186741985e-02
-1.272912912706490943e-02
-1.272912912706489208e-02
-1.262782133678781379e-02
-1.277888944878902491e-02
-1.267976931949443484e-02
-1.267976931949440535e-02
-1.267976931949444351e-02
-1.272136664783631195e-02
-1.272909619585645136e-02
-1.267976931949442616e-02
-1.272909619585645483e-02
-1.272909619585645309e-02
-1.263083012862490327e-02
-1.263083012862490327e-02
-1.263083012862491368e-02
-1.263083012862491195e-02
-1.263083012862491368e-02
-1.263083012862489460e-02
-1.263083012862489633e-02
-1.263083012862491195e-02
-1.263083012862487205e-02
-1.263083012862488766e-02
-1.263083012862491021e-02
-1.263083012862489807e-02
-1.263083012862487378e-02
-1.263083012862487205e-02
-1.263083012862488592e-02
-1.263083012862488766e-02
-1.277884370312663311e-02
-1.277884370312663311e-02
-1.277884370312662790e-02
-1.277929559876964452e-02
-1.277929559876965319e-02
-1.277929559876965319e-02
-1.267976940417466988e-02
-1.267976940417468723e-02
-1.267976683205706938e-02
-1.267976683205709713e-02
-1.267976683205709713e-02
-1.267976683205707805e-02
-1.392878130638687539e-02
-1.387622623431946506e-02
-1.387622623431945985e-02
-1.387622623431943383e-02
-1.387622623431944771e-02
-1.387622623431944771e-02
-1.387622623431944771e-02
-1.387622623431944077e-02
-1.387622623431944771e-02
-1.387622623431943557e-02
-1.387622623431944771e-02
-1.398174896941840537e-02
-1.392878175260442268e-02
-1.392878175260442442e-02
-1.392878175260442615e-02
-1.387622623431944771e-02
-1.387622623431945118e-02
-1.387622623431944771e-02
-1.387622623431944771e-02
-1.398176730901045002e-02
-1.403515976051197302e-02
-1.403515976051196087e-02
-1.377216968705263778e-02
-1.377216968705258920e-02
-1.377219366700298611e-02
-1.382467860710191732e-02
-1.382467860710189823e-02
-1.382467860710189997e-02
-1.382467860710192079e-02
-1.382467860710191905e-02
-1.382467860710190691e-02
-1.382467860710191905e-02
-1.382467860710190170e-02
-1.392914175274270576e-02
-1.387670720792678371e-02
-1.398200414827364957e-02
-1.398200414827366518e-02
-1.398200414827366518e-02
-1.398200414827366345e-02
-1.398200414827363916e-02
-1.398200414827365477e-02
-1.408891690355003855e-02
-1.408891690355004028e-02
-1.414300469946284076e-02
-1.414300469946284597e-02
-1.414300469946281127e-02
-1.395077196039721384e-02
-1.395077196039723813e-02
-1.395077196039721384e-02
-1.395077196039721211e-02
-1.398193523283810559e-02
-1.398193523283810732e-02
-1.392921284959444672e-02
-1.392921284959444672e-02
-1.392921284959444846e-02
-1.392921284959443631e-02
-1.403526203044860692e-02
-1.398203257786312728e-02
-1.398203257786315330e-02
-1.398203257786312555e-02
-1.403526293335779877e-02
-1.403526293335778663e-02
-1.408857568286410976e-02
-1.408857568286411149e-02
-1.414297040440917752e-02
-1.408891817325324050e-02
-1.408891817325324050e-02
-1.408891817325324050e-02
-1.408891817325326999e-02
-1.408891817325323530e-02
-1.408891817325324050e-02
-1.408891817325320754e-02
-1.414297360732351058e-02
-1.425238307775902012e-02
-1.425238307775896288e-02
-1.408891817325323703e-02
-1.403526338869153303e-02
-1.403526338869150181e-02
-1.403526338869151568e-02
-1.403526338869152956e-02
-1.403526338869153130e-02
-1.408891237416881603e-02
-1.403508653228989836e-02
-1.403508653228989489e-02
-1.398202943428227853e-02
-1.387613814718842778e-02
-1.371320087053114027e-02
-1.371320087053110731e-02
-1.371320087053112639e-02
-1.371320087053112292e-02
-1.371320087053112119e-02
-1.371320087053110384e-02
-1.371320087053112466e-02
-1.371320087053113680e-02
-1.341590502656226508e-02
-1.346389193721264470e-02
-1.341590502656224773e-02
-1.346389309098945317e-02
-1.346389309098946184e-02
-1.346389309098945664e-02
-1.351223523195981685e-02
-1.351223523195982205e-02
-1.351223523195982726e-02
-1.346389193721264817e-02
-1.346389193721268113e-02
-1.346389193721269500e-02
-1.370938502379865156e-02
-1.370938502379863595e-02
-1.370938502379864116e-02
-1.386094252415092688e-02
-1.386094252415092515e-02
-1.391222638399741696e-02
-1.391222638399740308e-02
-1.386094252415094770e-02
-1.386094252415092168e-02
-1.375952983102355677e-02
-1.375952983102355850e-02
-1.375952983102355157e-02
-1.375952983102354810e-02
-1.381004234765678858e-02
-1.375952983102353248e-02
-1.375952983102352728e-02
-1.381004234765677470e-02
-1.375952983102352034e-02
-1.375952983102353248e-02
-1.375952983102352381e-02
-1.375952983102353595e-02
-1.356040138710053362e-02
-1.365993894096462387e-02
-1.370984983271590109e-02
-1.370984983271589935e-02
-1.365995037378633752e-02
-1.365995037378633752e-02
-1.365995037378633925e-02
-1.365995037378636007e-02
-1.365995037378631323e-02
-1.365995037378630803e-02
-1.365995037378632537e-02
-1.365995037378631149e-02
-1.370985802388527582e-02
-1.370985802388526714e-02
-1.370985802388531571e-02
-1.376013226728981659e-02
-1.376013226728978536e-02
-1.370985802388529143e-02
-1.370985802388529143e-02
-1.370985802388527755e-02
-1.366052125731491602e-02
-1.366052125731491429e-02
-1.361040840898917852e-02
-1.365994632795546060e-02
-1.365994632795546754e-02
-1.361040840898920454e-02
-1.365994632795548662e-02
-1.361040840898922535e-02
-1.361040840898922362e-02
-1.361040840898922535e-02
-1.361040840898920107e-02
-1.361040840898920627e-02
-1.365990526411581252e-02
-1.365990526411582640e-02
-1.365990526411581252e-02
-1.365990526411581252e-02
-1.370981170539028321e-02
-1.361040840898920627e-02
-1.361040840898920627e-02
-1.361040840898921321e-02
-1.361811183842987112e-02
-1.361040840898918372e-02
-1.361040840898918372e-02
-1.365994632795545019e-02
-1.366175387320797859e-02
-1.366175387320798552e-02
-1.366175387320797512e-02
-1.366175387320797859e-02
-1.366175387320797685e-02
-1.371208193490437537e-02
-1.366175387320797685e-02
-1.352754342269424544e-02
-1.376096330252509110e-02
-1.376096330252508937e-02
-1.371059189400607690e-02
-1.371059107397790133e-02
-1.371059107397788399e-02
-1.371059107397786837e-02
-1.366059277050602622e-02
-1.366059277050603316e-02
-1.366059277050601928e-02
-1.361091720281304776e-02
-1.361091720281304950e-02
-1.366052925281430359e-02
-1.366052925281427931e-02
-1.356172499950143023e-02
-1.356172499950142156e-02
-1.356172499950141809e-02
-1.361097270568732524e-02
-1.366059277050605050e-02
-1.366059277050605050e-02
-1.366059277050603316e-02
-1.366059318454604550e-02
-1.366059318454605244e-02
-1.371058537558293364e-02
-1.371058537558294231e-02
-1.361097511589884172e-02
-1.361097511589882091e-02
-1.361097511589885040e-02
-1.361077148159443514e-02
-1.366037782816796609e-02
-1.361077148159443168e-02
-1.361077148159443514e-02
-1.365945606965846167e-02
-1.365944214571466510e-02
-1.365944214571467204e-02
-1.365944214571467377e-02
-1.361009611541600349e-02
-1.361009611541602257e-02
-1.361009611541603471e-02
-1.361009611541599308e-02
-1.361009611541601910e-02
-1.361009492613604252e-02
-1.361009492613604599e-02
-1.361009492613606507e-02
-1.361009492613606160e-02
-1.361009492613606507e-02
-1.361009492613607548e-02
-1.365944254364976664e-02
-1.361009532257229614e-02
-1.361009532257231001e-02
-1.361009532257228052e-02
-1.361009532257227879e-02
-1.370927618163570068e-02
-1.381023209741327577e-02
-1.381023209741328792e-02
-1.381023209741326363e-02
-1.381023209741326190e-02
-1.375956217182090768e-02
-1.375961248761169500e-02
-1.366074736595421744e-02
-1.366074736595418969e-02
-1.376143701321523583e-02
-1.366074736595420530e-02
-1.371090048268357696e-02
-1.371090048268355441e-02
-1.366074736595421744e-02
-1.366074736595421744e-02
-1.361028495572315714e-02
-1.361028495572313979e-02
-1.361028495572311724e-02
-1.361028495572314673e-02
-1.361028495572311377e-02
-1.361028495572312244e-02
-1.356129398001859263e-02
-1.356129398001859436e-02
-1.361028495572312591e-02
-1.361028495572310683e-02
-1.356129398001860130e-02
-1.356129398001858569e-02
-1.361028495572310856e-02
-1.361028495572311377e-02
-1.361028614551200097e-02
-1.365964369232522055e-02
-1.365964369232521881e-02
-1.365964369232522922e-02
-1.361028614551200965e-02
-1.361028495572313458e-02
-1.356129398001857181e-02
-1.356129398001858569e-02
-1.375947056670988669e-02
-1.375946893934451576e-02
-1.370939582405083026e-02
-1.370939582405084935e-02
-1.375946893934451749e-02
-1.375946893934451923e-02
-1.370939582405084761e-02
-1.370939582405086149e-02
-1.375946893934449147e-02
-1.375946893934447413e-02
-1.375946893934447239e-02
-1.375946893934448453e-02
-1.375946893934450188e-02
-1.375946893934449494e-02
-1.365969030567813249e-02
-1.370939217680865879e-02
-1.370939217680867267e-02
-1.370939217680869002e-02
-1.370939217680868481e-02
-1.370939217680869522e-02
-1.370939217680871083e-02
-1.370938974321920037e-02
-1.370938974321920037e-02
-1.370938974321920557e-02
-1.370938974321921251e-02
-1.370938974321921251e-02
-1.370938974321921251e-02
-1.370938974321922986e-02
-1.375947259729713539e-02
-1.375947259729712498e-02
-1.375947259729712671e-02
-1.370944138186909467e-02
-1.370944138186908252e-02
-1.370944138186904609e-02
-1.370944138186908079e-02
-1.370944138186908079e-02
-1.370944138186906344e-02
-1.370944138186907559e-02
-1.370944138186907385e-02
-1.370944138186906171e-02
-1.370944138186907559e-02
-1.381002619268626407e-02
-1.381002619268627968e-02
-1.381002619268626407e-02
-1.375954668463757156e-02
-1.375954668463757330e-02
-1.375954668463758371e-02
-1.375954668463756463e-02
-1.375954668463758197e-02
-1.375954668463758024e-02
-1.375954668463758371e-02
-1.375954668463756636e-02
-1.375954668463758024e-02
-1.375954668463757156e-02
-1.375954668463757156e-02
-1.376230913550451941e-02
-1.361819587661588539e-02
-1.361819587661590621e-02
-1.361819587661589753e-02
-1.366818192824809791e-02
-1.361819587661587672e-02
-1.361819587661587672e-02
-1.371855153960513905e-02
-1.371855153960513558e-02
-1.371855153960513385e-02
-1.371855153960512344e-02
-1.371855153960512344e-02
-1.371855153960513558e-02
-1.371855153960513385e-02
-1.376929576690373580e-02
-1.376929576690372019e-02
-1.371855153960515293e-02
-1.371855153960515120e-02
-1.371855153960513558e-02
-1.371855372004269352e-02
-1.371968057953756176e-02
-1.371968057953755656e-02
-1.371968057953757217e-02
-1.371968057953753227e-02
-1.371968057953756003e-02
-1.371968057953755482e-02
-1.382143442521661242e-02
-1.371968514908948091e-02
-1.371968514908949478e-02
-1.371968514908948784e-02
-1.377036644360412829e-02
-1.377037188782610777e-02
-1.382143776677770795e-02
-1.382143776677770622e-02
-1.377037188782610604e-02
-1.382143776677768714e-02
-1.382143776677769234e-02
-1.382143776677769408e-02
-1.377037188782610777e-02
-1.377045486042011331e-02
-1.377045486042013586e-02
-1.377045486042013760e-02
-1.377045486042012545e-02
-1.377045486042013413e-02
-1.371983056784882408e-02
-1.371983056784882062e-02
-1.371983056784882408e-02
-1.371983056784882062e-02
-1.371983056784882408e-02
-1.377045549096212948e-02
-1.382146664846873284e-02
-1.377045549096210866e-02
-1.377045549096212428e-02
-1.377045549096213295e-02
-1.392445053640561058e-02
-1.392445053640560711e-02
-1.392445053640560711e-02
-1.392445053640561231e-02
-1.402920915723188458e-02
-1.402920915723188805e-02
-1.402920915723188458e-02
-1.392509016515275713e-02
-1.392535748122092527e-02
-1.392535748122093742e-02
-1.387341180187605209e-02
-1.387341180187605036e-02
-1.387341180187605209e-02
-1.392535748122095303e-02
-1.392535748122094262e-02
-1.377144767940289768e-02
-1.377144767940290115e-02
-1.377144767940289248e-02
-1.377144767940290115e-02
-1.382260795500728744e-02
-1.382260795500727876e-02
-1.382260795500727876e-02
-1.382260795500730999e-02
-1.382260795500728917e-02
-1.377144767940290289e-02
-1.382260795500730305e-02
-1.382260795500731172e-02
-1.382260795500732040e-02
-1.377144767940292891e-02
-1.377144767940292891e-02
-1.377144767940289942e-02
-1.377144767940289942e-02
-1.377144767940288381e-02
-1.387416368902153786e-02
-1.387416368902155347e-02
-1.382260966201803200e-02
-1.382260966201803373e-02
-1.382260966201801465e-02
-1.382260966201801985e-02
-1.382260966201803373e-02
-1.387416241231969813e-02
-1.392611344648087696e-02
-1.387416241231969813e-02
-1.376830381054301201e-02
-1.376830381054301548e-02
-1.381939835709742291e-02
-1.371759762561864000e-02
-1.371759762561862786e-02
-1.376830339045305440e-02
-1.376830339045304052e-02
-1.376830339045304226e-02
-1.419653558198804254e-02
-1.419653558198806509e-02
-1.419653558198803386e-02
-1.414191501957566197e-02
-1.425159461721783351e-02
-1.414191501957565676e-02
-1.403393725170191432e-02
-1.403393725170193861e-02
-1.403394547507858491e-02
-1.403394547507858664e-02
-1.403394547507858664e-02
-1.403394547507855715e-02
-1.403394547507856409e-02
-1.403394547507856409e-02
-1.408769771354726266e-02
-1.408769771354728868e-02
-1.414187610317995704e-02
-1.403394547507856062e-02
-1.403394547507859358e-02
-1.408769725197140527e-02
-1.408769725197142608e-02
-1.408769725197142608e-02
-1.403394547507856409e-02
-1.414187703013730993e-02
-1.403394547507856582e-02
-1.403394547507856235e-02
-1.403394547507856062e-02
-1.403394547507856062e-02
-1.394606296940142584e-02
-1.394606296940145533e-02
-1.403393637598691727e-02
-1.403393637598691901e-02
-1.403393637598689125e-02
-1.393073294327168941e-02
-1.398054343856317168e-02
-1.403391542357837647e-02
-1.403391542357837647e-02
-1.398054343856315780e-02
5.098738802935990494e-02
5.210487592930015954e-02
5.210678963102659961e-02
5.210678963102638450e-02
5.210678963102605143e-02
5.210678963102613470e-02
5.210678963102666900e-02
5.210678963102648165e-02
5.210678963102712002e-02
5.210746824764569268e-02
5.210746824764624779e-02
5.327148329507165603e-02
5.327148329507205848e-02
5.327148329507216951e-02
5.327148329507224583e-02
5.327148329507248176e-02
5.327159894080660957e-02
5.327159894080666508e-02
5.404081935267018161e-02
5.531189712757807186e-02
5.296817783410440184e-02
5.296817783410476960e-02
5.296817783410476960e-02
5.296817783410513736e-02
5.296817783410538716e-02
5.296817783410454755e-02
5.357035825440967930e-02
5.618392165640991032e-02
5.496847419018502379e-02
5.496847419018489889e-02
7.626580541391478341e-02
7.626580541391486667e-02
7.626580541391482504e-02
7.626580541391474177e-02
7.926988465771847570e-02
7.926988465771848957e-02
7.926988465771848957e-02
7.926988465771872550e-02
7.926988465771844794e-02
8.085934225390759011e-02
8.085934225390767338e-02
7.926988465771872550e-02
7.926988465771872550e-02
8.085934225390761787e-02
8.085934225390731256e-02
7.926988465771857284e-02
7.926988465771846182e-02
7.926988465771847570e-02
8.085934225390749297e-02
7.926988465771846182e-02
7.926988465771846182e-02
7.926988465771873937e-02
8.786665656256301138e-02
7.926988465771865611e-02
7.926988465771822590e-02
8.086037182943027479e-02
8.251745911374552822e-02
8.086037182943092705e-02
7.773840994348626965e-02
7.773840994348596434e-02
7.773840994348600597e-02
7.773840994348608924e-02
7.773840994348601985e-02
7.926762577244733654e-02
7.625361180252740456e-02
7.944977492131496954e-02
7.213345997461517722e-02
7.483032883816018166e-02
7.483032883816018166e-02
7.483032883816059799e-02
7.625210349480257555e-02
7.483032883816073677e-02
7.483032883816073677e-02
7.483032883816052860e-02
7.346006714785467684e-02
7.346006714785514868e-02
7.346006714785503766e-02
7.625282474386194109e-02
7.625282474386241294e-02
7.625282474386237130e-02
7.625282474386237130e-02
7.625282474386220477e-02
7.625282474386195497e-02
7.625282474386228804e-02
7.346006714785503766e-02
7.213954311409066789e-02
7.213954311409064013e-02
7.213954311409083442e-02
7.213954311409065401e-02
7.213954311409064013e-02
7.213954311409080666e-02
7.213954311409059850e-02
7.080417537709583764e-02
8.278378642645303764e-02
8.278378642645324581e-02
8.278378642645266294e-02
8.278378642645323193e-02
8.278378642645323193e-02
8.278378642645305152e-02
8.278378642645303764e-02
8.637288670389406398e-02
8.454040810327433098e-02
8.637288670389357825e-02
8.637288670389384193e-02
8.637288670389361989e-02
7.652855671490273182e-02
7.652855671490332856e-02
7.652855671490335632e-02
7.650650312309742462e-02
7.650650312309702217e-02
7.650650312309742462e-02
7.650650312309738299e-02
7.650650312309742462e-02
7.650650312309750789e-02
7.650650312309714707e-02
7.650650312309714707e-02
7.650650312309742462e-02
7.650650312309750789e-02
7.507946044245289441e-02
7.649802386698285883e-02
7.649802386698284495e-02
7.649802386698335843e-02
7.649802386698353884e-02
7.649802386698319190e-02
7.649802386698284495e-02
7.649802386698292822e-02
7.797982353968269109e-02
7.649802386698326129e-02
7.649802386698284495e-02
7.507946044245331074e-02
7.507946044245288053e-02
7.650650312309849321e-02
7.650650312309825729e-02
7.650650312309874301e-02
7.507946044245382422e-02
7.507946044245336625e-02
7.507946044245331074e-02
7.507946044245347728e-02
7.507946044245308870e-02
7.507946044245340789e-02
7.507946044245364381e-02
7.507946044245357442e-02
7.507946044245308870e-02
7.652855671490323142e-02
7.798981415000023898e-02
7.798981415000040551e-02
8.454680111887488692e-02
7.799044982839470341e-02
7.953103134593905721e-02
7.953103134593852985e-02
7.953110176888500416e-02
8.113392551235829031e-02
7.953110176888499028e-02
7.953110176888499028e-02
7.953103134593847434e-02
7.953103134593848822e-02
