-3.712359271446988296e-02
-3.712359271445973136e-02
-3.669657751849475513e-02
-3.669657751846877591e-02
-3.669657751847067717e-02
-3.669657751847042737e-02
-3.669657751847043431e-02
-3.712359271447038256e-02
-3.712359271447023684e-02
-3.712359271447024378e-02
-3.712230446934005473e-02
-3.712230446934005473e-02
-3.712420757667463100e-02
-3.712420757667458243e-02
-3.712420757667458243e-02
-3.712420757667457549e-02
-3.712420757667462407e-02
-3.712420757667432569e-02
-3.756086533675483813e-02
-3.712420757667413834e-02
-3.712420757667438814e-02
-3.712420757667458243e-02
-3.712420757667484611e-02
-3.712420757667484611e-02
-3.712420757667486693e-02
-3.712420757667433263e-02
-3.712420757667460325e-02
-3.712420757667481142e-02
-3.712420757667484611e-02
-3.712420757667481835e-02
-3.712420757667458243e-02
-3.712420757667454080e-02
-3.756086533675485201e-02
-3.756086533675480343e-02
-3.756086533675484507e-02
-3.756086533675445649e-02
-3.756086533675466466e-02
-3.756086533675484507e-02
-3.712420757667467264e-02
-3.712420757667463100e-02
-3.712420757667437426e-02
-3.756086533675503242e-02
-3.756086533675460221e-02
-3.712420757667439508e-02
-3.712420757667442978e-02
-3.712420757667414528e-02
-3.712420757667414528e-02
-3.669652277049261641e-02
-3.669652277049268579e-02
-3.587141882097683032e-02
-3.669625282422361162e-02
-3.669625282422317447e-02
-3.844326717110600755e-02
-3.844326717110600755e-02
-3.756230601039625694e-02
-3.756230601039654143e-02
-3.756230601039647898e-02
-3.756230601039649980e-02
-3.846638445409869544e-02
-3.846638445409850809e-02
-3.800906574514641145e-02
-3.800906574514641145e-02
-3.800906574514648778e-02
-3.800906574514623798e-02
-3.800906574514623798e-02
-3.800906574514599512e-02
-3.800906574514601594e-02
-3.800906574514576614e-02
-3.800906574514598818e-02
-3.800906574514624492e-02
-3.800906574514607145e-02
-3.800906574514589104e-02
-3.800906574514598818e-02
-3.800906574514605063e-02
-3.800906574514585634e-02
-3.800906574514585634e-02
-3.846638445409807094e-02
-3.846638445409830687e-02
-3.846638445409807788e-02
-3.846638445409807788e-02
-3.800906574514599512e-02
-3.800906574514625880e-02
-3.800906574514580777e-02
-3.800906574514607145e-02
-3.800906574514605757e-02
-3.800906574514603675e-02
-3.800906574514586328e-02
-3.800906574514584940e-02
-3.800906574514601594e-02
-3.800906574514599512e-02
-3.800906574514580777e-02
-3.800906574514601594e-02
-3.846638445409831381e-02
-3.846638445409834850e-02
-3.846638445409813339e-02
-3.800906574514640451e-02
-3.800906574514640451e-02
-3.800906574514623798e-02
-3.800906574514649472e-02
-3.800906574514596042e-02
-3.800906574514594655e-02
-4.271471955092203537e-02
-4.271471955092217415e-02
-4.326075113872236699e-02
-4.326075113872232536e-02
-4.326075113872238087e-02
-4.326075113872208250e-02
-4.326075113872205474e-02
-4.326075113872204780e-02
-4.326075113872208250e-02
-4.326075113872222128e-02
-4.218230631904774236e-02
-4.218230631904784644e-02
-4.271465808132106357e-02
-4.218230631904774236e-02
-4.218356851441053268e-02
-4.271465808132091785e-02
-4.218230631904771460e-02
-4.218230631904785338e-02
-4.218230631904762440e-02
-4.218230631904774236e-02
-4.218230631904766603e-02
-4.271465062606208396e-02
-4.218485290155044032e-02
-4.271465062606206314e-02
-4.218230631904781869e-02
-4.218230631904769379e-02
-4.218230631904762440e-02
-4.218230631904774930e-02
-4.218230631904783950e-02
-4.271431321196610120e-02
-4.218230631904793665e-02
-4.271465808132109826e-02
-4.326076670687455106e-02
-4.382151359815830011e-02
-4.382151359815830705e-02
-4.382151359815829317e-02
-4.382151359815830011e-02
-4.218227027668313561e-02
-4.326097568762943268e-02
-4.218227027668316337e-02
-4.218227027668325357e-02
-4.218227027668326051e-02
-4.218227027668328827e-02
-4.218227027668328827e-02
-4.271474914150148045e-02
-4.271474914150135554e-02
-4.271474914150145963e-02
-4.271474914150156371e-02
-4.326093674724948435e-02
-4.271474914150158453e-02
-4.351980075676142867e-02
-4.351980075676151888e-02
-4.296964752743928639e-02
-4.296964752743940436e-02
-4.296964752743938354e-02
-4.296964752743940436e-02
-4.296964752743941129e-02
-4.296964752743939742e-02
-4.296964752743941129e-02
-4.296964752743928639e-02
-4.296964752743917537e-02
-4.296964752743928639e-02
-4.296964752743926558e-02
-4.296964752743941823e-02
-4.296964752743925864e-02
-4.296964752743941823e-02
-4.296964752743928639e-02
-4.296964752743941823e-02
-4.296964752743926558e-02
-4.347254610981428347e-02
-4.403591084810748457e-02
-4.347254610981426265e-02
-4.347254610981426265e-02
-4.347254610981426265e-02
-4.347254610981426959e-02
-4.347254610981426265e-02
-4.347254610981424877e-02
-4.347254610981436673e-02
-4.347254610981436673e-02
-4.347254610981436673e-02
-4.347254610981434592e-02
-4.347254610981451939e-02
-4.347254610981434592e-02
-4.466397897981778942e-02
-4.525907914782340002e-02
-4.466397897981767839e-02
-4.351672458324523651e-02
-4.351672458324524345e-02
-4.351672458324524345e-02
-4.351672458324513937e-02
-4.351672458324526427e-02
-4.296964752743925864e-02
-4.296964752743926558e-02
-4.351980075676170623e-02
-4.351980075676183113e-02
-4.296964752743925864e-02
-4.296964752743925864e-02
-4.296964752743927946e-02
-4.466395282214088991e-02
-4.466395282214104950e-02
-4.466395282214084134e-02
-4.466395282214120910e-02
-4.466395282214109808e-02
-4.466395282214104950e-02
-4.466395282214109808e-02
-4.466395282214093154e-02
-4.466395282214105644e-02
-4.466395282214110501e-02
-4.466395282214112583e-02
-4.351972414493484459e-02
-4.351972414493479602e-02
-4.351972414493482377e-02
-4.351972414493487235e-02
-4.351972414493487235e-02
-4.351972414493484459e-02
-4.351972414493484459e-02
-4.351972414493484459e-02
-4.351972414493487235e-02
-4.351972414493484459e-02
-4.351972414493484459e-02
-4.351972414493484459e-02
-4.351972414493487235e-02
-4.351972414493487235e-02
-4.351972414493487235e-02
-4.408482259301458456e-02
-4.408482259301445966e-02
-4.352521650121819047e-02
-4.928650790613613164e-02
-4.856972462582821726e-02
-4.719857225092018854e-02
-4.694405891286351079e-02
-4.694405891286348304e-02
-4.761124394438785018e-02
-4.761124394438794039e-02
-4.761124394438803753e-02
-4.761124394438796120e-02
-4.761124394438793345e-02
-4.746246906487811695e-02
-4.694405891286346222e-02
-4.694405891286339283e-02
-4.694405891286348304e-02
-4.694405891286348304e-02
-4.694405891286351079e-02
-4.694405891286348304e-02
-4.761127689866705148e-02
-4.761127689866723883e-02
-4.761127689866723883e-02
-4.761127689866724577e-02
-4.761127689866713475e-02
-4.761127689866724577e-02
-4.900455702586319767e-02
-4.761127689866724577e-02
-4.761127689866725271e-02
-4.829777718728464619e-02
-4.694405891286344140e-02
-4.694405891286344140e-02
-4.694405891286342752e-02
-4.694405891286350385e-02
-4.694405891286338589e-02
-4.694405891286351079e-02
-4.694405891286348304e-02
-4.694405891286343446e-02
-4.694405891286349691e-02
-4.760270751973633835e-02
-4.719833320288383677e-02
-4.719833320288414208e-02
-4.719833320288400330e-02
-4.719833320288414208e-02
-4.654282415726768846e-02
-4.654282415726768846e-02
-4.654282415726772315e-02
-4.654282415726772315e-02
-4.654282415726776478e-02
-4.707079478818801399e-02
-4.707079478818788909e-02
-4.707079478818802787e-02
-4.707079478818812501e-02
-4.707079478818800011e-02
-4.707079478818802787e-02
-4.707079478818812501e-02
-4.707079478818810420e-02
-4.707079478818800705e-02
-4.707079478818793766e-02
-4.774165179332211240e-02
-4.774165179332199443e-02
-4.707079478818801399e-02
-4.707079478818800705e-02
-4.707079478818810420e-02
-4.707079478818812501e-02
-4.076820569556133256e-02
-4.076820569556133256e-02
-4.076820569556147827e-02
-4.076820569556147134e-02
-4.177559603916963793e-02
-4.229799424860531537e-02
-4.229799424860532925e-02
-4.229799424860531537e-02
-4.229799424860530843e-02
-4.229799424860535700e-02
-4.229799424860532925e-02
-4.229799424860536394e-02
-4.229799424860532925e-02
-4.229799424860531537e-02
-4.229799424860521823e-02
-4.229799424860521823e-02
-4.229799424860532925e-02
-4.229799424860532925e-02
-4.229799424860535700e-02
-4.229799424860536394e-02
-4.229799424860537088e-02
-4.229799424860535006e-02
-4.229799424860532925e-02
-4.082151218250394675e-02
-4.082151218250395369e-02
-4.082151218250395369e-02
-4.082151218250387043e-02
-4.082151218250397451e-02
-4.082151218250397451e-02
-4.082151218250397451e-02
-4.082151218250385655e-02
-4.082151218250373859e-02
-4.183128835059503337e-02
-4.132024688248209926e-02
-4.132024688248208538e-02
-4.179572256151985188e-02
-4.231889933499829309e-02
-4.183128835059525541e-02
-4.131956137745145669e-02
-4.131956137745144281e-02
-4.082151218250384267e-02
-4.082151218250386349e-02
-4.033486691930587148e-02
-4.033096316839243634e-02
-4.033096316839242940e-02
-4.033096316839242940e-02
-4.081774724887542172e-02
-4.082029786317947773e-02
-4.082029786317958875e-02
-4.082029786317948467e-02
-4.082029786317947079e-02
-4.082029786317947079e-02
-4.082029786317958875e-02
-4.082029786317959569e-02
-4.082029786317960957e-02
-4.082029786317938058e-02
-4.082029786317949160e-02
-4.131825545002442562e-02
-4.131825545002445338e-02
-4.131825545002431460e-02
-4.131825545002455746e-02
-4.082030483922453185e-02
-4.082030483922452491e-02
-4.082030483922452491e-02
-4.082030483922453185e-02
-4.082030483922442776e-02
-4.082030483922442082e-02
-4.082030483922463593e-02
-4.082030483922451797e-02
-4.082030483922453185e-02
-4.082030483922453185e-02
-4.082030483922453185e-02
-4.082030483922442776e-02
-4.082030483922442776e-02
-4.082030483922453185e-02
-4.131727143134567709e-02
-4.182759563363319666e-02
-4.182759563363319666e-02
-4.082030483922451797e-02
-4.033421172542081545e-02
-4.033421172542092648e-02
-4.082027109965811335e-02
-4.082027109965796069e-02
-4.033421172542070443e-02
-4.082027109965820355e-02
-4.033421172542079464e-02
-4.033421172542080158e-02
-4.033421172542082239e-02
-4.033421172542093341e-02
-4.082027109965794681e-02
-4.033397137279668559e-02
-4.033397137279656763e-02
-4.033397137279669253e-02
-4.033397137279668559e-02
-4.033397137279656069e-02
-4.033397137279657457e-02
-4.082020434509611717e-02
-4.082020434509600615e-02
-4.082020434509602003e-02
-4.131839784147942757e-02
-4.082020434509600615e-02
-4.082019764870733342e-02
-4.082019764870722239e-02
-4.033397137279667172e-02
-4.033397137279644273e-02
-4.033397137279665784e-02
-4.033397137279665784e-02
-4.182938539303441422e-02
-4.182938539303443504e-02
-4.182938539303441422e-02
-4.182938539303429626e-02
-4.182938539303428238e-02
-4.182938539303417136e-02
-4.182938539303415054e-02
-4.182938539303427544e-02
-4.131736246123524081e-02
-4.131736246123535183e-02
-4.182241817171086090e-02
-4.181546914165595180e-02
-4.130514402586403511e-02
-4.130514402586415307e-02
-4.130514402586398653e-02
-4.130513708294236003e-02
-4.130513708294238778e-02
-4.130513708294226288e-02
-4.182594057959428818e-02
-4.182594057959428818e-02
-4.182594057959428818e-02
-4.131540845264809053e-02
-4.131540845264800726e-02
-4.131540845264813910e-02
-4.131540845264785461e-02
-4.177166674161907761e-02
-3.979880769816083325e-02
-3.979880769816082631e-02
-4.027542921211627047e-02
-4.027542921211624272e-02
-4.027542921211615251e-02
-4.027542921211627047e-02
-4.075940266333763495e-02
-4.075940266333753781e-02
-4.075940266333752393e-02
-4.076360519208278854e-02
-4.076360519208278854e-02
-4.027547465216761019e-02
-4.027547465216763101e-02
-4.027547465216750611e-02
-4.027547465216763795e-02
-4.027547465216749917e-02
-4.027547465216750611e-02
-4.027547465216749223e-02
-4.027547465216750611e-02
-4.027547465216749917e-02
-4.027547465216737427e-02
1.086382941884059782e-02
1.086382941884060822e-02
1.080717316096004715e-02
1.080717316096004715e-02
1.086873817632073858e-02
1.080717316096001593e-02
1.080717316095997083e-02
1.080717316095999685e-02
1.080717316095997603e-02
1.080717316096003848e-02
1.086873817632076980e-02
1.080717316096002981e-02
1.080717316096002981e-02
1.080717316096001419e-02
1.086873817632073684e-02
1.086873817632071776e-02
1.086873817632071949e-02
1.086873857191451333e-02
1.086873857191448210e-02
1.086873857191448210e-02
1.086873857191448557e-02
1.086873857191448210e-02
1.086873857191450812e-02
1.093102131433095273e-02
1.086873857191450812e-02
1.086873857191456363e-02
1.086873857191456363e-02
1.086873857191451159e-02
1.086873857191450812e-02
1.086693463956107247e-02
1.086693463956104645e-02
1.086693463956105339e-02
1.086693463956105860e-02
1.086693463956105339e-02
1.092920335031117608e-02
1.086693463956107768e-02
1.086693463956105339e-02
1.086693463956107247e-02
1.086693463956103431e-02
1.086693463956107421e-02
1.086693463956107247e-02
1.086693463956104645e-02
1.086693463956104298e-02
1.092920335031119690e-02
1.092920335031119169e-02
1.080710278431363212e-02
1.151904955989748770e-02
1.151904955989748944e-02
1.151904955989748770e-02
1.158566354135176328e-02
1.106608754242751139e-02
1.106608754242752179e-02
1.100482203511894339e-02
1.077520238248440114e-02
1.077520238248438206e-02
1.077520238248440287e-02
1.077520238248441155e-02
1.077520238248441675e-02
1.077520238248442196e-02
1.077520238248439940e-02
1.077520238248442196e-02
1.077520238248442196e-02
1.077520238248444277e-02
1.077520238248441155e-02
1.077520238248441502e-02
1.077520238248441675e-02
1.077520238248438379e-02
1.082847389589871451e-02
1.082847389589870930e-02
1.082847389589870930e-02
1.082847389589870930e-02
1.082847389589869889e-02
1.082847389589869889e-02
1.082847389589868675e-02
1.082847389589865726e-02
1.082847389589866073e-02
1.082847389589868675e-02
1.089200241657578561e-02
1.089200241657573530e-02
1.089200241657575438e-02
1.089200241657575612e-02
1.089200241657575612e-02
1.089200241657578734e-02
1.089200241657579948e-02
1.083327966257174348e-02
1.083327966257174348e-02
1.083327966257175388e-02
1.077520238248445839e-02
1.077520238248442890e-02
1.077520238248444104e-02
1.089208984836821312e-02
1.093267660346166834e-02
1.093267660346168395e-02
1.093267660346168048e-02
1.111440087504772696e-02
1.111440087504775645e-02
1.111440087504775472e-02
1.111440087504775472e-02
1.111440087504777727e-02
1.111440087504779635e-02
1.111440087504776859e-02
1.111440087504776859e-02
1.111440087504767318e-02
1.105315215560394998e-02
1.111440087504767839e-02
1.105315215560394131e-02
1.099258297085143991e-02
1.099258297085141389e-02
1.099258297085143818e-02
1.099258297085140522e-02
1.099258297085143644e-02
1.105314839300619578e-02
1.099258297085143297e-02
1.105314839300624088e-02
1.099258297085143644e-02
1.099258297085140695e-02
1.099258297085140869e-02
1.095191803564535965e-02
1.095191803564540822e-02
1.107271863461312296e-02
1.107271863461312816e-02
1.107271863461311255e-02
1.107271863461313684e-02
1.101198739088023876e-02
1.101198739088021100e-02
1.101198739088021100e-02
1.101198739088020753e-02
1.101198739088025437e-02
1.101198739088022314e-02
1.101198739088022314e-02
1.101198739088022661e-02
1.107271863461309520e-02
1.107271863461309520e-02
1.107271863461308480e-02
1.101198739088022661e-02
1.101198739088022661e-02
1.101198739088020927e-02
1.101198739088021100e-02
1.107272014529330807e-02
1.107272014529332368e-02
1.107272014529337746e-02
1.107272014529335491e-02
1.113413871807706658e-02
1.113413871807708913e-02
1.113413871807704750e-02
1.113413871807703015e-02
1.077437118642300164e-02
1.077437118642302072e-02
1.077437118642302245e-02
1.077437118642305021e-02
1.077437118642298776e-02
1.077437118642298776e-02
1.077437118642295653e-02
1.077437118642302245e-02
1.077437118642294960e-02
1.077437118642296000e-02
1.082926331241590608e-02
1.082926331241589740e-02
1.082926331241588179e-02
1.082926331241587312e-02
1.082926331241590087e-02
1.082926331241592169e-02
1.094722732200078402e-02
1.094722732200077535e-02
1.094722732200077708e-02
1.100719355108218354e-02
1.094722732200072157e-02
1.094722732200076147e-02
1.094722732200076147e-02
1.094722732200068688e-02
1.100705807460298016e-02
1.094709438149845011e-02
1.082915695644860211e-02
1.082915695644860385e-02
1.082915695644865416e-02
1.082915695644865936e-02
1.094709231517679120e-02
1.094709231517683456e-02
1.088780088168406213e-02
1.088780088168404478e-02
1.094709231517682242e-02
1.112900481272318179e-02
1.106768457412019707e-02
1.100704941097852343e-02
1.082915695644863854e-02
1.082915695644866283e-02
1.112900887805837874e-02
1.112900887805840823e-02
1.112900887805835098e-02
1.112900887805835619e-02
1.112900887805836313e-02
1.112900887805836486e-02
1.119171477014062333e-02
1.100709171167303831e-02
1.100709171167303831e-02
1.106770589750365533e-02
1.100709171167303831e-02
1.100709171167302269e-02
1.107556733895422550e-02
1.100709171167305045e-02
1.106770589750358594e-02
1.106770589750355992e-02
1.106770589750358767e-02
1.106770589750355992e-02
1.106770589750354257e-02
1.094683990175335762e-02
1.094683990175334201e-02
1.094683990175332293e-02
1.094683990175333854e-02
1.094683990175334028e-02
1.094683990175336803e-02
1.106694249927303586e-02
1.094683990175337324e-02
1.094683990175334201e-02
1.082965286036665850e-02
1.082965286036666197e-02
1.082965286036662901e-02
1.082965286036665850e-02
1.082965286036664983e-02
1.082965286036664289e-02
1.082965286036666544e-02
1.082965286036670013e-02
1.101505683901281805e-02
1.094713063825107635e-02
1.094713063825108156e-02
1.100683391776569216e-02
1.094713063825107462e-02
1.094713063825107982e-02
1.094713063825105900e-02
1.094713063825104860e-02
1.100683391776565226e-02
1.094713063825111105e-02
1.100683428488799347e-02
1.106720809335984268e-02
1.094713063825113013e-02
1.094713063825112145e-02
1.094713063825110931e-02
1.094713063825110931e-02
1.094713063825109890e-02
1.094713063825111625e-02
1.094713063825107982e-02
1.094713063825107982e-02
1.094713063825110064e-02
1.094713063825108156e-02
1.100684407481879179e-02
1.094712774290914140e-02
1.094712774290919864e-02
1.094713185966644971e-02
1.094713185966644103e-02
1.094713185966647226e-02
1.094713185966643756e-02
1.094713185966645318e-02
1.094713185966648440e-02
1.100691086055754705e-02
1.094713185966643583e-02
1.094713185966646532e-02
1.087604557008846513e-02
1.082953534145549360e-02
1.082953534145546411e-02
1.082953534145551094e-02
1.082953534145551094e-02
1.082953534145546758e-02
1.082953534145553176e-02
1.082953534145551094e-02
1.082953534145553870e-02
1.088805654235097328e-02
1.082964254108791796e-02
1.082964254108794745e-02
1.082964254108791796e-02
1.082964254108794919e-02
1.088805654235093338e-02
1.088805654235096461e-02
1.082964254108794398e-02
1.088806270074898358e-02
1.088806270074898358e-02
1.100685772072221638e-02
1.100685772072219556e-02
1.094713411228849693e-02
1.094713411228849693e-02
1.094713411228851428e-02
1.094713411228849000e-02
1.094713411228849000e-02
1.094713411228849693e-02
1.094713411228849693e-02
1.094713411228849000e-02
1.100685772072219556e-02
1.094713411228852469e-02
1.094713411228850561e-02
1.094713411228849000e-02
1.094713411228848826e-02
1.082963447630607735e-02
1.082963447630604439e-02
1.088805825998663372e-02
1.088805825998663372e-02
1.088805825998659382e-02
1.088805825998663372e-02
1.088805825998663719e-02
1.077181064589741687e-02
1.082960952152850140e-02
1.082960952152849966e-02
1.082960952152849966e-02
1.082960952152848752e-02
1.082960952152850140e-02
1.082960952152850313e-02
1.088804300651856870e-02
1.094712481734469098e-02
1.088804300651859645e-02
1.088804300651859645e-02
1.077180546640656156e-02
1.077180546640656156e-02
1.077180546640654941e-02
1.077180546640654248e-02
1.077180546640653554e-02
1.077180546640655635e-02
1.077180546640653380e-02
1.077180546640652339e-02
1.071463371702814291e-02
1.100692511660015041e-02
1.100692511660012265e-02
1.100692511660012265e-02
1.100692511660012265e-02
1.100692511660014694e-02
1.100692511660015041e-02
1.100692511660015041e-02
1.100692511660015041e-02
1.100692511660013133e-02
1.100692511660014694e-02
1.100692511660014694e-02
1.112863019567796215e-02
1.112863019567798817e-02
1.106743481581246025e-02
1.106743481581247066e-02
1.106743481581241861e-02
1.106743481581245851e-02
1.106743481581250015e-02
1.106743481581245851e-02
1.106743481581250015e-02
1.106743481581247586e-02
1.106743481581242208e-02
1.106743481581245678e-02
1.106743481581245851e-02
1.106743481581247239e-02
1.106743481581247239e-02
1.088776718812135662e-02
1.088776718812134621e-02
1.088776718812137743e-02
1.088776718812134968e-02
1.094697862291425447e-02
1.088776718812133233e-02
1.094697898596173544e-02
1.094697898596178748e-02
1.094697898596174584e-02
1.094697898596175452e-02
1.100685248184245409e-02
1.100685939773910112e-02
1.100685939773907510e-02
1.100685939773907336e-02
1.100685939773908550e-02
1.227366292100924919e-02
1.210604638201603217e-02
1.210604638201607554e-02
1.216144902257385203e-02
1.210604638201603044e-02
1.210604638201603044e-02
1.210604638201605472e-02
1.210604638201603390e-02
1.210604638201605472e-02
1.210604580595336238e-02
1.210604580595336238e-02
1.210604580595338667e-02
1.216144618270466153e-02
1.216144618270466153e-02
1.216144618270468408e-02
1.210604580595336238e-02
1.210604580595333636e-02
1.210604580595333810e-02
1.210604580595338493e-02
1.210604580595340055e-02
1.210604580595333636e-02
1.210604580595335891e-02
1.205115681882207128e-02
1.205115681882202791e-02
1.210604496127649747e-02
1.216108125918592166e-02
1.216108125918589911e-02
1.216108125918589911e-02
1.216145041642261934e-02
1.216145041642261934e-02
1.199677354786007205e-02
1.199677354786004950e-02
1.199677354786004950e-02
1.199677354786006858e-02
1.199677354786004950e-02
1.199677354786005123e-02
1.199677354786007379e-02
1.199677354786007552e-02
1.205115376046430112e-02
1.199677354786007032e-02
1.199677354786004776e-02
1.199677354786006858e-02
1.199677354786004776e-02
1.199677354786004950e-02
1.199677354786007032e-02
1.199677354786004950e-02
1.199677354786004950e-02
1.199677354786002868e-02
1.205115376046427857e-02
1.199677354786002868e-02
1.199677354786004950e-02
1.210604411235149946e-02
1.210604411235151855e-02
1.205115736002505648e-02
1.205115736002503567e-02
1.205115736002503220e-02
1.205017695782764110e-02
1.205017695782764457e-02
1.205017695782764631e-02
1.210513814207629310e-02
1.210513814207627055e-02
1.210513814207627228e-02
1.227319921210070879e-02
1.227319921210071225e-02
1.199677354786007032e-02
1.199677354786007032e-02
1.210433715132088611e-02
1.210433715132088611e-02
1.210433715132088438e-02
1.210433715132088611e-02
1.210433715132086530e-02
1.210433715132086530e-02
1.210433715132090519e-02
1.210433715132088611e-02
1.210433715132088438e-02
1.210433715132088264e-02
1.199677354786007032e-02
1.199677354786007032e-02
1.199677354786004950e-02
1.199677354786004950e-02
1.199677354786004950e-02
1.199677354786004776e-02
1.210604411822948506e-02
1.205115376046429765e-02
1.205115376046427683e-02
1.205115376046429765e-02
1.199677354786004950e-02
1.199677354786004950e-02
1.199677354786002868e-02
1.199677354786004950e-02
1.199677354786002695e-02
1.199677354786004950e-02
1.199677354786004950e-02
1.205115403788597009e-02
1.205115403788597009e-02
1.205115403788597182e-02
1.205115403788597182e-02
1.205115403788597356e-02
1.205115403788594927e-02
1.210604244565619513e-02
1.205115376046427510e-02
1.205115376046427683e-02
1.216144844880514241e-02
1.216144844880514761e-02
1.210604581101628295e-02
1.210604581101630203e-02
1.210604581101630203e-02
1.210604581101630203e-02
1.210604581101630030e-02
1.210604581101630203e-02
1.216194024302987876e-02
1.227383995600889698e-02
1.227383995600888136e-02
1.227383995600890045e-02
1.227383995600889698e-02
1.227383995600888310e-02
1.227383995600889524e-02
1.227383995600890045e-02
1.227383995600890045e-02
1.221971867364730034e-02
1.221971867364726738e-02
1.221971867364728473e-02
1.221971867364730381e-02
1.221971867364734891e-02
1.221971867364730555e-02
1.227383995600890045e-02
1.227383995600890738e-02
1.227383995600890045e-02
1.227383995600887269e-02
1.227383995600889698e-02
1.227383995600889698e-02
1.221738838239108324e-02
1.221738838239108324e-02
1.178262957861923865e-02
1.178262957861923865e-02
1.178262957861924212e-02
1.178262957861923865e-02
1.178262957861921784e-02
1.183520227409767984e-02
1.178262957861924039e-02
1.178262957861923865e-02
1.178262957861923865e-02
1.178262957861925947e-02
1.183520227409767464e-02
1.173053253806386961e-02
1.178262905796161747e-02
1.178262905796159492e-02
1.178262905796166257e-02
1.173053253806389216e-02
1.173053253806391819e-02
1.173053253806391992e-02
1.178262905796166084e-02
1.178262905796163655e-02
1.172982919853937482e-02
1.173053253806391125e-02
1.173053253806391472e-02
1.173109403650250508e-02
1.173109403650251029e-02
1.173109403650250161e-02
1.173109403650250682e-02
1.173109403650244263e-02
1.173109403650244263e-02
1.173109403650246865e-02
1.173109403650246692e-02
1.173109403650248600e-02
1.173109403650246345e-02
1.173109403650246345e-02
1.178323628454193243e-02
1.178323628454195152e-02
1.162820899370997814e-02
1.173109300785639235e-02
1.162820899370997814e-02
1.162820899370995385e-02
1.162820899370997120e-02
1.162820899370997120e-02
1.162820899370997120e-02
1.162820899370999549e-02
1.162820899370999375e-02
1.162820899370999375e-02
1.162820899370999375e-02
1.162820899370997293e-02
1.162820899370994518e-02
1.162820899370999028e-02
1.162820899370994518e-02
1.167941748956235516e-02
1.167941748956237945e-02
1.167941748956237945e-02
1.167941748956235343e-02
1.167941748956235863e-02
1.167941748956237945e-02
1.162820899370998855e-02
1.162820899371000763e-02
1.162820899370998855e-02
1.162820899370999722e-02
1.162820899371001630e-02
1.162820899370996773e-02
1.188895804996192677e-02
1.188895804996192677e-02
1.194270720376666012e-02
1.188895804996195280e-02
1.188895804996192331e-02
1.188895804996192331e-02
1.188895804996194586e-02
1.188895804996195280e-02
1.199800582745183010e-02
1.199800582745183010e-02
1.199800582745183010e-02
1.199800582745183010e-02
1.199800582745185092e-02
1.199800582745183010e-02
1.199800582745184918e-02
1.188895804996195106e-02
1.194258366353618921e-02
1.188895804996192677e-02
1.194270720376668267e-02
1.188893524723244437e-02
1.188893524723244437e-02
1.188893524723244437e-02
1.188893524723244090e-02
1.188893524723244437e-02
1.188893524723244090e-02
1.188893524723244090e-02
1.188893524723244090e-02
1.188893524723244090e-02
1.183568733201306906e-02
1.183568733201306906e-02
1.183568733201306386e-02
1.183568733201309162e-02
1.183568733201306733e-02
1.188893524723243916e-02
1.183568733201306906e-02
1.183568733201307080e-02
1.183568733201306906e-02
1.183568733201309162e-02
1.183568733201309162e-02
1.183568733201309162e-02
1.183568733201309162e-02
1.183568733201309162e-02
1.188893524723245998e-02
1.188893524723246345e-02
1.188893524723246171e-02
1.188893524723245824e-02
1.183568733201309162e-02
1.183568733201308988e-02
1.183568733201308988e-02
1.183568733201308988e-02
1.183568733201308988e-02
1.183568733201306906e-02
1.183568733201309162e-02
1.183568733201308815e-02
1.205159328491807111e-02
1.205159328491807111e-02
1.205159328491807111e-02
1.205159328491807111e-02
1.205159328491807111e-02
1.205159328491806590e-02
1.173113229635934333e-02
1.173113229635934333e-02
1.173113229635933986e-02
1.173113229635934680e-02
1.173113229635934680e-02
1.173113229635930690e-02
1.173113229635934854e-02
1.173113229635932946e-02
1.173113229635930170e-02
1.173113229635932946e-02
1.178326673845917806e-02
1.178326673845917806e-02
1.173113229635932599e-02
1.173113229635935027e-02
1.178326673845919541e-02
1.178326673845919888e-02
1.178326673845915551e-02
1.178326699916569520e-02
1.178326699916572295e-02
1.183588037206155345e-02
1.173113229635932425e-02
1.173113229635932946e-02
1.173113229635932946e-02
1.173113229635928782e-02
1.173113229635927741e-02
1.173113229635928088e-02
1.173113229635930517e-02
1.178326673845917112e-02
1.173113229635930170e-02
1.173113229635930170e-02
1.173113229635932252e-02
1.173113229635932252e-02
1.178326673845917633e-02
1.178326673845917459e-02
1.178326673845917980e-02
1.188898303030791297e-02
1.188898303030791297e-02
1.194257348089848396e-02
1.194257348089846488e-02
1.210747032027561891e-02
1.210747032027557381e-02
1.210747032027561891e-02
1.216423219107291669e-02
1.216423219107291148e-02
1.216423219107291322e-02
1.216423219107291148e-02
1.216423219107291148e-02
1.216423219107291148e-02
1.216423219107291148e-02
1.216423219107291148e-02
1.216423219107293577e-02
1.162368354092198179e-02
1.183294347218106536e-02
1.183294347218099771e-02
1.177990181744852267e-02
1.167528109117186956e-02
1.167528109117184527e-02
1.167528109117182446e-02
1.167528109117182966e-02
1.167528057350659260e-02
1.167528057350657698e-02
1.172735183902147427e-02
1.172735183902147427e-02
1.177441345020555780e-02
1.177441345020560463e-02
1.177990385299664856e-02
1.177990385299660520e-02
1.177990385299665030e-02
1.177990385299658611e-02
1.167528057350668107e-02
1.162368354092196965e-02
1.162368354092198006e-02
1.162368354092198700e-02
1.162368354092199914e-02
1.162368354092198700e-02
1.162368354092196965e-02
1.162368354092198873e-02
1.162368354092197485e-02
1.162368354092198006e-02
1.162368354092198006e-02
1.162368354092201649e-02
1.162368354092199393e-02
1.167528057350666199e-02
1.167528057350664290e-02
1.167528057350668454e-02
1.167528057350666025e-02
1.162368354092197138e-02
1.167528884366708826e-02
1.167528884366706571e-02
1.177989839387928381e-02
1.177989839387928554e-02
1.177989839387928381e-02
1.177989839387930462e-02
1.177989839387930462e-02
1.172735601513963735e-02
1.172735601513959398e-02
1.172735601513959572e-02
1.172735601513961480e-02
1.172735601513959572e-02
1.172590951031952412e-02
1.177989839387928381e-02
1.177989839387926126e-02
1.172735601513961654e-02
1.167528884366709346e-02
1.167528884366710734e-02
1.177990076815525408e-02
1.177990076815525408e-02
1.177990076815520898e-02
1.183293153923608079e-02
1.177990076815523153e-02
1.157045715383551825e-02
1.157045715383549916e-02
1.157045715383555294e-02
1.157045715383554253e-02
1.157243472333906696e-02
1.157243472333907737e-02
1.157243472333909472e-02
1.162360172635143636e-02
1.162360172635147106e-02
1.162360172635147279e-02
1.162360172635147106e-02
1.162360172635147106e-02
1.162360172635143983e-02
1.162360172635143983e-02
1.152172561408416028e-02
1.152172561408416201e-02
1.152172561408413773e-02
1.152172561408416201e-02
1.152172561408414293e-02
1.152172561408413079e-02
1.152172561408413946e-02
1.152172561408410477e-02
1.152172561408410650e-02
1.152172561408415855e-02
1.152172561408409783e-02
1.152172561408410824e-02
1.152172561408412732e-02
1.172762538402653473e-02
1.162380494470588790e-02
1.162380494470591566e-02
1.162380494470591046e-02
1.167539719788489305e-02
1.167539719788489305e-02
1.162380494470591046e-02
1.162380494470592954e-02
1.162380494470592954e-02
1.162380494470592780e-02
1.162380494470592780e-02
1.162380494470592780e-02
1.162380494470594862e-02
1.167539719788488438e-02
1.167539874382935230e-02
1.167539874382937486e-02
1.172746307456398566e-02
1.172746307456398913e-02
1.172746307456401169e-02
1.172746307456398740e-02
1.172746307456398740e-02
1.172746307456400995e-02
1.188694233272027771e-02
1.188694233272027424e-02
1.188694233272027424e-02
1.188694233272027424e-02
1.199538153957391100e-02
1.194091420977774591e-02
1.194091420977774591e-02
1.194091420977774591e-02
1.194091420977776673e-02
1.194091420977774244e-02
1.194091420977774244e-02
1.194091420977774418e-02
1.194091420977776673e-02
1.199476148526587571e-02
1.199538209815186052e-02
1.199538209815186399e-02
1.199538209815184317e-02
1.199538209815182062e-02
1.199538209815184144e-02
1.199538209815184144e-02
1.199538209815182062e-02
1.199538209815180154e-02
1.199538209815180154e-02
1.210585787979242059e-02
1.199538209815182062e-02
1.199538209815182062e-02
1.199538209815180154e-02
1.199538209815180154e-02
1.199448226413939861e-02
1.199448226413938126e-02
1.199448226413938126e-02
1.194004275193073783e-02
1.199448226413942463e-02
1.199448226413944892e-02
1.178042900386885167e-02
1.167539284081520710e-02
1.167539284081521925e-02
1.167539284081521578e-02
1.162380187866360673e-02
1.162380187866360673e-02
1.162380187866361193e-02
1.162380187866361020e-02
1.162380187866360153e-02
1.162380187866360326e-02
1.162380187866360326e-02
1.162380187866360673e-02
1.162380187866360673e-02
1.167539284081521057e-02
1.167539284081521231e-02
1.167539284081523486e-02
1.167539284081522792e-02
1.162380187866358765e-02
1.162380187866358071e-02
1.162380187866358071e-02
1.162380187866361193e-02
1.162380187866358244e-02
1.162380187866362581e-02
1.162380187866360499e-02
1.162380187866362061e-02
1.162380187866360846e-02
1.162380187866362581e-02
1.162380187866360499e-02
1.167539794766683271e-02
1.167539794766685353e-02
1.177950017299699524e-02
1.177950017299699524e-02
1.177950017299701779e-02
1.177950017299701432e-02
1.239678545893317663e-02
1.250571135275507437e-02
1.250571135275507437e-02
1.250571135275505182e-02
1.228979364833044860e-02
1.228979364833043125e-02
1.228979364833045207e-02
1.228979364833045033e-02
1.228979364833045554e-02
1.228979364833043472e-02
1.228979364833047289e-02
1.228979364833047289e-02
1.228979364833046942e-02
1.228979364833042952e-02
1.228979364833040523e-02
1.228979364833043125e-02
1.228979364833043125e-02
1.234304543876736313e-02
1.245533273576609860e-02
1.245533273576611769e-02
1.245533273576613850e-02
1.245533273576613850e-02
1.245533273576614197e-02
1.245533273576612115e-02
1.245533273576612115e-02
1.245533273576609687e-02
1.229042584124104102e-02
1.239729116636082047e-02
1.234362337267027286e-02
1.234362337267027286e-02
1.234362337267027460e-02
1.239729143558820218e-02
1.245143946241223862e-02
1.245143946241225943e-02
1.239729143558820045e-02
1.239729143558822126e-02
1.239729143558822473e-02
1.239729143558820565e-02
1.239729143558822473e-02
1.239729143558820045e-02
1.239729143558820218e-02
1.239729143558822647e-02
1.234362000129648161e-02
1.239729116636087945e-02
1.239729116636086037e-02
1.239729116636083955e-02
1.239729116636083955e-02
1.239729116636081874e-02
1.239729116636079966e-02
1.203122389724172250e-02
1.203122389724172424e-02
1.203122389724170169e-02
1.203122389724172250e-02
1.203122389724173985e-02
1.203122389724172077e-02
1.203122389724171903e-02
1.203122389724172250e-02
1.203122389724169475e-02
1.203122389724172077e-02
1.203122389724172077e-02
1.203122389724170169e-02
1.208265475931120242e-02
1.208265475931116946e-02
1.203122389724174679e-02
1.203122389724175893e-02
1.208265475931118507e-02
1.203084951765107623e-02
1.203084951765109357e-02
1.203084951765107276e-02
1.203084951765105194e-02
1.203084951765106929e-02
1.203084951765108317e-02
1.208209758669356003e-02
1.208209758669356350e-02
1.208209758669356003e-02
1.203084951765107102e-02
1.203084951765105021e-02
1.203084951765105021e-02
1.203084951765105368e-02
1.208209758669355829e-02
1.203084951765105368e-02
1.203084951765105715e-02
1.203084951765105368e-02
1.203084951765107449e-02
1.208209758669354615e-02
1.208209758669354789e-02
1.218480785405930827e-02
1.218480785405933083e-02
1.218480785405932909e-02
1.218480785405930827e-02
1.218480785405931001e-02
1.218480785405931174e-02
1.218480785405931001e-02
1.218480785405932909e-02
1.218480785405930827e-02
1.218480785405934817e-02
1.218480785405932909e-02
1.218480785405930654e-02
1.218480785405932736e-02
1.218480785405930827e-02
1.218480785405932736e-02
1.218480785405934991e-02
1.223733967459219099e-02
1.218480785405932736e-02
1.218480785405930654e-02
1.203086634558413540e-02
1.203086634558413713e-02
1.203086634558411631e-02
1.203086634558411111e-02
1.203086634558412325e-02
1.203086634558411458e-02
1.203086634558412325e-02
1.203086634558412672e-02
1.208211157467228847e-02
1.213380724250453027e-02
1.213380724250453201e-02
1.208211157467228326e-02
1.208211157467230408e-02
1.208211157467230928e-02
1.205221196873948637e-02
1.205221196873950198e-02
1.205221196873950198e-02
1.203086634558412152e-02
1.203086634558412152e-02
1.203086634558413193e-02
1.203086634558413540e-02
1.203086634558412152e-02
1.208211108363687128e-02
1.208211108363686954e-02
1.208211108363688689e-02
1.208211108363686954e-02
1.192965654591901167e-02
1.192965654591899606e-02
1.192965654591901688e-02
1.192965654591899606e-02
1.192965654591901514e-02
1.192965654591900994e-02
1.192965654591901341e-02
1.192965654591900994e-02
1.208213449948737812e-02
1.203084561477428885e-02
1.203084561477426456e-02
1.203084561477426456e-02
1.203084561477426630e-02
1.203084561477424548e-02
1.198003239031072802e-02
1.198003239031070720e-02
1.198003239031070546e-02
1.197934950297083884e-02
1.197912409898580638e-02
1.197912409898580638e-02
1.192893888323180197e-02
1.192893888323181932e-02
1.192893888323184187e-02
1.192893888323182279e-02
1.250494592291996609e-02
1.250494592291996609e-02
1.250494592291994528e-02
1.250494592291994181e-02
1.255982594199107905e-02
1.261520344442864164e-02
1.261520344442863817e-02
1.261520344442863817e-02
1.261520344442866072e-02
1.261520344442866245e-02
1.261520344442866592e-02
1.255982756792779764e-02
1.255982756792781846e-02
1.255982756792779244e-02
1.255982756792781672e-02
1.255982756792781499e-02
1.261520426119880009e-02
1.261520426119879315e-02
1.261520426119881744e-02
1.261520426119884866e-02
1.261520426119883652e-02
1.255982756795176285e-02
1.255982756795172642e-02
1.261520426119883305e-02
1.250494592291996783e-02
1.250494592291994701e-02
1.250494592291998344e-02
1.250494592291996609e-02
1.250494592291998344e-02
1.250494592291997997e-02
1.250494592291998344e-02
1.250494592291994701e-02
1.250494592291994701e-02
1.250494592291994701e-02
1.250494592291994007e-02
1.250494592291994181e-02
1.273363792571687199e-02
1.273363792571686158e-02
1.273363792571685464e-02
1.273363792571686332e-02
1.284192961463747999e-02
1.278450237823472967e-02
1.278450237823472273e-02
1.278450237823471752e-02
1.278450237823472793e-02
1.278450237823474528e-02
1.278450237823472273e-02
1.278450237823473661e-02
1.278450237823474181e-02
1.278450237823473661e-02
1.278450237823471752e-02
1.278450237823473834e-02
1.278450237823475222e-02
1.232250770618551622e-02
1.223855937082842654e-02
1.223855937082842307e-02
1.223855937082844389e-02
1.218637778649011433e-02
1.218637778649011433e-02
1.218637778649011606e-02
1.218637778649011780e-02
1.218637778649013514e-02
1.251090601570488230e-02
1.251090601570488403e-02
1.251090601570488403e-02
1.251090601570492220e-02
1.251090601570487883e-02
1.251090601570488403e-02
1.251090601570488577e-02
1.251090601570492913e-02
1.251090601570488403e-02
1.251090601570490485e-02
1.251090601570490485e-02
1.251090601570490658e-02
1.251090601570490311e-02
1.262199654486999278e-02
1.262199654486998585e-02
1.262199654486998585e-02
1.262199654487001187e-02
1.262199654487001707e-02
1.251176829336210841e-02
1.256630792610774483e-02
1.256630792610776218e-02
1.262221647433404113e-02
1.262221647433403940e-02
1.262221647433406542e-02
1.262221647433403940e-02
1.256630903035131815e-02
1.256630903035133202e-02
1.256630903035128866e-02
1.256630903035128866e-02
1.256630903035128866e-02
1.245330547210341844e-02
1.234557729111662033e-02
1.234557729111659778e-02
1.234557729111659778e-02
1.234557729111659778e-02
1.234557729111659605e-02
1.234557729111657697e-02
1.234557729111658043e-02
1.239920342465133073e-02
1.234557754965864319e-02
1.234557729111655441e-02
1.234557729111659952e-02
1.229242704783187201e-02
1.234557729111664115e-02
1.234557729111664288e-02
1.234557729111664288e-02
1.234557729111664115e-02
1.234557729111664462e-02
1.234557729111664115e-02
1.229242704783187375e-02
1.229242704783185293e-02
1.229242704783185466e-02
1.229242704783187375e-02
1.229242704783187201e-02
1.229242704783181303e-02
1.229242704783181477e-02
1.229242704783185119e-02
1.229242704783185293e-02
1.229242704783183732e-02
1.229242704783185293e-02
1.234557729111659778e-02
1.229242704783185293e-02
1.229242704783185293e-02
1.229242704783181477e-02
1.229242704783183211e-02
1.229242704783183211e-02
1.224202229702190704e-02
1.224202229702188796e-02
1.224202229702188102e-02
1.224202229702184286e-02
1.229242704783185466e-02
1.229242704783183211e-02
1.229242704783185466e-02
1.229242704783185119e-02
1.229242704783185293e-02
1.234557729111655962e-02
1.234557729111660472e-02
1.229509599347204142e-02
1.224202255241072478e-02
1.224202255241074559e-02
1.224202255241072478e-02
1.224202255241072478e-02
1.224202255241072478e-02
1.229242704783185119e-02
1.234557729111656135e-02
1.234557729111658043e-02
1.234557729111658043e-02
1.234557729111658043e-02
1.229242704783187201e-02
1.229242704783187028e-02
1.229242704783187201e-02
1.229242704783185293e-02
1.234557729111655962e-02
1.234556107518296718e-02
1.229242704783187201e-02
1.229242704783185293e-02
1.229242704783185293e-02
1.229242704783185293e-02
1.229242704783184946e-02
1.229242704783185119e-02
1.229242704783187201e-02
1.229242704783187201e-02
1.229242704783187201e-02
1.229242704783183211e-02
1.234557729111660472e-02
1.234557729111660472e-02
1.229242704783185293e-02
1.229242704783185119e-02
1.229242704783183211e-02
1.229242704783185293e-02
1.229242704783185119e-02
1.229242704783185293e-02
1.229242704783185293e-02
1.239920238573599502e-02
1.239920238573599502e-02
1.234557780818815002e-02
1.234557780818817084e-02
1.234557780818817084e-02
1.234557780818816911e-02
1.234557780818818819e-02
1.223968474287084537e-02
1.223968474287084537e-02
1.223968474287084537e-02
1.223968474287082629e-02
1.239923873955964435e-02
1.239923873955962007e-02
1.239863443083361917e-02
1.239863443083359835e-02
1.239863443083359835e-02
1.239863443083361744e-02
1.239863443083363825e-02
1.239863443083361917e-02
1.258146268361543668e-02
1.258146268361542280e-02
1.263702623244665479e-02
1.258146268361542107e-02
1.258146268361541587e-02
1.258146268361542280e-02
1.258146268361542454e-02
1.258146268361542801e-02
1.258146268361543668e-02
1.258146268361541760e-02
1.258146268361541587e-02
1.258146377302857277e-02
1.263702650611949786e-02
1.263702650611946837e-02
1.263702650611945276e-02
1.258146377302857798e-02
1.258146377302857624e-02
1.258146377302855022e-02
1.258146377302853461e-02
1.258146377302855543e-02
1.258146377302857451e-02
1.263702650611945449e-02
1.263702650611943368e-02
1.258146377302857798e-02
1.258146377302855889e-02
1.269309015891131528e-02
1.269309015891133437e-02
1.269309015891133263e-02
1.269309015891131182e-02
1.269309015891133263e-02
1.269309015891133437e-02
1.269309015891133437e-02
1.269309015891133437e-02
1.269309015891133263e-02
1.269309015891133263e-02
1.269309015891133263e-02
1.269309015891131528e-02
1.269309015891136212e-02
1.269309015891133784e-02
1.269309015891131355e-02
1.269309015891135692e-02
1.269309015891136039e-02
1.269309015891136039e-02
1.269309015891133437e-02
1.269309015891133263e-02
1.269309015891133437e-02
1.269309015891132916e-02
1.269309015891135865e-02
1.269309015891135865e-02
1.269309015891136559e-02
1.269309015891131528e-02
1.269309015891133610e-02
1.269309015891132396e-02
1.269309015891134131e-02
1.269309015891132222e-02
1.269309015891132743e-02
1.269309015891132049e-02
1.274963261624674840e-02
1.263705269258430693e-02
1.263705269258426356e-02
1.269308987932885741e-02
1.269308987932885220e-02
1.263705269258426876e-02
1.263705269258431040e-02
1.263705269258431040e-02
1.263705269258429652e-02
1.263705269258431040e-02
1.269281836477412564e-02
1.269281836477411871e-02
1.269281836477410136e-02
1.263705269258427397e-02
1.263705269258428958e-02
1.263705269258433295e-02
1.263705269258431907e-02
1.263705269258430693e-02
1.263705269258428784e-02
1.263705269258426356e-02
1.263705269258426876e-02
1.263705269258427397e-02
1.263705269258430866e-02
1.263705269258431040e-02
1.263705269258431040e-02
1.269308987932887996e-02
1.269308987932884700e-02
1.263705269258426009e-02
1.263705269258426529e-02
1.263705269258430693e-02
1.263705269258426356e-02
1.263705269258427050e-02
1.263705269258427397e-02
1.263705269258430693e-02
1.269308987932886955e-02
1.269308987932885047e-02
1.263703147584533185e-02
1.263703147584531276e-02
1.263703147584532838e-02
1.274966155335187368e-02
1.274966155335187368e-02
1.269309296394218953e-02
1.269309296394217912e-02
1.269309296394216698e-02
1.269309296394216351e-02
1.269309296394217391e-02
1.269309296394217218e-02
1.269309296394218779e-02
1.269309296394216698e-02
1.269309296394217045e-02
1.269309296394215657e-02
1.258147906638114495e-02
1.258147906638114495e-02
1.258147906638114669e-02
1.258147906638114842e-02
1.258147906638112240e-02
1.258147906638114842e-02
1.258147906638114842e-02
1.258147906638113281e-02
1.269308463580860573e-02
1.263703230376489288e-02
1.263703230376489808e-02
1.263703230376489114e-02
1.263703230376489288e-02
1.263703230376489808e-02
1.263703230376489982e-02
1.263703230376491543e-02
1.263703230376489288e-02
1.263703230376489114e-02
1.263703230376489114e-02
1.269308463580858838e-02
1.263703230376489461e-02
1.263703230376491543e-02
1.263703230376492237e-02
1.263703230376490329e-02
1.263703230376489461e-02
1.263703230376489808e-02
1.263703230376489808e-02
1.263703230376492584e-02
1.263703230376492237e-02
1.263703230376491890e-02
1.263703230376489114e-02
1.263703230376489114e-02
1.263703230376489808e-02
1.269308463580859359e-02
1.263703230376489808e-02
1.263703230376489114e-02
1.263703230376489114e-02
1.252645591892700624e-02
1.252645591892701145e-02
1.252645591892700278e-02
1.252645591892700624e-02
1.263716969128952060e-02
1.258156218101846857e-02
1.247178101780575636e-02
1.247178101780576330e-02
1.247178101780575463e-02
1.258158460822882303e-02
1.258158460822877620e-02
1.258159016985689778e-02
1.252643585409264279e-02
1.252643585409262544e-02
1.258111771250650449e-02
1.252597229335657321e-02
1.252597229335657147e-02
1.252597229335655413e-02
1.252597229335654892e-02
1.252597229335657321e-02
1.252597229335657321e-02
1.252597229335657147e-02
1.214028729188871072e-02
1.214028729188870899e-02
1.214028729188870726e-02
1.219256079515028922e-02
1.214028729188871072e-02
1.214028729188871246e-02
1.214028729188870899e-02
1.224529735937556624e-02
1.219256104833852522e-02
1.219256104833850267e-02
1.214028729188871072e-02
1.246155249417812624e-02
1.246155249417807941e-02
1.246155249417807767e-02
1.246155249417810369e-02
1.246155249417812451e-02
1.246155249417807941e-02
1.246155249417807941e-02
1.246155249417808114e-02
1.251642590868956226e-02
1.251642590868956052e-02
1.251642590868953971e-02
1.251625854073166837e-02
1.251844803154829669e-02
1.257162093104417268e-02
1.257162093104419176e-02
1.257162093104416921e-02
1.257162093104415707e-02
1.262748515341952441e-02
1.262748515341950532e-02
1.257162093104417268e-02
1.257162093104419003e-02
1.257162093104419176e-02
1.257162093104415533e-02
1.257162093104417268e-02
1.257162093104415360e-02
1.257162093104417268e-02
1.257162093104419870e-02
1.257162093104419176e-02
1.257162093104417268e-02
1.257162093104419523e-02
1.251625854073164582e-02
1.246155249417807941e-02
1.246155249417807594e-02
1.246155249417812277e-02
1.246155249417808114e-02
1.246155249417807941e-02
1.251642590868956052e-02
1.251642590868956052e-02
1.246155249417808114e-02
1.246155249417810022e-02
1.251642590868953797e-02
1.251642590868953971e-02
1.262732047981135995e-02
1.257144351734149762e-02
1.262732047981140505e-02
1.262732047981135475e-02
1.257179591736767334e-02
1.251642672428675968e-02
1.251642672428674233e-02
1.251642672428673886e-02
1.251642672428675100e-02
1.251642672428673365e-02
1.251642672428673365e-02
1.257179591736768895e-02
1.251642672428673886e-02
1.251642672428676314e-02
1.251642672428676314e-02
1.257179591736767334e-02
1.251642672428677876e-02
1.251642672428678049e-02
1.251642672428676661e-02
1.251642672428674580e-02
1.251642672428673886e-02
1.235311922575545521e-02
1.235311922575545521e-02
1.219414165728039713e-02
1.219414165728039540e-02
1.219414165728039540e-02
1.219414165728039713e-02
1.224663036699631842e-02
1.219414165728035723e-02
1.219414165728035723e-02
1.219414165728037805e-02
1.219414165728037805e-02
1.219414165728037805e-02
1.219414165728035723e-02
1.219414165728035897e-02
1.219414165728036417e-02
1.235281147406042286e-02
1.235281147406046449e-02
1.235281147406044541e-02
1.235281147406044888e-02
1.240669137644300445e-02
1.240669137644300271e-02
1.235281147406046449e-02
1.235281147406046449e-02
1.235281147406046623e-02
1.246105623778734524e-02
1.246105623778734350e-02
1.246105623778732269e-02
1.246105623778734697e-02
1.246105623778734697e-02
1.246105623778732269e-02
1.240669296283026211e-02
1.240669296283026038e-02
1.240669296283023436e-02
1.240669296283025344e-02
1.240669296283022048e-02
1.240669296283020140e-02
1.240669296283023956e-02
1.235281147406044541e-02
1.235281147406044541e-02
1.240669137644302700e-02
1.240669137644302526e-02
1.235307898029994363e-02
1.235307898029998179e-02
1.235307898029994189e-02
1.229964487927264101e-02
1.229964487927266009e-02
1.229964487927264274e-02
1.235307898029994189e-02
1.229964487927265836e-02
1.229964487927264101e-02
1.229964487927264101e-02
1.229964487927266183e-02
1.229964487927264621e-02
1.229964487927266009e-02
1.229964487927263928e-02
1.229964487927264101e-02
1.229964487927266183e-02
1.229964487927264274e-02
1.229964487927262366e-02
1.229964487927264101e-02
1.229964487927264274e-02
1.229964487927264274e-02
1.240714000051900204e-02
1.262814079895773108e-02
1.262814079895771026e-02
1.262814079895768424e-02
1.262814079895770679e-02
1.268446283333228043e-02
1.268446283333227696e-02
1.268446283333228217e-02
1.262814079895768771e-02
1.262814079895770332e-02
1.262814079895768597e-02
1.268446283333228217e-02
1.268446283333228217e-02
1.268446283333228217e-02
1.257716040172460539e-02
1.257716040172460886e-02
1.257716040172462447e-02
1.268446283333225788e-02
1.268446283333223880e-02
1.268446283333228043e-02
1.268446359349906238e-02
1.262813960440611200e-02
1.268446359349903983e-02
1.262813960440615189e-02
1.262813960440611026e-02
1.262813960440608424e-02
1.262813960440610679e-02
1.262813960440611026e-02
1.262813960440611200e-02
1.262813960440611200e-02
1.262813960440611200e-02
1.262813960440611200e-02
1.285662765288749995e-02
1.285662765288752077e-02
1.285662765288752597e-02
1.285662765288750689e-02
1.285662765288752771e-02
1.285662765288754852e-02
1.285662765288752597e-02
1.285662765288746873e-02
1.279874797720746867e-02
1.279874797720750856e-02
1.279874797720747560e-02
1.279874565323792061e-02
1.274139708191997754e-02
1.274139708191997580e-02
1.291477618195589760e-02
1.285635595801056658e-02
1.279847747217042163e-02
1.285635595801058392e-02
1.285635595801058392e-02
1.285635595801055617e-02
1.285635595801055270e-02
1.279847747217043551e-02
1.279847747217041989e-02
1.279847747217043551e-02
1.285662852855913411e-02
1.285662852855913064e-02
1.285662852855912891e-02
1.297402734944549246e-02
1.297402734944546644e-02
1.297402734944546991e-02
1.297402734944549420e-02
