5.044393257574490697e-03
5.044393257573019651e-03
5.044393257575996437e-03
5.044393257576551548e-03
5.044393257574608658e-03
5.044393257574573963e-03
5.044393257574568759e-03
5.044393257574586106e-03
5.044393257574599984e-03
5.044393257574566157e-03
5.044393257574603454e-03
5.044393257574612995e-03
5.044393257574601719e-03
5.044393257574579167e-03
5.055139191999616019e-03
5.065933878448470110e-03
5.055139191999629897e-03
5.065933573157930733e-03
5.055622126130294644e-03
5.055622126130307654e-03
5.055622126130293777e-03
5.055622126130295511e-03
5.066442581874304810e-03
5.013203852576007986e-03
5.013203852576030538e-03
5.013203852576029670e-03
5.013203852576019262e-03
5.013203852576060028e-03
5.013203852576033140e-03
5.013203852576062630e-03
5.002605684211883577e-03
5.002605684211886179e-03
5.002605684211871434e-03
5.002605684211857556e-03
5.002605684211849750e-03
5.002605684211850617e-03
5.023849963099431305e-03
5.013203852576037477e-03
5.013203852576023599e-03
5.013203852576034007e-03
5.002605684211838474e-03
5.002605684211853219e-03
5.013203871314757254e-03
5.023849944315462134e-03
5.013203871314482300e-03
5.013203871314501382e-03
5.013203871314501382e-03
5.013203871314501382e-03
5.013203871314501382e-03
5.013203871314475361e-03
5.013203871314475361e-03
5.013203871314475361e-03
5.013203871314486637e-03
5.013203871314502250e-03
5.023849775262927142e-03
5.034545680675299624e-03
5.034545680675277940e-03
5.045289155702561631e-03
5.013197382678490945e-03
5.002617623866752530e-03
5.002617623866752530e-03
5.002617623866752530e-03
5.002617623866752530e-03
5.002617623866752530e-03
5.002617623866752530e-03
5.002617623866744724e-03
5.002617623866736918e-03
5.013196245548475795e-03
5.013196245548496612e-03
5.013196245548489673e-03
5.013196245548485336e-03
5.013196245548497479e-03
5.013196245548478397e-03
5.013196245548490540e-03
5.023840582197230432e-03
5.013196245548478397e-03
5.013196245548467121e-03
5.034533171920869792e-03
5.034533171920873261e-03
5.023840582197224361e-03
5.023840582197201809e-03
5.002600360121558717e-03
4.992051531722254722e-03
4.992051531722243446e-03
4.992051531722264263e-03
4.992051531722254722e-03
4.992051531722263395e-03
4.992051531722264263e-03
4.992051531722272069e-03
4.992051531722264263e-03
4.992051531722282477e-03
5.002600924258093947e-03
5.002600924258079201e-03
5.002600924258087875e-03
4.992051531722279008e-03
5.002600780405931993e-03
5.002600780405918983e-03
5.002600780405899034e-03
4.992051531722264263e-03
4.992051531722244313e-03
4.992051531722247783e-03
4.992051531722243446e-03
4.981550060443749352e-03
4.992392358679232159e-03
5.002966164595222184e-03
5.002966164595233460e-03
4.992392358679219148e-03
4.992392358679222618e-03
4.992392358679221750e-03
4.992392358679208740e-03
4.992392358679219148e-03
5.002965758482301982e-03
4.992392358679221750e-03
4.992392358679213077e-03
5.002966164595252542e-03
4.992051531722278140e-03
5.002600924258067058e-03
4.992051531722292018e-03
5.013199052026684477e-03
5.002601006997651339e-03
5.002601006997647870e-03
5.002601006997608839e-03
5.065731905702788342e-03
5.065716255257901243e-03
5.065716255257896039e-03
5.065716255257907315e-03
5.065716255257923795e-03
5.065716255257923795e-03
5.076547252582434833e-03
5.076547252582434833e-03
5.076547252582427894e-03
5.076547252582422690e-03
5.076547252582427894e-03
5.076547252582436567e-03
5.087431437396174733e-03
5.087431437396170396e-03
5.110058752502317191e-03
5.110058752502322395e-03
5.110058752502311119e-03
5.110058752502318925e-03
5.110058752502321527e-03
5.076618103807477127e-03
5.076618103807476259e-03
5.076618103807483198e-03
5.076618103807477994e-03
5.076618103807483198e-03
5.076618103807466718e-03
5.065783362590066397e-03
5.065783362590063794e-03
5.098410502457280911e-03
5.098410502457269636e-03
5.098410502457275707e-03
5.098410502457269636e-03
5.098410502457273973e-03
5.087502556597300191e-03
5.087502556597293252e-03
5.087502556597297589e-03
5.076618569118559327e-03
5.076618569118559327e-03
5.076618569118558459e-03
5.087502459440548797e-03
5.076618569118566265e-03
5.120454198470822220e-03
5.109419480991895211e-03
5.109419480991899548e-03
5.065783362590052519e-03
5.065783362590061192e-03
5.065783362590046447e-03
5.065783362590048182e-03
5.065783362590070733e-03
5.054991421555403430e-03
5.033559953777693059e-03
5.087505890283818867e-03
5.087505890283785907e-03
5.087505890283799785e-03
5.087505890283812796e-03
5.087505890283812796e-03
5.087505890283790244e-03
5.087505890283790244e-03
4.939558907561314438e-03
4.949844002479835900e-03
4.949844002479838502e-03
4.949844002479832430e-03
4.949844002479830696e-03
4.949844002479830696e-03
4.949844002479830696e-03
4.949844002479843706e-03
4.949844002479841104e-03
4.949844002479835900e-03
4.949844002479835900e-03
4.949844002479837635e-03
4.949844002479837635e-03
4.949844002479827226e-03
4.949844002479831563e-03
4.949844002479856717e-03
4.939558907561291887e-03
4.939558907561298826e-03
4.949844039058251544e-03
4.949844039058246339e-03
4.949844039058252411e-03
4.949844039058246339e-03
4.949844039058247207e-03
4.949844039058255013e-03
4.949844039058239401e-03
4.949844039058235931e-03
4.950086510959164979e-03
4.950086510959176254e-03
4.949844039058235931e-03
4.949844039058235931e-03
4.949844039058246339e-03
4.949844039058239401e-03
4.949844039058231594e-03
4.960174275937290732e-03
4.949844039058240268e-03
4.949844039058232462e-03
4.949844039058233329e-03
4.949844039058225523e-03
4.949844039058231594e-03
4.949844039058225523e-03
4.949844039058231594e-03
4.949844039058225523e-03
4.949844039058245472e-03
4.949844039058231594e-03
4.949844039058232462e-03
4.949844039058233329e-03
4.960174275937282058e-03
4.949844039058231594e-03
4.949844039058248941e-03
4.949844039058241135e-03
4.949844039058235931e-03
4.949844039058248074e-03
4.949844039058241135e-03
4.946698018714230059e-03
4.946698018714236998e-03
4.946698018714243070e-03
4.957020188702002290e-03
4.957020188702010964e-03
4.957020188702004893e-03
4.946698554179926148e-03
4.957020188701995352e-03
4.956859649353245745e-03
4.956859649353245745e-03
4.967226879206960641e-03
4.967226879206960641e-03
4.946698554179926148e-03
4.957020188701995352e-03
4.957020188702007495e-03
4.967387918600150130e-03
4.988261958172634028e-03
4.967387918600157069e-03
4.967387918600157069e-03
4.967387918600150130e-03
4.967387918600150130e-03
4.967387918600150130e-03
4.967387918600157069e-03
4.946696746230830159e-03
4.946696746230830159e-03
4.946696746230837098e-03
4.946696345387345019e-03
4.946696345387347621e-03
4.946696345387347621e-03
4.946696345387334610e-03
4.946696345387334610e-03
4.946696345387351090e-03
4.946696345387347621e-03
4.957018169456835384e-03
4.957018169456839721e-03
4.946696345387345019e-03
4.946696345387345019e-03
4.946696345387332876e-03
4.936420165626759227e-03
4.936420165626760094e-03
4.936420165626760094e-03
4.936420165626754890e-03
4.936420165626761829e-03
4.936420165626764431e-03
4.936420165626760961e-03
4.936420165626755757e-03
4.936420165626755757e-03
4.936420165626764431e-03
4.967388187139602958e-03
4.967388187139596019e-03
4.967388187139590815e-03
4.967388187139593417e-03
4.967388187139602958e-03
4.957022306510408365e-03
4.957022306510402293e-03
4.957022306510402293e-03
4.957022306510402293e-03
4.967212588862288287e-03
4.967212588862287420e-03
4.967212588862298696e-03
4.967212588862288287e-03
4.967212588862281349e-03
4.967212588862282216e-03
4.977613642752711821e-03
4.977613642752704882e-03
4.977613642752707485e-03
4.977613642752697944e-03
4.977613642752697944e-03
4.977613642752704015e-03
4.977613642752692739e-03
4.977613642752705750e-03
4.977613642752704882e-03
4.977613642752706617e-03
4.967212588862288287e-03
4.967212588862280481e-03
4.967212588862286553e-03
4.967212588862280481e-03
4.988060274629720764e-03
4.977613642752681464e-03
4.977613642752685801e-03
4.977613642752689270e-03
4.957022306510406630e-03
4.967388187139606427e-03
4.967388187139612499e-03
4.936423220291692553e-03
4.936423220291692553e-03
4.936423220291693420e-03
4.936423220291698624e-03
4.936423220291686481e-03
4.936423220291687348e-03
4.936423220291698624e-03
4.936423220291692553e-03
4.936423220291687348e-03
4.946698052619315396e-03
4.946698052619315396e-03
4.946698052619321467e-03
4.946698052619318865e-03
4.946698052619303253e-03
4.946698052619318865e-03
4.936360763814137687e-03
4.926191313601939459e-03
4.926191313601932520e-03
4.926191313601927316e-03
4.926191313601935989e-03
4.926191313601922979e-03
4.915994644882215256e-03
4.915994644882204848e-03
4.915994644882208317e-03
4.915994644882210919e-03
4.915994644882211786e-03
4.915994644882210052e-03
4.905851120625481961e-03
5.001441226408278110e-03
5.001441226408282446e-03
5.001441226408282446e-03
5.001441226408277242e-03
5.001441226408282446e-03
5.001441226408269436e-03
5.011916837395422909e-03
5.011916837395422909e-03
5.001441281038721508e-03
5.001441281038709365e-03
5.011916112721133583e-03
5.022439345434227299e-03
5.011916910467220654e-03
5.011916910467220654e-03
5.001441281038718906e-03
5.001441281038726712e-03
4.991012000385854075e-03
4.991012000385851473e-03
4.991012000385847136e-03
5.001441190034862545e-03
4.991012000385846269e-03
4.991012000385847136e-03
4.991012000385846269e-03
4.991012000385845401e-03
4.991012000385847136e-03
4.991012000385845401e-03
4.980938288698000260e-03
4.981250570723605962e-03
4.981250570723610299e-03
4.981250570723607697e-03
4.981250570723626779e-03
4.981250570723609432e-03
4.981250570723614636e-03
4.981250570723602493e-03
4.981250570723604228e-03
4.906554457299257960e-03
4.906554457299262297e-03
4.916620811170106797e-03
4.906554457299268368e-03
4.906554457299260562e-03
4.909094448935042050e-03
4.909094448935040315e-03
4.919162234353396425e-03
4.899070469342715894e-03
4.899070469342723701e-03
4.899070469342715027e-03
4.899070469342721966e-03
4.899070401280879346e-03
4.899070401280875009e-03
4.899070401280885417e-03
4.899070401280891489e-03
4.899070401280890621e-03
4.899070401280881948e-03
4.889089908440052458e-03
4.889089908440056795e-03
4.889089908440051591e-03
4.889089908440035111e-03
4.889089908440046386e-03
4.889089908440049856e-03
4.889089908440055060e-03
4.889089908440053325e-03
4.909094671673057582e-03
4.909094671673044571e-03
4.899070741761300980e-03
4.899070741761307052e-03
4.899070741761312256e-03
4.899070741761308787e-03
4.909039844179240858e-03
4.899070351903527312e-03
4.899070351903523843e-03
4.899070351903525578e-03
4.889299493242666057e-03
4.889299493242666057e-03
4.889299493242673864e-03
4.889299493242669527e-03
4.899070351903529047e-03
4.899070351903516037e-03
4.899070351903509098e-03
4.899070351903530782e-03
4.899070351903529914e-03
4.899070351903522975e-03
4.889089908440052458e-03
4.889194394865653548e-03
4.889089908440050723e-03
4.889089908440042050e-03
4.889089908440045519e-03
4.889089908440040315e-03
4.889089908440040315e-03
4.889089908440052458e-03
4.889089908440035978e-03
4.889089908440052458e-03
4.889089908440035978e-03
4.889194394865679569e-03
4.889089908440039448e-03
5.012201592811052833e-03
5.012201592811059772e-03
5.012201592811056303e-03
5.012201592811051098e-03
5.012201592811070180e-03
5.012201592811058037e-03
5.012201592811053701e-03
5.022680722026096750e-03
5.022680722026114097e-03
5.033206481839067915e-03
5.022680722026115832e-03
5.022680722026103689e-03
5.022680722026108893e-03
5.022680722026114965e-03
5.022680722026114097e-03
5.022680722026117567e-03
5.012198940724218836e-03
5.012201592811059772e-03
5.012201592811057170e-03
5.012201592811061507e-03
5.012201592811054568e-03
5.012201592811054568e-03
5.012201592811047629e-03
5.012201592811068446e-03
5.022680364671552357e-03
5.022680364671552357e-03
5.022680364671545418e-03
5.022680364671565367e-03
5.022680364671568837e-03
5.012201592811065844e-03
5.012201592811046762e-03
5.012201592811058037e-03
5.012201592811078854e-03
5.022680703742067945e-03
5.033208494962536188e-03
5.033208494962537055e-03
5.033208494962525779e-03
5.033208494962528382e-03
5.033208494962533586e-03
5.033208494962533586e-03
5.033208494962545729e-03
5.033208494962529249e-03
5.033208494962529249e-03
5.033208494962529249e-03
5.033208494962531851e-03
5.041450501933334577e-03
5.033208494962524045e-03
5.033208494962529249e-03
5.054253267449759258e-03
5.054253267449758391e-03
5.054253267449750585e-03
5.054253267449758391e-03
5.054253267449733238e-03
5.033208494962529249e-03
5.033208494962530984e-03
5.043778786192133594e-03
5.033208494962540525e-03
5.033208494962531851e-03
5.033208494962531851e-03
5.033208494962529249e-03
5.033208494962539657e-03
5.043778375568535970e-03
5.033208494962538790e-03
5.033208494962546596e-03
5.033208494962535320e-03
5.033208494962542259e-03
5.033208494962535320e-03
5.033208494962536188e-03
5.033208494962543127e-03
5.043778786192133594e-03
5.033208494962536188e-03
5.033208494962536188e-03
5.033208494962539657e-03
5.033208494962536188e-03
5.033208494962527514e-03
5.043778786192139665e-03
5.043778786192115379e-03
5.043778786192130992e-03
5.043778786192129257e-03
5.043778786192144870e-03
5.043778786192150941e-03
5.043778786192137063e-03
5.043778786192148339e-03
5.043778786192124920e-03
5.043778786192115379e-03
5.043778786192126655e-03
5.043778786192133594e-03
5.043778786192148339e-03
5.043778786192132726e-03
5.043778786192132726e-03
5.043778786192140533e-03
5.043778786192135329e-03
5.043778786192158747e-03
5.043778786192138798e-03
5.043778786192144002e-03
5.043778786192151808e-03
5.043778786192152676e-03
5.043683169855410313e-03
5.043683169855399037e-03
5.043683169855392966e-03
5.043683169855398170e-03
5.043683169855392966e-03
5.043683169855397302e-03
5.043683169855399037e-03
5.044138615981817730e-03
5.044138615981818598e-03
5.054297093943361033e-03
5.054297093943375778e-03
5.054297093943369706e-03
5.022680703742096568e-03
5.022680703742096568e-03
5.012201592811063242e-03
5.012201592811080589e-03
5.012201592811075385e-03
5.012201592811066711e-03
5.012201592811063242e-03
5.012201592811063242e-03
5.012201592811061507e-03
5.012201592811057170e-03
5.012201592811071048e-03
5.012201592811071048e-03
5.022680703742099170e-03
5.022680703742091364e-03
5.022680703742083558e-03
5.034070763692585597e-03
5.033206629963216279e-03
5.043770756957366083e-03
5.043770756957366083e-03
5.043770756957367818e-03
5.065043237822356402e-03
5.065043237822352933e-03
5.065043237822359004e-03
5.065043237822355535e-03
5.075756803588559254e-03
5.065043256606453076e-03
5.065043256606460882e-03
5.065043256606461750e-03
5.054876601377897814e-03
5.054876601377897814e-03
5.054396928222724440e-03
5.043595432514816172e-03
4.971072987550551742e-03
4.971072987550545670e-03
4.971072987550557813e-03
4.960726802381133262e-03
4.960726802381135864e-03
4.960726802381129792e-03
4.960726802381127190e-03
4.960726802381114180e-03
4.960726802381131527e-03
4.971072987550560415e-03
4.971072987550557813e-03
4.981465284513503060e-03
4.960726802381135864e-03
4.960726802381121119e-03
4.971072987550564752e-03
4.971072987550557813e-03
4.960444886021701805e-03
4.960444886021692264e-03
4.960444886021701805e-03
4.960444886021690529e-03
4.960444886021692264e-03
4.960444886021695733e-03
5.044279317622633527e-03
5.044279317622633527e-03
5.065771087108262606e-03
5.055029731848997149e-03
5.055029731848995414e-03
5.055029731848990210e-03
5.055029731848990210e-03
5.055029731848979802e-03
5.044346649092374367e-03
5.044346649092377836e-03
5.033701184697557396e-03
5.033701184697560865e-03
5.033701184697559131e-03
5.033701184697563467e-03
5.033701184697566069e-03
5.033701184697559131e-03
5.055040227505178986e-03
5.065782057487175187e-03
5.055040227505185058e-03
5.023102636623921757e-03
5.023102636623921757e-03
5.023102636623903543e-03
5.023102636623899206e-03
5.023102636623905277e-03
5.023102636623923492e-03
5.023102636623900941e-03
5.023102636623901808e-03
5.033700708924605111e-03
5.033700708924591233e-03
5.033700708924598172e-03
5.033700708924600774e-03
5.023102636623914818e-03
5.023102636623920890e-03
5.023102636623926961e-03
5.023102636623933033e-03
5.023102636623931298e-03
5.023102636623926961e-03
4.940716211749781282e-03
4.930473363292066889e-03
4.930473363292066022e-03
4.930473363292072961e-03
4.930473363292084236e-03
4.930473363292074696e-03
4.940734526256098172e-03
4.940734526256087764e-03
4.940734526256079957e-03
4.940734526256073886e-03
4.940736534409422356e-03
4.940736534409412815e-03
4.930672322042712469e-03
4.940908662462922991e-03
4.940908662462898705e-03
4.930595182748403506e-03
4.930595182748400904e-03
4.930672322042689917e-03
4.930672322042689917e-03
4.930672322042683846e-03
4.930672322042699458e-03
4.930672322042703795e-03
4.930672322042701193e-03
4.930672322042703795e-03
4.930672322042710734e-03
4.930672322042703795e-03
4.930672322042701193e-03
4.930672322042703795e-03
4.930672322042710734e-03
4.940951290200103381e-03
4.940955170502335687e-03
4.940955170502340024e-03
4.930672322042690785e-03
4.930672322042696856e-03
4.930672322042690785e-03
4.930672322042687315e-03
4.930672322042687315e-03
4.930672322042680376e-03
4.930672322042683846e-03
4.961689211238444301e-03
4.961689211238448638e-03
4.961689211238435628e-03
4.961689211238436495e-03
4.961689211238436495e-03
4.961689211238435628e-03
4.961689211238432158e-03
4.961689211238429556e-03
4.961689211238444301e-03
4.961689211238438230e-03
4.961689211238438230e-03
4.961689211238438230e-03
4.930462214741666328e-03
4.930462214741667196e-03
4.930462214741673267e-03
4.940735366086818764e-03
4.930462214741659389e-03
4.930462214741666328e-03
4.930462214741672400e-03
4.930462214741671532e-03
4.971830364057688509e-03
4.971830364057689376e-03
4.971830364057683305e-03
4.951054368520030335e-03
4.951054368520023397e-03
4.950988329734323963e-03
4.950988329734323963e-03
4.971830696301726346e-03
4.961419640722031753e-03
4.961419640722034355e-03
4.961419640722021344e-03
4.961419640722030885e-03
4.950849633454567668e-03
4.950849633454585882e-03
4.950849633454584148e-03
4.950849633454587617e-03
4.950849633454577209e-03
4.950849633454580678e-03
4.950849633454585882e-03
4.950849633454578944e-03
4.950849633454574607e-03
4.950849633454570270e-03
4.950849633454576341e-03
4.950849633454578944e-03
4.950849633454581546e-03
4.950849633454575474e-03
4.950849633454591087e-03
4.961185635712022854e-03
4.961185635712026323e-03
4.961185635712036732e-03
4.940672612800608987e-03
4.940672612800607252e-03
4.940672612800610722e-03
4.940672612800612457e-03
4.950971205699809807e-03
4.950971205699802868e-03
4.940672612800608987e-03
4.940672612800608987e-03
4.940672612800607252e-03
4.940672612800610722e-03
4.930419376884580956e-03
4.930419376884594834e-03
4.930419376884589630e-03
4.940672577215628712e-03
4.940672577215632182e-03
4.940672577215638253e-03
4.940672577215632182e-03
4.950971170031949649e-03
4.950971170031950516e-03
4.950971170031960057e-03
4.940672666177325228e-03
4.940672666177319157e-03
4.940672666177324361e-03
4.940672666177325228e-03
4.940672666177328698e-03
4.940672666177319157e-03
4.940672666177310483e-03
4.940672666177318290e-03
4.940672666177319157e-03
4.940672666177323494e-03
4.950971170031973935e-03
4.950971170031950516e-03
4.951216210970682367e-03
4.940894201107499939e-03
4.940894201107508613e-03
4.940894201107508613e-03
4.940894201107499939e-03
4.940894201107513817e-03
4.940894201107510347e-03
4.940894201107510347e-03
4.930419376884574018e-03
4.930419376884576620e-03
4.930419376884583559e-03
4.930419376884590497e-03
4.940672577215645192e-03
4.940672577215647794e-03
4.940672577215660805e-03
4.940672577215647794e-03
4.930417820104531466e-03
4.920208732826165769e-03
4.920208732826157096e-03
4.920208732826152759e-03
4.920208732826135412e-03
4.920115876456796974e-03
4.960811938938059114e-03
4.961094233489709432e-03
4.971468977686871286e-03
4.971451446097810596e-03
4.961078466338964682e-03
4.961078466338967284e-03
4.961078466338982897e-03
4.961078466338984631e-03
4.961078466338977692e-03
4.961078466338971621e-03
4.961078466338982897e-03
4.961078466338982897e-03
4.961078448362522299e-03
4.961078448362515360e-03
4.950751339890127958e-03
4.961078585245883715e-03
4.961078585245883715e-03
4.961078276755356321e-03
4.961078276755362393e-03
4.961078276755349382e-03
4.918913442888848443e-03
4.918913442888868393e-03
4.918913442888852780e-03
4.918913442888849311e-03
4.929005586662864313e-03
4.918913442888851045e-03
4.918913442888854515e-03
4.918913442888848443e-03
4.918913425650547379e-03
4.918866527280378251e-03
4.918913425730282209e-03
4.918913460040371700e-03
4.918913460040374303e-03
4.918913460040373435e-03
4.918913460040380374e-03
4.918913460040374303e-03
4.929003533275970635e-03
4.929003533275975839e-03
4.918913460040366496e-03
4.918913460040363894e-03
4.918913460040379507e-03
4.918913460040385578e-03
4.928739017436066169e-03
4.928739017436054026e-03
4.928739017436075710e-03
4.928739017436070506e-03
4.938845583285085029e-03
4.938845025864918581e-03
4.928739017436062700e-03
4.928739017436061833e-03
4.928739017436060965e-03
4.915428714676521420e-03
4.905390516119659088e-03
4.905390516119641740e-03
4.905390516119650414e-03
4.905390516119660822e-03
4.905390516119654751e-03
4.905390516119651281e-03
4.905390516119644342e-03
4.915428863986355881e-03
4.915428863986344606e-03
4.918744250624251454e-03
4.928811792009980125e-03
4.928811792009980125e-03
4.928811792009961910e-03
4.928811792009979258e-03
4.928811792009980125e-03
4.928811792009980125e-03
4.928812207130517896e-03
4.928812207130501416e-03
4.928812207130506620e-03
4.928812207130505753e-03
4.928812207130527437e-03
4.928812207130517029e-03
4.928812207130518763e-03
4.938922933306944853e-03
4.938922933306959598e-03
4.928812207130513559e-03
4.928812207130518763e-03
4.938922933306958730e-03
4.938922933306943985e-03
4.938922933306937914e-03
4.938922933306943985e-03
4.938922933306938781e-03
4.938922933306940516e-03
4.938922933306940516e-03
4.938922933306935312e-03
4.929197959039671208e-03
4.919086184263604840e-03
4.938922962179025794e-03
4.928812207130527437e-03
4.938922933306929240e-03
4.938922933306934444e-03
4.928812207130501416e-03
4.939153231497371566e-03
4.939153231497360290e-03
4.939153231497355086e-03
4.929016172897839748e-03
4.929016172897832809e-03
4.949334541794448393e-03
4.949334541794452730e-03
4.949334541794444924e-03
4.969833070178376021e-03
4.969833070178362143e-03
4.969833070178369949e-03
4.980149897884521629e-03
4.949335226779982833e-03
4.959561542235035002e-03
5.010915751399104730e-03
5.010915751399106464e-03
5.010915751399104730e-03
5.010915751399111669e-03
5.010915751399110801e-03
5.010915751399110801e-03
5.010915751399111669e-03
5.010915751399110801e-03
5.010915751399116005e-03
5.010915751399119475e-03
5.031811194895155319e-03
5.031811194895155319e-03
5.031811194895150115e-03
5.031811194895170931e-03
5.031811194895160523e-03
5.021386039665983250e-03
5.021386039665985852e-03
5.031902967396866162e-03
5.042466902562643336e-03
4.766758047311595893e-03
4.757237837385339119e-03
4.757237837385339119e-03
4.747758119585551023e-03
4.766757692562944432e-03
4.766757692562943564e-03
4.766757692562951371e-03
4.766757692562958310e-03
4.776318325664818780e-03
4.766757692562957442e-03
4.766757692562952238e-03
4.766757692562958310e-03
4.766757692562951371e-03
4.766757692562958310e-03
4.795443857772135367e-03
4.757061625977321989e-03
4.757061625977329795e-03
4.757061625977329795e-03
4.766609516394217962e-03
4.757093741262897850e-03
4.766464342831362895e-03
4.737970649705621970e-03
4.737970649705619368e-03
4.737970649705615031e-03
4.747427761466216714e-03
4.747427761466213245e-03
4.747427761466219316e-03
4.747427761466215847e-03
4.747427761466216714e-03
4.747427761466219316e-03
4.747427761466211510e-03
4.756925129725714067e-03
4.756925129725697587e-03
4.747427761466211510e-03
4.737970649705615031e-03
4.737970649705615031e-03
4.737970649705615031e-03
4.737970649705615031e-03
4.737970649705619368e-03
4.747427729971599036e-03
4.747427729971608577e-03
4.747427729971601638e-03
4.737970649705630644e-03
4.737970649705608092e-03
4.757089404503304052e-03
4.757089404503305786e-03
4.757089404503298848e-03
4.757089404503304052e-03
4.766604247590488716e-03
4.766604247590488716e-03
4.766604247590488716e-03
4.766604247590488716e-03
4.766604247590494788e-03
4.776159496997271769e-03
4.776159496997280443e-03
4.776159496997280443e-03
4.776159496997277841e-03
4.776159496997274372e-03
4.776159496997280443e-03
4.766604247590500859e-03
4.766604247590500859e-03
4.766604247590512135e-03
4.766604247590500859e-03
4.766604247590512135e-03
4.766604247590500859e-03
4.747165472314487239e-03
4.737570854551236173e-03
4.737570854551237040e-03
4.737570854551230969e-03
4.737570854551232703e-03
4.737570854551232703e-03
4.737362086295623595e-03
4.728145309194390147e-03
4.728145309194390147e-03
4.728145309194384943e-03
4.728145309194384943e-03
4.718239932923741671e-03
4.708875328957024334e-03
4.708875328957014793e-03
4.708875328957018262e-03
4.708875328957010456e-03
4.708875328957015660e-03
4.708875328957013925e-03
4.708875328957013058e-03
4.708875328957015660e-03
4.708875328957013058e-03
4.718237959565132339e-03
4.718238018877672461e-03
4.718238018877672461e-03
4.690257853507683559e-03
4.690257853507683559e-03
4.699558765160664377e-03
4.690257853507685294e-03
4.690257853507692233e-03
4.689952040604446724e-03
4.690257853507691366e-03
4.690257853507682692e-03
4.690257853507691366e-03
4.699543935912284774e-03
4.690257853507685294e-03
4.737086254815638803e-03
4.737086254815645742e-03
4.709040997753088757e-03
4.718382027813655157e-03
4.709040997753102635e-03
4.709040997753095696e-03
4.709040997753095696e-03
4.718381832122887747e-03
4.718381832122881675e-03
4.727816895125179844e-03
4.727816895125185916e-03
4.718381832122881675e-03
4.718381966211334690e-03
4.718381832122885144e-03
4.718381832122885144e-03
4.718381832122888614e-03
4.718381832122888614e-03
4.718381832122881675e-03
4.718399801874528440e-03
4.718381832122885144e-03
4.709040997753081818e-03
4.718382066449171817e-03
4.737182760212955458e-03
4.737182760212955458e-03
4.737182760212951121e-03
4.737182760212953724e-03
4.718382066449171817e-03
4.718382066449176154e-03
4.717883340655773527e-03
4.717883340655766589e-03
4.717883340655780466e-03
4.717883340655785671e-03
4.727468911822041778e-03
4.727238406836606864e-03
4.727238406836601660e-03
4.736709208683347917e-03
4.736870156623811806e-03
4.727407442536032435e-03
4.717485281562327701e-03
4.717485281562317292e-03
4.717485281562317292e-03
4.708602324744582887e-03
4.717984879262429945e-03
4.717984879262445558e-03
4.708602324744577683e-03
4.708602324744566407e-03
4.708602324744577683e-03
4.708602324744577683e-03
4.708602324744577683e-03
4.708602324744574213e-03
4.708602324744574213e-03
4.708602324744587224e-03
4.708602324744585489e-03
4.708602324744580285e-03
4.708602324744580285e-03
4.708602324744575081e-03
4.708601637808510626e-03
4.727407303861245504e-03
4.717984439233622283e-03
4.699258644212064330e-03
4.699258644212062595e-03
4.699258644212064330e-03
4.699258644212059993e-03
4.699258644212059126e-03
4.699258644212062595e-03
4.699258644212061728e-03
4.699258644212061728e-03
4.717984439233614477e-03
4.717984439233621416e-03
4.717984439233608406e-03
4.736921902253814036e-03
4.736921902253812301e-03
4.717984346570770933e-03
4.708601762289906303e-03
4.708601762289897630e-03
4.708601762289907171e-03
4.708601762289903701e-03
4.708601762289903701e-03
4.708601762289904569e-03
4.717984346570783943e-03
4.708601762289907171e-03
4.708601762289907171e-03
4.708601762289903701e-03
4.708601762289917579e-03
4.717985244727751146e-03
4.727408485633220053e-03
4.727408485633220053e-03
4.717985244727740737e-03
4.717985244727742472e-03
4.717985244727745074e-03
4.717985244727746809e-03
4.717985244727737268e-03
4.699444526813695636e-03
4.699444526813689564e-03
4.699444526813702575e-03
4.699444526813695636e-03
4.699444526813696503e-03
4.708783614663232010e-03
4.690144746106390469e-03
4.699471491486990199e-03
4.708808441005150024e-03
4.708808441005146554e-03
4.690174045497001211e-03
4.690174045496983864e-03
4.708808441005144819e-03
4.699471491486985862e-03
4.699471491486977189e-03
4.699471491486998873e-03
4.699471491486998005e-03
4.699241170322368891e-03
4.699241170322387973e-03
4.699241170322381034e-03
4.699241170322377564e-03
4.699241170322374095e-03
4.708595380678255726e-03
4.717989533746351494e-03
4.708598100400000416e-03
4.708598100400009090e-03
4.708598100400008223e-03
4.708598100400015161e-03
4.717995645606161415e-03
4.717995645606166619e-03
4.717995645606164017e-03
4.680663870986890955e-03
4.690337598143851441e-03
4.699626794132071017e-03
4.699626794132066680e-03
4.699626794132071884e-03
4.708955254952402851e-03
4.718323323261054171e-03
4.708955254952398514e-03
4.708955254952402851e-03
4.681189438787067107e-03
4.671776126851570794e-03
4.671776126851565590e-03
4.671776126851568192e-03
4.671776126851569060e-03
4.671776126851561253e-03
4.671776126851554314e-03
4.671776126851565590e-03
4.671776126851561253e-03
4.671776126851558651e-03
4.671776126851558651e-03
4.690490194124726994e-03
4.681245398873226660e-03
4.681245398873227527e-03
4.681245398873227527e-03
4.681245398873228394e-03
4.681245398873220588e-03
4.681245398873219721e-03
4.681245398873226660e-03
4.690490209661573977e-03
4.690490209661573977e-03
4.690490209661565303e-03
4.690490209661580916e-03
4.690490209661573977e-03
4.690490209661580916e-03
4.699961690148243137e-03
4.690490209661580916e-03
4.690490209661565303e-03
4.680989062122603052e-03
4.690242457296894645e-03
4.690242457296889440e-03
4.690242457296885104e-03
4.690242457296893777e-03
4.788094456950007030e-03
4.788094456949990550e-03
4.796873157155640173e-03
4.796873157155646245e-03
4.805568254966465988e-03
4.788094456949989683e-03
4.788094456949997489e-03
4.779461247289576442e-03
4.779461247289580779e-03
4.779461247289582514e-03
4.779461247289572105e-03
4.779461247289576442e-03
4.779461247289576442e-03
4.779461247289577309e-03
4.779461247289566901e-03
4.779461247289572973e-03
4.779461247289566901e-03
4.779461247289565166e-03
4.779461247289566034e-03
4.779461247289572105e-03
4.779461247289572105e-03
4.779461247289573840e-03
4.779461247289585983e-03
4.821104860963322004e-03
4.812374574708063596e-03
4.812374574708055790e-03
4.812374574708070535e-03
4.812374574708058392e-03
4.812374574708056657e-03
4.821105381409171615e-03
4.803678127423605115e-03
4.829877109701368430e-03
4.829877109701364093e-03
4.829877109701364961e-03
4.821130384347909262e-03
4.821130384347903190e-03
4.821130384347903190e-03
4.829877109701369298e-03
4.829877109701369298e-03
4.829877109701364961e-03
4.829877109701370165e-03
4.821130384347908394e-03
4.812417772732569161e-03
4.829878071750700122e-03
4.829878071750699255e-03
4.829878071750692316e-03
4.838659178395497522e-03
4.838659178395500991e-03
4.847474617426788569e-03
4.838659178395503593e-03
4.838659165080430591e-03
4.829878071750694050e-03
4.821131087973612971e-03
4.821131087973612971e-03
4.821131087973607766e-03
4.821131087973607766e-03
4.821131087973612971e-03
4.821079384657395162e-03
4.838665139723215443e-03
4.838665139723212841e-03
4.838665139723217178e-03
4.829884632405658657e-03
4.829884632405649983e-03
4.829884632405667330e-03
4.829884632405660391e-03
4.829878310374968904e-03
4.821130548312150751e-03
4.786626489781863926e-03
4.786626489781878671e-03
4.786626489781879538e-03
4.803800423796410722e-03
4.795196935086995516e-03
4.795196935086994648e-03
4.786626489781879538e-03
4.786626489781875202e-03
4.795196922290007220e-03
4.795196922289998546e-03
4.795196922290002016e-03
4.786626489781887345e-03
4.786626489781875202e-03
4.786626489781871732e-03
4.786626489781885610e-03
4.786626489781890814e-03
4.786626489781891682e-03
4.786626489781878671e-03
4.786626489781886477e-03
4.786626489781891682e-03
4.795196922289997679e-03
4.795196922289996812e-03
4.786626489781885610e-03
4.786626489781886477e-03
4.786626489781886477e-03
4.786626489781884743e-03
4.795196922290008955e-03
4.795196922290012424e-03
4.786626489781876069e-03
4.786626489781861324e-03
4.786626489781874334e-03
4.795196986273003205e-03
4.795196986272996266e-03
4.795196986273008409e-03
4.795196986273003205e-03
4.803800205802608893e-03
4.803800205802604556e-03
4.803800205802616699e-03
4.795196986273002338e-03
4.795196986273003205e-03
4.795196986273003205e-03
4.795196986273012746e-03
4.795196986273007542e-03
4.795196986273003205e-03
4.803800205802607158e-03
4.803800205802605423e-03
4.795196986273012746e-03
4.795196986273003205e-03
4.795196986273007542e-03
4.795196986273003205e-03
4.795196986273003205e-03
4.795196986273007542e-03
4.795196986273007542e-03
4.795196986273013613e-03
4.795196986273007542e-03
4.795230792188460815e-03
4.795230792188457346e-03
4.795230792188460815e-03
4.803847692969090075e-03
4.803847692969084870e-03
4.769579994202745657e-03
4.769579994202744790e-03
4.769579994202744790e-03
4.786647527430424633e-03
4.778097375921239696e-03
4.786532489653242892e-03
4.786532489653260239e-03
4.795120776131384793e-03
4.777977189100578170e-03
4.777977189100570364e-03
4.777977189100571231e-03
4.786859052554755765e-03
4.786859052554754031e-03
4.778330227253507582e-03
4.778330227253508450e-03
4.778330227253502378e-03
4.778330227253503246e-03
4.778330227253509317e-03
4.778330227253510185e-03
4.778330227253503246e-03
4.778330227253508450e-03
4.778330227253503246e-03
4.778330227253503246e-03
4.778330227253512787e-03
4.778330227253508450e-03
4.778330227253512787e-03
4.778330227253508450e-03
4.778330227253502378e-03
4.778330227253502378e-03
4.778330227253509317e-03
4.786528851784896052e-03
4.786528851784898654e-03
4.786528851784897787e-03
4.786528851784894317e-03
4.777972830309842704e-03
4.777972830309842704e-03
4.777972830309842704e-03
4.777972830309839235e-03
4.777972830309847908e-03
4.777972830309853113e-03
4.777972830309853980e-03
4.777972830309848776e-03
4.777972830309833163e-03
4.777972830309844439e-03
4.777972830309844439e-03
4.777972830309839235e-03
4.777972830309837500e-03
4.777972830309844439e-03
4.786531402456955034e-03
4.795119500015370718e-03
4.786531402456949830e-03
4.786531402456950697e-03
4.786531402456968044e-03
4.786531402456962840e-03
4.777959392284853064e-03
4.786531402456957636e-03
4.786531402456957636e-03
4.786531402456954166e-03
4.777972525422865060e-03
4.777972525422864193e-03
4.786528928001799500e-03
4.786528928001801235e-03
4.777972525422849448e-03
4.777972525422862458e-03
4.777972525422854652e-03
4.777972525422839907e-03
4.777972525422841642e-03
4.777972525422845979e-03
4.777972525422845111e-03
4.777972525422849448e-03
4.777972525422846846e-03
4.760957390295378171e-03
4.760957390295378171e-03
4.760957390295377303e-03
4.760957390295378171e-03
4.769448598485318512e-03
4.769448598485309838e-03
4.769448598485314175e-03
4.769448598485317645e-03
4.760957390295380773e-03
4.769448598485323716e-03
4.769448598485324584e-03
4.769448598485316777e-03
4.760957390295381640e-03
4.760957390295379038e-03
4.777972474624039845e-03
4.786625202998380339e-03
4.786625202998375135e-03
4.786625202998375135e-03
4.786625202998372533e-03
4.786625202998382941e-03
4.786625202998382941e-03
4.786625202998375135e-03
4.786625202998370798e-03
4.786625202998376870e-03
4.795200900074061620e-03
4.786625202998386411e-03
4.786625202998371666e-03
4.778081950167449923e-03
4.778081950167464668e-03
4.795201400067558746e-03
4.865213532603537838e-03
4.865213532603530032e-03
4.874116371418898627e-03
4.865213532603517022e-03
4.883069540007901541e-03
4.865220442429749048e-03
4.883058674545747400e-03
4.865220442429756854e-03
4.865220442429760324e-03
4.865220442429759456e-03
4.865220442429759456e-03
4.865220442429760324e-03
4.865220442429742977e-03
4.883065366646071812e-03
4.883065366646056199e-03
4.883065366646060536e-03
4.883065366646056199e-03
4.874129724778789551e-03
4.874129724778785214e-03
4.874129724778790418e-03
4.874129724778780010e-03
4.874129724778780010e-03
4.865221419425454739e-03
4.865221419425448668e-03
4.865221419425453005e-03
4.865221419425450403e-03
4.865221419425439127e-03
4.865221419425444331e-03
4.865221419425455607e-03
4.883059610104498530e-03
4.892029807854729288e-03
4.892029807854718880e-03
4.901045355940294307e-03
4.901045355940275225e-03
4.901045355940286501e-03
4.901045355940286501e-03
4.910086588385902638e-03
4.910086588385900903e-03
4.910086588385918251e-03
4.910086588385917383e-03
4.901045355940283899e-03
4.901045355940283031e-03
4.901045355940283031e-03
4.901045355940284766e-03
4.892030028163118875e-03
4.883037597587100258e-03
4.874142970736941929e-03
4.883079345928076354e-03
4.883079345928094568e-03
4.874142970736934123e-03
4.865216971718739659e-03
4.873926867676242267e-03
4.865216971718739659e-03
4.865216971718722312e-03
4.865216971718721445e-03
4.865216971718728384e-03
4.865278106812450168e-03
4.865278106812450168e-03
4.874111112830837970e-03
4.874176473725565749e-03
4.874176473725556208e-03
4.883077447563216079e-03
4.883077447563221284e-03
4.883077447563224753e-03
4.865208875166650293e-03
4.874110810676051536e-03
4.865208875166654630e-03
4.865208875166661569e-03
4.856341277006861155e-03
4.856342906347954624e-03
4.865211804328206831e-03
4.856342906347944216e-03
4.856342906347951155e-03
4.856342906347960696e-03
4.892157680220023813e-03
4.883165638318778118e-03
4.883165624590607608e-03
4.883165624590628424e-03
4.883165624590631027e-03
4.778347800283597700e-03
4.769770008785585540e-03
4.769770008785587274e-03
4.778348111740118864e-03
4.778348111740124068e-03
4.769770008785589877e-03
4.778347671443941742e-03
4.769770008785595081e-03
4.769770008785585540e-03
4.769770008785585540e-03
4.769770008785576866e-03
4.769770008785576866e-03
4.769770008785587274e-03
4.778347902044051063e-03
4.778347902044046726e-03
4.778347902044046726e-03
4.778347902044051930e-03
4.744305518416797214e-03
4.744305518416789408e-03
4.752635774773532502e-03
4.752635774773532502e-03
4.752635774773525563e-03
4.752635774773532502e-03
4.769390814663941429e-03
4.769390814663947500e-03
4.769390814663950970e-03
4.752635774773532502e-03
4.752635774773529900e-03
4.718973064696880236e-03
4.710746917252306258e-03
4.710746917252305391e-03
4.710746917252307125e-03
4.718973064696882838e-03
4.718973064696881971e-03
4.718973064696881971e-03
4.718973064696875899e-03
4.718973064696877634e-03
4.727230238041728490e-03
4.727230238041725020e-03
4.727230238041738898e-03
4.727230238041738898e-03
4.718973304742464341e-03
4.718973304742460004e-03
4.718973304742457402e-03
4.727230250786701969e-03
4.718973304742459136e-03
4.718973304742463473e-03
4.718973304742459136e-03
4.727230250786720184e-03
4.727230250786720184e-03
4.727230250786721051e-03
4.727230250786711510e-03
4.727230250786714980e-03
4.727230250786714980e-03
4.727230250786721051e-03
4.727230250786725388e-03
4.727230250786720184e-03
4.718973304742460871e-03
4.718973304742461738e-03
4.744120170473755012e-03
4.744120170473761083e-03
4.760833462565049537e-03
4.760833462565050404e-03
4.752460925496841508e-03
4.752460925496851916e-03
4.744120170394100847e-03
4.744120170394100847e-03
4.744120170394106051e-03
4.744120170394112122e-03
4.744120170394106051e-03
4.752460925496845845e-03
4.752460925496851916e-03
4.719194083049759250e-03
4.719194083049754913e-03
4.719194083049758383e-03
4.719194083049758383e-03
4.719194083049758383e-03
4.710748523376990030e-03
4.710748523376992632e-03
4.710748523376992632e-03
4.710748523376992632e-03
4.710748523376977887e-03
4.710748523376977887e-03
4.710748523376980489e-03
4.710748523376990030e-03
4.718974297140594160e-03
4.719412778799799910e-03
4.719412778799799042e-03
4.719412778799799042e-03
4.711217489243772413e-03
4.752513679955541401e-03
4.752513679955536197e-03
4.752513679955529258e-03
4.744196499616655342e-03
4.744185899179267224e-03
4.735898656424829094e-03
4.735898656424824757e-03
4.735898656424824757e-03
4.735898656424826492e-03
4.735898656424820420e-03
4.744185899179272428e-03
4.744185899179275030e-03
4.744185899179280234e-03
4.735852174390987358e-03
4.735852174390976083e-03
4.735852174390980419e-03
4.735852174390985624e-03
4.744185923099108158e-03
4.744185923099106424e-03
4.744185923099107291e-03
4.744185923099102087e-03
4.744185923099102954e-03
4.744185995631194398e-03
4.752504592881240039e-03
4.744185995631194398e-03
4.752504592881247845e-03
4.752504592881247845e-03
4.719192807211778848e-03
4.719192807211778848e-03
4.719192807211786654e-03
4.719192807211787521e-03
4.719192807211776246e-03
4.719192807211780583e-03
4.719192807211794460e-03
4.719281161671650543e-03
4.710982713018029878e-03
4.710982713018029878e-03
4.710982713018029878e-03
4.710982713018025542e-03
4.710982713018018603e-03
4.710982713018010797e-03
4.702302276780697537e-03
4.710512082775722073e-03
4.710982713018025542e-03
4.710982713018018603e-03
4.718929340597461872e-03
4.718929340597458402e-03
4.718929340597458402e-03
4.718929340597457535e-03
4.718929340597473147e-03
4.727185406977609666e-03
4.727185406977607064e-03
4.718929340597458402e-03
4.727185143689612359e-03
4.727185143689612359e-03
4.718929340597458402e-03
4.718929340597459270e-03
4.718929340597450596e-03
4.727185406977611401e-03
4.744179068455932173e-03
4.760852085114798335e-03
4.752488045749848379e-03
4.769247792700655880e-03
4.769322927314404402e-03
4.760852122047188641e-03
4.769247902926323016e-03
4.760852122047184304e-03
4.760852122047179100e-03
4.760852122047188641e-03
4.760852122047196447e-03
4.760852122047184304e-03
4.760852122047188641e-03
4.760852122047179100e-03
4.760852122047184304e-03
4.752488045749851849e-03
4.752488045749855318e-03
4.752488045749850114e-03
4.752488045749852716e-03
4.752488045749851849e-03
4.752488045749844042e-03
4.752488045749849246e-03
4.752488045749849246e-03
4.752488045749859655e-03
4.752488045749849246e-03
4.744155118316589065e-03
4.744155118316579524e-03
4.744155118316589065e-03
4.744155118316582993e-03
4.744155118316579524e-03
4.744155118316584728e-03
4.744155118316583861e-03
4.744156439670472146e-03
4.744155118316582993e-03
4.744155118316582993e-03
4.752487766963553115e-03
4.752487766963552247e-03
4.744155118316588197e-03
4.752481502310442613e-03
4.752481502310442613e-03
4.744155118316588197e-03
4.744155118316582993e-03
4.744155118316588197e-03
4.744155118316579524e-03
4.744155118316583861e-03
4.744155118316589932e-03
4.694355655919107972e-03
4.702531016165400861e-03
4.694355655919112309e-03
4.694355655919103636e-03
4.694355655919112309e-03
4.694355655919098431e-03
4.694355655919097564e-03
4.694355655919107972e-03
4.694355655919104503e-03
4.744189217847387917e-03
4.744189217847380978e-03
4.744189217847398325e-03
4.752207174739231377e-03
4.752207174739229642e-03
4.744189833148414193e-03
4.752521311405197638e-03
4.752521311405202842e-03
4.769279221607944201e-03
4.760743202334329419e-03
4.760743202334324214e-03
4.760743202334329419e-03
4.760743530314402207e-03
4.760743530314402207e-03
4.812143991499017066e-03
4.812143991499011862e-03
4.812143991499014464e-03
4.812143991499015332e-03
4.812143991499020536e-03
4.812143991499014464e-03
4.812143991499008393e-03
4.803723682356399009e-03
4.803723682356400744e-03
4.803723682356393805e-03
4.803723682356396407e-03
4.803723682356394672e-03
4.803723682356399009e-03
4.803723682356405081e-03
4.803723682356405948e-03
4.795349724422320707e-03
4.795349724422325911e-03
4.795349724422325911e-03
4.795349724422327646e-03
4.795349724422320707e-03
4.795349724422320707e-03
4.795349724422319840e-03
4.795370559266439771e-03
4.795370559266435434e-03
4.795370559266437169e-03
4.795370559266435434e-03
4.795370559266439771e-03
4.795370559266439771e-03
4.795370559266431965e-03
4.795370559266434567e-03
4.795370559266435434e-03
4.795349724422320707e-03
4.803739041010281555e-03
4.786989889945034507e-03
4.795349748928529401e-03
4.795349724422325911e-03
4.795349724422325911e-03
4.795349724422318972e-03
4.803741376610613616e-03
4.803741376610614483e-03
4.803741376610609279e-03
4.829210289875350733e-03
4.846136589865062197e-03
4.846136589865066534e-03
4.846136589865060462e-03
4.846136589865056125e-03
4.846136589865060462e-03
4.846136589865061330e-03
4.846136589865066534e-03
4.829129869814770271e-03
4.829129869814770271e-03
4.829129869814769403e-03
4.829129869814767669e-03
4.820674318097374449e-03
4.820674318097376183e-03
4.820674318097364040e-03
4.820674318097374449e-03
4.820674318097368377e-03
4.820674318097370112e-03
4.820674318097362306e-03
4.754753825335774134e-03
4.762866527260073424e-03
4.762866527260074291e-03
4.762866527260071689e-03
4.762866527260071689e-03
4.762866527260077761e-03
4.762866527260079495e-03
4.762866527260076893e-03
4.762866527260072556e-03
4.762866527260069087e-03
4.754753825335786277e-03
4.738616530435176000e-03
4.738616530435182071e-03
4.738616530435186408e-03
4.738616530435181204e-03
4.738616530435189877e-03
4.738616530435187275e-03
4.738616530435186408e-03
4.738616609872741900e-03
4.738616609872734094e-03
4.738616609872729757e-03
4.738616609872734094e-03
4.738616609872734094e-03
4.746670736381243885e-03
4.746670736381250824e-03
4.746670736381244753e-03
4.746670736381249089e-03
4.746670736381243018e-03
4.746670736381248222e-03
4.746670736381248222e-03
4.722181753334581990e-03
4.722181753334593265e-03
4.730592298964795238e-03
4.730592298964794370e-03
4.730592298964797840e-03
4.754593841676298636e-03
4.746495345525769335e-03
4.746495345525769335e-03
4.746495345525756325e-03
4.746495345525757192e-03
4.762721562013434197e-03
4.762721562013436799e-03
4.762721562013436799e-03
4.762721562013431595e-03
4.754594002951976345e-03
4.754594002951980682e-03
4.754594002951972008e-03
4.754594002951978947e-03
4.754594002951975477e-03
4.754594002951973743e-03
4.754594002951974610e-03
4.754594002951967671e-03
4.754594002951978080e-03
4.762721984779565328e-03
4.762721984779565328e-03
4.762721984779564460e-03
4.762721984779566195e-03
4.754594002951967671e-03
4.754594002951972875e-03
4.754594002951977212e-03
4.762721984779569664e-03
4.754594002951991090e-03
4.754594002951983284e-03
4.754594002951972008e-03
4.754594002951977212e-03
4.762721984779562726e-03
4.762721984779560991e-03
4.762721984779563593e-03
4.754594002951970273e-03
4.754594002951989355e-03
4.754594002951972008e-03
4.754594002951989355e-03
4.754594002951984151e-03
4.762721984779551450e-03
4.762721984779552317e-03
4.762706586260934995e-03
4.770880575202340532e-03
4.770880575202341399e-03
4.770880575202340532e-03
4.770880575202336195e-03
4.770880621720668784e-03
4.770880621720673120e-03
4.770880621720669651e-03
4.762722412458889575e-03
4.770880621720661845e-03
4.762715624567562429e-03
4.754589170975044923e-03
4.754589170975043189e-03
4.754589170975040587e-03
4.754589170975038852e-03
4.754589170975049260e-03
4.754589170975044923e-03
4.754589170975040587e-03
4.746495345525758927e-03
4.746495345525755458e-03
4.746495345525764999e-03
4.746495345525764131e-03
4.746495345525759794e-03
4.746495345525759794e-03
4.746495345525764999e-03
4.762722359106757834e-03
4.754594047656312064e-03
4.754594047656316401e-03
4.754594047656321605e-03
4.754594047656317268e-03
4.762722359106756967e-03
4.754504531107148387e-03
4.754504531107155325e-03
4.754504531107148387e-03
4.754504531107144917e-03
4.754504531107144917e-03
4.754504531107150121e-03
4.754504531107150989e-03
4.754485884571486506e-03
4.754485884571490843e-03
4.754485884571497782e-03
4.754485884571496047e-03
4.754504531107148387e-03
4.754504531107144917e-03
4.779019265135168830e-03
4.779019265135165360e-03
4.779019265135165360e-03
4.762645904074113562e-03
4.762645904074106623e-03
4.762645904074102286e-03
4.762645904074095347e-03
4.762645904074112695e-03
4.762645904074100552e-03
4.770817449408945934e-03
4.770817449408945934e-03
4.770817449408945934e-03
4.770817449408938996e-03
4.779019101196056545e-03
4.770817449408938996e-03
4.770817449408938996e-03
4.770817449408945934e-03
4.770823568960562248e-03
4.770823568960561381e-03
4.770823568960558779e-03
4.791658127210540567e-03
4.775049725771233003e-03
4.775049725771227799e-03
4.850430366840648329e-03
4.833520411232280004e-03
4.833520411232280871e-03
4.833520411232276534e-03
4.833470002356803422e-03
4.833470002356799952e-03
4.833470002356799085e-03
4.833470002356799085e-03
4.833470002356793013e-03
4.833470002356799952e-03
4.833470002356799952e-03
4.833470002356802554e-03
4.833470002356797350e-03
4.825059027052553372e-03
4.825059027052552504e-03
4.825059027052552504e-03
4.833470247077745717e-03
4.833470247077739645e-03
4.833470247077738778e-03
4.833470247077742248e-03
4.833470247077737043e-03
4.833470247077743115e-03
4.833470247077749186e-03
4.833470247077744850e-03
4.833470247077750921e-03
4.833470247077745717e-03
4.850386509165902083e-03
4.841912517135578582e-03
4.833470247077749186e-03
4.833470247077746584e-03
4.841912554024998920e-03
4.841912554025008461e-03
4.841912554025000655e-03
4.841912554025004124e-03
4.841912554025004992e-03
4.841912554024999787e-03
4.850386539424572652e-03
4.850386539424564845e-03
4.850386539424558774e-03
4.850386539424570917e-03
4.833470247077737911e-03
4.841912504839111786e-03
4.841912504839103112e-03
4.841912504839116990e-03
4.833470247077744850e-03
4.833470247077740513e-03
4.833470247077749186e-03
4.833470247077737911e-03
4.791704158772863709e-03
4.791704158772855902e-03
4.799994800714855667e-03
4.808320387566024021e-03
4.808320387566028357e-03
4.808320387566029225e-03
4.808320387566029225e-03
4.808320387566031827e-03
4.808320387566029225e-03
4.808320387566032694e-03
4.808320387566034429e-03
4.808320387566031827e-03
4.808320387566030092e-03
4.808320387566026623e-03
4.808320387566029225e-03
4.808320387566036164e-03
4.816670276522156194e-03
4.816670276522166602e-03
4.816670276522150990e-03
4.816670276522163133e-03
4.816670276522170939e-03
4.816670276522166602e-03
4.825142492478054143e-03
4.825142492478042867e-03
4.825142492478055878e-03
4.816670276522174408e-03
4.816670276522166602e-03
4.816670276522167470e-03
4.816670276522170939e-03
4.816670276522180480e-03
4.816670276522172674e-03
4.833464842879300200e-03
4.833464842879300200e-03
4.833464842879306271e-03
4.825051991951183859e-03
4.825051991951189931e-03
4.800001139358318208e-03
4.800001139358318208e-03
4.800001139358318208e-03
4.800001139358307800e-03
4.779015663478576072e-03
4.787424168646513614e-03
4.795656747753554092e-03
4.795656747753552357e-03
4.787424168646517951e-03
4.795656747753547153e-03
4.795656747753546285e-03
4.779221795289796855e-03
4.779221795289793386e-03
4.779221795289794253e-03
4.795657078421420444e-03
4.795657078421426515e-03
4.795657078421420444e-03
4.795657078421420444e-03
4.795657078421426515e-03
4.803920042640204453e-03
4.803920042640197514e-03
4.803920042640196647e-03
4.812213702383095343e-03
4.803920042640194912e-03
4.803920042640194045e-03
4.787424310202134138e-03
4.828909605475812002e-03
4.828905306272183486e-03
4.828905306272183486e-03
4.828905306272182618e-03
4.845726757835933617e-03
4.845726757835935351e-03
4.845726757835931015e-03
4.845726757835935351e-03
4.854184294642025291e-03
4.845726757835941423e-03
4.845726757835936219e-03
4.854184294642031362e-03
4.845726757835934484e-03
4.845726757835935351e-03
4.837300782430357590e-03
4.837300782430363662e-03
4.837300782430363662e-03
4.837300782430367999e-03
4.854160322344437326e-03
4.845726745561993939e-03
4.845726745561987001e-03
4.845726745561986133e-03
4.845726745561985266e-03
4.845726745561996542e-03
4.862722634036477712e-03
4.854241675009110697e-03
4.854241675009102891e-03
4.845726733357395496e-03
4.845726733357387690e-03
4.845726733357390292e-03
4.845726733357399833e-03
4.845726733357380751e-03
4.845726733357389425e-03
4.845726733357399833e-03
4.845726733357392894e-03
4.845726733357392894e-03
4.845726733357393762e-03
4.845726733357386823e-03
4.837300782430370601e-03
4.837300782430361060e-03
4.837300782430352386e-03
4.837300782430355856e-03
4.837300782430365396e-03
4.837300782430358458e-03
4.837300782430361060e-03
4.837300782430355856e-03
4.837300782430354988e-03
4.837300782430355856e-03
4.837300782430354988e-03
4.854184587650431891e-03
4.845726968757212323e-03
4.795701882774583771e-03
4.795701882774583771e-03
4.795701882774573363e-03
4.795701882774573363e-03
4.795701882774580302e-03
4.795701882774582037e-03
4.812270708923815053e-03
4.812270708923815921e-03
4.812270708923821992e-03
4.812270708923811584e-03
4.812270708923806380e-03
4.812270708923816788e-03
4.812270708923815921e-03
4.812270708923811584e-03
4.812270708923811584e-03
4.812270708923816788e-03
4.812270708923815921e-03
4.812270708923806380e-03
4.812270708923815921e-03
4.812270708923806380e-03
4.812270708923808982e-03
4.754515855681484826e-03
4.754515855681481357e-03
4.754515855681484826e-03
4.754515855681490898e-03
4.754515855681484826e-03
4.754515855681481357e-03
4.762930773501311901e-03
4.787463262613625772e-03
4.771078133864023810e-03
4.771078133864029014e-03
4.771078133864027279e-03
4.771078133864029014e-03
4.771078133864021208e-03
4.787446714735866735e-03
4.787446714735866735e-03
4.787446714735878878e-03
4.787446714735869337e-03
4.787446714735878010e-03
4.787446714735873673e-03
4.803964127057511191e-03
4.803964127057512058e-03
4.803964127057514660e-03
4.803964127057507721e-03
4.803964127057512058e-03
4.812268319908865645e-03
4.812268319908866512e-03
4.803964127057512058e-03
4.803964127057513793e-03
4.803964127057516395e-03
4.803964127057512058e-03
4.803964127057512058e-03
4.803964127057514660e-03
4.803964127057516395e-03
4.795690008283712280e-03
4.795690008283718352e-03
4.812268560359027163e-03
4.803963879524971586e-03
4.803963879524979393e-03
4.795690008283723556e-03
4.795904662541816688e-03
4.795927625558309322e-03
4.779233798705249427e-03
4.779233798705251161e-03
4.787530160955680986e-03
4.787530160955672312e-03
4.787530160955672312e-03
4.787530160955680118e-03
4.762917913090455001e-03
4.762917913090465409e-03
4.762917913090450664e-03
4.754481219382090257e-03
4.762627684432824832e-03
4.754481219382085053e-03
4.754481219382087655e-03
4.754481219382091992e-03
4.754481219382085920e-03
4.754481219382091124e-03
4.754481219382076379e-03
4.762637430308023709e-03
4.754481219382085053e-03
4.762627684432840444e-03
4.754481219382091992e-03
4.754481219382091124e-03
4.754481219382085053e-03
4.754481219382086787e-03
4.779011339591216802e-03
4.754481219382074644e-03
4.754481219382068573e-03
4.754481219382079848e-03
4.754481219382086787e-03
4.754481219382074644e-03
4.754481219382079848e-03
4.779227075991110581e-03
4.779227075991100172e-03
4.746727304100819243e-03
4.746727304100815774e-03
4.746727304100809702e-03
4.746727304100810570e-03
4.746727304100810570e-03
4.746727304100810570e-03
4.746727304100810570e-03
4.762908919152742358e-03
4.762908919152731950e-03
4.762908919152742358e-03
4.762908919152742358e-03
4.762908919152725878e-03
4.762908919152729348e-03
4.771079670021331071e-03
4.762908919152736287e-03
4.771046480867824867e-03
4.771046480867830071e-03
4.771046480867833540e-03
4.771046480867824000e-03
4.762908919152721542e-03
4.762929910064804713e-03
4.762929910064795172e-03
4.762929910064801244e-03
4.754806936104271665e-03
4.746727304100813172e-03
4.746727304100801896e-03
4.746727304100821845e-03
4.746727304100813172e-03
4.746727304100813172e-03
4.762649037497409567e-03
4.762649037497413904e-03
4.754509782856508431e-03
4.754509782856512767e-03
4.746400495058028003e-03
4.746400495058027136e-03
4.746400495058028871e-03
4.746400495058028003e-03
4.762916615380013291e-03
4.754806947570853690e-03
4.754806947570851955e-03
4.754806936104280339e-03
4.754806936104281206e-03
4.754806936104278604e-03
4.754806936104282074e-03
4.754806936104281206e-03
4.754806936104287278e-03
4.754806936104292482e-03
4.754806936104281206e-03
4.754806936104288145e-03
4.754806936104281206e-03
4.754806936104281206e-03
4.754806936104281206e-03
4.754806936104288145e-03
4.746833018282713666e-03
4.746833018282706727e-03
4.746727304100816641e-03
4.746727304100815774e-03
4.746727304100815774e-03
4.746727304100815774e-03
4.746727304100817509e-03
4.762916448982361557e-03
4.762916448982360690e-03
4.779141599667730174e-03
4.779141599667728439e-03
4.779141599667728439e-03
4.812164423771779671e-03
4.812164423771774467e-03
4.812164423771775335e-03
4.812164423771783141e-03
4.770961164974229368e-03
4.762811971048031522e-03
4.762811971048046267e-03
4.787349975992316251e-03
4.787349975992303240e-03
4.787349975992316251e-03
4.787349975992310179e-03
4.787349975992303240e-03
4.787349975992310179e-03
4.779141419855690784e-03
4.779141419855690784e-03
4.779141419855690784e-03
4.779152766625744710e-03
4.779141419855695988e-03
4.770963179698572455e-03
4.770963179698573323e-03
4.770963179698571588e-03
4.770963179698581996e-03
4.770963179698590670e-03
4.770963179698594139e-03
4.770946002508434300e-03
4.762790647563037300e-03
4.762790647563053779e-03
4.762790647563047708e-03
4.762790647563039034e-03
4.770963179698576792e-03
4.770963179698581996e-03
4.770963179698582864e-03
4.770963179698585466e-03
4.779141419855693386e-03
4.770963179698585466e-03
4.770963179698585466e-03
4.770963179698587200e-03
4.770963179698588068e-03
4.770963179698593272e-03
4.770963179698581996e-03
4.770961351120710410e-03
4.770961351120719951e-03
4.770961351120726023e-03
4.787262415115485850e-03
4.787262415115479779e-03
4.787262415115491922e-03
4.795600284976272304e-03
4.803864532056214762e-03
4.787190807206613379e-03
4.795600284976272304e-03
4.795600284976267100e-03
4.795600284976267967e-03
4.795600284976272304e-03
4.795600284976267100e-03
4.795600284976264498e-03
4.795600284976267100e-03
4.795600284976273171e-03
4.795600284976277508e-03
4.828844501905368500e-03
4.820488762450828545e-03
4.820488762450840688e-03
4.820488762450836351e-03
4.812081871767534200e-03
4.820486892298535969e-03
4.820486892298535969e-03
4.820486892298517755e-03
4.820486892298516887e-03
4.820486892298532500e-03
4.820486892298529898e-03
4.820486892298524693e-03
4.820486892298529898e-03
4.820486892298539439e-03
4.820486892298529898e-03
4.828841777478611388e-03
4.828841777478603582e-03
4.820486892298529898e-03
4.820486892298514285e-03
4.828841777478604450e-03
4.828841777478602715e-03
4.828841777478610521e-03
4.820486892298523826e-03
4.820486892298519489e-03
4.828841777478616593e-03
4.820486892298529898e-03
4.820486892298524693e-03
4.828841777478605317e-03
4.828841777478598378e-03
4.828841777478598378e-03
4.820486892298523826e-03
4.820486892298522959e-03
4.820486892298530765e-03
4.820486892298535102e-03
4.820486892298536837e-03
4.820486892298532500e-03
4.820486892298529030e-03
4.820486892298530765e-03
4.828832391268538318e-03
4.828832391268531379e-03
4.828832391268533981e-03
4.828841476596323554e-03
4.828841476596327890e-03
4.828841476596322686e-03
4.828841476596322686e-03
4.828841476596321819e-03
4.828841476596321819e-03
4.828841476596328758e-03
4.828841476596322686e-03
4.828841476596320952e-03
4.828841476596322686e-03
4.828841476596321819e-03
4.828841476596322686e-03
4.812162552061161579e-03
4.812162552061157242e-03
4.812162552061162446e-03
4.787366513772460704e-03
4.787366513772446826e-03
4.787366513772446826e-03
4.787278949988128807e-03
4.795600415068343100e-03
4.803864615078401977e-03
4.803864615078395905e-03
4.803864615078395905e-03
4.803864615078401977e-03
4.803864615078400242e-03
4.803864615078395038e-03
4.803864615078394171e-03
4.803864615078400242e-03
4.803864615078402844e-03
4.803864615078394171e-03
4.795600415068351774e-03
4.795600415068356111e-03
4.795600415068348304e-03
4.795600415068356111e-03
4.803864615078389834e-03
4.803887491515334250e-03
4.803887491515329046e-03
4.803887491515334250e-03
4.803887491515334250e-03
4.803887491515341189e-03
4.803887491515332515e-03
4.795624535348242366e-03
4.795624535348234560e-03
4.803887491515342924e-03
4.795624535348229356e-03
4.795624535348238029e-03
4.795624535348233693e-03
4.795624535348234560e-03
4.795624535348233693e-03
4.779150306047487071e-03
4.779150306047487071e-03
4.787363554729107476e-03
4.787363554729103139e-03
4.787363554729110078e-03
4.787357357197902230e-03
4.787357357197900495e-03
4.787357357197912638e-03
4.787357357197904832e-03
4.787357357197908302e-03
4.787269532275408891e-03
4.787357357197900495e-03
4.779041131351240146e-03
4.779041131351234942e-03
4.779041131351234942e-03
4.779041131351237544e-03
4.779041131351243615e-03
4.779041131351236676e-03
4.779041131351252289e-03
4.779144328036770417e-03
4.779144328036759141e-03
4.779144328036770417e-03
4.779144328036769550e-03
4.787351889687693762e-03
4.787351889687688558e-03
4.787351889687688558e-03
4.787354015424887671e-03
4.787354015424892008e-03
4.756526495675722326e-03
4.756526495675717121e-03
4.756526495675721458e-03
4.756526495675715387e-03
4.747986250892246261e-03
4.747986250892251466e-03
4.747986250892250598e-03
4.747986250892251466e-03
4.747986199955464559e-03
4.747986199955458488e-03
4.739478780869074356e-03
4.739478780869074356e-03
4.747986199955449814e-03
4.739478780869076091e-03
4.739478780869077826e-03
4.739478780869078693e-03
4.747986199955456753e-03
4.747986199955456753e-03
4.747986199955453283e-03
4.747986199955463692e-03
4.747986199955463692e-03
4.747986612779545902e-03
4.747997944984036663e-03
4.747997944984047071e-03
4.739478780869079561e-03
4.739478780869079561e-03
4.739478780869069152e-03
4.739478780869075224e-03
4.739478780869072622e-03
4.739478780869076958e-03
4.739478780869078693e-03
4.739478780869079561e-03
4.739478780869075224e-03
4.747986199955461957e-03
4.747986199955462824e-03
4.747986199955461957e-03
4.747986199955465426e-03
4.739478780869076091e-03
4.739478780869079561e-03
4.739478780869074356e-03
4.748051307039503725e-03
4.756588692600620047e-03
4.756588692600624384e-03
4.756588692600619180e-03
4.756588692600620914e-03
4.756588692600615710e-03
4.756588692600614843e-03
4.756588692600613975e-03
4.748051307039501991e-03
4.756588692600623516e-03
4.748051307039495919e-03
4.748051307039494184e-03
4.748051307039491582e-03
4.748051307039492450e-03
4.748051307039490715e-03
4.748051307039490715e-03
4.748051307039498521e-03
4.748051307039499389e-03
4.748051307039498521e-03
4.748192115680376774e-03
4.756724975110976708e-03
4.756724975110996657e-03
4.756724975110981045e-03
4.756724975110989719e-03
4.765290742879488110e-03
4.748192115680380243e-03
4.748192115680381978e-03
4.748192115680381110e-03
4.731073900539751846e-03
4.731073900539751846e-03
4.731073900539757918e-03
4.731073900539757918e-03
4.731073900539757918e-03
4.739546142720572203e-03
4.731073900539758785e-03
4.739541694780248851e-03
4.731073900539757918e-03
4.731073900539757918e-03
4.731073900539757918e-03
4.731073900539758785e-03
4.731073900539758785e-03
4.739546142720571335e-03
4.731073900539761387e-03
4.731073900539760520e-03
4.731073900539757918e-03
4.731073900539757918e-03
4.731073900539757918e-03
4.756589125602646642e-03
4.756589125602642305e-03
4.756589125602642305e-03
4.756589125602627560e-03
4.756589125602636234e-03
4.756589125602638836e-03
4.756589125602646642e-03
4.756589125602632764e-03
4.756589125602633632e-03
4.756589125602646642e-03
4.756589125602644040e-03
4.765159583262357397e-03
4.773481840285970570e-03
4.782401494652662940e-03
4.782420737124063077e-03
4.791089484995471846e-03
4.791089484995471846e-03
4.782420737124069149e-03
4.791089484995470112e-03
4.791089484995469244e-03
4.791089484995470979e-03
4.791089484995483989e-03
4.782420737124063945e-03
4.782420737124063945e-03
4.782420737124069149e-03
4.782420737124057873e-03
4.782420737124057873e-03
4.782420737124057873e-03
4.782420737124058741e-03
4.782420658965446346e-03
4.782420658965447213e-03
4.773785381481434123e-03
4.773785381481430654e-03
4.773785381481434123e-03
4.773785381481435858e-03
4.773785381481430654e-03
4.773785381481437592e-03
4.773785381481430654e-03
4.747799198196699967e-03
4.747939350292275720e-03
4.747939350292275720e-03
4.747939350292266179e-03
4.747939350292270516e-03
4.799731354779462542e-03
4.808472663502352286e-03
4.799731354779465144e-03
4.773710769589626854e-03
4.773710769589639864e-03
4.773710769589635527e-03
4.773710769589639864e-03
4.773710769589637262e-03
4.773710769589635527e-03
4.773710769589637262e-03
4.782350202266177214e-03
4.782350202266174612e-03
4.782350202266178081e-03
4.782350202266180683e-03
4.782350202266180683e-03
4.782350202266188489e-03
4.773710769589633793e-03
4.773710769589634660e-03
4.773710769589626854e-03
4.773710769589626854e-03
4.773710769589622517e-03
4.773710769589626854e-03
4.773710769589627721e-03
4.773710769589626854e-03
4.773710769589622517e-03
4.773710769589632925e-03
4.773710769589626854e-03
4.773710769589626854e-03
4.773710769589621650e-03
4.765083413367060018e-03
4.791260126269480425e-03
4.791260852960667685e-03
4.791260852960672889e-03
4.791260126267295541e-03
4.791260126267301613e-03
4.791260126267301613e-03
4.791260126267292072e-03
4.791260126267299878e-03
4.781235082612893955e-03
4.799965041375646620e-03
4.782593681315861281e-03
4.782593681315857811e-03
4.782593681315863883e-03
4.782593681315868220e-03
4.782593681315873424e-03
4.791258666179551255e-03
4.791258666179566000e-03
4.791258666179566000e-03
4.773951734181266365e-03
4.782589089791427182e-03
4.730487472696261707e-03
4.730487472696260839e-03
4.730493551673233682e-03
4.730493551673245825e-03
4.730493551673243223e-03
4.730493551673246692e-03
4.730493551673243223e-03
4.738996987310912373e-03
4.730487485385315508e-03
4.730487485385321579e-03
4.730487485385325916e-03
4.739186994049532191e-03
4.739186994049531323e-03
4.739186994049532191e-03
4.739186994049532191e-03
4.739186994049545201e-03
4.739186994049539997e-03
4.739186994049534793e-03
4.713798601489923787e-03
4.713798601489917715e-03
4.713798601489917715e-03
4.713798601489916848e-03
4.713798601489922052e-03
4.713798601489923787e-03
4.705400726307902917e-03
4.705400726307903785e-03
4.705400726307896846e-03
4.705400726307897713e-03
4.705400726307901182e-03
4.705400726307902050e-03
4.705400726307907254e-03
4.713847225848169335e-03
4.713847225848167601e-03
4.713847225848164131e-03
4.731039525692816786e-03
4.731039525692816786e-03
4.705400726307902917e-03
4.705400726307900315e-03
4.705400726307897713e-03
4.697008718044196063e-03
4.688423463811031838e-03
4.688423463811016226e-03
4.688423463811015358e-03
4.688423463811015358e-03
4.688423463811023165e-03
4.696771897930843154e-03
4.730790349399693548e-03
4.722322821503462630e-03
4.722322821503473038e-03
4.722322821503473038e-03
4.722322821503479977e-03
4.722322821503478242e-03
4.739306987502149050e-03
4.739306987502152520e-03
4.730487370383343153e-03
4.730487370383342285e-03
4.713565679093973185e-03
4.713565679093985328e-03
4.722010439907700120e-03
4.722010439907700120e-03
4.713565729258854982e-03
4.722010439907700120e-03
4.722010439907694916e-03
4.738999791077952092e-03
4.738999791077943419e-03
4.747557930784638072e-03
4.747557930784638940e-03
4.747557930784641542e-03
4.747557930784640674e-03
4.747557930784639807e-03
4.755977511451106934e-03
4.756131131406943734e-03
4.756131131406939397e-03
4.756131131406939397e-03
4.756134228046791056e-03
4.747542008606561205e-03
4.747542008606571613e-03
4.747542008606566409e-03
4.747542008606561205e-03
4.696772810371771523e-03
4.688418126643810642e-03
4.688418126643810642e-03
4.688418126643808907e-03
4.680100678926920298e-03
4.688418295064296533e-03
4.680100654422023054e-03
4.730887768086460346e-03
4.730887768086465550e-03
4.730887768086470754e-03
4.722446592873587833e-03
4.722446592873593037e-03
4.722446592873582628e-03
4.722446592873597374e-03
4.722446555351390678e-03
4.714037647475037909e-03
4.714037647475043981e-03
4.714037647475044848e-03
4.722446555351401086e-03
4.714037647475038777e-03
4.714037647475034440e-03
4.714037647475040511e-03
4.714037647475037909e-03
4.714037647475038777e-03
4.722446555351399351e-03
4.722446555351395014e-03
4.722446555351392412e-03
4.714037647475047450e-03
4.714037647475043113e-03
4.714037647475041379e-03
4.714037647475037042e-03
4.714037647475037042e-03
4.714037647475037042e-03
4.714037647475036175e-03
4.714037647475028368e-03
4.713568994097798448e-03
4.713568994097794111e-03
4.713568994097794111e-03
4.713333430862849845e-03
4.713333430862857651e-03
4.713333430862853314e-03
4.713333430862848977e-03
4.713568994097789774e-03
4.722446529039750311e-03
4.722446529039739035e-03
4.722446529039743372e-03
4.730887842018134497e-03
4.730900602841238423e-03
4.730900602841233218e-03
4.730900602841232351e-03
4.722242825766232929e-03
4.722242825766243338e-03
4.739373128467041542e-03
4.755632301259723853e-03
4.764986956260447264e-03
4.773591220075523549e-03
4.739373808112758851e-03
4.739373808112751912e-03
4.739373808112756249e-03
4.739373808112750178e-03
4.739188435554615025e-03
4.739188435554621097e-03
4.739188435554621097e-03
4.739373808112751045e-03
4.739373808112751045e-03
4.739373808112747576e-03
4.739373808112749310e-03
4.747878385331682875e-03
4.747878385331683743e-03
4.747878385331669865e-03
4.739373808112748443e-03
4.756416312599452689e-03
4.756416312599450087e-03
4.764986878446861827e-03
4.764986878446871368e-03
4.714036084603881634e-03
4.705658841981942217e-03
4.714036084603879899e-03
4.705658841981943084e-03
4.714036084603890307e-03
4.714036084603889440e-03
4.722477029724246600e-03
4.722477029724257008e-03
4.722445313133788458e-03
4.722445313133793662e-03
4.722445313133780652e-03
4.714036184177174821e-03
4.714036184177167015e-03
4.714036184177161810e-03
4.714036184177173086e-03
4.714036184177159208e-03
4.714036184177160943e-03
4.714036184177158341e-03
4.722445313133775448e-03
4.714036184177167015e-03
4.714036184177161810e-03
4.714036184177161810e-03
4.714036184177163545e-03
4.714036184177167015e-03
4.714036184177153137e-03
4.714036184177168749e-03
4.714036184177158341e-03
4.722445313133783254e-03
4.722445313133783254e-03
4.714036171691298772e-03
4.714036171691290966e-03
4.714036171691288364e-03
4.714036171691283160e-03
4.722445475116942779e-03
4.730887048714452203e-03
4.722445475116948850e-03
4.722445475116942779e-03
4.722445475116942779e-03
4.722445475116948850e-03
4.705658841981938748e-03
4.705658841981937880e-03
4.705658841981936145e-03
4.705658841981931809e-03
4.705658841981931809e-03
4.705658841981926604e-03
4.705658841981932676e-03
4.705658841981925737e-03
4.705658841981930074e-03
4.705658841981926604e-03
4.705658841981942217e-03
4.722445524961044715e-03
4.722445524961040378e-03
4.730887223960785273e-03
4.739369413180878621e-03
4.705658841981937013e-03
4.756095928186300503e-03
4.756095928186299636e-03
4.756095928186299636e-03
4.756138053745289501e-03
4.756138053745283430e-03
4.756138053745279093e-03
4.756124442948741517e-03
4.756124442948747588e-03
4.756124195863581025e-03
4.764789184357780955e-03
4.764789184357785291e-03
4.764789184357774883e-03
4.764789184357785291e-03
4.764789184357784424e-03
4.764789184357784424e-03
4.764789184357784424e-03
4.764789184357784424e-03
-6.841417667428784100e-02
-6.841417667428754956e-02
-6.841417667428756344e-02
-6.841417667428799365e-02
-6.841417667428799365e-02
-7.091668212574607499e-02
-7.223519461465865987e-02
-7.223519461465868763e-02
-7.223519461465821578e-02
-7.223519461465821578e-02
-7.223328706845746905e-02
-7.223328706845746905e-02
-7.223328706845749680e-02
-7.091668212574581132e-02
-7.091668212574606112e-02
-7.091668212574625541e-02
-7.091668212574582519e-02
-7.091668212574583907e-02
-7.223519461465836844e-02
-7.223519461465834068e-02
-7.091668212574581132e-02
-7.091668212574581132e-02
-7.091668212574581132e-02
-7.360302233924541360e-02
-7.360302233924505277e-02
-7.223428174981573469e-02
-6.964509770716395543e-02
-6.964509770716395543e-02
-7.214863047615598102e-02
-7.214863047615602265e-02
-7.351449830983729228e-02
-7.351449830983729228e-02
-7.351449830983693146e-02
-6.964509770716453829e-02
-6.964509770716416359e-02
-6.964509770716395543e-02
-6.964509770716453829e-02
-6.964509770716402481e-02
-6.964509770716395543e-02
-7.223533582279852150e-02
-7.512445996952257787e-02
-7.512445996952257787e-02
-7.369659137789050241e-02
-7.369659137789004444e-02
-7.220805222141604696e-02
-7.220805222141646329e-02
-6.972244564266619204e-02
-6.972244564266623368e-02
-6.972244564266624756e-02
-6.972244564266623368e-02
-7.099163564092485224e-02
-6.972244564266621980e-02
-6.972244564266620592e-02
-6.972244564266663613e-02
-6.972244564266621980e-02
-6.972244564266609490e-02
-6.972244564266610878e-02
-6.972244564266631695e-02
-6.972244564266674716e-02
-6.972244564266631695e-02
-6.972244564266674716e-02
-7.099812026084532934e-02
-6.811468492916918083e-02
-6.811468492916876449e-02
-6.811468492916834816e-02
-6.811468492916876449e-02
-6.811468492916834816e-02
-6.694181340369086131e-02
-6.694181340369148581e-02
-6.694181340369140254e-02
-6.694181340369147193e-02
-6.811468492916830653e-02
-6.694181340369106947e-02
-6.811468492916830653e-02
-6.694181340369148581e-02
-6.694181340369106947e-02
-6.694181340369147193e-02
-6.694181340369134703e-02
-6.811468492916825102e-02
-6.693916602726197873e-02
-6.693916602726160403e-02
-6.693916602726161791e-02
-6.693916602726196485e-02
-6.693916602726199261e-02
-6.693916602726221465e-02
-6.693916602726203424e-02
-6.693916602726196485e-02
-6.693916602726199261e-02
-6.811540655061319727e-02
-6.811540655061300298e-02
-6.933111678636967590e-02
-6.933111678636924569e-02
-6.811439151855376573e-02
-6.580208236553526657e-02
-6.580208236553541923e-02
-6.693412429393155727e-02
-6.810609749394981594e-02
-6.693414104283521016e-02
-6.693412429393130747e-02
-6.580208236553553025e-02
-6.580208236553553025e-02
-6.580208236553565515e-02
-6.693412429393154339e-02
-6.693412429393154339e-02
-6.580208236553565515e-02
-6.580208236553605761e-02
-6.580208236553565515e-02
-6.580208236553605761e-02
-6.580208236553605761e-02
-6.810558593970836294e-02
-6.810558593970836294e-02
-6.810558593970818253e-02
-6.810558593970858499e-02
-6.810558593970858499e-02
-6.810558593970847396e-02
-6.810558593970836294e-02
-6.810558593970854335e-02
-6.810558593970818253e-02
-6.810558593970852947e-02
-6.810558593970834906e-02
-6.693391295606235247e-02
-6.693391295606235247e-02
-6.810558593970814090e-02
-6.693391295606235247e-02
-6.693391295606238023e-02
-6.693391295606238023e-02
-6.693391295606244962e-02
-6.580208236553540535e-02
-6.580208236553568291e-02
-6.580208236553559964e-02
-6.580208236553540535e-02
-6.580208236553568291e-02
-6.580208236553504453e-02
-6.580208236553559964e-02
-6.580208236553541923e-02
-6.693412429393152951e-02
-6.693412429393130747e-02
-6.693412429393152951e-02
-6.691311001598834740e-02
-6.691311001598876373e-02
-6.691311001598844455e-02
-6.580208236553540535e-02
-6.580208236553541923e-02
-6.580208236553540535e-02
-6.580208236553540535e-02
-6.580208236553561352e-02
-6.580965791693159372e-02
-6.580965791693159372e-02
-6.580965791693119127e-02
-6.580965791693119127e-02
-6.580965791693159372e-02
-6.580965791693160760e-02
-6.580965791693157985e-02
-6.580965791693201006e-02
-6.365676181262332201e-02
-6.471518231271494725e-02
-6.471518231271494725e-02
-6.471518231271455868e-02
-6.471518231271453092e-02
-6.580958103993080066e-02
-6.471518231271468358e-02
-7.046337914380410017e-02
-7.046337914380400302e-02
-7.046337914380404466e-02
-7.165679974868517654e-02
-7.165679974868557900e-02
-7.036245870558419102e-02
-7.165679974868517654e-02
-7.036245870558417714e-02
-7.036245870558419102e-02
-7.036245870558419102e-02
-7.036245870558420490e-02
-7.036245870558459348e-02
-7.036245870558457960e-02
-7.036245870558457960e-02
-7.036245870558457960e-02
-7.036245870558457960e-02
-7.036245870558419102e-02
-7.036245870558456572e-02
-7.165679974868581492e-02
-7.165679974868581492e-02
-7.165679974868581492e-02
-7.165679974868575941e-02
-7.165679974868575941e-02
-7.127739752638206916e-02
-7.127739752638212467e-02
-7.127739752638212467e-02
-7.165679974868525981e-02
-7.036245870558459348e-02
-7.036245870558456572e-02
-7.165679974868507940e-02
-7.036245870558420490e-02
-7.036245870558448245e-02
-7.036245870558448245e-02
-6.921087345628852694e-02
-6.921087345628812448e-02
-6.921087345628812448e-02
