-4.955240107102630576e-02
-4.861521548402293613e-02
-4.861521548379732494e-02
-4.861521548401206982e-02
-4.861521548401364495e-02
-4.861521548401400578e-02
-4.861521548401395720e-02
-4.861521548401395026e-02
-4.861521548401418619e-02
-4.861521548401365883e-02
-4.861521548401341597e-02
-4.861521548401365883e-02
-4.861521548401368659e-02
-4.861521548401393639e-02
-4.861521548401417925e-02
-4.861521548401417925e-02
-4.861521548401392945e-02
-4.861521548401394333e-02
-4.861521548401417925e-02
-4.861521548401364495e-02
-4.861521548401366577e-02
-4.861521548401391557e-02
-4.861521548401392251e-02
-4.861521548401365189e-02
-4.861521548401390863e-02
-4.771517532933849948e-02
-4.771517532933804151e-02
-4.771517532933827049e-02
-4.861521548401309678e-02
-4.861521548401365189e-02
-4.861521548401390169e-02
-4.771517532933827743e-02
-4.771517532933824274e-02
-4.771517532933797212e-02
-4.771517532933772232e-02
-4.771517532933777089e-02
-4.771517532933802069e-02
-4.771517532933823580e-02
-4.771517532933821498e-02
-4.771517532933827049e-02
-4.771517532933802763e-02
-4.771517532933827049e-02
-4.771517532933801375e-02
-4.771517532933800682e-02
-4.771517532933799294e-02
-4.771517532933822192e-02
-4.771517532933821498e-02
-4.771517532933821498e-02
-4.861521548401369353e-02
-4.771517532933824968e-02
-4.771517532933747946e-02
-4.771517532933771538e-02
-4.771517532933775008e-02
-4.771517532933799988e-02
-4.771517532933849254e-02
-4.771517532933798600e-02
-4.771517532933797906e-02
-4.771517532933797906e-02
-4.677693720753447332e-02
-4.763424322007620698e-02
-4.763424322007650535e-02
-4.763424322007645678e-02
-4.852380213950720222e-02
-4.852380213950723692e-02
-4.852380213950677895e-02
-4.852380213950670956e-02
-4.852380213950716059e-02
-4.852380213950741039e-02
-4.852380213950716753e-02
-4.678209633682108709e-02
-4.763912405843596931e-02
-4.763912405843596931e-02
-4.763912405843571951e-02
-4.763912405843596931e-02
-4.763912405843621217e-02
-4.763912405843596931e-02
-4.763912405843617054e-02
-4.763912405843641340e-02
-4.763912405843616360e-02
-4.852531752716168767e-02
-4.852531752716168073e-02
-4.944843868505482964e-02
-4.944843868505457291e-02
-4.763922913986989860e-02
-4.763922913987012064e-02
-4.763922913987012064e-02
-4.763922913987012064e-02
-4.763922913987012064e-02
-4.847355988148532163e-02
-4.847355988148557143e-02
-4.847355988148527306e-02
-4.847355988148532163e-02
-4.847355988148552286e-02
-4.847355988148552286e-02
-4.763922913986989860e-02
-4.763922913986989860e-02
-4.763922913986989860e-02
-4.763922913987009289e-02
-4.763922913987009289e-02
-4.852816457435498582e-02
-4.763922913987014840e-02
-4.763922913987034269e-02
-4.763922913987034269e-02
-4.763922913987039820e-02
-4.763922913987039820e-02
-4.763922913987034269e-02
-4.852816457435503439e-02
-4.852816457435503439e-02
-4.763922913987039820e-02
-4.852840577611317041e-02
-4.852840577611322592e-02
-4.852840577611321204e-02
-4.852840577611294837e-02
-4.852840577611300388e-02
-4.852840577611294837e-02
-4.852840577611300388e-02
-4.945117517268379781e-02
-4.763912405843617054e-02
-4.750655691069934766e-02
-4.665538711224702373e-02
-4.665538711224682250e-02
-4.595421839808427195e-02
-4.595421839808479930e-02
-4.595421839808448011e-02
-4.674676104872205890e-02
-4.674676104872206583e-02
-4.674676104872205890e-02
-4.666782668284932822e-02
-4.595421839808425113e-02
-4.595421839808454256e-02
-4.595421839808413317e-02
-4.678125910900352014e-02
-4.678125910900308299e-02
-4.595421839808410541e-02
-4.595421839808457032e-02
-4.595421839808458420e-02
-4.595421839808437603e-02
-4.595421839808452869e-02
-4.595421839808413317e-02
-4.595421839808431358e-02
-4.595421839808435521e-02
-4.595421839808435521e-02
-4.595421839808434133e-02
-4.678125910900285400e-02
-4.678125910900285400e-02
-4.678125910900305523e-02
-4.678125910900305523e-02
-4.595421839808427195e-02
-4.595421839808454256e-02
-4.595421839808437603e-02
-4.595421839808437603e-02
-4.595421839808478542e-02
-4.595421839808452869e-02
-4.595421839808401521e-02
-4.595421839808452869e-02
-4.678125910900331891e-02
-4.678125910900356871e-02
-4.678137153196783304e-02
-4.678137153196783304e-02
-4.678137153196759018e-02
-4.763880851948331524e-02
-4.763880851948331524e-02
-4.760037830118683810e-02
-4.761310588011330447e-02
-4.761310588011306161e-02
-4.761310588011306161e-02
-4.761310588011306161e-02
-4.761310588011279099e-02
-4.761310588011304773e-02
-4.761310588011306161e-02
-4.938814801987573971e-02
-4.938814801987575359e-02
-4.846746752015537035e-02
-4.846746752015510667e-02
-4.846746752015537035e-02
-4.846746752015541199e-02
-4.846746752015491239e-02
-4.846746752015491239e-02
-4.846746752015486381e-02
-4.846746752015467646e-02
-4.846746752015491239e-02
-4.846746752015511361e-02
-4.846746752015486381e-02
-4.758053427348004488e-02
-4.758053427348004488e-02
-4.758053427348004488e-02
-4.758053427348004488e-02
-4.758053427348004488e-02
-4.938829186809792077e-02
-4.758053427347982978e-02
-4.758053427347982978e-02
-4.758053427347982978e-02
-4.758053427347982978e-02
-4.758053427347996162e-02
-4.758053427348021142e-02
-4.758053427347996162e-02
-4.758053427348001019e-02
-4.758053427347996162e-02
-4.758053427348001019e-02
-4.758053427348001019e-02
-4.758053427347982978e-02
-4.758053427347996162e-02
-4.758053427348001019e-02
-4.758053427348001019e-02
-4.758053427347982978e-02
-4.758053427348004488e-02
-4.685785901911012491e-02
-4.685785901911012491e-02
-4.685785901910995144e-02
-4.685785901910988899e-02
-4.602750273812130505e-02
-4.602750273812087484e-02
-4.602750273812064585e-02
-4.602750273812081933e-02
-4.602750273812040993e-02
-4.602750273812040993e-02
-4.685785901910974327e-02
-4.685785901910952123e-02
-4.685785901910949347e-02
-4.685785901910995144e-02
-4.602750273812064585e-02
-4.602750273812065279e-02
-4.602750273812040993e-02
-4.602750273812064585e-02
-4.602750273812065973e-02
-4.602750273812084014e-02
-4.601895681400578614e-02
-4.601895681400595961e-02
-4.673168695522910560e-02
-4.673168695522910560e-02
-4.673168695522954275e-02
-4.673168695522910560e-02
-4.685798096909241095e-02
-4.602806216134224665e-02
-4.685798096909217503e-02
-4.602806216134223971e-02
-4.602806216134274625e-02
-4.602806216134251033e-02
-4.602806216134205930e-02
-4.602806216134251033e-02
-4.602806216134251033e-02
-4.602806216134247563e-02
-4.602806216134246869e-02
-4.602806216134269768e-02
-4.602806216134274625e-02
-4.602806216134247563e-02
-4.602806216134274625e-02
-4.602806216134242706e-02
-4.602806216134246176e-02
-4.602806216134274625e-02
-4.685801575685102915e-02
-4.771829206087170594e-02
-4.685801575685102915e-02
-4.685801575685102915e-02
-4.685801575685102915e-02
-4.685801575685124426e-02
-4.685801575685124426e-02
-4.685801575685124426e-02
-4.685801575685126508e-02
-4.685801575685148712e-02
-4.685801575685125814e-02
-4.685801575685120957e-02
-4.685801575685121650e-02
-4.685801575685102222e-02
-4.685801575685102222e-02
-4.685801575685124426e-02
-4.685801575685102222e-02
-4.685801575685124426e-02
-4.685801575685102222e-02
-4.685801575685102222e-02
-4.685801575685102222e-02
-4.685801575685124426e-02
-4.771829206087126879e-02
-4.685801575685120957e-02
-4.685801575685092507e-02
-4.685801575685092507e-02
-4.685801575685073078e-02
-4.685801575685073078e-02
-4.771829206087074143e-02
-4.685801575685077935e-02
-4.771861098869240730e-02
-4.771861098869260159e-02
-4.771861098869217832e-02
-4.771861098869240730e-02
-4.771861098869221302e-02
-4.771861098869240730e-02
-4.771861098869265710e-02
-4.771861098869240730e-02
-4.771861098869244894e-02
-4.771861098869219220e-02
-5.051087799659752242e-02
-5.151247331543318958e-02
-5.051087799659752242e-02
-5.051087799659800120e-02
-5.051087799659768895e-02
-5.051087799659750160e-02
-5.051087799659757099e-02
-5.051087799659771671e-02
-5.051087799659778610e-02
-5.051087799659795263e-02
-5.051087799659777916e-02
-5.051087799659778610e-02
-5.051087799659752936e-02
-5.051087799659752936e-02
-5.051087799659795957e-02
-5.051087799659791100e-02
-5.051087799659795957e-02
-5.051087799659813998e-02
-5.051087799659777916e-02
-5.151247331543291202e-02
-5.151247331543289815e-02
-5.120360607493603528e-02
-5.120360607493621569e-02
-5.120360607493625038e-02
-5.120360607493621569e-02
-4.861911744287768233e-02
-4.861911744287791826e-02
-4.954670799322783564e-02
-4.861911744287791826e-02
-4.861911744287791132e-02
-4.772365951611644286e-02
-4.772365951611597101e-02
-4.861746859692373662e-02
-4.861746859692404193e-02
-4.861746859692377826e-02
-4.772365951611617918e-02
-4.861746859692408357e-02
-4.772365951611620694e-02
-4.772365951611596407e-02
-4.861487429119834558e-02
-4.854881237357313445e-02
-4.765813065793542136e-02
-4.765813065793542136e-02
-4.679971938650909907e-02
-4.679971938650937663e-02
-4.679971938650936969e-02
-4.679971938650934887e-02
-4.679971938650934887e-02
-4.679971938650985541e-02
-4.679971938650982766e-02
-4.765854871690838879e-02
-4.679971938650958480e-02
-4.679971938650982766e-02
-4.679971938650982766e-02
-4.679971938650958480e-02
-4.679971938650940438e-02
-4.679971938650934887e-02
-4.854857651240496175e-02
-4.765830201916560621e-02
-4.765830201916533559e-02
-4.765830201916538417e-02
-4.765830201916538417e-02
-4.765830201916537029e-02
-4.765830201916532172e-02
-4.765830201916556458e-02
-4.765830201916556458e-02
-4.765830201916538417e-02
-4.765830201916561315e-02
-4.765830201916533559e-02
-4.765830201916533559e-02
-4.765830201916556458e-02
-4.765830201916561315e-02
-4.854858942007546363e-02
-4.854858942007547057e-02
-4.854858942007546363e-02
-4.947286513497001215e-02
-4.854858942007524852e-02
-4.854858942007521383e-02
-4.854858942007546363e-02
-4.854858942007547057e-02
-4.854858942007574119e-02
-4.854858942007571343e-02
-4.854858942007574119e-02
-4.765830201916557846e-02
-4.765830201916533559e-02
-4.765830201916557846e-02
-4.765830201916582132e-02
-4.765830201916557846e-02
-4.765830201916528702e-02
-4.765830201916532172e-02
-4.765830201916556458e-02
-4.854857651240498950e-02
-4.854857651240498950e-02
7.094247916651742064e-03
7.094247916651755942e-03
7.094247916651748136e-03
7.094247916651722115e-03
7.094247916651722982e-03
7.122238198516662663e-03
7.094247916651729054e-03
7.094247916651716911e-03
7.094247916651709972e-03
7.094247916651709972e-03
7.094247916651709972e-03
7.122239033948552130e-03
7.122239033948551262e-03
7.122239033948565140e-03
7.122239033948578150e-03
7.122239033948565140e-03
7.122239033948557334e-03
7.122239033948571212e-03
7.122239033948571212e-03
7.122239033948571212e-03
7.122239033948558201e-03
7.122239033948558201e-03
7.122239033948571212e-03
7.122239033948558201e-03
7.122239033948558201e-03
7.122239033948564273e-03
7.122239033948558201e-03
7.122239033948558201e-03
7.122239033948558201e-03
7.122239033948573814e-03
7.122239033948558201e-03
7.122239033948566007e-03
7.122239033948592028e-03
7.178900734597719671e-03
7.178900734597706661e-03
7.178900734597712732e-03
7.178900734597691916e-03
7.178900734597690181e-03
7.266612147263100570e-03
7.266612147263101437e-03
7.266612147263104907e-03
7.266612147263104907e-03
7.266612147263087559e-03
7.296100821296787331e-03
7.122256664323775230e-03
7.122256664323774362e-03
7.122256664323762219e-03
7.178862396529232456e-03
7.150444091667102452e-03
7.150444091667083370e-03
7.207515284470805694e-03
7.207515284470791816e-03
7.150443669963557972e-03
7.150443669963557972e-03
7.150443669963559706e-03
7.150443669963557972e-03
7.150445129681309159e-03
7.150445129681309159e-03
7.150445129681310026e-03
7.150445129681323037e-03
7.150445129681308291e-03
7.150445129681321302e-03
7.150445129681308291e-03
7.150446005249032518e-03
7.150446005249019507e-03
7.150446005249025579e-03
7.150446005249025579e-03
7.150446005249025579e-03
7.150446005249025579e-03
7.150446005249018640e-03
7.150446005249031650e-03
7.150446005249030783e-03
7.178856977046118443e-03
7.178856977046105432e-03
7.207502183752875075e-03
7.207502183752875075e-03
7.207502183752862064e-03
7.178857232312546230e-03
7.150446005249044661e-03
7.150446005249056804e-03
7.150446005249030783e-03
7.150446005249031650e-03
7.150446005249045528e-03
7.150446005249004762e-03
7.150446005249009966e-03
7.150446005249005629e-03
7.150446005249006497e-03
7.150446005249005629e-03
7.150446005249006497e-03
7.178781988652362632e-03
7.178781988652353091e-03
7.178856977046112371e-03
7.178856977046125382e-03
7.178856977046110636e-03
7.178856977046138392e-03
7.178856977046139259e-03
7.178856977046125382e-03
7.178856977046125382e-03
7.123298610385147937e-03
7.123298610385141866e-03
7.123298610385143600e-03
7.123298610385150539e-03
7.123298610385150539e-03
7.123298610385130590e-03
7.123298610385142733e-03
7.123298610385142733e-03
7.151693038850292540e-03
7.178718163884299092e-03
7.178718163884305163e-03
7.178718163884286949e-03
7.150445129681329975e-03
7.178859981346434778e-03
7.207508333083091981e-03
7.178859981346435645e-03
7.178859981346435645e-03
7.178859981346446054e-03
7.207515105294375925e-03
7.207515105294376792e-03
7.207515105294373323e-03
7.207515105294385466e-03
7.207515105294376792e-03
7.207515105294375925e-03
7.207515105294385466e-03
7.207515105294357710e-03
7.178866556629366624e-03
7.178866556629362287e-03
7.178866556629374431e-03
7.236401083719859982e-03
7.178866556629353614e-03
7.178866556629366624e-03
7.178866556629374431e-03
7.178866556629388308e-03
7.178860988795769671e-03
7.178860988795769671e-03
7.178860988795769671e-03
7.178860988795800896e-03
7.178860988795788753e-03
7.178860988795787886e-03
7.178860988795808702e-03
7.207508223654139970e-03
7.207508223654148644e-03
7.178860988795774008e-03
7.178860988795781814e-03
7.178860988795787886e-03
7.207508223654173797e-03
7.207508223654174664e-03
7.207508223654152113e-03
7.178860988795769671e-03
7.178860988795760130e-03
7.178860988795759263e-03
7.236392866972314597e-03
7.236392866972339750e-03
7.179175657711376127e-03
7.179175657711356177e-03
7.150725342645191870e-03
7.150725342645209218e-03
7.150725342645205748e-03
7.150725342645197942e-03
7.150725342645184064e-03
7.150725342645184932e-03
7.179175657711369188e-03
7.179175657711369188e-03
7.150725342645197942e-03
7.150725342645185799e-03
7.150725342645172788e-03
7.150725342645160645e-03
7.150725342645161513e-03
7.150725342645172788e-03
7.207861068716081739e-03
7.207861068716107759e-03
7.207861068716111229e-03
7.150725342645172788e-03
7.150725342645171921e-03
7.179175657711369188e-03
7.179175657711391739e-03
7.179175657711396943e-03
7.236651713453588070e-03
7.236825452937374788e-03
7.207886719918458335e-03
7.207886719918470478e-03
7.192847209507554143e-03
7.192847209507548939e-03
7.192847209507522051e-03
7.192847209507561082e-03
7.192847209507559347e-03
7.192847209507535061e-03
7.221703185378612957e-03
7.192847209507554143e-03
7.192847209507560215e-03
7.221703185378597345e-03
7.192847209507547204e-03
7.221703078432110089e-03
7.221703078432123966e-03
7.192847209507548072e-03
7.192847209507541133e-03
7.221703185378611223e-03
7.221703185378604284e-03
7.221703185378611223e-03
7.221703185378612090e-03
7.221703185378604284e-03
7.221703185378618162e-03
7.192847209507534194e-03
7.192847209507522051e-03
7.221703185378611223e-03
7.221703185378633774e-03
7.192847209507521183e-03
7.192847209507521183e-03
7.265997254158271419e-03
7.265997254158264480e-03
7.236852199801633787e-03
7.236852199801645062e-03
7.236852199801643327e-03
7.236852199801668481e-03
7.236852199801671083e-03
7.236852199801668481e-03
7.236852199801654603e-03
7.236852199801658073e-03
7.236852199801656338e-03
7.265997254158275756e-03
7.265997254158251470e-03
7.236852199801682359e-03
7.236852199801667614e-03
7.236852199801670216e-03
7.236852199801657205e-03
7.236852199801669348e-03
7.236852199801667614e-03
7.236852199801659807e-03
7.236852199801667614e-03
7.236852199801661542e-03
7.236852199801645062e-03
7.265997254158266215e-03
7.179272084051434646e-03
7.179272084051442453e-03
7.179272084051456330e-03
7.179272084051427708e-03
7.207942815221289080e-03
7.179272084051441585e-03
7.179272084051440718e-03
7.207942815221283009e-03
7.207776324130621588e-03
7.207776324130606843e-03
7.207776324130606843e-03
7.207776324130607710e-03
7.236663659721407661e-03
7.236663659721415467e-03
7.179272084051429442e-03
7.207942815221306428e-03
7.179272084051436381e-03
7.152087712501098600e-03
7.179272084051442453e-03
7.179272084051435514e-03
7.179272084051441585e-03
7.179272084051444187e-03
7.207942815221314234e-03
7.266064073959001279e-03
7.266064073959014290e-03
7.266064073959013422e-03
7.266064073959020361e-03
7.266064073959000412e-03
7.266064073959060260e-03
7.266064073959066331e-03
7.266064162472658620e-03
7.266064162472671631e-03
7.266064162472679437e-03
7.266064162472679437e-03
7.266064162472679437e-03
7.266064162472656886e-03
7.295457318647098274e-03
7.295457852024868177e-03
7.295461513280466354e-03
7.295461513280470690e-03
7.295461513280463751e-03
7.295461513280466354e-03
7.295461513280462884e-03
7.295461513280468088e-03
7.266071966033632243e-03
7.266071966033634845e-03
7.266071966033631375e-03
7.295461513280510589e-03
7.295461513280501915e-03
7.295461513280506252e-03
7.295461513280507120e-03
7.295461513280495844e-03
7.295461513280496711e-03
7.266071966033631375e-03
7.295462319824877473e-03
7.325097754846388552e-03
7.325097754846372940e-03
7.325097754846377276e-03
7.325097754846376409e-03
7.325097754846367736e-03
7.325097754846361664e-03
7.325097754846401563e-03
7.325097754846387685e-03
7.325097754846409369e-03
7.236749390139757092e-03
7.265939266097799949e-03
7.236749390139757092e-03
7.236749390139770970e-03
7.236749390139755357e-03
7.265939266097787806e-03
7.236749214844915949e-03
7.236749214844931562e-03
7.236749214844915949e-03
7.236749214844915082e-03
7.178347740515378904e-03
7.178347740515384975e-03
7.178347740515404925e-03
7.178347740515404925e-03
7.178347740515414466e-03
7.178347740515405792e-03
7.178347740515392782e-03
7.178347740515419670e-03
7.178347740515418803e-03
7.149005360589586779e-03
7.149005360589598922e-03
7.205213357262665874e-03
7.205213357262664139e-03
7.205213357262664139e-03
7.205213357262651129e-03
7.205213357262664139e-03
7.205213357262664139e-03
7.233624565111516740e-03
7.233624987167021868e-03
7.233624987167020133e-03
7.233624987167022735e-03
7.262267743724664520e-03
7.233624987167041817e-03
7.233624987167034878e-03
7.233624987167033143e-03
7.233624987167023603e-03
7.233624987167036613e-03
7.233624987167037480e-03
7.262256636308451162e-03
7.262256636308470244e-03
7.262256636308433815e-03
7.262256636308453764e-03
7.205211936261728296e-03
7.205211936261734368e-03
7.205211936261746511e-03
7.205211936261761256e-03
7.205211936261747378e-03
7.205211936261746511e-03
7.233622491125449652e-03
7.233622491125460061e-03
7.233622491125461795e-03
7.177028662090713211e-03
7.177024607082382358e-03
7.205209584092288171e-03
7.205209584092274293e-03
7.205209584092276895e-03
7.205209584092263884e-03
7.233625395657426564e-03
7.204955614577135577e-03
7.204955614577137311e-03
7.204955614577151189e-03
7.204955614577152057e-03
7.204955614577168536e-03
7.204955614577165934e-03
7.204955614577152057e-03
7.204955614577151189e-03
7.204955948563555694e-03
7.204955948563530541e-03
7.204955948563541816e-03
7.204955948563543551e-03
7.261932274853643773e-03
7.261932274853643773e-03
7.204955948563529673e-03
7.204955948563528806e-03
7.176812146589173387e-03
7.176812146589148234e-03
7.176812146589134356e-03
7.176812146589149101e-03
7.176812146589149101e-03
7.176812146589153438e-03
7.204959777470617763e-03
7.204959777470599548e-03
7.204959777470616895e-03
7.176802398380934499e-03
7.176802398380909345e-03
7.176802398380917151e-03
7.176802398380917151e-03
7.176802398380930162e-03
7.261967798040534945e-03
7.261967798040537547e-03
7.261967798040508924e-03
7.290821337952694756e-03
7.233349036079302768e-03
7.176793472726910456e-03
7.148870879968862412e-03
7.148870879968848534e-03
7.148870879968860677e-03
7.148870879968849401e-03
7.148870879968849401e-03
7.148870879968862412e-03
7.148870879968848534e-03
7.148870879968849401e-03
7.176802151641624959e-03
7.148870879968848534e-03
7.148870879968848534e-03
7.148870879968849401e-03
7.148870879968848534e-03
7.148870879968848534e-03
7.148870879968849401e-03
7.148870879968849401e-03
7.148870879968848534e-03
7.148870879968832054e-03
7.176802151641657052e-03
7.176802151641651847e-03
7.148870879968849401e-03
7.148870879968836391e-03
7.148870879968851136e-03
7.148870879968836391e-03
7.148870879968838125e-03
7.176802151641684807e-03
7.176802151641664858e-03
7.176802151641665725e-03
7.176802151641651847e-03
7.176802151641671797e-03
7.176802151641645776e-03
7.176802151641670929e-03
7.176802151641644908e-03
7.148870879968848534e-03
7.148870879968860677e-03
7.148870879968864146e-03
7.148870879968862412e-03
7.148870879968849401e-03
7.148870879968860677e-03
7.148870879968861544e-03
7.148870879968862412e-03
7.148870879968858075e-03
7.148870879968848534e-03
7.148870879968850268e-03
7.176801078119649652e-03
7.176801078119633172e-03
7.093656418514734420e-03
7.093656418514747430e-03
7.093656418514759573e-03
7.093656418514747430e-03
7.066334114784720427e-03
7.066334114784720427e-03
7.066334114784727366e-03
7.066334114784727366e-03
7.066334114784728233e-03
7.066334114784727366e-03
7.066334114784721294e-03
7.066334114784727366e-03
7.066334114784727366e-03
7.066334114784722162e-03
7.093656418514747430e-03
7.093656418514741359e-03
7.093656418514730083e-03
7.066334114784727366e-03
7.093656418514738757e-03
7.066334114784721294e-03
7.066334114784741244e-03
7.066334114784746448e-03
7.066334114784728233e-03
7.066334114784728233e-03
7.066334114784717825e-03
7.066334114784716958e-03
7.066334114784728233e-03
7.066334114784728233e-03
7.066334114784728233e-03
7.121197986340365403e-03
7.093656498125970426e-03
7.093656498125974763e-03
7.093656498125974763e-03
7.093656498125980835e-03
7.121198394988373197e-03
7.121198394988361054e-03
7.121198394988347176e-03
7.121198394988360186e-03
7.121198394988360186e-03
7.121198394988372329e-03
7.121198394988371462e-03
7.121198394988371462e-03
7.121198394988371462e-03
7.121198394988371462e-03
7.093657852056204846e-03
7.093657852056205713e-03
7.093657852056193570e-03
7.093657852056187499e-03
7.093657852056187499e-03
7.093657852056174488e-03
7.121197907034875277e-03
7.148959771016142294e-03
7.121197987611366069e-03
7.121197987611377345e-03
7.121197987611364334e-03
7.121197987611378212e-03
7.121197987611391222e-03
7.066233982115703756e-03
7.066233982115704623e-03
7.093968498455104424e-03
7.093968498455094016e-03
7.066555755062840782e-03
7.066555755062840782e-03
7.039763890810327510e-03
7.067159040861615248e-03
7.067159040861590094e-03
7.067159040861590094e-03
7.067159040861590961e-03
7.067159040861601370e-03
7.067159040861601370e-03
7.066555755062861599e-03
7.066555755062849456e-03
7.066555755062861599e-03
7.066555755062873742e-03
7.066555755062874609e-03
7.066555755062861599e-03
7.066555755062874609e-03
7.115736849498560147e-03
7.115736849498560147e-03
7.121603905104681095e-03
7.121603905104681095e-03
7.149455501468128180e-03
7.121603905104669820e-03
7.121603905104669820e-03
7.121603905104656809e-03
7.121603905104655075e-03
7.177533008749942441e-03
7.177533008749946777e-03
7.177533008749946777e-03
7.177533008749934634e-03
7.177533008749953716e-03
7.177533008749946777e-03
7.177533008749943308e-03
7.177533008749941573e-03
7.177438831086200254e-03
7.121603905104656809e-03
7.121603905104656809e-03
7.121603905104680228e-03
7.121603905104681095e-03
7.121603905104667218e-03
7.149455292959178490e-03
7.121603905104655075e-03
7.121603905104681095e-03
7.121603905104688902e-03
7.121603905104701912e-03
7.121603905104698443e-03
7.121603905104667218e-03
7.121603905104680228e-03
7.039359443189119325e-03
7.039359443189133203e-03
7.039359443189133203e-03
7.148415854985721955e-03
7.120703061929630623e-03
7.120703061929638429e-03
7.120703061929612408e-03
7.120703061929614143e-03
7.120703061929638429e-03
7.039135429117788362e-03
7.066238778966876972e-03
7.066238778966872636e-03
7.066238778966886513e-03
7.066238778966883911e-03
7.066238778966877840e-03
7.066238778966884779e-03
7.066238778966891718e-03
7.066238778966890850e-03
7.066238778966891718e-03
7.066238778966902126e-03
7.066238778966888248e-03
7.066238778966913402e-03
7.066238778966914269e-03
7.066238778966890850e-03
7.066238778966890850e-03
7.039135429117801372e-03
7.039135429117795301e-03
7.039135429117781423e-03
7.039135429117780555e-03
7.039135429117781423e-03
7.066238857534441753e-03
7.093533563557900823e-03
7.039135429117794433e-03
7.039135429117795301e-03
7.039135429117794433e-03
7.039134887411171299e-03
7.039134887411182574e-03
7.039134887411181707e-03
7.039134887411183442e-03
7.039134887411182574e-03
7.039134887411170431e-03
7.039134887411170431e-03
7.039134887411180840e-03
7.066166382962897098e-03
7.093559779382708694e-03
7.093559779382689612e-03
7.093559779382696551e-03
7.093559779382663591e-03
7.093559779382678336e-03
7.039134887411170431e-03
7.039134887411184309e-03
7.039134887411181707e-03
7.039134887411167829e-03
7.039134467354269710e-03
7.039134467354284455e-03
7.039134467354278384e-03
7.039134467354272312e-03
7.039134467354284455e-03
7.039134467354258434e-03
7.039134467354282720e-03
7.039134467354282720e-03
7.039134467354282720e-03
7.039134467354297466e-03
7.039134467354256700e-03
7.039134467354269710e-03
7.039134467354284455e-03
7.039134467354284455e-03
7.039134467354284455e-03
7.039134467354284455e-03
7.039134467354256700e-03
7.066238010321671328e-03
7.066238088963314005e-03
7.093558337047604911e-03
7.066238088963324414e-03
7.039134467354270577e-03
7.039134467354270577e-03
7.093559390663061077e-03
7.093559390663047200e-03
7.093559390663049802e-03
7.093559390663049802e-03
7.121093964773451447e-03
7.093559789129092949e-03
7.093559789129106827e-03
7.093559789129117235e-03
7.093559789129118102e-03
7.093559789129107694e-03
7.093559789129117235e-03
7.093559789129092082e-03
7.093559789129117235e-03
7.093559789129093816e-03
7.121094045317214079e-03
7.121094045317215813e-03
7.148850101630968394e-03
7.093559789129093816e-03
7.093559789129092082e-03
7.093559789129098153e-03
7.093559789129099021e-03
7.093559789129093816e-03
7.093559789129118102e-03
7.066240983395616349e-03
7.066240983395616349e-03
7.066240983395603338e-03
7.066240983395603338e-03
7.066240983395603338e-03
7.066240983395603338e-03
7.066240983395579052e-03
7.066240983395592930e-03
7.066240983395567776e-03
7.039139877488041243e-03
7.039139877488036039e-03
7.066241062020728846e-03
7.093558044950240386e-03
7.066241062020743591e-03
7.066241062020730580e-03
7.066241062020731448e-03
7.066241062020741856e-03
7.066241062020741856e-03
7.066241062020742723e-03
7.066241062020747928e-03
7.066241062020741856e-03
7.066241062020730580e-03
7.066241062020741856e-03
7.066241062020741856e-03
7.039139877488059457e-03
7.039139877488060325e-03
7.039139877488066396e-03
7.039139877488061192e-03
7.066240983395616349e-03
7.039139877488054253e-03
7.039139877488054253e-03
7.039139877488049916e-03
7.039104087953284433e-03
7.039104087953273158e-03
7.039104087953269688e-03
7.039104087953259280e-03
7.039104087953266219e-03
7.039104087953272290e-03
7.039104087953258412e-03
7.039104087953269688e-03
7.066224935329852054e-03
7.066224935329865064e-03
7.039104087953257545e-03
7.039104087953259280e-03
7.039104087953282698e-03
7.039104087953260147e-03
7.039104087953259280e-03
7.039104087953259280e-03
7.039104087953271423e-03
7.039104087953285301e-03
7.039104087953295709e-03
7.039104087953272290e-03
7.012196183618944756e-03
7.012196183618944756e-03
7.012196183618944756e-03
7.012196183618946491e-03
7.012196183618944756e-03
7.012196183618945623e-03
7.012196183618946491e-03
7.012196183618945623e-03
7.012196183618945623e-03
7.012196183618945623e-03
7.039103932351306082e-03
7.039103932351318225e-03
7.039103932351291337e-03
7.039103932351307817e-03
7.039103932351308685e-03
7.039103932351308685e-03
7.039103932351320828e-03
7.039103932351320828e-03
7.039103932351319960e-03
7.039103932351308685e-03
7.039103932351331236e-03
7.148935086043984796e-03
7.148935086043993470e-03
7.121150114132866055e-03
7.176945992097217425e-03
7.176945992097217425e-03
7.176945992097225231e-03
7.176945992097225231e-03
7.176945992097226099e-03
7.121149791373283106e-03
7.121149791373296983e-03
7.319641928254934718e-03
7.319641928254920840e-03
7.319641928254914769e-03
7.319641928254923442e-03
7.319642544230484799e-03
7.349040454303162190e-03
7.378682902132074894e-03
7.349040454303137036e-03
7.349040454303137036e-03
7.349040454303150914e-03
7.349040454303161322e-03
7.319642544230494340e-03
7.319642544230492605e-03
7.319642544230484799e-03
7.319642544230484799e-03
7.319642544230503881e-03
7.319641928254919973e-03
7.319641928254921708e-03
7.319641928254907830e-03
7.148130895490091737e-03
7.120367262680523009e-03
7.120367262680523876e-03
7.120367262680516937e-03
7.120367262680516937e-03
7.120367262680523876e-03
7.120367262680523876e-03
7.148130895490106482e-03
7.148130895490092604e-03
7.148130895490093471e-03
7.148130895490103012e-03
7.148130895490103012e-03
7.148130895490076991e-03
7.120367262680545560e-03
7.120367262680537754e-03
7.120367262680570714e-03
7.120367262680559438e-03
7.120367262680540356e-03
7.120367262680534284e-03
7.120367262680546427e-03
7.120367262680545560e-03
7.120367262680545560e-03
7.120367262680545560e-03
7.120367262680545560e-03
7.120367262680514335e-03
7.120367262680514335e-03
7.120367262680549029e-03
7.148130895490103012e-03
7.148130895490104747e-03
7.148130895490091737e-03
7.120367262680555101e-03
7.120367262680555101e-03
7.120367262680554234e-03
7.120367262680547295e-03
7.120367262680553366e-03
7.120367262680542091e-03
7.120367262680541223e-03
7.120367262680567244e-03
7.120367262680567244e-03
7.120367262680568111e-03
7.120367262680562040e-03
7.176119490639528038e-03
7.176119490639537579e-03
7.176119490639536712e-03
7.176119490639537579e-03
7.120367262680529948e-03
7.120367262680529080e-03
7.120367262680537754e-03
7.120367262680529948e-03
7.120367262680529948e-03
7.120367262680529948e-03
7.148130895490104747e-03
7.120367262680529948e-03
7.120367262680529948e-03
7.120367262680543825e-03
7.120367262680529948e-03
7.120367262680542091e-03
7.120367262680568111e-03
7.176119490639550590e-03
7.120367262680555101e-03
6.874317113912845750e-03
6.874317113912858761e-03
6.874317113912845750e-03
6.874317113912844883e-03
6.846512541118124177e-03
6.846512541118149331e-03
6.846512541118139790e-03
6.846512541118113769e-03
6.846512541118128514e-03
6.846512541118111167e-03
6.846512541118121575e-03
6.846512541118149331e-03
6.846512541118121575e-03
6.846512541118121575e-03
6.846512541118113769e-03
6.846512541118113769e-03
6.846512541118086881e-03
6.846512541118111167e-03
6.846512541118100759e-03
6.846512541118087748e-03
6.846512541118086881e-03
6.846512541118121575e-03
6.846512541118101626e-03
6.846512541118073870e-03
6.846512541118086881e-03
6.874317113912846618e-03
6.846512541118101626e-03
6.846512541118114636e-03
6.847027480784822866e-03
6.874587773127060347e-03
6.874587773127055143e-03
6.874587773127028255e-03
6.959244996940876053e-03
6.959244996940863043e-03
6.959244996940879523e-03
6.959244996940878655e-03
6.959244996940867380e-03
6.959244996940867380e-03
6.902689239990864901e-03
6.902689239990877912e-03
6.902689239990877045e-03
6.902689239990883116e-03
6.902689239990883116e-03
6.902689239990870106e-03
6.902689239990883116e-03
6.902689239990883116e-03
6.902689239990868371e-03
6.902689239990869238e-03
6.902689239990854493e-03
6.902689239990859697e-03
6.902689239990869238e-03
6.902689239990842350e-03
6.902689239990855360e-03
6.902689239990842350e-03
6.902689239990855360e-03
6.930847911141685067e-03
6.902689239990859697e-03
6.902689239990874442e-03
6.902689239990860565e-03
6.902689239990859697e-03
6.902689239990860565e-03
6.902689239990859697e-03
6.930847911141685067e-03
6.902689239990841483e-03
6.902689239990841483e-03
6.902689239990854493e-03
6.902689239990854493e-03
6.902689239990841483e-03
6.902689239990854493e-03
6.902689239990854493e-03
6.902689239990859697e-03
6.902689239990859697e-03
6.902689239990845819e-03
6.902689239990859697e-03
6.902689239990859697e-03
6.902689239990859697e-03
6.902689239990859697e-03
6.930847911141697210e-03
6.874741339994284647e-03
6.874741339994276841e-03
6.874741339994276841e-03
6.902672777762683572e-03
6.874741339994262963e-03
6.874741339994262963e-03
6.874741339994276841e-03
6.874741339994283780e-03
6.874741339994276841e-03
6.874741339994276841e-03
6.874741339994276841e-03
6.874741339994276841e-03
6.874741339994276841e-03
6.874741339994276841e-03
6.874741339994283780e-03
6.874741339994283780e-03
6.874741339994275974e-03
6.874741339994262963e-03
6.874741339994248218e-03
6.874741339994264698e-03
6.874741339994273372e-03
6.874741339994273372e-03
6.902672777762642806e-03
6.874741339994272504e-03
6.874741339994273372e-03
6.874741339994258627e-03
6.874741339994251688e-03
6.902672777762684439e-03
6.902672777762685306e-03
6.902672777762684439e-03
6.902672777762684439e-03
6.959245329156895504e-03
6.959245329156905045e-03
6.987902928194230506e-03
6.987902928194207955e-03
6.987902928194207955e-03
6.987902928194227037e-03
6.987902928194240047e-03
6.874201647884591385e-03
6.874201647884578374e-03
6.874201647884591385e-03
6.874201647884580109e-03
6.874201647884580109e-03
6.874201647884563629e-03
6.874201647884573170e-03
6.930343519577423020e-03
6.902154786629335209e-03
6.902154786629335209e-03
6.874201647884569701e-03
6.874201647884569701e-03
6.874201647884577507e-03
6.874201647884563629e-03
6.874201647884578374e-03
6.874201647884564496e-03
6.930343691706649691e-03
6.846479653818867035e-03
6.846479653818858362e-03
6.846479653818886117e-03
6.846479653818872239e-03
6.846479653818867903e-03
6.846479653818879178e-03
6.846479653818865301e-03
6.846479653818865301e-03
6.846479653818880046e-03
6.846479653818872239e-03
6.846479653818884382e-03
6.846479653818883515e-03
6.846479653818876576e-03
6.846479653818880046e-03
6.846479653818866168e-03
6.845961722771984857e-03
6.845961722771973582e-03
6.845961722771974449e-03
6.845961722771985725e-03
6.845961722771985725e-03
6.845961722771973582e-03
6.846479653818871372e-03
6.846479653818859229e-03
6.846479653818878311e-03
6.846479653818879178e-03
6.846479653818872239e-03
6.846479653818872239e-03
6.846479653818846219e-03
6.846479653818858362e-03
6.874221905582184565e-03
6.874221905582184565e-03
6.846479653818859229e-03
6.846479653818858362e-03
6.846479653818844484e-03
6.846479653818856627e-03
6.846479653818857494e-03
6.846479653818872239e-03
6.846479653818872239e-03
6.846479653818858362e-03
6.846479653818857494e-03
6.846479653818870505e-03
6.846479653818880046e-03
6.846479653818907801e-03
6.846479653818894791e-03
6.846479653818894791e-03
6.874190111415111153e-03
6.874201138879886680e-03
6.902155793176510679e-03
6.902155793176522822e-03
6.901847470502410486e-03
6.901847470502410486e-03
6.901847470502410486e-03
6.901847470502413956e-03
6.901847470502414823e-03
6.930140547531926480e-03
6.901847470502414823e-03
6.902155793176523689e-03
6.902155793176528026e-03
6.902155793176528026e-03
6.902155793176515015e-03
6.902155793176488127e-03
6.902155793176487260e-03
6.902155793176515883e-03
6.902155793176516750e-03
6.902155793176516750e-03
6.902155793176488127e-03
6.902155793176488127e-03
6.902155793176492464e-03
6.902155793176492464e-03
6.902155793176507209e-03
6.902155793176478586e-03
6.846468815250229822e-03
6.846468815250230690e-03
6.846468815250247170e-03
6.846468815250258445e-03
6.846468815250237629e-03
6.874193443186591389e-03
6.874193443186593123e-03
6.874193443186593123e-03
6.846468815250227220e-03
6.846468815250233292e-03
6.846468815250237629e-03
6.846468815250247170e-03
6.846468815250247170e-03
6.846468815250241098e-03
6.846468815250247170e-03
6.846468815250233292e-03
6.846468815250241098e-03
6.846468815250241098e-03
6.846468815250247170e-03
6.846468815250260180e-03
6.902150188793853072e-03
6.902150188793853072e-03
6.902150188793838327e-03
6.902150188793853072e-03
6.902150188793866083e-03
6.874196224909883204e-03
6.874196224909883204e-03
6.874196224909870194e-03
6.874196224909870194e-03
6.874196224909870194e-03
6.874196224909870194e-03
6.874196224909883204e-03
6.874196224909891878e-03
6.874196224909890143e-03
6.874196224909876266e-03
6.874196224909884072e-03
6.874196224909881470e-03
6.874196224909870194e-03
6.874196224909870194e-03
6.874196224909870194e-03
6.874196224909870194e-03
6.874196224909884072e-03
6.874196224909870194e-03
6.874196224909870194e-03
6.874196224909885806e-03
6.930322260934485869e-03
6.902135034813834322e-03
6.874196224909884072e-03
6.874196224909869327e-03
6.874196224909870194e-03
6.874196224909869327e-03
6.874196224909855449e-03
6.818972445949257090e-03
6.818972445949261427e-03
6.846468564531831523e-03
6.818947422926319515e-03
6.818947422926320383e-03
6.818947422926333393e-03
6.818972445949277039e-03
6.818972445949244947e-03
6.818972445949246682e-03
6.818972445949244079e-03
6.818972445949257090e-03
6.846468898837180551e-03
6.846468898837180551e-03
6.874194702196615228e-03
6.874194702196599616e-03
6.874194702196612626e-03
6.874194702196612626e-03
6.846468564531830656e-03
6.818972445949237141e-03
6.818972445949270968e-03
6.818972445949260559e-03
6.818972445949251018e-03
6.818972445949255355e-03
6.818972445949246682e-03
6.818972445949257090e-03
6.818972445949246682e-03
6.818972445949251018e-03
6.818972445949261427e-03
6.818972445949261427e-03
6.818972445949257090e-03
6.818972445949240610e-03
6.818972445949257090e-03
6.818972445949257957e-03
6.818972445949260559e-03
6.818972445949271835e-03
6.818972445949286580e-03
6.818972445949285713e-03
6.818972445949272702e-03
6.818972445949270100e-03
6.818972445949259692e-03
6.818972445949271835e-03
6.818972445949275304e-03
6.818972445949275304e-03
6.818972445949285713e-03
6.818972445949273570e-03
6.818972445949271835e-03
6.818972445949257957e-03
6.818972445949232804e-03
6.818972445949243212e-03
6.818972445949255355e-03
6.818972445949251018e-03
6.818972445949264029e-03
6.874284129650624908e-03
6.874284129650614500e-03
6.874284129650630980e-03
6.874284129650617102e-03
6.874284129650617102e-03
6.902181380789454944e-03
6.874284129650617102e-03
6.874284129650624908e-03
6.902181380789455811e-03
6.874284129650630112e-03
6.874284129650637919e-03
6.874284129650638786e-03
6.874284129650630112e-03
6.874284129650630980e-03
7.068916301030109435e-03
7.068916301030096425e-03
7.068916301030100761e-03
7.068916301030113772e-03
7.068916301030125915e-03
7.068916301030113772e-03
7.068916301030125048e-03
7.068916301030119843e-03
7.068916301030126782e-03
7.018086381312692128e-03
7.018086381312692128e-03
7.018086381312686924e-03
7.018086381312692128e-03
7.018086381312701669e-03
7.043409646557793023e-03
7.043409646557802564e-03
7.043409646557817309e-03
7.043409646557790421e-03
7.043409646557802564e-03
7.043409646557802564e-03
7.043409646557809503e-03
7.043409646557811238e-03
7.043409646557801697e-03
7.043409646557817309e-03
7.043409646557816442e-03
7.043409646557818177e-03
7.043409646557790421e-03
7.043409646557787819e-03
7.043409646557787819e-03
7.043409646557790421e-03
7.043409646557792156e-03
7.043409646557798227e-03
7.043409646557786952e-03
7.043409646557801697e-03
7.043409646557788686e-03
7.043409646557802564e-03
6.992935231069612699e-03
6.992935231069612699e-03
6.992935231069610964e-03
6.967980799707285990e-03
6.967980799707297265e-03
6.967980799707297265e-03
6.967980799707297265e-03
6.967980799707298133e-03
6.967980799707286857e-03
6.967980799707286857e-03
6.967980799707274714e-03
6.967980799707274714e-03
6.967980799707286857e-03
6.967980799707273847e-03
6.967980799707287724e-03
6.992935365685903903e-03
6.992935365685899567e-03
6.992935365685899567e-03
6.992935365685904771e-03
6.992935365685890893e-03
6.992935365685904771e-03
6.992935365685904771e-03
6.992935365685905638e-03
7.018075306576627287e-03
7.018075306576614276e-03
6.967979933524069691e-03
6.967979933524055813e-03
6.992935697845241265e-03
6.992935697845242132e-03
6.967979933524069691e-03
6.943207849702777608e-03
6.943207849702789751e-03
6.943207849702792353e-03
6.943207849702792353e-03
6.943207849702792353e-03
6.943207849702792353e-03
6.943207849702789751e-03
6.943207849702790618e-03
6.967980069363422478e-03
6.943207849702792353e-03
6.943207849702792353e-03
6.943207849702781077e-03
6.943207849702792353e-03
6.943207849702792353e-03
6.943207849702793220e-03
6.992940002071245525e-03
6.943207849702793220e-03
6.943207849702791486e-03
6.943207849702813170e-03
6.943207849702805363e-03
6.943207849702813170e-03
6.943207849702805363e-03
6.943207849702793220e-03
6.943207849702805363e-03
6.943207849702793220e-03
6.967979800398723875e-03
6.967979800398745559e-03
6.967979800398710864e-03
6.967979800398711732e-03
6.967979800398723007e-03
6.967979800398747293e-03
6.943207849702768934e-03
6.943207849702780210e-03
6.943207849702781077e-03
6.943207849702781077e-03
6.943207849702805363e-03
6.967979800398734283e-03
6.967979800398733416e-03
6.967979800398732548e-03
6.967979800398733416e-03
6.967979800398761171e-03
6.967979800398761171e-03
6.967979800398761171e-03
6.967979800398767243e-03
6.967979800398756834e-03
6.967979800398755967e-03
6.967979800398749028e-03
6.967979800398744691e-03
6.967979800398757702e-03
6.967979800398755967e-03
6.967979800398749028e-03
6.943207849702825313e-03
6.943207849702824445e-03
6.943207849702805363e-03
6.943207849702805363e-03
6.943207849702805363e-03
6.943207849702813170e-03
6.943207849702813170e-03
6.943207849702805363e-03
6.943207849702792353e-03
6.943207849702813170e-03
6.943207849702812302e-03
6.943207849702804496e-03
6.943207849702822711e-03
6.943207849702821843e-03
6.943207849702811435e-03
6.967979800398731681e-03
6.943207849702811435e-03
6.967979800398730814e-03
6.967979800398732548e-03
6.943207849702804496e-03
6.968066406393543140e-03
6.993010608992435498e-03
6.993010608992422487e-03
6.993010608992431161e-03
6.968066406393557018e-03
6.968066406393543140e-03
6.968066406393543140e-03
6.968066406393544007e-03
6.968066406393557018e-03
6.968066406393543140e-03
6.968066406393567426e-03
6.968066406393566559e-03
6.968066406393544007e-03
6.993010608992440702e-03
6.943207849702835721e-03
6.967979800398719538e-03
6.943207849702822711e-03
6.943207849702823578e-03
6.943207849702836588e-03
6.943207849702812302e-03
6.943207849702823578e-03
6.943207849702837456e-03
6.967979800398722140e-03
6.943207849702800159e-03
6.943207849702825313e-03
6.943207849702822711e-03
6.943207849702824445e-03
6.943207849702797557e-03
6.943207849702812302e-03
6.943207849702807966e-03
6.943207849702825313e-03
6.943207849702800159e-03
6.943207849702812302e-03
6.943207849702812302e-03
6.992962393967548825e-03
6.992962393967567906e-03
6.992962393967544488e-03
6.992962393967568774e-03
6.992962393967557498e-03
6.992962393967561835e-03
6.992962393967557498e-03
6.992962393967556631e-03
6.992962393967568774e-03
6.992962393967580917e-03
7.018093998572757890e-03
7.018093998572752686e-03
7.018093998572753553e-03
7.018093998572742277e-03
7.018093998572742277e-03
6.992962393967556631e-03
6.992962393967557498e-03
6.992962393967549692e-03
6.992962393967573111e-03
6.992962393967581784e-03
6.992962393967580050e-03
6.992962393967561835e-03
6.992962393967573111e-03
6.992962393967581784e-03
6.992962393967581784e-03
7.120507707952835989e-03
7.120507707952835122e-03
7.120507707952836857e-03
7.120507707952836857e-03
7.120507707952835989e-03
7.120507707952843796e-03
7.094622750785453853e-03
7.094622750785453853e-03
7.094622750785481609e-03
7.094622750785470333e-03
7.094622750785438241e-03
7.094622750785459057e-03
7.094622750785431302e-03
7.094622750785468598e-03
7.094622750785454721e-03
7.094622750785469466e-03
7.094622750785439108e-03
7.094622750785445180e-03
7.094622750785446914e-03
7.094622750785430434e-03
7.094622750785472068e-03
7.094622750785456455e-03
7.094622750785439108e-03
7.094622404938191566e-03
7.094622404938191566e-03
7.094979512598684375e-03
7.094979512598688712e-03
7.094979512598677436e-03
7.094979512598679171e-03
7.094979512598667028e-03
7.094979512598677436e-03
7.094622404938215852e-03
7.120508278770407151e-03
7.094622328779403089e-03
7.094622328779404824e-03
7.068930200740823448e-03
7.068930200740822581e-03
7.068930200740823448e-03
7.043424807711848312e-03
7.043424807711850047e-03
7.043424807711860455e-03
7.043424807711869996e-03
7.043424807711852649e-03
7.043424807711883874e-03
7.043424807711862190e-03
7.043424807711860455e-03
7.043424807711862190e-03
7.043424807711858721e-03
7.043424807711863057e-03
7.043424807711882139e-03
7.043424807711883007e-03
7.043424807711883874e-03
7.043424807711859588e-03
7.043424807711869129e-03
7.043424807711870864e-03
6.992922843303575782e-03
6.992922843303575782e-03
6.992922843303561904e-03
6.992922843303561037e-03
6.992922843303561037e-03
7.018097400330025257e-03
7.043495847712809982e-03
7.043495847712810849e-03
7.043495847712821258e-03
7.043495847712821258e-03
7.043495847712812584e-03
7.043495847712812584e-03
7.043495847712819523e-03
7.043495847712819523e-03
7.069022712079098270e-03
7.069022712079100004e-03
7.043495847712810849e-03
7.069022848690762091e-03
7.069022848690765561e-03
7.043495847712769216e-03
7.043495847712793502e-03
7.094556390146629539e-03
7.094556390146627804e-03
7.094556390146627804e-03
7.094556390146646019e-03
7.094556390146639080e-03
7.093268625564366596e-03
7.093268625564371800e-03
7.093268625564366596e-03
7.093268625564363127e-03
7.093268625564354453e-03
7.093268625564365729e-03
7.093268625564366596e-03
7.069023796261464550e-03
7.069023796261464550e-03
7.069023796261472356e-03
7.069023796261473223e-03
7.069023796261467152e-03
7.069023796261472356e-03
7.069023796261472356e-03
7.069023796261467152e-03
7.069023796261470621e-03
7.069023796261471489e-03
7.069023796261473223e-03
7.069023796261473223e-03
7.069023796261473223e-03
7.069023796261459346e-03
7.069023796261457611e-03
7.069023796261457611e-03
7.069023796261465417e-03
7.069023796261490571e-03
7.069023796261494040e-03
7.069023796261493173e-03
7.069023796261490571e-03
7.069023796261494040e-03
7.069023796261495775e-03
7.069023796261493173e-03
7.069023796261495775e-03
7.069023796261494040e-03
7.069023796261494040e-03
7.069023796261494907e-03
7.069023796261496642e-03
7.069023796261480162e-03
7.069023796261481030e-03
7.069023796261480162e-03
7.094739972830243525e-03
7.094739972830257403e-03
7.094739972830247862e-03
7.069023796261517459e-03
7.069023796261531337e-03
7.069023796261516591e-03
7.069023796261505316e-03
7.094739972830250464e-03
7.094739972830264342e-03
7.094739972830259138e-03
7.094739972830273016e-03
6.992921417272580237e-03
7.018087716763733545e-03
7.018087716763733545e-03
6.992921417272592380e-03
7.018087716763730076e-03
7.018087716763736147e-03
7.018087716763697984e-03
7.018087716763737015e-03
7.018087716763740484e-03
7.018088027415274495e-03
7.018088027415278832e-03
7.018088027415278832e-03
7.018088027415277097e-03
7.018088027415274495e-03
7.018088027415239800e-03
7.018088027415252811e-03
7.018088027415267556e-03
7.018088027415265821e-03
7.043439050033783837e-03
7.018088027415277964e-03
7.018088027415267556e-03
7.018088027415252811e-03
7.018088027415277097e-03
7.018088027415272760e-03
7.018088027415264954e-03
7.018088027415265821e-03
7.018088027415251944e-03
7.018088027415264954e-03
7.018088027415239800e-03
7.018088027415254546e-03
7.018088027415239800e-03
7.018088027415239800e-03
7.018088027415251076e-03
7.043439050033806388e-03
6.943143103148096545e-03
6.943143103148096545e-03
6.943143103148086137e-03
6.967939534432615600e-03
6.967939534432601723e-03
6.967939534432602590e-03
6.967939534432602590e-03
6.967939534432615600e-03
6.967939534432601723e-03
6.967939534432601723e-03
6.967939534432589579e-03
6.967939534432602590e-03
6.967939534432586977e-03
6.943014615451851765e-03
6.943014615451826611e-03
6.943014615451837887e-03
6.943014615451837887e-03
6.943014615451851765e-03
6.943014615451838754e-03
6.943014615451823142e-03
6.943014615451838754e-03
6.943014615451822275e-03
6.943014615451822275e-03
6.943014615451817070e-03
6.943014615451824009e-03
6.943014615451810999e-03
6.943014615451837020e-03
6.943014615451822275e-03
6.943014615451823142e-03
6.943014615451823142e-03
6.917496996397494435e-03
6.917496996397501374e-03
6.917496996397501374e-03
6.917496996397501374e-03
6.868357413037112606e-03
6.868357413037112606e-03
6.868357413037094392e-03
6.892836444841627351e-03
6.892836444841627351e-03
6.892836444841604800e-03
6.892836444841605667e-03
6.892836444841589187e-03
6.917496072244030611e-03
6.917496072244023672e-03
6.892537158413438413e-03
6.892836444841604800e-03
6.892836444841605667e-03
6.892836444841604800e-03
6.892836444841590922e-03
6.892836444841603932e-03
6.892836444841627351e-03
6.892836444841616943e-03
6.892836444841627351e-03
6.892836511346060388e-03
6.892836511346067327e-03
6.892836511346067327e-03
6.917496798527023559e-03
6.917496798527024426e-03
6.917496798527031365e-03
6.868357413037100463e-03
6.892836314235425282e-03
6.892836314235425282e-03
6.892836314235437425e-03
6.892836314235414007e-03
6.892836314235413139e-03
6.892836314235425282e-03
6.868357413037113474e-03
6.892836314235403598e-03
6.868357413037112606e-03
6.868357413037110872e-03
6.868357413037112606e-03
6.868357413037123015e-03
6.867977523258048805e-03
6.867977523258040132e-03
6.867977523258040132e-03
6.892536293750846886e-03
6.867977523258040132e-03
6.867977523258040999e-03
6.867977523258039264e-03
6.867977523258027989e-03
6.892536492162358933e-03
6.892536492162359800e-03
6.892536492162359800e-03
6.892536492162352861e-03
6.892536492162359800e-03
6.892536492162352861e-03
6.892536492162351994e-03
6.917277426939931646e-03
6.917277426939919503e-03
6.917277426939930779e-03
6.892536492162338116e-03
6.892536492162338116e-03
6.867977523258040999e-03
6.867977523258039264e-03
6.867977523258040132e-03
6.867977523258039264e-03
6.867977523258036662e-03
6.892536293750846019e-03
6.892536293750846019e-03
6.867977523258031458e-03
6.867977523258031458e-03
6.868357413037090922e-03
6.868357413037102198e-03
6.868357413037103933e-03
6.868357413037089187e-03
6.868357413037090922e-03
6.868357413037103065e-03
6.892836379938813325e-03
6.892836379938813325e-03
6.892836379938812458e-03
6.892836379938812458e-03
6.892836379938812458e-03
6.892836379938807254e-03
6.917496600657636885e-03
6.892836314235426150e-03
6.892836314235426150e-03
6.892836314235426150e-03
6.892836314235427017e-03
6.892836314235413139e-03
6.892836314235426150e-03
6.892836314235437425e-03
6.892836314235427017e-03
6.868357413037105667e-03
6.868357413037104800e-03
6.868357413037103933e-03
6.868357413037106535e-03
6.868357413037105667e-03
6.868357413037106535e-03
6.868357413037106535e-03
6.868357413037106535e-03
6.868357413037106535e-03
6.868357413037112606e-03
6.868357413037116943e-03
6.868357413037116943e-03
6.868357413037106535e-03
6.868357413037105667e-03
6.868357413037116943e-03
6.868357413037123882e-03
6.942341492929092819e-03
6.942341492929089350e-03
6.942341492929083278e-03
6.942341492929081544e-03
6.942341492929094554e-03
6.942341492929092819e-03
6.942341492929091952e-03
6.892836910914822146e-03
6.917503595150135964e-03
6.917503595150135964e-03
6.892836910914813472e-03
6.892836910914811738e-03
6.868351638152630535e-03
6.868351638152619260e-03
6.868351638152629668e-03
6.892836779440020614e-03
6.868351638152629668e-03
6.868351638152617525e-03
6.868351638152605382e-03
6.868351638152604514e-03
6.867970454339113358e-03
6.867970454339102949e-03
6.867970454339102949e-03
6.868351638152617525e-03
6.868351638152617525e-03
6.868351638152629668e-03
7.043759065761089413e-03
7.043759065761089413e-03
7.043759065761100689e-03
7.043759065761082475e-03
6.967480790748280077e-03
6.967480790748280077e-03
6.992715817079712091e-03
6.992715817079714694e-03
6.992715817079701683e-03
6.967480790748292220e-03
6.967480790748304363e-03
6.967480790748291353e-03
6.967480790748280077e-03
6.967480790748292220e-03
6.967480790748304363e-03
6.967480790748303496e-03
6.917566966933786504e-03
6.917566966933772626e-03
6.917566966933763085e-03
6.917566966933786504e-03
6.917566966933763085e-03
6.917566966933776096e-03
6.917566966933776096e-03
6.917566966933772626e-03
6.917566966933784769e-03
6.917566966933773494e-03
6.917566966933794310e-03
6.917566966933774361e-03
6.917566966933775228e-03
6.917566966933775228e-03
6.942430723731457011e-03
6.992714918392778194e-03
6.992714918392780796e-03
6.967479078960427986e-03
6.967479078960411507e-03
6.967479078960427119e-03
6.967479078960427119e-03
6.967479078960402833e-03
6.967479078960427986e-03
6.967479078960403700e-03
7.018142216303997066e-03
6.748208807867907451e-03
6.748208807867920461e-03
6.748208807867885767e-03
6.748208807867909186e-03
6.748208807867910053e-03
6.676055782199080864e-03
6.814070712258367933e-03
6.814070712258367933e-03
6.814070712258371403e-03
6.814070712258371403e-03
6.814070712258380076e-03
6.838456682319487938e-03
6.814070712258381811e-03
6.789863644989015470e-03
6.789863644989004195e-03
6.814070324248532734e-03
6.789863644989013736e-03
6.789863644989025879e-03
6.814070324248517989e-03
6.789863516453291739e-03
6.789863516453276127e-03
6.789863516453277861e-03
6.789863516453276994e-03
6.789863516453268320e-03
6.789863516453276994e-03
6.789863516453279596e-03
6.789863516453292606e-03
6.789863516453276994e-03
6.789863516453281331e-03
6.789863516453276994e-03
6.789863516453281331e-03
6.789863516453292606e-03
6.789863516453292606e-03
6.789863516453293474e-03
6.814176710978859901e-03
6.814176710978869442e-03
6.838543997041294890e-03
6.789988698918960307e-03
6.789988698918957705e-03
6.814180477260354044e-03
6.814180477260354044e-03
6.814180477260345370e-03
6.814180477260341900e-03
6.814180477260334094e-03
6.814180477260334094e-03
6.814180477260334962e-03
6.814180477260320216e-03
6.814180477260330625e-03
6.863103408922943856e-03
6.863103408922963805e-03
6.863103408922944723e-03
6.838563567149070523e-03
6.838563567149057512e-03
6.838563567149058380e-03
6.838563567149059247e-03
6.838563567149059247e-03
6.814180477260340166e-03
6.814180477260343635e-03
6.814180477260340166e-03
6.814180477260353176e-03
6.838541135374840742e-03
6.838541135374842476e-03
6.838541135374841609e-03
6.838541135374864161e-03
6.838541135374853752e-03
6.838541135374854620e-03
6.838541135374840742e-03
6.838541135374840742e-03
6.838541135374841609e-03
6.838541135374869365e-03
6.838541135374884110e-03
6.838541135374848548e-03
6.838541135374858956e-03
6.838541135374859824e-03
6.838541135374866763e-03
6.838541135374860691e-03
6.838541135374860691e-03
6.838541135374849415e-03
6.838541135374871099e-03
6.838541135374882375e-03
6.838541135374871099e-03
6.838541135374884110e-03
6.838541135374860691e-03
6.838541135374850283e-03
6.838541135374860691e-03
6.838541135374860691e-03
6.838541135374870232e-03
6.838541135374858089e-03
6.838541135374870232e-03
6.838541135374878038e-03
6.838541135374878038e-03
6.814180477260328890e-03
6.814180477260342768e-03
6.814180477260340166e-03
6.814180477260343635e-03
6.814180477260340166e-03
6.838541135374830333e-03
6.814180477260340166e-03
6.814180477260338431e-03
6.814180477260340166e-03
6.814180477260340166e-03
6.814180477260341900e-03
6.814180477260349707e-03
6.814180477260335829e-03
6.814180477260335829e-03
6.814180477260360115e-03
6.814180477260358380e-03
6.814180477260350574e-03
6.814180477260347972e-03
6.814180477260349707e-03
6.814180477260360982e-03
6.814180477260359248e-03
6.814180477260351441e-03
6.814180477260360115e-03
6.814180477260361850e-03
6.814180477260360115e-03
6.814180477260359248e-03
6.814180477260347972e-03
6.838573599290340144e-03
6.814180477260349707e-03
6.838541135374825997e-03
6.838541135374842476e-03
6.838541135374852885e-03
6.838541135374865895e-03
6.838541135374842476e-03
6.838541135374832068e-03
6.838541135374856354e-03
6.838541135374844211e-03
6.838541135374844211e-03
6.814180477260338431e-03
6.838645643856064785e-03
6.838645643856054376e-03
6.838645643856061315e-03
6.838645643856061315e-03
6.863169159772175218e-03
6.814180477260331492e-03
6.814180477260318482e-03
6.814180477260305471e-03
6.814180477260328890e-03
6.814180477260328023e-03
6.814180477260331492e-03
6.814180477260330625e-03
6.814180477260317614e-03
6.814180477260344503e-03
6.789439946359297762e-03
6.789439946359285619e-03
6.789439946359285619e-03
6.765377066151420649e-03
6.765377066151426720e-03
6.765377066151434526e-03
6.789439946359288221e-03
6.789439946359286486e-03
6.789439946359286486e-03
6.789439946359286486e-03
6.789439946359288221e-03
6.789439946359286486e-03
6.765377066151410240e-03
6.765377066151411975e-03
6.765377066151395495e-03
6.789440010812820142e-03
6.789440010812833153e-03
6.813681033636782847e-03
6.765377066151409373e-03
6.765377066151408506e-03
6.789439946359274343e-03
6.789439946359288221e-03
6.789439946359272608e-03
6.765377066151418914e-03
6.765377066151415444e-03
6.765377066151404169e-03
6.765377066151416312e-03
6.765377066151392893e-03
6.789439946359253526e-03
6.789439946359280414e-03
6.789439946359279547e-03
6.789439946359282149e-03
6.789439946359282149e-03
6.789439946359264802e-03
6.789439946359281282e-03
6.789439946359283884e-03
6.789439946359265669e-03
6.789439946359265669e-03
6.789439946359265669e-03
6.765377066151392026e-03
6.765377066151405036e-03
6.765377066151392026e-03
6.765377066151418914e-03
6.789439946359273476e-03
6.765377066151418914e-03
6.765377066151418914e-03
6.765377066151405903e-03
6.765377066151392893e-03
6.789440923555959892e-03
6.789440923555959025e-03
6.789439946359274343e-03
6.841633827459674307e-03
6.841633827459674307e-03
6.841633827459674307e-03
6.841633827459671705e-03
6.841633827459663031e-03
6.866311290490434600e-03
6.841633827459662164e-03
6.841633827459660429e-03
6.841633827459662164e-03
6.841633827459662164e-03
6.841633827459662164e-03
6.841633827459664766e-03
6.841633827459662164e-03
6.841633827459663031e-03
6.841633827459674307e-03
6.841633827459662164e-03
7.068776971943132453e-03
7.068776971943132453e-03
7.068776971943122045e-03
7.068776971943142862e-03
7.068776971943142862e-03
7.068776971943128984e-03
7.068776971943143729e-03
7.068776971943128984e-03
7.068776971943096891e-03
7.068776971943120310e-03
7.095039054395852439e-03
7.068776971943120310e-03
7.068776899287207774e-03
7.068776899287206039e-03
7.068776899287206039e-03
7.068776899287207774e-03
7.068776899287207774e-03
7.068776899287207774e-03
7.068776899287207774e-03
7.068776899287195631e-03
7.068776899287171345e-03
7.068776899287176549e-03
7.068776899287177416e-03
7.068776899287195631e-03
7.042714671491753960e-03
7.042714671491755694e-03
7.042714671491753960e-03
7.042714671491769572e-03
7.068471665539987486e-03
7.121015258766222496e-03
7.121015258766227700e-03
7.121015258766230302e-03
7.121015258766215557e-03
7.121015258766230302e-03
7.121015258766223363e-03
7.121015258766234639e-03
7.068471665540020446e-03
7.068471665540019579e-03
7.094642627946909710e-03
7.042494527342155891e-03
7.068470118321267155e-03
7.068470118321267155e-03
7.068470118321269757e-03
7.068470118321281033e-03
7.068470118321278431e-03
7.068470118321281900e-03
7.094643246340131756e-03
7.094643246340121348e-03
7.094643246340142165e-03
7.068470118321288839e-03
7.154100337667905832e-03
7.154100337667882413e-03
7.154100337667911036e-03
7.154100337667890219e-03
7.180977710009165890e-03
7.154100337667884148e-03
7.154100337667884148e-03
7.154100337667882413e-03
7.154100337667894556e-03
7.154100337667886750e-03
7.127429779293505824e-03
7.127429779293511028e-03
7.127429779293510161e-03
7.127429779293510161e-03
7.127429779293510161e-03
7.127429779293511028e-03
7.127429779293522304e-03
7.127429779293525773e-03
7.127429779293525773e-03
7.154100262477263057e-03
7.154100262477276068e-03
7.048616190296914247e-03
7.048616190296928992e-03
7.048616190296928125e-03
7.048616190296918584e-03
7.048616190296903838e-03
7.048616190296931594e-03
7.048616190296917716e-03
7.048616190296917716e-03
7.074680797513048514e-03
7.074680797513051983e-03
7.048616190296919451e-03
7.074680797513059789e-03
7.074680797513063259e-03
7.074680797513062391e-03
7.048616190296913379e-03
7.048616190296902971e-03
7.048616190296917716e-03
7.048616190296917716e-03
7.048616190296916849e-03
7.048616190296917716e-03
7.048616190296914247e-03
7.048616190296914247e-03
7.048616190296913379e-03
7.048616190296913379e-03
7.048616190296903838e-03
7.048616190296902971e-03
7.022747692337699514e-03
7.048615831418162010e-03
7.048615831418147265e-03
7.048615831418162878e-03
7.022747692337725535e-03
7.022747692337715994e-03
7.022747692337702116e-03
7.022747692337689106e-03
7.022747692337717729e-03
7.022747692337713392e-03
7.022747692337699514e-03
7.022747692337701249e-03
7.022747692337699514e-03
7.022747692337688238e-03
7.022747692337699514e-03
7.074685551893571470e-03
7.075500607313611051e-03
7.075500607313605847e-03
7.071606768136903289e-03
7.071606768136915432e-03
7.049301743817542286e-03
7.075488656554862997e-03
7.049301743817546623e-03
7.049301743817542286e-03
7.049301743817539684e-03
7.049301743817528408e-03
7.049301743817547490e-03
7.049301743817557031e-03
7.049301743817552694e-03
7.049301743817551827e-03
7.075488475385224678e-03
7.049301743817542286e-03
7.049301743817539684e-03
7.049301743817542286e-03
7.049301743817525806e-03
7.049301743817525806e-03
7.075488656554877742e-03
7.049301743817514530e-03
7.049301743817529275e-03
7.101878011829722802e-03
7.101878011829728873e-03
7.075488656554878610e-03
7.075488656554895957e-03
7.075488656554862130e-03
7.049301743817552694e-03
7.049301743817542286e-03
7.049301743817542286e-03
7.049301743817543153e-03
7.049301743817542286e-03
7.049301743817526673e-03
7.049301743817526673e-03
7.049301743817539684e-03
7.049301743817554429e-03
7.049301743817531878e-03
7.049301743817516265e-03
7.049301743817527541e-03
7.049301743817527541e-03
7.049301743817527541e-03
6.915490999542682829e-03
6.915490999542701911e-03
6.915490999542694105e-03
6.915490999542694105e-03
6.940693034803304719e-03
6.940693034803312525e-03
6.965859775843981534e-03
6.965859775843981534e-03
6.940693034803310790e-03
6.940693034803310790e-03
6.940693034803322066e-03
6.915490999542675890e-03
6.915490999542688033e-03
6.915490999542701044e-03
6.915490999542694972e-03
6.915490999542694105e-03
6.915490999542701044e-03
6.940505576896998513e-03
6.940505576896987237e-03
6.940505576896987237e-03
6.940505576896970757e-03
6.762649514479637629e-03
6.762649514479636761e-03
6.762649514479639364e-03
6.762649514479627220e-03
6.762649514479627220e-03
6.762649514479618547e-03
6.762649514479627220e-03
6.762649514479640231e-03
6.762649514479648905e-03
6.738049260700230796e-03
6.738049260700245541e-03
6.738049260700226459e-03
6.738049260700230796e-03
6.738049260700229928e-03
6.738049260700233398e-03
6.715313048981227592e-03
6.715313048981218051e-03
6.715313048981218051e-03
6.715313048981205908e-03
6.715313048981205908e-03
6.715313048981218919e-03
6.715313048981217184e-03
6.715313048981202439e-03
6.739561340044227834e-03
6.715313048981228460e-03
6.715313048981228460e-03
6.715313048981218051e-03
6.715313048981218051e-03
6.715313048981206775e-03
6.715313048981218919e-03
6.715313048981206775e-03
6.715313048981225857e-03
6.715313048981240603e-03
6.715313048981218051e-03
6.715313048981217184e-03
6.715313048981205908e-03
6.715313048981217184e-03
6.715313048981213714e-03
6.715313048981213714e-03
6.715313048981225857e-03
6.739570666157029127e-03
6.715313048981226725e-03
6.715313048981238868e-03
6.715313048981229327e-03
6.739561340044226100e-03
6.739561340044224365e-03
6.715313048981225857e-03
6.715313048981225857e-03
6.715313048981238868e-03
6.715313048981229327e-03
6.715313048981218051e-03
6.715313048981217184e-03
6.715313048981238001e-03
6.715313048981227592e-03
6.715313048981225857e-03
6.715313048981224990e-03
6.763991662171439656e-03
6.763991662171442258e-03
6.739561603820232345e-03
6.739561603820219335e-03
6.763991662171443993e-03
6.763991662171445728e-03
6.739561603820234080e-03
6.739561603820219335e-03
6.739561603820221070e-03
6.812842963469868500e-03
6.738739923361536203e-03
6.738742722610383679e-03
6.763247668426373288e-03
6.812816344308548870e-03
6.812816344308561013e-03
6.812816344308561013e-03
6.812816344308561013e-03
6.812816344308561013e-03
6.738742722610383679e-03
6.738742722610386281e-03
6.738742722610388883e-03
6.763247668426349002e-03
6.763247668426362880e-03
6.763247668426373288e-03
6.763247668426361145e-03
6.787938170126625766e-03
6.787938170126625766e-03
6.787938170126599745e-03
6.787938170126611021e-03
6.787938170126622296e-03
6.787938170126622296e-03
6.787938170126621429e-03
6.787938170126623164e-03
6.787938170126621429e-03
6.787938170126622296e-03
6.787938170126607551e-03
6.738740056075003156e-03
6.738740056075017901e-03
6.738740056075017901e-03
6.738740056075013564e-03
6.738740056075023105e-03
6.738740056075026574e-03
6.738740056075016166e-03
6.763244125504184155e-03
6.763244125504184155e-03
6.738740056075016166e-03
6.738740056075013564e-03
6.738740056075001421e-03
6.738740056075016166e-03
6.738740056075005758e-03
6.738740056075017033e-03
6.738740056075026574e-03
6.738740056074999686e-03
6.738740056075014431e-03
6.738740056075005758e-03
6.738740056074999686e-03
6.738740056075016166e-03
6.738740056075014431e-03
6.738740056075001421e-03
6.738740056075000553e-03
6.738740056075013564e-03
6.738740056075016166e-03
6.738740056075005758e-03
6.738740056075000553e-03
6.738740056075013564e-03
6.738740056074998819e-03
6.738740056075013564e-03
6.738740056075024840e-03
6.738740056074984941e-03
6.738740056075001421e-03
6.738740056075002288e-03
6.738740056075001421e-03
6.738740056075008360e-03
6.738740056075016166e-03
6.705574900481198891e-03
6.705574900481187615e-03
6.705574900481194554e-03
6.705574900481196289e-03
6.705574900481204095e-03
6.705574900481201493e-03
6.705574900481178942e-03
6.705574900481191952e-03
6.705574900481192820e-03
6.705574900481191952e-03
6.705574900481177207e-03
6.730951480162662877e-03
6.730951480162648999e-03
6.730951480162660275e-03
6.730951480162662877e-03
6.730951480162660275e-03
6.730951480162661142e-03
6.730951480162657673e-03
6.756527145837953711e-03
6.782307621287900906e-03
6.782307621287935601e-03
6.782307621287935601e-03
6.782307621287919988e-03
6.782307547212975025e-03
6.782307547212958546e-03
6.756534602590990798e-03
6.756534602590989064e-03
6.756534602590990798e-03
6.756534602590977788e-03
6.756534602590990798e-03
6.808284623478094190e-03
6.808713868147679704e-03
6.808713868147679704e-03
6.808713868147678837e-03
6.808713868147681439e-03
6.808713868147677969e-03
6.808713868147679704e-03
6.808713868147668428e-03
6.808713868147667561e-03
6.808713868147667561e-03
6.808713868147664092e-03
6.834845493720047467e-03
6.834845493720043998e-03
6.834845493720043998e-03
6.834845493720047467e-03
6.808713868147667561e-03
6.808713868147681439e-03
6.808713868147679704e-03
6.756534602590989931e-03
6.756534602590974319e-03
6.756534602590962175e-03
6.756534602590949165e-03
6.756534602590963910e-03
6.756534602590964778e-03
6.782307547212959413e-03
6.756534602590962175e-03
7.106081129436726297e-03
7.106081129436715021e-03
7.106081129436700276e-03
7.106081129436701144e-03
7.106081129436732369e-03
7.106081129436733236e-03
7.106073693894383869e-03
7.106073693894377798e-03
7.106073693894375196e-03
7.106073693894369124e-03
7.106073693894369124e-03
7.106073693894389073e-03
7.106073693894376930e-03
7.106073693894356114e-03
7.106073693894378665e-03
7.106073693894355246e-03
7.106073693894369124e-03
7.106073693894383002e-03
7.106073693894363053e-03
7.106073693894350909e-03
7.106073693894363920e-03
7.106073693894369991e-03
7.134202801070597087e-03
7.134202801070611832e-03
7.106073693894376930e-03
7.106073693894369124e-03
7.106073693894396880e-03
7.106081553898102067e-03
7.078178158919308342e-03
7.078178158919309210e-03
7.078178158919288393e-03
7.078178158919288393e-03
7.050490863094059299e-03
7.023031581609714274e-03
7.023031581609714274e-03
7.023031581609720346e-03
7.023031581609713407e-03
7.023031581609734224e-03
7.023031581609720346e-03
7.050490863094053227e-03
7.050490863094065370e-03
7.023031581609727285e-03
7.050518006290781674e-03
7.050518006290790347e-03
7.050518006290781674e-03
7.050518006290781674e-03
7.050518006290788613e-03
7.050518006290795552e-03
7.050518006290794684e-03
7.023031581609715142e-03
7.050490863094039350e-03
7.050490863094040217e-03
7.023031581609715142e-03
7.023031581609714274e-03
7.023031581609714274e-03
7.023031581609714274e-03
7.023031581609715142e-03
7.023031581609714274e-03
7.050487494404878396e-03
7.050487494404877528e-03
7.023024057876382613e-03
7.023023050300352191e-03
7.023023050300328772e-03
7.023023050300340048e-03
7.023023050300347854e-03
7.023023050300333976e-03
7.023023050300360864e-03
7.023023050300360864e-03
7.023023050300353926e-03
7.023023050300335711e-03
7.023023050300359997e-03
7.023023050300347854e-03
7.023023050300340048e-03
7.023023050300347854e-03
7.023023050300335711e-03
7.023023050300327037e-03
7.023023050300340048e-03
6.703573577439703689e-03
6.703573577439690678e-03
6.703573577439704556e-03
6.703573577439704556e-03
6.729077620192045264e-03
6.729077620192068683e-03
6.729077620192072152e-03
6.729077620192072152e-03
6.729077620192059142e-03
6.729077620192056540e-03
6.729077620192043530e-03
6.729077620192044397e-03
6.729077620192057407e-03
6.729077620192059142e-03
6.729077620192069550e-03
6.755047737184461179e-03
6.729077620192070418e-03
6.729077620192053938e-03
6.754781751021213601e-03
6.754781751021209264e-03
6.754781751021198856e-03
6.754781751021199723e-03
6.754782631091529703e-03
6.729077327026074598e-03
6.703573577439716699e-03
6.703573577439714964e-03
6.703573577439714964e-03
6.729077253919532077e-03
6.703573577439699352e-03
6.703573577439713230e-03
6.914587899643996269e-03
6.888383482741370842e-03
6.888383482741358699e-03
6.888383482741372577e-03
6.888383482741370842e-03
6.888383482741370842e-03
6.888383482741386454e-03
6.888383482741386454e-03
6.888383482741387322e-03
6.888383482741386454e-03
6.888383482741386454e-03
6.888383482741372577e-03
6.888383482741373444e-03
6.888383482741372577e-03
6.888383482741391658e-03
6.888383482741366505e-03
6.888383482741373444e-03
6.888383482741374311e-03
6.888383482741378648e-03
6.888383482741378648e-03
6.888383482741385587e-03
6.888383482741385587e-03
6.914649801507126436e-03
6.888383482741399465e-03
6.888383482741385587e-03
6.888383482741363903e-03
6.914649801507138580e-03
6.914649801507138580e-03
6.914649801507139447e-03
6.914649801507138580e-03
6.914649673515013001e-03
6.862317769602993903e-03
6.862317769602980025e-03
6.941123967317152157e-03
6.914650473031233591e-03
6.914650473031234458e-03
6.914650473031229254e-03
6.914650473031215376e-03
6.914650473031239662e-03
6.941123780605312592e-03
6.941123780605298714e-03
6.941123780605310857e-03
6.941123780605309990e-03
6.914650473031215376e-03
6.914650473031215376e-03
6.914650473031228387e-03
6.914650473031243999e-03
6.914650473031243999e-03
6.887497572102801134e-03
6.887497572102789858e-03
6.861391165868386405e-03
6.861391165868401150e-03
6.861391165868387272e-03
6.861391165868374262e-03
6.861391165868375129e-03
6.861391165868386405e-03
6.861391165868394211e-03
6.861391165868395078e-03
6.913769774683555316e-03
6.913769774683555316e-03
6.913769774683555316e-03
6.913769774683552714e-03
6.913769774683552714e-03
6.913769774683563990e-03
6.913769774683564857e-03
6.913769774683564857e-03
6.913769774683557919e-03
6.913769774683557919e-03
6.913769774683552714e-03
6.913769774683564857e-03
6.940286207727797141e-03
6.940286207727797141e-03
6.940286207727786733e-03
6.940286207727809284e-03
6.887459974326321302e-03
6.887459974326321302e-03
6.887459974326320435e-03
6.887459974326328241e-03
6.887459974326320435e-03
6.887459974326297016e-03
6.913768173169197555e-03
6.887459974326316098e-03
6.913768173169209698e-03
6.887459974326333445e-03
6.887459974326342119e-03
6.887459974326329108e-03
6.887459974326317833e-03
6.887459974326342986e-03
6.887459974326328241e-03
6.887459974326329108e-03
6.887459974326329108e-03
6.887459974326328241e-03
6.887459974326328241e-03
6.887459974326316098e-03
6.913768173169208830e-03
6.913768173169194953e-03
6.835449283172294159e-03
6.835449283172314976e-03
6.835449283172295894e-03
6.835449283172290690e-03
6.835449283172289822e-03
6.835449283172294159e-03
6.835449283172294159e-03
6.835449283172308904e-03
6.835449283172294159e-03
6.835449283172303700e-03
6.835449283172303700e-03
6.835449283172290690e-03
6.835449283172303700e-03
6.835449283172304567e-03
6.835449283172314976e-03
6.835449283172314976e-03
6.835449283172304567e-03
6.835449283172295894e-03
6.861351316720818751e-03
6.861351316720813547e-03
6.861351316720807475e-03
6.861351316720807475e-03
6.861351316720828292e-03
6.835449283172304567e-03
6.835449283172304567e-03
6.835449283172295894e-03
6.835449283172303700e-03
6.835449283172290690e-03
6.835449283172296761e-03
6.835449283172296761e-03
6.835449283172295894e-03
6.835449283172314976e-03
6.835449283172304567e-03
6.835449283172295894e-03
6.835449283172317578e-03
6.835449283172283751e-03
6.835449283172303700e-03
6.835449283172304567e-03
6.861351316720805740e-03
6.835449283172315843e-03
6.835449283172295894e-03
6.835449283172317578e-03
6.835449283172295894e-03
6.835449283172295026e-03
6.835449283172304567e-03
6.861351316720815281e-03
6.861351316720838700e-03
6.861351316720829159e-03
6.861351316720810944e-03
6.861351316720811812e-03
6.861351316720838700e-03
6.861351316720829159e-03
6.861351316720829159e-03
6.861351316720817016e-03
6.861351316720798801e-03
6.861351316720823955e-03
6.861351316720816149e-03
6.887457487128808252e-03
6.835449283172295894e-03
6.835449283172282883e-03
6.835449283172295894e-03
6.835449283172295026e-03
6.835449283172321915e-03
6.913774971964901928e-03
6.913774971964896723e-03
6.835430147155839575e-03
6.861339554405924100e-03
6.861339554405924100e-03
6.861339554405924100e-03
6.861339554405924100e-03
6.861339554405929304e-03
6.861339554405924100e-03
6.861339554405924100e-03
6.861339554405924100e-03
6.809721370552131864e-03
6.835429562181356659e-03
6.809721370552143140e-03
6.809721370552131864e-03
6.809721370552130129e-03
6.809721370552144007e-03
6.809721370552144007e-03
6.809721370552132731e-03
6.809721370552132731e-03
6.809721370552144874e-03
6.809721370552143140e-03
6.809721370552144874e-03
6.809721370552145742e-03
6.809721370552131864e-03
6.809721370552130996e-03
6.809721370552131864e-03
6.809721370552144874e-03
6.809721370552143140e-03
6.809721370552143140e-03
6.809721370552143140e-03
6.809721370552131864e-03
6.809721370552117986e-03
6.809721370552132731e-03
6.913774737531796187e-03
6.913774737531803993e-03
6.913774737531816136e-03
6.913774737531816136e-03
6.913774737531807463e-03
6.835429562181386150e-03
6.835429562181372272e-03
6.835429562181385282e-03
6.835429562181394823e-03
6.835429562181394823e-03
6.835429562181407834e-03
6.835429562181393089e-03
6.835429562181394823e-03
6.835429562181386150e-03
6.835429562181386150e-03
6.835429562181385282e-03
6.835429562181374007e-03
6.809721370552144007e-03
6.809721370552144874e-03
6.809721370552144874e-03
6.835429562181374007e-03
6.835429562181374007e-03
6.809721370552131864e-03
6.809721370552132731e-03
6.809721370552144874e-03
6.809721370552132731e-03
6.809721370552156150e-03
6.809721370552156150e-03
6.809721370552132731e-03
6.809721370552131864e-03
6.809721370552144007e-03
6.809721370552131864e-03
6.809721370552144874e-03
6.809721370552133599e-03
6.809721370552144874e-03
6.809721370552156150e-03
6.809721370552144874e-03
6.809721370552144007e-03
6.809721370552132731e-03
6.835429562181371405e-03
6.809721370552132731e-03
6.809721370552144007e-03
6.809721370552144007e-03
6.809721370552131864e-03
6.835429562181371405e-03
6.940701354813979922e-03
6.913775582330730120e-03
6.913775582330743130e-03
6.913775582330741395e-03
6.940303624929343614e-03
6.913775582330743130e-03
6.913775582330743130e-03
