-9.358082791042822424e-02
-9.357885646007903235e-02
-9.413677036269586795e-02
-6.341666879067021922e-02
-6.343010894246102482e-02
-6.343293663195902210e-02
-6.342584768603637402e-02
-6.343167933253730795e-02
-6.343157905541904618e-02
-6.343008268366209790e-02
-6.342978646837232892e-02
-6.342993802427610017e-02
-6.343179094993474376e-02
-6.343029297033943303e-02
-3.584407717522246350e-02
-3.583560318416609269e-02
-3.583408374142497271e-02
-3.583464236703529093e-02
-3.583390452892629141e-02
-3.583549579859594825e-02
-3.568883301304333344e-02
-3.568834141867334442e-02
-3.568894936298770693e-02
-3.568888076775152129e-02
-3.568900220982330895e-02
-2.030113033695643554e-02
-2.030149352674100530e-02
-1.875002153840545083e-02
-1.875184243146761631e-02
-1.870385462097336887e-02
-1.870417369102887750e-02
-1.870374800463550646e-02
-1.870409642735860328e-02
-1.870329773748743291e-02
-1.870306583297843758e-02
9.544976736706433859e-03
9.546578110240535459e-03
9.574620275954404125e-03
9.574799091921165281e-03
-1.589016391530460176e-02
-1.588899374372870418e-02
-2.122265619489195621e-02
-2.122320736678916589e-02
-2.122342397909249626e-02
-2.122252241282194390e-02
-2.122282499532482034e-02
-2.123220305258395613e-02
-2.123209685224644247e-02
-2.123216360315338322e-02
-2.123503456058521005e-02
-2.123297480654312910e-02
-2.134824199304604167e-02
-2.134906118349583562e-02
-2.134827262196433220e-02
-1.883928742372761519e-02
-1.124718002396162819e-01
-1.124716354470507718e-01
2.003904980194099739e-01
2.003907581945006955e-01
2.006624595893628793e-01
2.006734596047434760e-01
2.758960412111752802e-01
2.757211897001312084e-01
2.757339154950826376e-01
2.757254218574833882e-01
2.615633757217604161e-01
2.678789740240973272e-01
2.678784401619741518e-01
2.678849164250289849e-01
2.678830664356658398e-01
7.908564229703252818e-03
7.892888512520464250e-03
2.810400629690637184e-02
6.749838564092278288e-03
6.715642806762248118e-03
6.709162681568596118e-03
6.711198259844037596e-03
6.777214865004786704e-03
6.771571735575620046e-03
6.761504654766338149e-03
6.759516512525438892e-03
4.776258842128879890e-03
4.774760228343629016e-03
4.775007073028909692e-03
4.317567102163659930e-03
4.320276698060342667e-03
-1.192219200835616805e-03
-1.177980145205897999e-03
-1.149483753426906122e-03
-1.059147399614105778e-03
-1.059121763994957466e-03
-1.058059358461304559e-03
-1.034964480515566118e-03
-1.030948477278172777e-03
-1.030948477278187088e-03
-4.927335627048850912e-03
-4.926660867420703215e-03
-4.926991519934090930e-03
-1.072678246014097288e-02
-1.072667243224896191e-02
1.195247187336790344e-04
1.199169946984540654e-04
1.137870749463047233e-04
-9.565360754738199203e-05
-9.547765981332194754e-05
-9.321225265280917065e-05
-9.389093568242400827e-05
3.442270709357551499e-05
1.371624104233457090e-05
-2.346574818947884028e-05
-3.903977678077098231e-05
-2.780050862228579335e-05
-1.331962889262950187e-05
-1.375512303683654578e-05
3.012408401866097747e-04
3.112551807066425485e-04
2.972036721280656678e-04
3.452714551735084985e-04
3.452739363525232945e-04
3.451731237614436899e-04
3.453429471350370132e-04
3.442176983617804744e-04
3.445241001356263229e-04
3.433153162833259883e-04
3.439809829328580146e-04
3.612441317017833081e-04
3.652188662564171827e-04
3.588693128239266433e-04
3.589993717024458778e-04
3.601372344724115501e-04
-7.037113241755139914e-02
-7.037202232024131199e-02
-7.025405433996542715e-02
-7.025123292915785855e-02
-7.025146269253612630e-02
-7.025218397591306840e-02
-6.399626949788464469e-02
-6.399676275904969680e-02
-9.893091094684921052e-03
-9.892152229247235320e-03
-9.913161143696702302e-03
-4.291521652574187273e-02
-3.534960285597309876e-02
-3.535047557714345728e-02
-3.534951222406284427e-02
-3.535120183628012031e-02
-3.534943814288470099e-02
-3.535373998869822260e-02
-3.536067734148872627e-02
-3.536191224924224719e-02
-4.009831645250203080e-02
-4.023382557810408627e-02
-1.513212962904471673e-02
-1.514611260473317650e-02
-1.512448057818047316e-02
-1.493861827002694945e-02
-1.490665348458407487e-02
-1.490670979979351850e-02
-1.490641492104793041e-02
-1.490663976526699665e-02
-1.490642904712471441e-02
-1.492379044687613433e-02
-1.492208252137625264e-02
-1.492575894899702063e-02
-1.492520738550973461e-02
-1.613125040767928245e-02
-1.526626819807794765e-02
-1.526072058000955620e-02
-1.525919536639101619e-02
