-2.583659632650674664e-04
-2.584751544258293097e-04
-2.298876018107045855e-04
-2.686464673783694481e-04
-2.709611600832663686e-04
-2.708022190500856876e-04
-2.707595414919652813e-04
3.079068476872222175e-04
-1.587113238625017034e-02
-1.578893852198354555e-02
-1.595874938143493696e-02
-1.596345513144336800e-02
-1.596312647408291638e-02
-1.596330390596367027e-02
-1.604597687255525026e-02
-1.604577834912157205e-02
-1.604569528272103973e-02
-1.263550502589716462e-02
-1.263516441764581805e-02
-1.263879574201262450e-02
-1.263884569600979418e-02
-1.263884222394362142e-02
7.203724266404894563e-03
7.203694932606851190e-03
7.181109219892868427e-03
7.177259660865564599e-03
7.164028785353450043e-03
7.176168492000447457e-03
7.176878190124611617e-03
7.161116784348980219e-03
7.161126884044435176e-03
7.160869438572829357e-03
7.160593044194177650e-03
7.161007085188754971e-03
7.160941849461067120e-03
7.161197925822630588e-03
-1.505103550092983314e-02
-1.505117430770235888e-02
-1.505183533487149984e-02
-1.505178950736998228e-02
-1.505055897934932767e-02
-1.505185607260415594e-02
-1.115274000167023292e-02
-1.115233373746241791e-02
-1.114967922823235057e-02
-1.115476722400092838e-02
-1.115409297009516305e-02
-1.115339033514573322e-02
-1.115345375292037082e-02
-1.115348984266411464e-02
-1.115472572860346304e-02
-1.520065428824599607e-01
-1.519977319307861396e-01
-6.493535061232497130e-02
-6.439710947841280342e-02
-6.439753246712316692e-02
-6.439821828543602911e-02
-6.439986965597273294e-02
-6.403359116502171933e-02
-6.677462058963674896e-02
-6.675051072516417772e-02
-7.317671574102971310e-03
-7.317706258727951600e-03
-7.318029710430233939e-03
-7.317130963085883427e-03
-7.943324961631487852e-03
-7.939887118599662716e-03
-8.007223198135333606e-03
-7.612328954510542457e-03
-5.285330986062954095e-02
-5.279634541803231856e-02
-5.280190974033483614e-02
-5.279418576600358043e-02
2.010123937181708398e-02
2.127967615401458318e-02
2.127808072425464714e-02
2.127655408711152940e-02
2.127673940545367001e-02
2.033884181123009078e-03
-1.384500809490245765e-03
-1.328673379700261083e-03
-1.328761267093712733e-03
-1.317552379259231271e-03
-1.342527088499799763e-03
1.051657480524543532e-02
1.051565510686404588e-02
1.051764761659229608e-02
1.051761925348319686e-02
1.308248500591817701e-02
1.307085559579065567e-02
1.182334917251199984e-02
1.180002668451758663e-02
1.171548462099844534e-02
1.170625538791271632e-02
1.170613179829733258e-02
8.518684938312945029e-03
8.525249934966783183e-03
8.525776561313353971e-03
8.573688060124672050e-03
8.573660678730438481e-03
8.573860204384274250e-03
8.575429213480551677e-03
8.575285119143113977e-03
8.575983666799052302e-03
8.525693653676329198e-03
4.586146496682851244e-03
4.590836607392286689e-03
6.031418900930210839e-03
6.030702040692397133e-03
6.030944293913616423e-03
6.030683686575416536e-03
5.592798127481978486e-03
5.594247395609337932e-03
6.601286445096995470e-01
-1.178244959366666657e-02
-2.540586385158082883e-01
-5.485448013314634091e-04
-5.494936009865645154e-04
-5.501208007725344072e-04
-4.657866619952768898e-03
-4.649808554677965951e-03
-4.648206879280139363e-03
-4.650226930780587513e-03
-4.649767412196969228e-03
-4.649837545475038816e-03
-4.919135151351536166e-03
-4.919265473352511624e-03
-5.112881858059822524e-03
-5.112881858059875433e-03
-5.110655649200880092e-03
4.025171983156269895e-02
2.732323535351725494e-02
2.989585197511884784e-02
2.989491904464829444e-02
2.989411335763584102e-02
7.104733274957740485e-02
7.104040194601704550e-02
1.534432043263307503e-02
1.539563090764590157e-02
1.539593990863609430e-02
1.539592692779544886e-02
1.717564989538486811e-02
1.717329300443450404e-02
1.717370942928004782e-02
1.728877031044396759e-02
-2.145899571221845242e-02
-7.125470802725886697e-03
-7.125972242875320932e-03
-7.125846416829310567e-03
-7.129103959643440583e-03
-7.126868746551930263e-03
-7.127331168854393779e-03
-7.129427945121833039e-03
-7.129993924760672820e-03
-7.074566476482913036e-03
-3.241138998367808916e-02
-3.240998096407583795e-02
-3.241137299068342498e-02
6.312481575231263659e-03
3.310886711287027405e-03
3.311553965935222065e-03
3.311590990903490444e-03
-5.295720477479647255e-03
-5.295797401628231198e-03
-5.295888779390492580e-03
-5.295752102402207298e-03
-5.295695214682057290e-03
-5.286521831172755377e-03
-5.286993977491653840e-03
-5.286820162601021424e-03
-5.285005897609535916e-03
-5.284679332424916179e-03
1.426470288446185335e-02
1.426507339526138576e-02
1.415995045392567930e-02
1.415757693298733653e-02
1.415810782752665968e-02
3.286795118526569109e-02
3.285925193987662002e-02
3.944536733988175670e-02
3.933337703425757864e-02
4.552976581678348095e-02
4.551193218353600384e-02
4.551106771524073696e-02
4.551234938030213756e-02
4.520147364645023952e-02
4.520360224441433844e-02
4.520680630747578310e-02
4.520681083325114175e-02
4.437289283069616175e-02
4.437195205345264432e-02
4.437298670221728053e-02
4.443186667504318149e-02
4.442665805736201873e-02
1.713464483593364340e-01
1.762480520092435110e-01
1.762489371476201883e-01
1.762540158068799934e-01
1.762545443945622015e-01
1.762558210111020707e-01
1.762128978951880420e-01
2.404044884136291582e-02
2.404064207002177059e-02
3.537200113983716976e-02
3.538020530063358537e-02
3.537994425393693743e-02
3.537997445915217615e-02
3.538001432217895148e-02
3.508250728911439104e-02
9.251710733707866827e-03
9.304968913443676867e-03
9.318265028807556222e-03
9.319243088445365239e-03
9.317640521662583220e-03
9.327772486735908322e-03
9.323722580269318272e-03
9.321903665276808776e-03
3.499491203497915540e-03
3.498427251958239562e-03
3.499952210806278868e-03
3.498946554561951656e-03
3.497561841484866756e-03
3.497854785005492361e-03
-3.583416505990040524e-03
6.190807735844360265e-04
6.188758955987101696e-04
6.033486110988859827e-04
6.023718905988693743e-04
6.019446236643357599e-04
6.028668438558608096e-04
6.028070622644861190e-04
6.013025217819751135e-04
6.016975378468309788e-04
5.981452739341566217e-04
6.047206327885587453e-04
6.049277645568348384e-04
6.051500588333351676e-04
6.051384832833485265e-04
6.055490703135500523e-04
5.360946771038592896e-04
5.345385009648110676e-04
5.391431647249626856e-04
-1.663245427081209982e-02
-1.663227830308622313e-02
-1.661930837554112528e-02
-1.655905152403737077e-02
-1.655641575736573751e-02
-1.656089863839770374e-02
-1.657352006755992424e-02
-1.657334801061629073e-02
-1.657371468184579491e-02
-1.657273204736227010e-02
-1.288175795050604255e-02
-1.288068599875246030e-02
-4.658496525690132735e-03
-1.431241070540777670e-02
-1.429115846046155776e-02
-1.429208503064959869e-02
-1.458696070589815194e-02
-1.458672911998300931e-02
-1.164726726663025715e-02
-1.165205933124119526e-02
-1.165197744233683989e-02
-1.406513798779338888e-02
-1.406501203684110829e-02
-1.405401830453444773e-02
-1.407477926916672097e-02
-1.407239943871367929e-02
-1.407292825674925918e-02
-1.407327953334387705e-02
-1.407355414436613737e-02
-1.407357433271110188e-02
-1.407324393060600635e-02
-1.407321439849428327e-02
-1.407339432035997935e-02
-1.407338203716185232e-02
-1.407320221111198720e-02
-1.407336948710170843e-02
-1.407410872646970741e-02
-1.407422558745186243e-02
-1.407905776842433010e-02
-1.407698008779835475e-02
-1.407338705408732980e-02
-1.407351480948297769e-02
-1.407309011405463543e-02
-1.407313401992574264e-02
-1.407325111454022296e-02
-1.448155316838307949e-02
-1.448166240655646662e-02
-1.448147533615362463e-02
-1.448156105174133908e-02
-1.448137451130704530e-02
-1.448123870996632055e-02
-1.503117036392848799e-02
-1.502864703688329764e-02
1.015880964774632141e-02
1.015739035388900716e-02
1.087105911799329805e-02
1.087073461212968023e-02
9.508332885611404939e-03
9.513879622155163585e-03
9.512496431044912062e-03
1.577527026972613475e-02
1.583110281399906921e-02
1.583074513331231281e-02
1.582387177076706453e-02
1.580230036741658156e-02
-1.143078362959868213e-02
-1.143210172936364941e-02
-1.142130279816037410e-02
-1.049627004057464806e-02
-1.035707677508388574e-02
-1.035618152984624923e-02
-1.035480161155288500e-02
-1.035550582977818462e-02
-1.024638852584873194e-01
-1.024847462373250778e-01
-1.024834577115381062e-01
-1.024836416089986296e-01
-1.024676992832517647e-01
-1.024641708437016990e-01
-1.033671921812580330e-01
1.270964546494457795e-02
1.270932566739557158e-02
1.270932448254966096e-02
8.349565560187207150e-03
8.349298131882124802e-03
8.349382270638975451e-03
8.347188603375145163e-03
8.453172523920745446e-03
8.525967015132663099e-03
7.464121207292699275e-03
7.463512964178960901e-03
8.931870193159940907e-03
8.931857315874711448e-03
8.931770663877869679e-03
8.932130064714469825e-03
9.403748911150639281e-03
9.403202635447615795e-03
9.403096264113636887e-03
9.406250033804876981e-03
1.048541256510611766e-02
1.037914107947769150e-02
1.042743684614058294e-02
9.911644045499547542e-03
9.911841930437490303e-03
9.417847104294588614e-03
9.418187472632856203e-03
9.417821204332207236e-03
9.425619085801329247e-03
9.418956591690912442e-03
9.408036152101938512e-03
2.493107719663430893e-03
2.493297349135135520e-03
2.493301625451412734e-03
2.367407686678567932e-03
2.943827806057632956e-03
3.716939580398243188e-03
3.718270086063494087e-03
3.739778294649758177e-03
3.739312856532266399e-03
3.748966609357708233e-03
3.748908230834967041e-03
3.749032707951588644e-03
3.746622590498149309e-03
3.748148143565276178e-03
8.133772522181775518e-04
-5.740679461497161240e-02
-5.740585182723909746e-02
-4.225791631671406423e-02
2.997275947192002115e-03
2.097935027819952929e-03
2.812486658492238494e-03
9.909448338319299179e-03
-1.848362533863389529e-02
-1.848374541471506372e-02
-1.848306588706558062e-02
-1.848297345566520672e-02
-3.201197538891865924e-02
-3.200969345795003779e-02
-3.201007908935524227e-02
-3.201148095177415442e-02
-3.201553932446294520e-02
-3.201310941137617411e-02
-3.201391896159183625e-02
-3.199865845948134113e-02
-3.199879126867989643e-02
-2.516405594278879349e-03
-2.526914364355145777e-03
-2.526548374086308359e-03
-2.429596176654748307e-02
-2.412747715323666081e-02
-2.420033526297130436e-02
-2.420122579906483842e-02
-2.418562810354088835e-02
-2.418551354252108238e-02
-2.418818986237610338e-02
-2.418820237758880290e-02
-2.418824257092043462e-02
-2.418844892412213773e-02
-2.418869395642588016e-02
-2.418637662719742148e-02
-2.418779546616385209e-02
