7.715167497882312320e-02
7.715167497882302605e-02
7.715167497882277625e-02
7.715167497882302605e-02
7.715167497882313707e-02
7.715167497882299830e-02
7.715167497882306769e-02
7.715167497882315095e-02
7.715167497882322034e-02
7.715167497882313707e-02
7.715167497882302605e-02
7.715167497882324810e-02
7.715167497882317871e-02
7.715167497882327585e-02
7.715167497882322034e-02
7.715167497882317871e-02
7.715167497882320646e-02
7.715167497882310932e-02
7.715167497882312320e-02
7.715167497882310932e-02
7.715167497882320646e-02
7.715167497882316483e-02
7.715167497882313707e-02
7.715167497882330361e-02
7.715167497882324810e-02
7.715167497882324810e-02
7.715167497882324810e-02
7.715167497882323422e-02
7.715167497882305381e-02
7.715167498117042610e-02
7.715167498117073142e-02
7.715167498117062039e-02
7.715167498117063427e-02
7.715167498117066203e-02
7.715167498117091183e-02
7.715167498117041223e-02
7.715167498117220246e-02
7.715167498117175837e-02
7.715167498117161959e-02
7.715167498117256328e-02
7.715167498117234124e-02
7.715167498117224409e-02
7.715167498177104288e-02
7.715167498177055716e-02
7.715167498177073757e-02
7.715167498177068206e-02
7.715167498177058492e-02
7.715167498177072369e-02
7.715167498177051553e-02
7.715167498177068206e-02
7.715167498150367342e-02
7.715167498150300729e-02
7.715167498150271586e-02
7.715167498146245639e-02
7.715167498145918124e-02
7.715167498146104086e-02
7.715167498146079106e-02
7.715167498146063840e-02
7.715167498146049962e-02
7.715167498146385805e-02
7.715167498146360825e-02
7.715167498146385805e-02
7.715167498146370539e-02
7.715167498146326130e-02
7.715167498117755929e-02
7.715167498117733724e-02
7.715167498117736500e-02
7.715167498117735112e-02
7.715167498117733724e-02
7.715167498117737888e-02
7.715167498117934952e-02
7.715167498117460332e-02
7.715167498117474210e-02
7.715167498117524170e-02
7.715167498117497802e-02
7.715167498117499190e-02
7.715167498117515843e-02
7.715167498117521394e-02
7.715167498117550537e-02
7.715167498147829095e-02
7.715167498122091350e-02
7.715167498122113554e-02
7.715167498122103840e-02
7.715167498122096901e-02
7.715167498122098289e-02
7.715167498122103840e-02
7.715167498146820180e-02
7.715167498146796587e-02
7.715167498146827119e-02
7.715167498146793812e-02
7.715167498146810465e-02
7.715167498146575931e-02
7.715167498146546787e-02
7.715167498146539848e-02
7.715167498146524583e-02
7.715167498146530134e-02
7.715167498146538461e-02
7.715167498179391348e-02
7.715167498165655113e-02
7.715167498165581561e-02
7.715167498165573234e-02
7.715167498165584337e-02
7.715167498165512172e-02
7.715167498165546867e-02
7.715167498165585724e-02
7.715167498165596827e-02
7.715167498165567683e-02
7.715167498165502458e-02
7.715167498165338700e-02
7.715167498165391435e-02
7.715167498165410864e-02
7.715167498165395599e-02
7.715167498165391435e-02
7.715167498165388660e-02
7.715167498165392823e-02
7.715167498165394211e-02
7.715167498169232807e-02
7.715167498169117621e-02
7.715167498169109295e-02
7.715167498169112070e-02
7.715167498169134275e-02
7.715167498169135663e-02
7.715167498169121785e-02
7.715167498169130111e-02
7.715167498169153704e-02
7.715167498169113458e-02
7.715167498168529203e-02
7.715167498168550020e-02
7.715167498168523652e-02
7.715167498168529203e-02
7.715167498168520877e-02
7.715167498168522264e-02
7.715167498169209215e-02
7.715167498169224480e-02
7.715167498169218929e-02
7.715167498169227256e-02
7.715167498169223093e-02
7.715167498169259175e-02
7.715167498169260563e-02
7.715167498169260563e-02
7.715167498169264726e-02
7.715167498169250848e-02
7.715167498169253624e-02
7.715167498169255011e-02
7.715167498169216154e-02
7.715167498169349380e-02
7.715167498169327176e-02
7.715167498169327176e-02
7.715167498169334115e-02
7.715167498169288318e-02
7.715167498169328564e-02
7.715167498169328564e-02
7.715167498169327176e-02
7.715167498169335503e-02
7.715167498169324400e-02
7.715167498169345217e-02
7.715167498169345217e-02
7.715167498169334115e-02
7.715167498169324400e-02
7.715167498169343829e-02
7.715167498140990121e-02
7.715167498141008162e-02
7.715167498140994284e-02
7.715167498141006774e-02
7.715167498140965141e-02
7.715167498140954039e-02
7.715167498140906854e-02
7.715167498140927671e-02
