-3.349650178807606765e-02
-3.349685567927991603e-02
-3.349664527824108839e-02
-3.349576958771717516e-02
-3.349617849168632505e-02
-1.116428630755142148e-01
-1.116429364348101166e-01
-1.116526969785247708e-01
-1.116490660152048009e-01
-1.116508493194415808e-01
-1.116525243019179242e-01
1.405927797813326038e-02
1.405857587834457786e-02
1.406111894717124340e-02
1.406089636098330209e-02
1.406558346656547852e-02
1.406031332438155076e-02
1.406175736598370279e-02
1.406147669094801739e-02
1.436994454226084295e-02
1.436995190764757749e-02
1.436978038958880433e-02
-5.868136453822393045e-02
-5.868385670960482581e-02
-5.881004450383024024e-02
-5.881840468469094058e-02
-5.881807150572692516e-02
-5.881597481192762933e-02
-5.586034300099225469e-02
-5.586058257329257204e-02
-5.586402061523720874e-02
-5.585860182684197761e-02
-5.585753987619251903e-02
-5.585763316291050135e-02
-5.586319974809822453e-02
-5.586310941724138140e-02
-5.586528254468552113e-02
-5.586031460915557439e-02
-5.585950871747413782e-02
-5.585898363566150354e-02
-5.586030666500607644e-02
-5.592038793796036411e-02
-5.592118050383555056e-02
-5.616073524565091263e-02
-5.616010488461836009e-02
-5.618134507905138408e-02
-5.618063380909255750e-02
-5.618404414329210977e-02
-5.618349122792680450e-02
-5.618307549217287089e-02
-5.618561218470016771e-02
-5.618218131690431300e-02
-5.618244875498375895e-02
-5.618013670203964721e-02
-5.571836544927232654e-02
-5.571789898761976556e-02
-5.575327203617030936e-02
-5.574719202951246982e-02
-5.569887788214665514e-02
-5.569813056914169752e-02
-5.570025932907995275e-02
-5.570046986480239187e-02
-5.569740481866521098e-02
-5.570056005986347147e-02
9.118163303255445717e-02
9.118178235744607563e-02
9.117916797905344095e-02
9.112451515798604407e-02
9.112607653993122503e-02
9.112040826664150051e-02
9.111987777652115483e-02
9.112169922985297044e-02
9.112559638773261306e-02
9.112411525001658241e-02
9.112225330403590784e-02
9.112999937085848601e-02
9.113007551448538968e-02
9.113040879928721583e-02
9.113044885689110253e-02
9.113032333623750925e-02
9.114369369848872304e-02
8.941175357224925846e-02
8.943608283186449404e-02
8.943609402194918623e-02
8.943495442404093831e-02
8.943444849764413396e-02
8.943438060743441609e-02
8.975080124850133567e-02
8.974948138355601235e-02
8.974975705784331292e-02
8.974914648671993012e-02
8.974922149627093115e-02
8.971576568532986518e-02
8.971471944330358661e-02
8.971496922220249803e-02
8.971786518549694500e-02
8.971652109655293972e-02
8.971634292625649265e-02
8.971474526100972624e-02
8.971558715849399512e-02
8.971727677137245061e-02
8.967020610340435682e-02
8.964065231446488591e-02
8.981704712111399092e-02
8.981706147303691878e-02
8.981790450034204953e-02
8.981669627483589158e-02
8.981640247010733158e-02
8.981642551131613361e-02
8.971124184286605185e-02
8.971176427035749967e-02
8.971150978707120860e-02
8.971219556685315621e-02
8.971327607098773804e-02
8.971728188200409071e-02
8.972846416904789457e-02
8.143819917301108047e-02
8.143258594780435067e-02
8.143026886267598630e-02
1.529288017948577938e-01
1.529455556156968377e-01
1.527960356539821984e-01
1.527945297731633512e-01
1.527757736814352729e-01
1.527777083874100883e-01
1.456296629356698159e-02
1.456293156228955117e-02
1.456177676956686012e-02
1.456269511524377509e-02
1.456248941720988087e-02
1.454672651095419156e-02
1.454774744165702495e-02
1.454736461888560262e-02
1.454493634933023971e-02
1.454475878240933315e-02
1.454775789613141704e-02
1.454770184115085872e-02
1.453822144522773883e-02
1.453915464574586508e-02
1.453954035526656800e-02
1.453940581039622065e-02
1.453903013695629666e-02
1.457050217987292985e-02
1.456838516962896679e-02
5.641422525994803372e-02
3.954319888328176186e-02
3.954144119157020076e-02
3.953918932994988228e-02
3.953667321851233457e-02
3.953723804856560525e-02
3.953484395925521699e-02
3.953245772477260306e-02
3.953301415246611439e-02
3.953310834272237562e-02
3.955427797102678555e-02
3.955390238639806127e-02
3.955422565832866777e-02
3.955412265254913684e-02
3.955449337540122706e-02
3.955409058368206804e-02
3.955426913629732366e-02
3.955411439934920087e-02
3.955396084406927887e-02
3.955416933971792753e-02
3.955398936941086074e-02
3.955370626481966717e-02
3.955354156177620650e-02
3.955367987873902036e-02
3.955388467075755810e-02
3.955462094042882376e-02
3.955416944591820527e-02
3.955481122455510590e-02
3.955480506779857769e-02
3.955324942629720453e-02
3.955292869374243264e-02
3.954985123838894445e-02
3.954825136432341820e-02
3.954955458687471614e-02
3.954917223511988933e-02
3.954965232977138839e-02
3.954973431443001980e-02
-2.683204939236199377e-02
-2.983681504604194373e-02
-2.983686890087928339e-02
-2.983727187830700553e-02
-2.983628019627378170e-02
-2.983512828170135564e-02
2.356904282555355792e-03
2.352776088670217869e-03
2.362926717413783330e-03
2.362586450776702277e-03
2.362639404543176013e-03
2.362660053976054029e-03
2.385319887664651313e-03
9.884523559147127564e-04
9.847015982592441635e-04
9.840702094858371808e-04
8.505463131240270170e-04
8.442026133076986323e-04
8.479997026036077776e-04
8.468987153484775106e-04
8.463361948779351282e-04
8.553041890904005459e-04
8.525928899252243308e-04
8.515038817270896522e-04
8.514797691612420059e-04
8.510471035797253754e-04
8.512899522702557873e-04
8.515642952301975691e-04
8.502127963226590018e-04
8.515210077104237111e-04
8.494405875008848809e-04
-1.231263302644341898e-03
-1.231033605715760402e-03
-1.720372592931799323e-03
-1.720978321493051109e-03
-1.720260255416697489e-03
-1.700452721117704045e-03
-1.392688610658439395e-03
-1.393042259300972989e-03
-2.298904121629462196e-03
-2.298784987781049994e-03
-2.298977874182203847e-03
-2.297580491791426181e-03
-2.297918940248052950e-03
-2.297926374568335164e-03
-2.297846171313108320e-03
-2.294779096080523575e-03
-2.294445838624714368e-03
-2.487543536050396825e-03
-2.484276331118724559e-03
-2.886605633392290426e-03
-2.886589628879397944e-03
-2.886589418275043242e-03
-2.886686007672210376e-03
-2.885996649090619842e-03
-2.885352626535446236e-03
-8.628122821411426079e-04
-8.635052738532297866e-04
-8.579766502337019375e-04
-8.311934832121853616e-04
-8.305916305936255923e-04
-8.302890662273684297e-04
-8.301561059499388976e-04
-7.490837245931560896e-03
-7.163419943554661350e-03
-7.163906580486161142e-03
-7.166243939665166950e-03
-7.167434795771912212e-03
-7.167429754978098602e-03
-7.166487035029677974e-03
-7.166406430796279890e-03
-7.166771024654867289e-03
-7.166622848552101077e-03
-7.172951961286999113e-03
-7.115796802446817948e-03
-7.115722209188500395e-03
-7.115833046693446212e-03
-7.115761971603100020e-03
-7.070100171141606264e-03
-7.070108676214900342e-03
-7.073888108378032641e-03
-6.987498410920288221e-03
-6.973167720804223334e-03
-6.973220120483453535e-03
-6.973664901362783969e-03
-6.974257120523912230e-03
-6.974278902546203127e-03
-6.974299080829983108e-03
-1.485926439860979845e-02
-1.485917714110548613e-02
-1.485906070747937228e-02
-1.485916925477913375e-02
-1.500147284171495995e-02
-1.500187671961500900e-02
-1.487835733218351338e-02
-1.487922452022908716e-02
-1.488004985541231846e-02
-5.289793104755613484e-02
-5.291108362185752145e-02
-5.289555988415640259e-02
-5.289484958668384806e-02
-5.289532842702301257e-02
-5.289541252338061245e-02
-5.289524950333005654e-02
-5.289936697268501214e-02
-5.290149880915400588e-02
-5.290159840033597377e-02
-5.291561475156981997e-02
-5.291865629631320456e-02
-5.353990761700838652e-02
-5.354046367185397171e-02
-5.354035315820838276e-02
-5.353492454192281674e-02
-5.353418039823549385e-02
-5.350633120134323101e-02
-5.350843375396535651e-02
-5.350541040120534303e-02
-5.350646498914481131e-02
-5.350850134297099880e-02
-5.328281427165984518e-02
-5.328248925040096617e-02
-5.328211671390875592e-02
-5.328220146266907098e-02
-5.328136963252023267e-02
-5.328251904232714220e-02
-1.470713418527774471e-02
-1.470702915833912126e-02
-1.470723797967182084e-02
-1.470719357568625422e-02
-1.470719032483044052e-02
-1.470434168077025539e-02
-1.470393237386575722e-02
-1.472222450497942189e-02
-1.471988640651433408e-02
-1.471926291295164689e-02
-1.473186326682979913e-02
-1.471428529121249912e-02
-1.471608545773331680e-02
-1.471587385866677394e-02
-1.471663786000886216e-02
-1.471546055685853636e-02
-1.471512146901609100e-02
-1.471538471233569886e-02
-1.471441197353970040e-02
-1.471453888876035274e-02
-1.471486971984356691e-02
-1.471500349121991971e-02
-1.471501988580000211e-02
-1.471490800951184841e-02
-1.496534628665258972e-02
-1.433153753738665784e-02
-1.432590685402813750e-02
-1.432763204951785670e-02
-1.433334217603138110e-02
-1.432484666016434552e-02
-1.465316557406444280e-02
-1.456766826379459617e-02
-1.456773376126264778e-02
-1.456832761344092203e-02
-1.456821260790747488e-02
-1.457102702204324945e-02
-1.457040976212199863e-02
-1.457483674464508418e-02
-1.458553145727171756e-02
-1.457958501275952688e-02
-1.457848039489837572e-02
-1.457946708935840309e-02
-1.457962110425136196e-02
-1.457880921944214141e-02
-1.457882106459553080e-02
-1.457883227714394658e-02
-1.457891486374400351e-02
-1.459858820561135348e-02
-1.459501361078092106e-02
-1.459683106629407895e-02
-1.459639029329010997e-02
-1.459631874898838395e-02
-1.459628529299009624e-02
-1.459631834824390469e-02
-1.459623624180969581e-02
-1.459893587372690371e-02
-1.459605359135630019e-02
-2.498799432639259993e-02
-2.501325369977873414e-02
-2.497881934260692827e-02
-2.498428736397456662e-02
-2.499038564887965871e-02
-2.499029909629449028e-02
-2.501793466322865811e-02
-2.518701015318504724e-02
-2.518679057299153326e-02
-2.486095395351307566e-02
-2.468985763087050422e-02
-2.468836985514835658e-02
-2.494296162925621618e-02
-2.494304673669766464e-02
-2.494286655449363260e-02
-2.494260977393802578e-02
-2.494284088806254795e-02
-2.485906616523611209e-02
-2.982741692226249103e-02
-2.982727762988569842e-02
-2.982752588312440403e-02
-2.982749370150462528e-02
-2.982753929263010778e-02
-2.982810398219240197e-02
-2.982732207410221728e-02
-2.982602750800182265e-02
-2.982639341041055589e-02
-2.982675702370848891e-02
-2.982911728060516979e-02
-2.982583928881457278e-02
-2.982634838235079938e-02
-2.982658948762731410e-02
-2.982582544993554047e-02
-2.982605486765070590e-02
-2.982575805101044322e-02
-2.982881122026900811e-02
-2.982685366906772870e-02
-2.982884991327023824e-02
-1.409187732721915547e-02
-1.409397229681896846e-02
-1.409009995934678086e-02
-1.409021900154900850e-02
-1.409049547089046006e-02
-1.409049886679351708e-02
-1.409010567633157615e-02
-1.373749794004762957e-02
-1.373748119786942674e-02
-1.373748119786938338e-02
-1.373639215535272899e-02
-1.373802795547400708e-02
-1.375225554533169268e-02
-1.363852942342290084e-02
-1.364827985906273168e-02
-1.263634318191648835e-02
-1.263687285537601693e-02
-1.263751531295302481e-02
-1.263625524091449917e-02
-1.263569747847988547e-02
-1.263603612259016004e-02
-1.263526860057151945e-02
-1.263468959493579437e-02
-1.263471841950916143e-02
-1.263499971297771772e-02
-1.263552865756613353e-02
-1.263846535910905476e-02
-1.263802515030047931e-02
-1.263432791618527597e-02
-1.263219498737358330e-02
-1.263175378410697110e-02
-1.263162360083509503e-02
-1.263120684744988530e-02
-1.263203294947804790e-02
-1.263681533572878074e-02
-1.263700677671886902e-02
-1.263786353493418467e-02
-1.263792151422169288e-02
-1.263796696834860664e-02
-1.263774942986295100e-02
-1.263782054173672072e-02
-1.263750880348017518e-02
-1.263746999727434137e-02
-1.263573230225392696e-02
-1.231576246272056592e-02
-1.231106748279010843e-02
-1.230779861012226695e-02
-1.230782221630303576e-02
-1.230866862340674987e-02
-1.230713943490615962e-02
-1.230690101718974472e-02
-1.230691660500847495e-02
