1.825403231737830062e-02
1.821852658982681117e-02
1.822682493655652936e-02
1.823384227673352509e-02
1.825051854437970134e-02
1.827680408178163421e-02
1.827646253218066438e-02
1.827646253218066785e-02
1.827735842629931579e-02
1.827650793870000401e-02
1.827345996976170034e-02
1.827430594575530157e-02
1.827992771088480725e-02
1.820346778790448219e-02
1.821299618156659375e-02
1.821252527926177714e-02
1.821189281346417485e-02
1.821189281346417138e-02
1.821190802630920369e-02
1.821443686675049828e-02
1.821023293186075503e-02
1.820904293850032774e-02
1.820913128400433734e-02
1.820838852123634818e-02
1.821365918812135193e-02
1.821383489588034726e-02
1.821972584679426577e-02
1.821972584679427271e-02
1.821491001849559824e-02
1.821828649416086174e-02
1.821410859291116430e-02
1.821320919165596297e-02
1.821305406768159579e-02
1.821305406768159579e-02
1.821305406768158885e-02
1.821305406768160620e-02
1.821643457777059882e-02
1.820915910770614862e-02
1.820652787964644956e-02
1.820806423837267179e-02
1.820873153742091563e-02
1.821456354137954495e-02
1.820771665926112365e-02
1.820771665926112712e-02
1.821118173930923179e-02
1.821466345950296245e-02
1.821121835227057159e-02
1.821121835227056812e-02
1.820771665926112018e-02
1.820771665926112018e-02
1.820426092393295434e-02
1.820430023824286953e-02
1.821018785979067883e-02
1.820254995712165466e-02
1.820254995712165119e-02
1.819079764227133494e-02
1.820082785619649840e-02
1.819880820027195562e-02
1.820082325992754615e-02
1.820223190583944439e-02
1.822477848981346113e-02
1.822477848981347154e-02
1.822477848981346460e-02
1.822822611310488672e-02
1.823374194820242752e-02
1.823374194820242752e-02
1.823980422718916514e-02
1.823610156322052339e-02
1.822801984867946853e-02
1.822801984867946160e-02
1.823072662999971130e-02
1.823333804076151046e-02
1.823486527934594856e-02
1.823484008654643190e-02
1.824030423528392661e-02
1.824371679406072699e-02
1.824371679406073393e-02
1.824102582761534877e-02
1.824102582761535571e-02
1.824102582761535571e-02
1.824156663224801161e-02
1.822062173505772584e-02
1.822065208429335045e-02
1.820253713430108194e-02
1.820263604527345633e-02
1.820288165651281348e-02
1.820969748678488709e-02
1.819898532372763930e-02
1.819898532372762889e-02
1.820597605428710825e-02
1.820597605428710478e-02
1.820597605428710825e-02
1.821162472853458600e-02
1.820510522223814723e-02
1.821263547483803827e-02
1.821263547483804521e-02
1.821436743305292552e-02
1.820179045747164284e-02
1.820528932545332351e-02
1.820471467829968756e-02
1.820590644578528108e-02
1.820592183644473630e-02
1.820334019870567879e-02
1.820455569497072407e-02
1.820455569497071366e-02
1.820824214278657024e-02
1.820824214278657718e-02
1.826412976467245777e-02
1.826186294371071051e-02
1.826186294371070704e-02
1.826087745958509048e-02
1.826303001606572468e-02
1.826324808387118012e-02
1.826303001606571774e-02
1.826718190490095317e-02
1.828001811092586776e-02
1.828401637363665996e-02
1.828381655258803223e-02
1.827773636309922012e-02
1.825310707466003615e-02
1.825663773772323584e-02
1.826888405573185575e-02
1.827075214354080199e-02
1.827075214354079852e-02
1.822285505055119825e-02
1.822104765902582760e-02
1.822305564808183315e-02
1.823801589726419675e-02
1.826498525346993348e-02
1.827631828644168607e-02
1.827631828644168954e-02
1.827328533957586765e-02
1.827181916049547966e-02
1.827541221685847345e-02
1.827636363384902568e-02
1.828031546677226851e-02
1.827430136095204577e-02
1.827430136095205271e-02
1.827430136095204924e-02
1.827129878503674920e-02
1.827458746932870970e-02
1.827129878503674920e-02
1.827129878503674573e-02
1.827368313628725469e-02
1.827368313628725469e-02
1.827368313628724428e-02
1.827720364169355821e-02
1.827720364169356515e-02
1.827805016259328660e-02
1.838435788030264029e-02
1.839387076896821516e-02
1.838797528931363293e-02
1.838713682421110052e-02
1.836455564581659927e-02
1.836373792653181805e-02
1.836363672149362095e-02
1.835650083097363494e-02
1.835895784064727615e-02
1.835992021058189400e-02
1.835992021058189400e-02
1.836023172824420915e-02
1.836318098725061090e-02
1.835657132592034835e-02
1.835657132592034835e-02
1.836370889513022284e-02
1.836055135799646507e-02
1.835826934769004340e-02
1.835692160119887020e-02
1.836056432903622818e-02
1.836981822024921426e-02
1.837346753617376954e-02
1.836646833897188219e-02
1.835146287319518177e-02
1.834786013428903878e-02
1.834786013428903531e-02
1.835206562635945809e-02
1.835501330797013539e-02
1.833571313511076287e-02
1.833571313511076287e-02
1.834568692608701604e-02
1.834294788574803575e-02
1.834294788574804269e-02
1.836762110477442589e-02
1.835985810374889463e-02
1.836385783007674771e-02
1.835526081930250603e-02
1.835170227632595269e-02
1.835170227632595269e-02
1.835141324327671866e-02
1.834259037272470069e-02
1.833892468275529278e-02
1.833900066495046388e-02
1.834024434859232375e-02
1.834020069327113242e-02
1.833668714012729600e-02
1.834012461224742221e-02
1.833379212972943012e-02
1.833104799711846380e-02
1.818626158375081028e-02
1.814888513421826846e-02
1.816135871584516337e-02
1.816136306179049614e-02
1.815486088089573319e-02
1.815742456614718309e-02
1.815487907785045402e-02
1.815703935757258941e-02
1.815163274476755059e-02
1.815487896046807242e-02
1.815487896046807242e-02
1.818078004037380555e-02
1.817755344988654376e-02
1.817755344988654376e-02
1.817755344988654723e-02
1.818068576410269283e-02
1.817500411709048469e-02
1.818133929262254547e-02
1.818133929262254547e-02
1.818133929262253853e-02
1.818153393123835004e-02
1.817829909940181857e-02
1.817829909940182204e-02
1.817898776149502738e-02
1.817344352779148159e-02
1.815881826167362392e-02
1.819605655592513097e-02
1.819864249942191453e-02
1.819864249942191453e-02
1.820291598869312397e-02
1.819484271027848460e-02
1.819484271027848460e-02
1.819898287428921985e-02
1.818970350899942398e-02
1.820142708243484633e-02
1.820262553317764098e-02
1.820002996548330393e-02
1.819243265130119497e-02
1.819243265130119844e-02
1.819055907598662175e-02
1.818868255896642638e-02
1.818868255896642291e-02
1.819055907598662869e-02
1.819129712663278622e-02
1.819709004728218768e-02
1.819709004728219115e-02
1.820035209269690521e-02
1.819620833370012500e-02
1.820011808548385734e-02
1.819951008631347580e-02
1.820274290082034285e-02
1.820275032848614818e-02
1.819602128272343813e-02
1.819602128272343813e-02
1.820060235853917727e-02
1.820060235853918074e-02
1.820595882864701337e-02
1.820504222292622029e-02
1.820504222292622029e-02
1.820504222292622029e-02
1.820832522996076661e-02
1.810864046282821549e-02
1.810864046282820855e-02
1.810485076599281304e-02
1.810485076599281651e-02
1.811050403069927595e-02
1.810552426420343475e-02
1.811005247818788313e-02
1.811715629827100049e-02
1.811717965089543192e-02
1.811398130780821417e-02
1.811530387164665690e-02
1.811151307783403011e-02
1.811427212886123489e-02
1.811473992764272775e-02
1.810934951192216466e-02
1.811078498752627386e-02
1.811078498752627386e-02
1.811078498752627386e-02
1.811162256851001767e-02
1.811551986770497391e-02
1.811236569171697369e-02
1.811336724836278347e-02
1.810520241088041382e-02
1.811270691849004022e-02
1.810967987303100171e-02
1.810911560359867653e-02
1.810755359444978299e-02
1.810743985196886646e-02
1.810743985196886993e-02
1.810743985196886993e-02
1.810743985196887340e-02
1.810743985196887687e-02
1.810743985196888034e-02
1.810743985196887340e-02
1.810743985196888381e-02
1.810741328949342505e-02
1.811019045986270171e-02
1.810743985196887340e-02
1.810555098010296210e-02
1.810305667864922988e-02
1.810305667864922641e-02
1.812323215195347365e-02
1.809716931360505141e-02
1.809905439797128771e-02
1.809504517672897925e-02
1.809504517672898272e-02
1.809504517672898272e-02
1.809524942793279065e-02
1.809055752853352267e-02
1.808563749853799377e-02
1.808563749853798683e-02
1.809271742888137607e-02
1.810273029592488619e-02
1.809886963823406289e-02
1.810057122385017730e-02
1.809254083759615286e-02
1.809536289757750216e-02
1.810018684426099866e-02
1.809530354857828358e-02
1.809530354857828705e-02
1.810939023655557326e-02
1.810355080428132854e-02
1.811490607601807384e-02
1.811490607601807384e-02
1.811753110388044166e-02
1.811448035169555340e-02
1.811249105901872880e-02
1.811448347142443488e-02
1.811448347142443488e-02
1.812100929787058973e-02
1.811744082074211865e-02
1.814206239218908376e-02
1.814060786871212957e-02
1.812684727979850877e-02
1.813003366789474671e-02
1.813003366789475365e-02
1.812685300618358322e-02
1.812685300618358322e-02
1.812685300618358669e-02
1.812685300618358669e-02
1.811325644299557197e-02
1.811005103891140042e-02
1.811005103891140042e-02
1.811389439409708327e-02
1.811325644299556850e-02
1.811321444503011593e-02
1.811321444503011246e-02
1.811321444503011593e-02
1.811325644299556850e-02
1.811325644299556850e-02
1.811193418415494097e-02
1.811433402661382155e-02
1.811717271719815586e-02
1.811566673665296334e-02
1.812261872479828742e-02
1.812579942718843540e-02
1.812261826504621767e-02
1.812261826504621767e-02
1.811489240113071594e-02
1.811419963293622870e-02
1.811508977887676605e-02
1.810073635474987799e-02
1.810502146533940829e-02
1.810418127757341261e-02
1.811117096859152231e-02
1.811117096859152231e-02
1.811394815654138180e-02
1.811961566253300973e-02
1.811709134910943417e-02
1.811709134910943417e-02
1.811361861476430343e-02
1.811004088141384208e-02
1.811622268354981871e-02
1.811619750280106869e-02
1.808087405792617453e-02
1.808087405792617453e-02
1.808964393446758218e-02
1.808403067929291105e-02
1.808210270807426856e-02
1.807287437577066030e-02
1.807888560720315868e-02
1.805103424071047985e-02
1.805493690174653221e-02
1.805493690174653221e-02
1.804953848848020112e-02
1.805271658046926284e-02
1.805271658046926284e-02
1.805271658046926977e-02
1.804953848848020806e-02
1.804953848848020459e-02
1.805570824481038741e-02
1.805508901296363003e-02
1.804339013655553020e-02
1.804109669290310941e-02
1.804164219872842617e-02
1.804487761182851577e-02
1.804103131271956109e-02
1.804103131271955762e-02
1.805053942969034667e-02
1.805053942969034320e-02
1.804720909295705680e-02
1.804673932459670282e-02
1.804673932459669936e-02
1.804721522470480871e-02
1.803215147110467584e-02
1.803215147110467584e-02
1.803532575554836134e-02
1.803648684158591989e-02
1.803313848736483663e-02
1.804202833738092690e-02
1.803758982603400826e-02
1.803814734719850696e-02
1.803378892995137830e-02
1.803942152773796437e-02
1.803624392892916664e-02
1.803513248509105993e-02
1.803513248509106340e-02
1.803513248509105646e-02
1.805748271278723519e-02
1.805688931767979524e-02
1.807534718208972380e-02
1.807534718208972380e-02
1.807532428490861778e-02
1.806500616888588248e-02
1.806056759637751294e-02
1.806105453729475382e-02
1.806105453729475036e-02
1.806433622452048235e-02
1.807153656551307649e-02
1.807293843677797857e-02
1.819829519324979786e-02
1.819829519324980480e-02
1.818338549986514216e-02
1.820002998276109771e-02
1.819222436408035951e-02
1.818918599096538274e-02
1.818918599096538274e-02
1.819757026565688857e-02
1.819757026565689204e-02
1.819757026565688857e-02
1.820217368409762088e-02
1.819951400257280999e-02
1.819952705421231873e-02
1.820082121868702926e-02
1.818170509517565495e-02
1.819017772748817915e-02
1.818713366624504293e-02
1.818713366624503947e-02
1.819945180455938283e-02
1.819939518276076154e-02
1.819470909205767387e-02
1.820114169456728964e-02
1.819195741198577354e-02
1.819195741198578048e-02
1.819195741198578048e-02
1.819568134864073261e-02
1.819549676813172687e-02
1.819471126363804425e-02
1.821002122605201723e-02
1.822464258510059568e-02
1.822172396779874609e-02
1.821722672492729483e-02
1.821709524772592223e-02
1.821722672492729136e-02
1.821722672492729136e-02
1.820924869838161028e-02
1.820693392738286301e-02
1.820294327884757271e-02
1.820400595921972328e-02
1.820400595921971634e-02
1.820400595921971634e-02
1.820570772486594310e-02
1.820434096417012856e-02
1.820434096417012856e-02
1.820448331714570600e-02
1.820969471365029360e-02
1.820455050882562736e-02
1.820412632515181969e-02
1.820679016122727506e-02
1.821355840853466912e-02
1.821331972297730514e-02
1.820215497054530202e-02
1.819923550470937609e-02
1.820152995239886912e-02
1.820817715056725211e-02
1.820817715056725905e-02
1.820817715056725558e-02
1.820506654190915188e-02
1.821029212615093290e-02
1.821064491958481954e-02
1.819294963384596175e-02
1.819294963384596869e-02
1.820146083657749395e-02
1.819893506228024288e-02
1.819893506228023594e-02
1.820183921059361984e-02
1.820183921059362678e-02
1.820205314977975386e-02
1.820205314977975733e-02
1.819004798248620436e-02
1.818596681871062840e-02
1.817787147736835834e-02
1.817787147736834794e-02
1.819072870888146370e-02
1.819072870888146370e-02
1.817980955811856342e-02
1.817980955811855995e-02
1.818223024696276682e-02
1.818241621853980070e-02
1.818559163625628472e-02
1.818271176409414630e-02
1.820244659767776899e-02
1.820244659767776899e-02
1.820244659767776899e-02
1.820244659767777246e-02
1.820247259690386393e-02
1.820002284828401914e-02
1.820244659767776899e-02
1.820244659767777246e-02
1.820244659767776899e-02
1.820245940791871686e-02
1.820535579520074151e-02
1.820827077787711898e-02
1.819702485209594850e-02
1.819479481797873013e-02
1.818450262070127679e-02
1.818450262070127679e-02
1.820088767743489877e-02
1.819897902824187119e-02
1.820157495856615862e-02
1.819552370670622643e-02
1.819513877201623525e-02
1.819513877201622831e-02
1.819543208852678062e-02
1.819832177587828864e-02
1.819544248369917711e-02
1.819891646421325712e-02
1.819518159187960560e-02
1.820560267431297480e-02
1.818096113083087634e-02
1.818089124887966451e-02
1.818089124887966104e-02
1.819000266569931884e-02
1.818709064778236198e-02
1.818892694607110450e-02
1.820631847734839603e-02
1.820631847734839603e-02
1.820917410665857245e-02
1.820616007807072251e-02
1.820906225457005062e-02
1.820616007807071904e-02
1.820066079546210636e-02
1.819941898119876306e-02
1.820629819384105008e-02
1.820933657776529699e-02
1.820874010125904038e-02
1.820642988449711064e-02
1.820396402148595841e-02
1.819555986026182015e-02
1.819555322904513328e-02
1.818827541691201907e-02
1.819161407856449003e-02
1.818870502526138966e-02
1.819404247955531267e-02
1.819449742037614753e-02
1.819449742037615100e-02
1.820092211753519817e-02
1.820092211753519817e-02
1.820224557058757950e-02
1.818966570151121440e-02
1.819158375739307262e-02
1.819158375739307262e-02
1.820018942661522435e-02
1.818585653584592690e-02
1.819444319823943293e-02
1.818872717554989235e-02
1.819466276722722653e-02
1.819815289668507557e-02
1.819817646590399934e-02
1.819817646590399934e-02
1.819618724792017306e-02
1.819234806056070977e-02
1.819448774884020043e-02
1.819448774884020043e-02
1.819686476051595586e-02
1.819527840972475635e-02
1.819290405060980734e-02
1.818724182176946827e-02
1.818724182176946827e-02
1.819299000909224348e-02
1.819015234253075139e-02
1.819746013093228101e-02
1.819827786687503238e-02
1.819827786687502891e-02
1.820119350808909256e-02
1.819641471238622743e-02
1.819536419017448586e-02
1.819984820625224209e-02
1.819490530668521275e-02
1.819485739914956934e-02
1.820817917560036900e-02
1.820588031563751680e-02
1.820588031563751680e-02
1.820504973923373418e-02
1.820298346370905623e-02
1.820298346370905623e-02
1.821092428349945294e-02
1.820618398993156112e-02
1.819203930390208765e-02
1.819203930390209112e-02
1.819958747542518504e-02
1.819958747542518851e-02
1.820627797522779423e-02
1.821201621348233352e-02
1.821201621348233352e-02
1.819748281821167296e-02
1.819748281821167296e-02
1.820037943104219416e-02
1.820061560870834746e-02
1.819483316147143745e-02
1.819483316147143398e-02
1.820236527141081209e-02
1.820336707756490743e-02
1.822183027895017682e-02
1.822474261265911999e-02
1.822474261265912346e-02
1.823206387599552586e-02
1.823206387599552586e-02
1.821898308691508386e-02
1.821898308691509080e-02
1.821898308691508386e-02
1.821735081311018703e-02
1.822380346267455167e-02
1.822599717720487650e-02
1.822602219702188289e-02
1.822299455705224738e-02
1.822356781190073369e-02
1.821129871147369669e-02
1.821129871147369322e-02
1.821821718881386221e-02
1.822110718150753150e-02
1.821821718881385874e-02
1.821821718881385874e-02
1.821821718881386221e-02
1.821883994749436131e-02
1.821853679212797478e-02
1.821449776260725475e-02
1.821677697325224318e-02
1.821616931474418291e-02
1.821163596145258107e-02
1.821704203682675965e-02
1.820953591252329890e-02
1.821362727666388931e-02
1.821071111044115023e-02
1.821307769951456199e-02
1.821307769951455505e-02
1.821307769951455505e-02
1.821088201566541109e-02
1.821095704503796278e-02
1.821684224292844864e-02
1.821684224292844517e-02
1.820522647246370154e-02
1.820292091078225261e-02
1.820203161884480225e-02
1.819899707293125626e-02
1.819837185220124498e-02
1.820810483516284092e-02
1.819684348759325471e-02
1.820028430737203121e-02
1.820266183176108554e-02
1.820266183176108554e-02
1.820270195125885115e-02
1.820549711130926493e-02
1.822117091547344539e-02
1.822117091547344539e-02
1.821382592034895276e-02
1.820836479146561993e-02
1.821042188578946355e-02
1.821042188578946355e-02
1.818230183869417801e-02
1.818736423500065535e-02
1.818512355829057445e-02
1.818813956529662448e-02
1.818623508191651028e-02
1.820580964749107800e-02
1.820580964749107800e-02
1.817744266816214913e-02
1.817744266816215259e-02
1.818019259825543604e-02
1.818019259825543604e-02
1.817735691371880763e-02
1.817735691371881110e-02
1.817872333840957894e-02
1.818097344443927316e-02
1.817872333840957894e-02
1.816922718793363006e-02
1.817430658773109414e-02
1.817044658636163615e-02
1.817327754909092707e-02
1.817277326914248231e-02
1.817598132551943163e-02
1.817967862275659749e-02
1.817402278365591248e-02
1.817672326847707270e-02
1.817402854236336088e-02
1.815429634647765939e-02
1.815429634647765939e-02
1.815429634647765592e-02
1.815224396735518400e-02
1.815224396735517706e-02
1.815755703585284972e-02
1.817219220928363230e-02
1.816427990387164959e-02
1.816718697962167381e-02
1.816718697962167034e-02
1.817016907004188192e-02
1.816489749539896073e-02
1.815578899837011831e-02
1.815854510188020382e-02
1.815084888939847568e-02
1.815368137281543268e-02
1.815084888939847568e-02
1.815084888939847915e-02
1.815084888939847915e-02
1.815084888939847915e-02
1.814704621641984039e-02
1.818763581986066954e-02
1.818483927940301240e-02
1.818483927940301934e-02
1.818483291762666709e-02
1.818941501242121381e-02
1.819274133232792745e-02
1.818451763837231408e-02
1.818922122093198646e-02
1.818609992110758328e-02
1.818731868360991613e-02
1.818731868360991613e-02
1.818233840428173931e-02
1.818292057248261859e-02
1.817713583804148395e-02
1.817713583804148048e-02
1.817713583804148741e-02
1.817709602262470442e-02
1.817713504483829332e-02
1.817713504483829332e-02
1.817956689847929214e-02
1.818390218468837402e-02
1.818399297178053750e-02
1.818518686676295903e-02
1.817742358584743811e-02
1.817476793853763442e-02
1.817752373534538626e-02
1.815651770871911513e-02
1.815369173669073577e-02
1.815656116342142037e-02
1.809634481087388225e-02
1.809278243086324262e-02
1.809278243086324608e-02
1.809954668217448465e-02
1.809897924749475848e-02
1.808968246748545589e-02
1.809542277219749681e-02
1.809259197421646953e-02
1.809314349753420037e-02
1.817675021118567852e-02
1.818407572462729660e-02
1.816896454898106125e-02
1.817672643488256468e-02
1.818043010316447439e-02
1.818043010316447786e-02
1.818381930179063452e-02
1.818104267058023513e-02
1.817335479164933210e-02
1.817335479164932863e-02
1.816415777481656529e-02
1.816685612997099436e-02
1.816556371403459449e-02
1.815510029298764150e-02
1.815642263925565034e-02
1.815482083771753283e-02
1.815757096199112006e-02
1.816186105695561173e-02
1.816186105695561867e-02
1.816186105695561520e-02
1.816339852376327654e-02
1.816339852376327654e-02
1.816339852376326960e-02
1.815954336904733110e-02
1.816224934584910120e-02
1.815953535913849073e-02
1.816015528114878902e-02
1.816177678279285237e-02
1.816177678279285931e-02
1.815624758643512651e-02
1.815887442634213367e-02
1.815887442634212673e-02
1.816105564287810378e-02
1.816105564287810378e-02
1.815986081953136974e-02
1.815986081953136974e-02
1.815986562489135467e-02
1.816911118415974469e-02
1.814826634214226561e-02
1.815130199901257568e-02
1.813283123122874999e-02
1.813338600656231453e-02
1.813337084426668022e-02
1.813614837093681376e-02
1.813014566015826515e-02
1.813236291641662223e-02
1.812897337076124424e-02
1.812615613942026097e-02
1.813444182839014582e-02
1.813320413013133972e-02
1.813470291440255275e-02
1.814750121433805416e-02
1.814198247826534494e-02
1.814044677187034299e-02
1.814321678687692493e-02
1.814321678687692493e-02
1.814692438100042743e-02
1.814891344633007275e-02
1.813983792621940219e-02
1.813983792621940566e-02
1.814390996020978641e-02
1.814392294744085823e-02
1.814392294744085476e-02
1.813721962176326544e-02
1.813723607685748668e-02
1.813999371157011542e-02
1.813721461460116036e-02
1.814726262417028224e-02
1.814226845941043983e-02
1.814424283455712966e-02
1.815042138734604057e-02
1.815042138734604751e-02
1.814769849129735033e-02
1.815260099073093616e-02
1.815041061377899861e-02
1.814983879263242991e-02
1.814935142472769505e-02
1.814934911578123394e-02
1.815222299337147446e-02
1.815222299337146752e-02
1.814408048866944512e-02
1.814707895313486669e-02
1.814707895313487016e-02
1.814452239275411022e-02
1.814708532189924020e-02
1.814709167917957777e-02
1.814590248217072543e-02
1.814590248217073931e-02
1.814590248217073237e-02
1.814559775192414390e-02
1.815872683881795957e-02
1.814790914399478858e-02
1.814647365789411743e-02
1.815399900242488374e-02
1.815737274272720761e-02
1.815264530578065971e-02
1.814995684806865878e-02
1.815270877751507320e-02
1.815904427981877498e-02
1.815540827087961176e-02
1.815530353319287638e-02
1.815530353319287638e-02
1.815501429470783162e-02
1.815343244291269323e-02
1.815824846616954577e-02
1.815824846616954924e-02
1.816276765468193000e-02
1.815921705423896582e-02
1.815550267861060219e-02
1.815053416702276656e-02
1.815448655674932812e-02
1.816424750435251603e-02
1.816038816299087380e-02
1.816038816299087380e-02
1.816038816299087380e-02
1.815496833064742660e-02
1.815497220586470561e-02
1.815964317442863782e-02
1.816240281324372693e-02
1.817817855463973314e-02
1.817575545129669970e-02
1.817575545129669623e-02
1.817940017961546667e-02
1.817394681069312012e-02
1.817740247943105264e-02
1.817311166209009329e-02
1.817585142346631391e-02
1.816759724829638059e-02
1.815960656033388174e-02
1.815911684902447865e-02
1.815911684902447518e-02
1.815636363653551702e-02
1.817721794836766810e-02
1.816929157335219966e-02
1.816929157335220313e-02
1.815438713337958962e-02
1.815761814446354566e-02
1.815714970764449945e-02
1.815981425301575400e-02
1.815981425301575400e-02
1.815974908817091782e-02
1.816251652218299484e-02
1.816400812520021363e-02
1.817344014430692309e-02
1.818567744384339338e-02
1.817597359404712898e-02
1.816780157897166653e-02
1.816991736822372999e-02
1.816718431693123761e-02
1.816991736822373346e-02
1.817673834483446785e-02
1.815897089794685920e-02
1.815970435339275824e-02
1.815970435339276171e-02
1.815970563424669157e-02
1.816247347127696726e-02
1.816247347127696379e-02
1.816378223473396475e-02
1.816378223473396475e-02
1.816470793851401519e-02
1.816370955682334101e-02
1.815743858184542744e-02
1.816019148366188746e-02
1.816019148366188746e-02
1.817166083968772480e-02
1.816896287771387758e-02
1.817178742453100931e-02
1.816629119482899776e-02
1.816835673345903318e-02
1.816562136020269044e-02
1.816730333529822938e-02
1.816562582454275820e-02
1.816562136020268697e-02
1.816562136020269044e-02
1.816837437587053364e-02
1.816780312044143780e-02
1.816780312044144127e-02
1.816771695824738464e-02
1.816990592852005953e-02
1.816522183561259524e-02
1.816522183561259524e-02
1.816815485257195634e-02
1.816815485257196328e-02
1.817308621114617495e-02
1.817654829275905035e-02
1.816732136724314231e-02
1.816732183747202939e-02
1.816732183747202939e-02
1.816957115695017402e-02
1.816941684554163744e-02
1.818674558491179330e-02
1.819645071833796840e-02
1.820025951225283725e-02
1.819972922151627190e-02
1.819475444395001959e-02
1.819748580603017946e-02
1.819748580603017946e-02
1.819748580603018293e-02
1.820134240803620435e-02
1.820367937216341159e-02
1.820367937216341159e-02
1.820367937216341506e-02
1.820367937216342200e-02
1.819414617130628298e-02
1.819414617130627951e-02
1.819414617130627604e-02
1.815347838951349504e-02
1.816388569702351991e-02
1.816388569702351644e-02
1.816388569702351991e-02
1.816542478301849325e-02
1.816542478301849325e-02
1.816653894044076289e-02
1.816653894044076636e-02
1.815114495100240977e-02
1.815114495100240977e-02
1.815114495100240977e-02
1.815387572222526905e-02
1.815387572222527598e-02
1.815387572222526558e-02
1.815035736471709224e-02
1.815034378156029152e-02
1.815034378156028805e-02
1.815409592010658324e-02
1.815135042276264446e-02
1.814851943351101712e-02
1.814851943351102059e-02
1.814851943351101365e-02
1.814900329431503104e-02
1.815011898298042603e-02
1.814577534969075145e-02
1.815613704969793255e-02
1.815046618988547938e-02
1.815224969475353473e-02
1.815224969475352779e-02
1.816615128012747174e-02
1.816888522646347912e-02
1.816321255890188807e-02
1.816351924677383350e-02
1.816841610357402062e-02
1.816568388420223071e-02
1.816841428537018313e-02
1.816768920575462590e-02
1.815615176604346362e-02
1.816699504725328984e-02
1.817234272679869173e-02
1.816750362930788509e-02
1.816821071476305491e-02
1.816821071476306185e-02
1.815517324192230872e-02
1.815517284982983218e-02
1.814794488672318365e-02
1.815066209446215134e-02
1.814848915395615714e-02
1.814850085938735438e-02
1.815226397568914241e-02
1.815498684127491574e-02
1.816426460069692217e-02
1.816426460069692564e-02
1.817928846637250143e-02
1.815038778704687258e-02
1.815862547756488463e-02
1.815314533780475886e-02
1.815314533780476233e-02
1.815327183921568166e-02
1.815314533780475886e-02
1.815314533780475539e-02
1.816231234038493542e-02
1.817794184078950007e-02
1.816179241579446088e-02
1.817101288899104425e-02
1.816825347488392611e-02
1.816973509027284064e-02
1.816739170369899292e-02
1.816491322698981711e-02
1.816215259126903112e-02
1.816615047144728295e-02
1.818344071734471351e-02
1.818543701886650779e-02
1.817412958772333942e-02
1.817412958772333942e-02
1.818384901520737548e-02
1.817836103802503156e-02
1.817838124923054285e-02
1.817676925120405296e-02
1.817711127347338210e-02
1.817725361871592310e-02
1.817711889191923544e-02
1.817725361871591269e-02
1.818033181729317160e-02
1.817386436592523941e-02
1.816196265664089121e-02
1.816196265664088774e-02
1.816035417403965777e-02
1.815592872854151357e-02
1.815219867726605360e-02
1.816227017757403653e-02
1.815733468652686033e-02
1.815932240220364050e-02
1.815332513042760415e-02
1.815863168756757379e-02
1.816411542414051936e-02
1.816411542414051936e-02
1.817388282425296334e-02
1.817128659919122619e-02
1.816865971893196277e-02
1.817083612267950815e-02
1.817005489334579116e-02
1.816579296807185537e-02
1.816781852735322583e-02
1.816781298508641368e-02
1.816823330851344634e-02
1.816823330851344634e-02
1.817310497405223713e-02
1.816819054889640475e-02
1.817583156683436410e-02
1.816757669555068774e-02
1.816757669555069121e-02
1.816757669555068774e-02
1.816483323115798340e-02
1.816536416164601583e-02
1.816536416164601236e-02
1.816536416164601583e-02
1.816536416164600889e-02
1.816759802155294701e-02
1.816548017053815425e-02
1.816802311130221587e-02
1.816254046458212063e-02
1.815704369787701083e-02
1.816036083461480474e-02
1.816717275960775049e-02
1.816717275960775049e-02
1.816022985968114567e-02
1.816297935912135689e-02
1.816254377992244234e-02
1.816262657736344988e-02
1.816308212886256698e-02
1.816308212886257045e-02
1.816571222390672702e-02
1.816570714598207681e-02
1.816570714598207681e-02
1.816513644534236901e-02
1.816531582705543241e-02
1.816567180753040148e-02
1.816386027967823932e-02
1.816163828561370361e-02
1.816163828561370708e-02
1.816756543837432653e-02
1.816813475022096072e-02
1.816813475022096072e-02
1.816287368545010938e-02
1.816255872766662366e-02
1.816125013341998370e-02
1.815982611764507121e-02
1.817043415494838665e-02
1.817043415494839012e-02
1.816781528477783708e-02
1.819317104394402654e-02
1.819129584244727135e-02
1.818570564971057346e-02
1.818570564971057693e-02
1.818571183309967282e-02
1.818505387762704706e-02
1.818783981858557164e-02
1.818647839308664901e-02
1.818983082376605248e-02
1.818783981858558552e-02
1.818512458645896515e-02
1.818756709262296309e-02
1.817919734528858702e-02
1.818175468661034286e-02
1.819274626528085553e-02
1.819427782125335527e-02
1.819147120102421189e-02
1.819147120102421536e-02
1.819147120102421189e-02
1.819147120102421189e-02
1.819147120102421189e-02
1.818785456111519580e-02
1.818459030578485972e-02
1.818306229577076535e-02
1.818348985951140015e-02
1.818348985951140015e-02
1.817981497020504378e-02
1.817384462160599734e-02
1.817384462160599734e-02
1.817795418563679724e-02
1.817957819892097870e-02
1.818423360778611414e-02
1.818002641018132831e-02
1.818002641018132484e-02
1.818002641018132137e-02
1.818284304206392935e-02
1.818284304206392935e-02
1.817726117561206320e-02
1.817948967591518847e-02
1.817726117561205626e-02
1.817724314747284561e-02
1.818285186757827299e-02
1.817970927566231118e-02
1.818250986624347920e-02
1.818530953168352379e-02
1.819479639795758621e-02
1.819895008376180498e-02
1.819874227253448148e-02
1.819817629824426256e-02
1.819600609687199375e-02
1.820041323613978690e-02
1.817838215623624951e-02
1.817892166224620298e-02
1.818168626960289802e-02
1.817870615079259650e-02
1.819281911430516152e-02
1.819505092382716835e-02
1.821345581284121787e-02
1.820086893274285716e-02
1.820645433279985750e-02
1.820107827765068964e-02
1.820107827765068964e-02
1.820109202390490788e-02
1.819939706026409490e-02
1.819939706026409837e-02
1.813359300168535318e-02
1.812461067311300564e-02
1.812551902057202291e-02
1.814004422403527397e-02
1.813791509077689046e-02
1.813791509077689393e-02
1.813791509077688699e-02
1.814366452213395445e-02
1.813775113086586038e-02
1.812996546371581016e-02
1.813705137892385882e-02
1.814128745430001327e-02
1.813899531946748869e-02
1.813494167698290888e-02
1.812324911922831919e-02
1.811584000783352660e-02
1.812651390585063790e-02
1.812726110025622561e-02
1.811953582319770009e-02
1.813568564294877963e-02
1.813568564294878310e-02
1.813248358788122072e-02
1.812833428602984159e-02
1.812626645152427135e-02
1.812626645152427135e-02
1.813642178521457371e-02
1.813642129615412532e-02
1.812899353517532022e-02
1.813578496207830792e-02
1.813578496207830099e-02
1.812837756786644591e-02
1.813251298905996581e-02
1.813251298905996581e-02
1.812837756786644591e-02
1.817189523351529432e-02
1.817189523351530125e-02
1.817189523351529432e-02
1.817189523351529432e-02
1.816624321221629521e-02
1.816624321221629867e-02
1.816386556448207346e-02
1.816386556448207693e-02
1.816798645297664980e-02
1.815650902895599855e-02
1.813371104616067625e-02
1.813292935371087211e-02
1.814364087418536900e-02
1.813674634297484517e-02
1.812133661806835175e-02
1.812251702573776380e-02
1.814788700849680539e-02
1.816536578572877300e-02
1.815469145113438043e-02
1.816605638517915233e-02
1.816605638517914886e-02
1.812921016367390406e-02
1.813338001857012910e-02
1.812692741299244681e-02
1.812692741299245028e-02
1.812552055177291468e-02
1.812552055177291815e-02
1.813082364590574980e-02
1.813138081318487610e-02
1.813570489112112383e-02
1.813567921757106016e-02
1.813244896734695147e-02
1.813244896734694453e-02
1.813304443905615002e-02
1.814826164683528906e-02
1.814420383495840908e-02
1.814472724566253831e-02
1.814392398114100108e-02
1.814392398114100108e-02
1.814392398114099414e-02
1.814392398114099761e-02
1.813274503622725256e-02
1.813619394086531458e-02
1.814033342892715922e-02
1.813619394086531111e-02
1.813619394086531111e-02
1.813466267265607251e-02
1.813466267265607598e-02
1.814501155475006441e-02
1.814505736050560716e-02
1.815185140352302759e-02
1.813930897729359656e-02
1.815623510207568445e-02
1.815442470826686763e-02
1.814864339729508821e-02
1.815495030514576585e-02
1.815079681598159855e-02
1.814640307866583271e-02
1.814991245124377567e-02
1.815413695074808570e-02
1.815844819706766491e-02
1.816141127403118893e-02
1.814430484706834948e-02
1.815163987305187451e-02
1.815163987305187451e-02
1.815895469176208657e-02
1.815895469176208657e-02
1.814582047976421100e-02
1.814601970953866675e-02
1.814965823675256454e-02
1.814965823675256107e-02
1.814965823675256107e-02
1.814563397216834711e-02
1.815385212403055823e-02
1.814972695780732101e-02
1.814972707012115979e-02
1.815997381045916098e-02
1.816323702466500489e-02
1.810041509327159695e-02
1.810041509327159348e-02
1.809956413858431964e-02
1.810356393572375155e-02
1.810359357929444343e-02
1.810474539864781809e-02
1.808657283609765853e-02
1.810882912590572325e-02
1.810543370847827321e-02
1.810882912590572325e-02
1.811662228522147727e-02
1.811284696363269983e-02
1.812233615821514862e-02
1.811625170775465685e-02
1.815631528286747523e-02
1.815450443756703308e-02
1.815450443756703308e-02
1.816124055130734910e-02
1.809648391260097397e-02
1.810058285957241719e-02
1.810463682200158519e-02
1.810058285957241372e-02
1.810058285957241719e-02
1.810058285957241372e-02
1.810022137688252486e-02
1.811192235955301488e-02
1.809958832585511004e-02
1.810210478911223470e-02
1.810611822953474281e-02
1.810206889749164591e-02
1.812531883295505006e-02
1.812555993461378856e-02
1.812555993461378509e-02
1.812952945140842639e-02
1.812952945140842986e-02
1.810547458236663396e-02
1.810213319263969181e-02
1.810886208069189401e-02
1.810018234415038466e-02
1.809615052375938837e-02
1.809615052375939531e-02
1.809615052375939531e-02
1.810711636550267623e-02
1.810949931221652112e-02
1.810417211833481241e-02
1.810882534854173220e-02
1.809668564291148918e-02
1.809580424502105211e-02
1.809538133127697179e-02
1.809538133127697179e-02
1.809882014706656536e-02
1.810398192927216779e-02
1.810324184201650768e-02
1.808637841251951525e-02
1.809045654207418544e-02
1.809741314448968727e-02
1.809738609228151926e-02
1.809741314448968727e-02
1.809688407240827440e-02
1.809688407240827093e-02
1.810109352224624837e-02
1.808796050396684410e-02
1.811286554658519607e-02
1.811690867431895585e-02
1.810889197298583622e-02
1.811188262851789674e-02
1.811596934543653267e-02
1.812613341548571094e-02
1.812748627339532195e-02
1.812748627339531848e-02
1.812346650085156635e-02
1.812433442540732631e-02
1.814399616575187654e-02
1.814399616575187654e-02
1.815542243451745072e-02
1.816907501132371608e-02
1.815266516868219507e-02
1.816856997286502365e-02
1.816856997286502365e-02
1.817591508603610961e-02
1.816568141777094927e-02
1.816568141777094580e-02
1.818864975323175245e-02
1.818457634146285196e-02
1.814410429769768712e-02
1.814518191073223596e-02
1.814890221336374135e-02
1.816512099813177156e-02
1.816752145351943279e-02
1.815876076392620997e-02
1.815876076392620997e-02
1.816373699415779752e-02
1.816373699415780446e-02
1.809908817877863008e-02
1.810149722200569966e-02
1.810182584556451965e-02
1.810182584556452312e-02
1.810587872880682972e-02
1.810182584556452312e-02
1.810182584556451965e-02
1.810556470261203213e-02
1.811193856953784848e-02
1.811374584843845198e-02
1.811374584843844504e-02
1.811374584843845198e-02
1.810192725839209274e-02
1.810598514947191554e-02
1.810192725839209621e-02
1.810577561345030201e-02
1.810871602301217936e-02
1.810880593760306329e-02
1.810482269129901761e-02
1.810482269129901761e-02
1.810482269129901067e-02
1.811012239108869201e-02
1.817299430444089398e-02
1.819755496034287240e-02
1.819755496034287934e-02
1.819340901608223690e-02
1.819349203020968059e-02
1.819349203020967712e-02
1.819233166832730231e-02
1.819423992138851850e-02
1.819423992138851157e-02
1.818660751148355736e-02
1.818880779807197784e-02
1.818880779807197784e-02
1.818880779807197784e-02
1.818880779807197090e-02
1.820402079472671630e-02
1.820833305958642623e-02
1.820833305958643317e-02
1.816424462422974381e-02
1.816424462422974728e-02
1.816564819813487261e-02
1.816564819813487261e-02
1.816298990574678404e-02
1.816298990574678751e-02
1.816298990574679098e-02
1.816299627876088313e-02
1.816298990574677710e-02
1.816544406368300613e-02
1.815339700903642606e-02
1.816131609117838108e-02
1.815341256407834378e-02
1.815524899717949059e-02
1.815896609351633911e-02
1.815556649272861631e-02
1.815370086070303493e-02
1.815919028594828802e-02
1.815519015819765450e-02
1.816236710266110749e-02
1.816009980735119531e-02
1.815775349993446058e-02
1.816137104630881696e-02
1.815775705814939162e-02
1.815390690402011314e-02
1.815981965755567376e-02
1.816643766094623580e-02
1.815778734444903342e-02
1.815743255069970571e-02
1.815743255069970571e-02
1.816337021900290075e-02
1.817910034137502559e-02
1.816287881407553997e-02
1.816287017728160022e-02
1.816287017728159675e-02
1.816738779562233549e-02
1.817025100932570178e-02
1.818358619407646828e-02
1.818171535358138399e-02
1.817954786478464743e-02
1.815906270357370289e-02
1.815906270357370289e-02
1.815915219540592887e-02
1.815915219540592887e-02
1.815915219540593234e-02
1.815462988740358663e-02
1.815779596976158788e-02
1.815779596976157748e-02
1.816165964761237706e-02
1.816320027840418252e-02
1.816190213023662070e-02
1.816430683218360834e-02
1.816041355988781691e-02
1.817622241840108344e-02
1.817536905201050379e-02
1.817536905201050379e-02
1.816433191113131507e-02
1.816433076280285150e-02
1.816331267229558469e-02
1.817316612351463356e-02
1.817629470118840157e-02
1.816598429577998691e-02
1.816598429577998691e-02
1.815539517509986295e-02
1.815544891572674902e-02
1.815378914655002562e-02
1.816948197239984936e-02
1.816948197239984936e-02
1.816948197239984589e-02
1.817135407259548585e-02
1.816948282089108496e-02
1.818194838795697196e-02
1.816007969407305161e-02
1.816007969407305161e-02
1.817017262155065649e-02
1.816611578021155513e-02
1.816806356018798099e-02
1.817123805147787680e-02
-1.805386080402569468e-02
-1.806616281342643404e-02
-1.806616281342643751e-02
-1.804419971916214685e-02
-1.805038932607005986e-02
-1.805456836092932810e-02
-1.805456836092933157e-02
-1.806425341731511189e-02
-1.806011544104274211e-02
-1.806025162420956190e-02
-1.805437266267662100e-02
-1.805437266267662447e-02
-1.805437266267662447e-02
-1.802188830297608152e-02
-1.802188830297608152e-02
-1.802188830297607458e-02
-1.802936528276208664e-02
-1.802936528276208664e-02
-1.802477817027860543e-02
-1.802227072678828229e-02
-1.802844518189144693e-02
-1.801582882367467123e-02
-1.803494172332329587e-02
-1.803700664645003712e-02
-1.801280477320972920e-02
-1.801280477320972573e-02
-1.800271351465899256e-02
-1.800271351465899256e-02
-1.800271351465899602e-02
-1.803998706002273716e-02
-1.803236518802165539e-02
-1.804620608399707532e-02
-1.803106162855682565e-02
-1.812344278659432095e-02
-1.810187275098319379e-02
-1.810710829353847848e-02
-1.810710829353848195e-02
-1.810534247829919188e-02
-1.810534247829919188e-02
-1.809950112108875755e-02
-1.810251684784226420e-02
-1.810251684784226767e-02
-1.813143030864355215e-02
-1.813143030864354868e-02
-1.813143030864354868e-02
-1.815324529157442621e-02
-1.815477960136356941e-02
-1.815996536245199217e-02
-1.815492296970383154e-02
-1.815492296970382807e-02
-1.815437369344123641e-02
-1.815824708506860036e-02
-1.815433952114661048e-02
-1.815437369344123988e-02
-1.815437369344123641e-02
-1.815000655185953354e-02
-1.814974594814311101e-02
-1.814614461780696825e-02
-1.814614461780696478e-02
-1.814613646844026595e-02
-1.815135885627460616e-02
-1.815135885627460616e-02
-1.817113388889843306e-02
-1.813927904423872153e-02
-1.813048531076405512e-02
-1.814297980043401426e-02
-1.813137609291284175e-02
-1.813137609291284175e-02
-1.813192656324945362e-02
-1.812635971785497499e-02
-1.812635971785497846e-02
-1.813198238671363469e-02
-1.813616255078127210e-02
-1.813616255078127557e-02
-1.814409705270776663e-02
-1.814941570734537532e-02
-1.814961114362447642e-02
-1.813821914046783237e-02
-1.813956699962076743e-02
-1.813956699962076397e-02
-1.813956699962076743e-02
-1.811730990431652602e-02
-1.811056469468492677e-02
-1.811730564352642334e-02
-1.811730564352642681e-02
-1.811023261603950107e-02
-1.810933139632451075e-02
-1.810933139632451075e-02
-1.813268606140493178e-02
-1.811258663254189383e-02
-1.811258663254189730e-02
-1.811258663254189730e-02
-1.811258663254189730e-02
-1.811348337746180454e-02
-1.813366651163437690e-02
-1.813366651163437690e-02
-1.813792072576112663e-02
-1.812724206482350595e-02
-1.812755475934590618e-02
-1.812752214588893296e-02
-1.812755475934590618e-02
-1.812221949185005218e-02
-1.812503938943623577e-02
-1.812221949185005218e-02
-1.812221949185005218e-02
-1.812220744679593140e-02
-1.813085148952372702e-02
-1.813443086088959225e-02
-1.813786789384274137e-02
-1.813917435581930901e-02
-1.813917435581931248e-02
-1.813916894274540670e-02
-1.811686597430898008e-02
-1.812243819777529033e-02
-1.811686597430896273e-02
-1.811692255639521174e-02
-1.811692255639520827e-02
-1.811692255639520827e-02
-1.811692255639520827e-02
-1.811692255639521174e-02
-1.812860350627092804e-02
-1.812860350627092804e-02
-1.812781851730948038e-02
-1.812781851730947691e-02
-1.812781851730948038e-02
-1.812205496931970292e-02
-1.813200163128677808e-02
-1.812657033421049418e-02
-1.811532121043885404e-02
-1.811532121043885057e-02
-1.811532121043885057e-02
-1.811532121043884710e-02
-1.813226591098282200e-02
-1.813226591098282200e-02
-1.813226591098282200e-02
-1.813777361530287749e-02
-1.811734882129549529e-02
-1.811744256249992954e-02
-1.812295858702681409e-02
-1.811744256249992954e-02
-1.811744256249992954e-02
-1.811316184283835035e-02
-1.810755352605963181e-02
-1.811566318487448785e-02
-1.811136934554748515e-02
-1.811136934554748862e-02
-1.811074348597155673e-02
-1.810609621916179496e-02
-1.810609621916179496e-02
-1.811538068061670920e-02
-1.811538068061670920e-02
-1.816410480424118096e-02
-1.815327358204787273e-02
-1.813084759545662006e-02
-1.813084759545662006e-02
-1.810952154239588857e-02
-1.810626280875513375e-02
-1.811429825089828916e-02
-1.811546688510541278e-02
-1.811538594154686946e-02
-1.809822063271510420e-02
-1.810767988556050839e-02
-1.813015751480280546e-02
-1.812600255969169447e-02
-1.812144198875451778e-02
-1.812144198875451778e-02
-1.812144198875452125e-02
-1.812189171817767119e-02
-1.811959220474307353e-02
-1.814142840499685660e-02
-1.814992271890509060e-02
-1.811633933532934976e-02
-1.810930848694577294e-02
-1.810397765492661667e-02
-1.810281558021061693e-02
-1.810281558021061693e-02
-1.810855312450889223e-02
-1.809356029083585352e-02
-1.809356029083584658e-02
-1.809180091281537006e-02
-1.809829263833498056e-02
-1.808775516370414102e-02
-1.808775516370413755e-02
-1.808775516370413755e-02
-1.808824314172760919e-02
-1.809198513221050783e-02
-1.809449755091786100e-02
-1.809544657172540080e-02
-1.810879107875336749e-02
-1.810538676921090440e-02
-1.806327416597876268e-02
-1.806642259457390612e-02
-1.806090265572420084e-02
-1.806327416597876614e-02
-1.805873449590471996e-02
-1.809240069327158751e-02
-1.809788167093006814e-02
-1.810116768685947342e-02
-1.809793588789127688e-02
-1.806708384519366620e-02
-1.806708384519366967e-02
-1.807179949971715952e-02
-1.806633776289011742e-02
-1.807631480410832117e-02
-1.807179949971715605e-02
-1.807179949971715605e-02
-1.809012577824381518e-02
-1.809011449958341025e-02
-1.808449440481375153e-02
-1.808720304739448725e-02
-1.808989830158945836e-02
-1.808989830158946183e-02
-1.808504295153184199e-02
-1.808504295153184199e-02
-1.808498773153421890e-02
-1.808367973601561832e-02
-1.808367973601561485e-02
-1.807847897384443417e-02
-1.807847897384443417e-02
-1.807847897384443070e-02
-1.808278577246090132e-02
-1.810273160421534827e-02
-1.808278577246090132e-02
-1.810651069171314437e-02
-1.809604018909785617e-02
-1.809059815263301674e-02
-1.809059815263301674e-02
-1.809614850463115224e-02
-1.796913417184442183e-02
-1.796913417184442530e-02
-1.796000512634315927e-02
-1.793924400461913496e-02
-1.793924400461914190e-02
-1.793924400461913843e-02
-1.793809689044916639e-02
-1.793809689044916292e-02
-1.794401420668878533e-02
-1.795822509523091817e-02
-1.795822509523091817e-02
-1.795781096944727359e-02
-1.795181488630645528e-02
-1.796657732240758421e-02
-1.795470069578181116e-02
-1.794947058186683805e-02
-1.794883201212345292e-02
-1.794303205690640432e-02
-1.792948027967505853e-02
-1.792948027967506200e-02
-1.794007777907792242e-02
-1.794353989879384284e-02
-1.794353989879384284e-02
-1.794927524797838500e-02
-1.795079562611439153e-02
-1.795146563267986314e-02
-1.795146563267986661e-02
-1.795147650565965744e-02
-1.796397029391937419e-02
-1.796658065647616792e-02
-1.795905625930969973e-02
-1.798924273357865866e-02
-1.798539368506342148e-02
-1.798954181595546070e-02
-1.798062684960647500e-02
-1.798062684960648541e-02
-1.798062684960647847e-02
-1.798062684960648194e-02
-1.799308732649417680e-02
-1.798136843499623452e-02
-1.798136843499623105e-02
-1.798527964904599388e-02
-1.798866260664694697e-02
-1.798748452694090214e-02
-1.797820518002226503e-02
-1.797820518002226156e-02
-1.797820518002226850e-02
-1.797820518002226503e-02
-1.797261728679227025e-02
-1.797261728679226678e-02
-1.797261728679226678e-02
-1.797860578163632678e-02
-1.797860578163632678e-02
-1.797854344837443788e-02
-1.798373727342624309e-02
-1.797286998497680394e-02
-1.796135062259553161e-02
-1.796135062259553161e-02
-1.796761471423460529e-02
-1.796871587640004250e-02
-1.801586077369225769e-02
-1.802565858867604884e-02
-1.802565858867604884e-02
-1.800423003340976755e-02
-1.800869751611078665e-02
-1.802209113289153508e-02
-1.802636124785921348e-02
-1.803586497499726563e-02
-1.800871298847692842e-02
-1.801318661254276005e-02
-1.800871298847693189e-02
-1.800871298847693189e-02
-1.801030040897569698e-02
-1.800848111477545629e-02
-1.798215845286632586e-02
-1.799128208916329560e-02
-1.799128208916329560e-02
-1.799128208916329213e-02
-1.798629101251377621e-02
-1.798629101251377968e-02
-1.850543838722897363e-02
-1.850897961948692882e-02
-1.850896746465038531e-02
-1.850543657876063675e-02
-1.850242124472886718e-02
-1.850331956256212260e-02
-1.850564302079802867e-02
-1.849440912624274874e-02
-1.849123799241890118e-02
-1.849123799241890118e-02
-1.849123799241890465e-02
-1.849123799241890811e-02
-1.849576660799682332e-02
-1.849104982764485094e-02
-1.849104982764485441e-02
-1.849451414278570002e-02
-1.849104982764485094e-02
-1.849107309733428670e-02
-1.849104982764485788e-02
-1.849104982764485094e-02
-1.851863839302512332e-02
-1.852210516105624177e-02
-1.851863839302511985e-02
-1.852760783837775066e-02
-1.852100585453549803e-02
-1.850511526916562288e-02
-1.849846115807765243e-02
-1.850195890026811243e-02
-1.850535671898611081e-02
-1.850535671898611081e-02
-1.850797177568571858e-02
-1.850540007378955951e-02
-1.850019269053645998e-02
-1.851496593698096285e-02
-1.851016279499355030e-02
-1.851361311070710489e-02
-1.851198003461173788e-02
-1.851198003461173788e-02
-1.851198003461173788e-02
-1.849718089460185982e-02
-1.851812828737797040e-02
-1.851234381658583075e-02
-1.850424710412093207e-02
-1.850079868403170166e-02
-1.850079868403170166e-02
-1.850428111956618771e-02
-1.850761811187995667e-02
-1.850761811187995667e-02
-1.851045726266480063e-02
-1.850786000075842902e-02
-1.851134775879723429e-02
-1.851148227464565615e-02
-1.850619467342001431e-02
-1.850619467342001431e-02
-1.850969951771918795e-02
-1.850969951771919142e-02
-1.849305773047726573e-02
-1.850087987262351644e-02
-1.850787594417607415e-02
-1.850107747300770364e-02
-1.850087987262352338e-02
-1.850087987262352685e-02
-1.850080939664080007e-02
-1.849751342863091563e-02
-1.850963548809941503e-02
-1.851335537129856351e-02
-1.846781280751707069e-02
-1.846781280751706722e-02
-1.847395810416000914e-02
-1.847381572567748792e-02
-1.847381572567748792e-02
-1.848035328168137412e-02
-1.847339282932990503e-02
-1.847011611013144386e-02
-1.846367796667696543e-02
-1.846697643644725981e-02
-1.847050177808419111e-02
-1.847055864831532307e-02
-1.846312455888348900e-02
-1.845132429038703892e-02
-1.844858620917058309e-02
-1.845551231980001664e-02
-1.845327912129381825e-02
-1.844858620917059003e-02
-1.844858620917057962e-02
-1.845207839046128506e-02
-1.845170331798759097e-02
-1.845275047353076361e-02
-1.845216512453621074e-02
-1.845216512453621421e-02
-1.845297240693833524e-02
-1.845640586771082545e-02
-1.845209668302543946e-02
-1.844852277443708582e-02
-1.845209668302543946e-02
-1.845340484003363604e-02
-1.845123837777400133e-02
-1.844843413335074678e-02
-1.844843413335075372e-02
-1.845171429396295568e-02
-1.844843413335075025e-02
-1.844843413335074678e-02
-1.844795155879727297e-02
-1.845073277673549977e-02
-1.844947288362956336e-02
-1.844947288362956336e-02
-1.846659740936669458e-02
-1.846659740936669111e-02
-1.846659740936669111e-02
-1.846608605447825485e-02
-1.846608605447825832e-02
-1.846608605447825485e-02
-1.846614652479405122e-02
-1.847405700333916434e-02
-1.846927565523733342e-02
-1.847275954813053928e-02
-1.846933875954945639e-02
-1.845583310861145798e-02
-1.848448248546703462e-02
-1.848855093723618392e-02
-1.850082625458964597e-02
-1.849012964890250216e-02
-1.849012964890249175e-02
-1.849012964890249175e-02
-1.849012964890249175e-02
-1.849333603606328688e-02
-1.849015321950478463e-02
-1.849015321950478463e-02
-1.847690913205532817e-02
-1.848113060289735196e-02
-1.847578885887922809e-02
-1.847578885887923503e-02
-1.847578885887923503e-02
-1.847526472680483672e-02
-1.847526472680483325e-02
-1.847526472680483672e-02
-1.848549985532964984e-02
-1.849701173223084263e-02
-1.849366714919683727e-02
-1.849461193456625879e-02
-1.847430888403986046e-02
-1.848100392850290236e-02
-1.850080413453175643e-02
-1.850420764499012202e-02
-1.850420764499011508e-02
-1.850682041678128331e-02
-1.850682041678129372e-02
-1.850152030193143518e-02
-1.850224912629964968e-02
-1.851185465838980915e-02
-1.851185465838980221e-02
-1.850836732024705930e-02
-1.850745102757911029e-02
-1.850745102757911029e-02
-1.850656637667284082e-02
-1.850562000159721582e-02
-1.851250581659989736e-02
-1.850900063136012505e-02
-1.851190371957033010e-02
-1.851190371957033357e-02
-1.849811346814796489e-02
-1.849479966104955811e-02
-1.850150458592716637e-02
-1.850144470294996790e-02
-1.851773396525560611e-02
-1.849725186340274094e-02
-1.849725186340274094e-02
-1.849408583724635943e-02
-1.849408583724635943e-02
-1.849408583724635943e-02
-1.849408583724635943e-02
-1.849408583724635943e-02
-1.849258597467574872e-02
-1.849947970649262058e-02
-1.850750906579241156e-02
-1.850750906579241503e-02
-1.849878794888398098e-02
-1.849616307859871384e-02
-1.849785818542523316e-02
-1.849785818542522969e-02
-1.849785818542523316e-02
-1.849680047326390450e-02
-1.849341915592752836e-02
-1.850018150821444718e-02
-1.849960190749559003e-02
-1.849960190749559003e-02
-1.849615524857904300e-02
-1.849030154269322435e-02
-1.850333368127009617e-02
-1.850255329657651826e-02
-1.849985803705923165e-02
-1.848572161431230945e-02
-1.849532966178988463e-02
-1.849532966178988810e-02
-1.849532966178988116e-02
-1.849532966178988116e-02
-1.848664606962856227e-02
-1.849640236379544375e-02
-1.849298521151487157e-02
-1.848830284741894217e-02
-1.850004737583416797e-02
-1.851077660800787977e-02
-1.849763130696864544e-02
-1.849413233898094047e-02
-1.850148661251652116e-02
-1.848848645138002553e-02
-1.849482453845436095e-02
-1.849132078951559732e-02
-1.849132078951559385e-02
-1.850656724518285820e-02
-1.850656724518285820e-02
-1.850509780936560392e-02
-1.850509780936560392e-02
-1.850532176929713113e-02
-1.850905719420905399e-02
-1.850899019970334708e-02
-1.848978532302113925e-02
-1.848281520837485870e-02
-1.848750656107805285e-02
-1.848279315936084480e-02
-1.847934926444514542e-02
-1.848051512156128132e-02
-1.848051512156128132e-02
-1.849452485600892176e-02
-1.846998719493713262e-02
-1.846379155015027626e-02
-1.846379155015027279e-02
-1.845718639212945433e-02
-1.845988812395733467e-02
-1.847122824446322670e-02
-1.846928342903667378e-02
-1.847122824446323364e-02
-1.847549415472990800e-02
-1.847549415472990800e-02
-1.847901168952862869e-02
-1.846860937975515482e-02
-1.846861786879190614e-02
-1.846861786879190614e-02
-1.848416043984614163e-02
-1.848416043984613469e-02
-1.848766207070653284e-02
-1.848181867490140962e-02
-1.848076812238255359e-02
-1.848531958217300777e-02
-1.850048963972954555e-02
-1.849537769418572661e-02
-1.849582323288222890e-02
-1.849236251680762624e-02
-1.847564614255962565e-02
-1.847564614255962565e-02
-1.847597897345099396e-02
-1.847597897345099743e-02
-1.846770497269519667e-02
-1.846433268580298728e-02
-1.846660438283669395e-02
-1.847618277035901688e-02
-1.847618277035901688e-02
-1.847971042479698567e-02
-1.847971042479698567e-02
-1.847971042479698914e-02
-1.848388871883755238e-02
-1.847971042479698567e-02
-1.849946399773205047e-02
-1.849260859948249555e-02
-1.848225612546203558e-02
-1.848225612546204252e-02
-1.849014082530344230e-02
-1.848020087893912852e-02
-1.851663520086544931e-02
-1.851663520086544584e-02
-1.852672954072909564e-02
-1.852377312694445180e-02
-1.852434483309731150e-02
-1.851840787228066151e-02
-1.851840787228066151e-02
-1.850762406838879839e-02
-1.850412551557786139e-02
-1.850069063744576997e-02
-1.850069063744576997e-02
-1.849724691108614247e-02
-1.849724691108614247e-02
-1.849926482091193702e-02
-1.850069063744576997e-02
-1.850069063744576997e-02
-1.850069063744577344e-02
-1.849739315122166106e-02
-1.849736000823041029e-02
-1.849736000823041376e-02
-1.850719446439177615e-02
-1.851985824119200749e-02
-1.851737438749710349e-02
-1.851737438749710002e-02
-1.851738610313870964e-02
-1.852015770869600703e-02
-1.851738610313871311e-02
-1.851738610313872005e-02
-1.851742460023645537e-02
-1.851738610313871658e-02
-1.851856384254823087e-02
-1.852855499597518343e-02
-1.852511146660637542e-02
-1.852966198718323382e-02
-1.852966198718323729e-02
-1.852966198718323035e-02
-1.852487732190866154e-02
-1.853076997194826742e-02
-1.852887421811655333e-02
-1.852887421811655680e-02
-1.853202411782916073e-02
-1.853202411782915726e-02
-1.853123926705893890e-02
-1.845257447006071541e-02
-1.845155201006532658e-02
-1.845505220627782078e-02
-1.845233338246431154e-02
-1.845240555890898665e-02
-1.844544315331273637e-02
-1.845090785397430003e-02
-1.846130674192856397e-02
-1.845483311143206878e-02
-1.846130014694375918e-02
-1.846130014694376265e-02
-1.846064118273968435e-02
-1.845514474246838857e-02
-1.845514474246838510e-02
-1.845633521640864180e-02
-1.845633521640864180e-02
-1.845635856800999230e-02
-1.845562079180062057e-02
-1.845607570278683801e-02
-1.845197632133571686e-02
-1.844927748588792368e-02
-1.845347792812244633e-02
-1.845322937396196364e-02
-1.845322937396196017e-02
-1.845351333822273232e-02
-1.845274796843132323e-02
-1.845183005004848165e-02
-1.844983055682559991e-02
-1.844983055682560338e-02
-1.844481035844205974e-02
-1.845058812279914973e-02
-1.845058812279914626e-02
-1.844707647691375824e-02
-1.844707647691375477e-02
-1.845249387849013864e-02
-1.844962251069431208e-02
-1.844584304177612419e-02
-1.844934450798495565e-02
-1.844974924417314144e-02
-1.844974924417313797e-02
-1.844150407792352966e-02
-1.846564499824426483e-02
-1.846564499824427177e-02
-1.845877874541821534e-02
-1.845230394979031213e-02
-1.845230394979031560e-02
-1.845138149679755035e-02
-1.845138149679754688e-02
-1.844984132066567958e-02
-1.844643706024436461e-02
-1.845138149679754688e-02
-1.846190061195433774e-02
-1.844581566027780548e-02
-1.844581566027781588e-02
-1.845817683563181696e-02
-1.845707041824499323e-02
-1.845707041824498976e-02
-1.847073335266903593e-02
-1.847073335266903246e-02
-1.847012909554851187e-02
-1.846722165065468185e-02
-1.846706788072914260e-02
-1.847774518080701894e-02
-1.847087526327791801e-02
-1.847442454583673663e-02
-1.849641451712983123e-02
-1.849303881718311962e-02
-1.849308096502634904e-02
-1.849641451712983123e-02
-1.851336619020252025e-02
-1.851635392143618705e-02
-1.851417648172220751e-02
-1.851417648172220404e-02
-1.838677128073459843e-02
-1.839117818796020057e-02
-1.838677128073459843e-02
-1.838677128073459843e-02
-1.839034800697185792e-02
-1.839236062397380314e-02
-1.839808288287047774e-02
-1.839236062397379967e-02
-1.839438860181174737e-02
-1.838977078097636317e-02
-1.838520861491845307e-02
-1.838528770520705957e-02
-1.836980296033779644e-02
-1.836980296033779644e-02
-1.836980296033779644e-02
-1.836980296033779644e-02
-1.836980296033779644e-02
-1.836672796561165596e-02
-1.839100309364808186e-02
-1.839811617153901124e-02
-1.838350616161158954e-02
-1.838350616161158954e-02
-1.838740864256012755e-02
-1.838738895267829493e-02
-1.839455627918447703e-02
-1.838303034143911122e-02
-1.838515420592929522e-02
-1.838044945015782777e-02
-1.837639383659756681e-02
-1.837949338716454023e-02
-1.837949338716454370e-02
-1.838166414087953268e-02
-1.838007529430934692e-02
-1.837700100014306656e-02
-1.837700100014306656e-02
-1.837700100014305962e-02
-1.836340132627509864e-02
-1.837453027136361564e-02
-1.835982090404019232e-02
-1.835445045581393653e-02
-1.835965183779729448e-02
-1.835650848866829041e-02
-1.835968402092703552e-02
-1.835948978375236129e-02
-1.835491212494127708e-02
-1.835135937317392343e-02
-1.835135937317392343e-02
-1.835138133702331892e-02
-1.835132985109464918e-02
-1.835132985109465265e-02
-1.835132985109465265e-02
-1.835383666928947985e-02
-1.835383666928947638e-02
-1.836201060435477955e-02
-1.837719152333046335e-02
-1.837407394635142896e-02
-1.837654529112789023e-02
-1.837072060887198419e-02
-1.837829117610293925e-02
-1.837870343478422222e-02
-1.837187727217694591e-02
-1.837493504947612655e-02
-1.837493504947612655e-02
-1.837710820557265229e-02
-1.837962387278508497e-02
-1.837962387278508150e-02
-1.837827037290748824e-02
-1.837430638873345859e-02
-1.837430638873346553e-02
-1.837742803678198839e-02
-1.837589375343767414e-02
-1.837589375343767414e-02
-1.837580275454170353e-02
-1.837548043809401899e-02
-1.836728200798834823e-02
-1.836728200798835517e-02
-1.837051390730818148e-02
-1.837051390730817801e-02
-1.837051390730817801e-02
-1.837048446831088255e-02
-1.837048446831087908e-02
-1.836729758512014796e-02
-1.836729758512015490e-02
-1.837355810656283311e-02
-1.841176204497729091e-02
-1.841123470243047691e-02
-1.840738760899729778e-02
-1.841300602844769124e-02
-1.841233992190487515e-02
-1.841233992190487515e-02
-1.841233992190487515e-02
-1.841723936174236020e-02
-1.841407913353603279e-02
-1.841407913353603279e-02
-1.842793303156582338e-02
-1.842793303156582338e-02
-1.842793303156581644e-02
-1.841987974198184413e-02
-1.842305105197157566e-02
-1.842295975263096713e-02
-1.837459672545452630e-02
-1.837459672545452630e-02
-1.837460593084651317e-02
-1.837460139180786128e-02
-1.837459672545453671e-02
-1.837761844961682822e-02
-1.836984014594556305e-02
-1.836803517621354506e-02
-1.836610620457389959e-02
-1.836349268400704754e-02
-1.836289341201845920e-02
-1.835548255414819890e-02
-1.835931123003447032e-02
-1.836154949609302908e-02
-1.836154949609302908e-02
-1.835847215301560087e-02
-1.836149485313492286e-02
-1.835847215301560434e-02
-1.836399131630905499e-02
-1.836399131630905499e-02
-1.833889196198057805e-02
-1.834201360688239579e-02
-1.834208767576636298e-02
-1.833891534210892529e-02
-1.833889283115461288e-02
-1.839145998291839140e-02
-1.839145998291838793e-02
-1.839145606156874016e-02
-1.836375805010535822e-02
-1.836375805010535822e-02
-1.836474530524415463e-02
-1.835875732530397111e-02
-1.836090807857342772e-02
-1.835875732530397805e-02
-1.836792780584832127e-02
-1.836352640021423482e-02
-1.836286274312162389e-02
-1.836173209349802743e-02
-1.835874916866575557e-02
-1.836781412998557753e-02
-1.836627898477943138e-02
-1.836627898477942791e-02
-1.835878364533717264e-02
-1.835877838043355886e-02
-1.836175993543396473e-02
-1.836489670157867918e-02
-1.836225424196708325e-02
-1.837091829535251672e-02
-1.837091829535251672e-02
-1.836174312664948238e-02
-1.836176169696450422e-02
-1.835375867769225428e-02
-1.835375867769225428e-02
-1.835375867769225428e-02
-1.835453183154359819e-02
-1.835376805479236803e-02
-1.834841962672789650e-02
-1.835749293083291378e-02
-1.837394776990789944e-02
-1.837394776990790290e-02
-1.837271111243374624e-02
-1.837784378452639658e-02
-1.837784378452639311e-02
-1.837784378452639311e-02
-1.837784378452639658e-02
-1.837740847762181842e-02
-1.839164851127332925e-02
-1.839455199673266372e-02
-1.839164851127332578e-02
-1.839465522647940401e-02
-1.838775804932514524e-02
-1.838775804932514524e-02
-1.838775804932515565e-02
-1.838708507332451406e-02
-1.838708507332451753e-02
-1.838773640439601842e-02
-1.840028333285840395e-02
-1.839716013872228287e-02
-1.839167507005714727e-02
-1.840093673482953371e-02
-1.840093673482953371e-02
-1.840093673482953024e-02
-1.840093673482953024e-02
-1.839482070951448112e-02
-1.839482070951447418e-02
-1.839484688993065289e-02
-1.840094956493360315e-02
-1.839787987750609102e-02
-1.839883990323653781e-02
-1.839886894942147424e-02
-1.840194029444956053e-02
-1.840194029444955706e-02
-1.840092205926921118e-02
-1.840092205926921465e-02
-1.840404330198574731e-02
-1.840404330198575078e-02
-1.839881076315068656e-02
-1.839050796945186292e-02
-1.839411518823377487e-02
-1.838103245208674852e-02
-1.838103245208674852e-02
-1.838024884470530751e-02
-1.837868166902978037e-02
-1.837868166902977690e-02
-1.837464676968373137e-02
-1.837464676968373831e-02
-1.837716972105803148e-02
-1.837777243546047032e-02
-1.838050749971956860e-02
-1.838333357399386456e-02
-1.838333357399385762e-02
-1.837464676968373484e-02
-1.837464676968373484e-02
-1.838534793350161262e-02
-1.838856106652837774e-02
-1.839013295308712659e-02
-1.838417080872834300e-02
-1.838417080872833953e-02
-1.838729018791362968e-02
-1.838696303883074687e-02
-1.838769873337884123e-02
-1.837525312196330515e-02
-1.839792461133003820e-02
-1.839453196642248586e-02
-1.839732142715905239e-02
-1.839924150106524159e-02
-1.839847518258010128e-02
-1.839440478200813148e-02
-1.839359029398864032e-02
-1.839359029398864379e-02
-1.839359029398864379e-02
-1.839359029398864379e-02
-1.839390537617535681e-02
-1.839170329076240951e-02
-1.839789328418464306e-02
-1.839709717320830995e-02
-1.840720337255433506e-02
-1.839498755233706651e-02
-1.839458563457793336e-02
-1.839216355832007377e-02
-1.839172373592036849e-02
-1.838432318144642141e-02
-1.838432318144642835e-02
-1.839028498598825959e-02
-1.838739513369827203e-02
-1.838739513369827203e-02
-1.838455635070375752e-02
-1.838455635070376099e-02
-1.838712947163545497e-02
-1.838712947163545497e-02
-1.838959127222795573e-02
-1.838957515666674036e-02
-1.838720791420878770e-02
-1.838720791420878770e-02
-1.838723791245333583e-02
-1.838723791245333930e-02
-1.838723791245334277e-02
-1.838481494928693658e-02
-1.838963487006727016e-02
-1.838963487006727016e-02
-1.838795333891914477e-02
-1.839105035909910368e-02
-1.838129958450640186e-02
-1.837754893736269837e-02
-1.837754893736269837e-02
-1.837750420851753247e-02
-1.837754893736269837e-02
-1.837754893736269837e-02
-1.837934089372700655e-02
-1.837934089372700308e-02
-1.837934089372699961e-02
-1.838959726927991145e-02
-1.838575814130651020e-02
-1.838731040904388256e-02
-1.838885225226693024e-02
-1.838581884031149222e-02
-1.838581884031149916e-02
-1.838641105537586196e-02
-1.838895284688780649e-02
-1.838581884031149916e-02
-1.838985931753591915e-02
-1.840260681455943223e-02
-1.840260681455942876e-02
-1.840260681455943223e-02
-1.839444941098380970e-02
-1.839444941098380276e-02
-1.838825199750367470e-02
-1.839244213541344972e-02
-1.839312857956928657e-02
-1.838937719628088580e-02
-1.839287834746142214e-02
-1.839542243069151872e-02
-1.839235259813336645e-02
-1.839235259813336645e-02
-1.839402383425848414e-02
-1.839235259813336645e-02
-1.838169061420916531e-02
-1.838169061420916531e-02
-1.837867848567419429e-02
-1.838263217684120779e-02
-1.838672042616910224e-02
-1.838584651345630955e-02
-1.838584651345630955e-02
-1.839133977881260082e-02
-1.839133977881259388e-02
-1.838364631298257390e-02
-1.839435225611509711e-02
-1.837836158828624541e-02
-1.837569820846912672e-02
-1.837496128894733349e-02
-1.836915932644644922e-02
-1.836805985945035372e-02
-1.837784029677578049e-02
-1.838091126002247555e-02
-1.838316538419910301e-02
-1.839313467753806233e-02
-1.839000514649679827e-02
-1.839595461729369788e-02
-1.839595461729370135e-02
-1.838971033946351294e-02
-1.838972291853794433e-02
-1.838972291853794086e-02
-1.838972291853794433e-02
-1.839277307254798266e-02
-1.839568908785137180e-02
-1.839568908785137180e-02
-1.839696841394160634e-02
-1.839568908785137527e-02
-1.839568908785137527e-02
-1.838884046408136019e-02
-1.838452076459545087e-02
-1.838764279767555673e-02
-1.838729523117395986e-02
-1.836079832471178980e-02
-1.836079832471179327e-02
-1.835846482793416015e-02
-1.836079832471178633e-02
-1.836149099184565883e-02
-1.836551510464420542e-02
-1.836551510464420889e-02
-1.836351609357895001e-02
-1.836351609357894654e-02
-1.836351609357895348e-02
-1.836428156489075189e-02
-1.836983127665312021e-02
-1.836983127665312021e-02
-1.836495202719675909e-02
-1.835073229421452234e-02
-1.835389088767867480e-02
-1.835073077949399972e-02
-1.835073077949399625e-02
-1.835677499002057872e-02
-1.837146543612248883e-02
-1.837513279304163472e-02
-1.837252736175092743e-02
-1.837128745198945631e-02
-1.837695877822349139e-02
-1.837127369690261247e-02
-1.837127273461594892e-02
-1.836513745787812790e-02
-1.836200151556862878e-02
-1.837104376245472445e-02
-1.836829973002771302e-02
-1.836836324252164379e-02
-1.836836324252164379e-02
-1.835061993724871124e-02
-1.835312266056016509e-02
-1.834993493820848143e-02
-1.835629854474266076e-02
-1.835312266056016856e-02
-1.834997897951549245e-02
-1.835755385612449983e-02
-1.835471468492333447e-02
-1.835072182989630138e-02
-1.835241970545220883e-02
-1.835104564572079960e-02
-1.835104564572079960e-02
-1.835104564572079613e-02
-1.834929975800872817e-02
-1.835350305557724090e-02
-1.835670095369798874e-02
-1.835351856227602704e-02
-1.835351856227602357e-02
-1.835351856227602357e-02
-1.835655443581718504e-02
-1.835655443581718851e-02
-1.834716258059548161e-02
-1.835363860292176311e-02
-1.835034346706092626e-02
-1.834706278251374903e-02
-1.834989900716287731e-02
-1.835522821076308181e-02
-1.835522821076308528e-02
-1.835522821076308528e-02
-1.836310417932507030e-02
-1.836046337380741258e-02
-1.835765937508013548e-02
-1.836103357400685129e-02
-1.836310483201291505e-02
-1.836629361942788974e-02
-1.836205102941067951e-02
-1.837033660002444779e-02
-1.835295729166921269e-02
-1.835145273468705845e-02
-1.835145273468705499e-02
-1.836031058712184541e-02
-1.836031058712184194e-02
-1.836345304924659125e-02
-1.835842182438454304e-02
-1.835839672961386837e-02
-1.835547424596255597e-02
-1.835862858066125355e-02
-1.835569197752916909e-02
-1.840590260664890648e-02
-1.840479729318149349e-02
-1.840175291654997866e-02
-1.840837752581004835e-02
-1.839791316502106117e-02
-1.840576340792659735e-02
-1.840453439087754231e-02
-1.840453439087754578e-02
-1.840453439087754231e-02
-1.840494273784034837e-02
-1.840811370565605121e-02
-1.840181326282072649e-02
-1.840181326282072649e-02
-1.840497184941529071e-02
-1.840497184941529418e-02
-1.839637336266653975e-02
-1.839637336266653975e-02
-1.839928861889048722e-02
-1.839637336266654669e-02
-1.839999881926225600e-02
-1.839241276977373121e-02
-1.840650522676554393e-02
-1.840650522676554393e-02
-1.840650522676553699e-02
-1.840650522676554393e-02
-1.840650522676553699e-02
-1.840711593206390689e-02
-1.837973401676962909e-02
-1.837973401676962562e-02
-1.837973401676962909e-02
-1.837973401676962909e-02
-1.837973401676962562e-02
-1.837973401676962909e-02
-1.837858527940672282e-02
-1.837858527940672282e-02
-1.837858527940672976e-02
-1.838482889309540555e-02
-1.838482889309540555e-02
-1.838482889309540555e-02
-1.838476443944010025e-02
-1.838476443944009678e-02
-1.838476443944009331e-02
-1.838476443944009331e-02
-1.838597705052163328e-02
-1.839389998001990378e-02
-1.839304032656949653e-02
-1.839304032656949306e-02
-1.839663987847390755e-02
-1.839558949323246220e-02
-1.838702329389231213e-02
-1.838847232699069092e-02
-1.839253087311732218e-02
-1.839678867220579522e-02
-1.839470794200236473e-02
-1.839469574760736054e-02
-1.839469574760736054e-02
-1.839469574760736401e-02
-1.839469574760735707e-02
-1.839469574760736748e-02
-1.839580380442246144e-02
-1.839606431359536859e-02
-1.838628523472533166e-02
-1.838946285701540187e-02
-1.837995132682786886e-02
-1.837102685179934497e-02
-1.837102685179934497e-02
-1.837102685179934497e-02
-1.836508247999248458e-02
-1.836637545516253689e-02
-1.836637545516253689e-02
-1.836637545516253342e-02
-1.836948830748897157e-02
-1.835921500323506317e-02
-1.835922054635809320e-02
-1.835859598146635449e-02
-1.835859598146635102e-02
-1.836494479487419534e-02
-1.836777871718623181e-02
-1.836777871718622834e-02
-1.836629203169635668e-02
-1.836629203169636015e-02
-1.836678415629758657e-02
-1.837149793879138196e-02
-1.837151362340338351e-02
-1.837159749972827605e-02
-1.837357675883104224e-02
-1.836562922926507704e-02
-1.836518346392396889e-02
-1.837084525089171042e-02
-1.837084525089171388e-02
-1.837471771698409931e-02
-1.837473929045750284e-02
-1.836071756357849499e-02
-1.835818686622256099e-02
-1.835922672220781371e-02
-1.835234454854450456e-02
-1.835555620702586724e-02
-1.835555620702585683e-02
-1.835035961156723100e-02
-1.838697801235104207e-02
-1.838673003661980485e-02
-1.838375555646910159e-02
-1.838646630841564433e-02
-1.836760035917325146e-02
-1.836760035917325493e-02
-1.837939017575523568e-02
-1.837711094284414856e-02
-1.837478298537930169e-02
-1.837722004225709679e-02
-1.837664926870354043e-02
-1.837081097185174969e-02
-1.835305570679417880e-02
-1.835311892687248314e-02
-1.835311892687247967e-02
-1.835518497152546086e-02
-1.835064418098183298e-02
-1.835178151562776028e-02
-1.835064418098182951e-02
-1.834559118247761772e-02
-1.835152573319620908e-02
-1.834835644653224490e-02
-1.834835644653224490e-02
-1.835181475125262016e-02
-1.835181475125262016e-02
-1.834570548533780154e-02
-1.834868691463336851e-02
-1.835098222384409783e-02
-1.834478352184196887e-02
-1.836233783858091592e-02
-1.835914069278572758e-02
-1.835914069278572411e-02
-1.836445329415343705e-02
-1.835177490416755458e-02
-1.835455604064279572e-02
-1.835455604064278878e-02
-1.835455604064279572e-02
-1.835175767868738386e-02
-1.835178339074526252e-02
-1.835178339074526252e-02
-1.835178339074526599e-02
-1.835495833689763240e-02
-1.835226921193717359e-02
-1.836093958522359501e-02
-1.835786443089449521e-02
-1.835786443089449521e-02
-1.837259758478483954e-02
-1.837582067646793132e-02
-1.836881501213476556e-02
-1.836881501213476209e-02
-1.836881501213476209e-02
-1.836881501213476556e-02
-1.836881501213476209e-02
-1.835682576788327108e-02
-1.835751072586057700e-02
-1.835727613325058294e-02
-1.835727613325058294e-02
-1.835406143945123025e-02
-1.835727055075078371e-02
-1.836029647753372254e-02
-1.836029197878008209e-02
-1.836029197878007863e-02
-1.836029647753372254e-02
-1.834583700961986766e-02
-1.834908146347459523e-02
-1.835683421392178202e-02
-1.835683421392178202e-02
-1.835373203846020138e-02
-1.835373203846019444e-02
-1.835373203846019097e-02
-1.836464531068886935e-02
-1.836148086521474307e-02
-1.836044872623619761e-02
-1.835717705164529798e-02
-1.835717705164529798e-02
-1.835717705164529798e-02
-1.835778085720375999e-02
-1.835673065673125090e-02
-1.835383967704356731e-02
-1.835562896966493399e-02
-1.833942566539573452e-02
-1.833949510887782075e-02
-1.836350076796714956e-02
-1.835773692712401942e-02
-1.836093322600203942e-02
-1.835773692712402289e-02
-1.835773692712402289e-02
-1.836105660834205788e-02
-1.835621922817599200e-02
-1.835621922817599200e-02
-1.836173017798228488e-02
-1.835947054016525901e-02
-1.836955928565310939e-02
-1.839608335932801236e-02
-1.839608335932801236e-02
-1.839608335932801236e-02
-1.839442638185264170e-02
-1.839442638185264517e-02
-1.839847757218105936e-02
-1.839561490844228084e-02
-1.839214648049534648e-02
-1.839980826818063755e-02
-1.841333585714437227e-02
-1.839996799076788411e-02
-1.840564427613917628e-02
-1.840564427613917628e-02
-1.840564427613917628e-02
-1.840994239690741177e-02
-1.840639481422542620e-02
-1.840994272908188026e-02
-1.840361040296748310e-02
-1.840990497242517634e-02
-1.840794598613413463e-02
-1.841345163072063279e-02
-1.841345163072063279e-02
-1.841345163072063973e-02
-1.841345163072063626e-02
-1.840360182879122175e-02
-1.840363644456837616e-02
-1.840363644456837616e-02
-1.840363644456837616e-02
-1.840077862511219076e-02
-1.840157232229374523e-02
-1.840157232229374523e-02
-1.840157232229374176e-02
-1.839863163855156442e-02
-1.839914899631261980e-02
-1.839840079848042292e-02
-1.840178325713959923e-02
-1.839840079848041945e-02
-1.845787839241200962e-02
-1.845460641275418687e-02
-1.844896853652054289e-02
-1.845747514480689661e-02
-1.845894957481188439e-02
-1.845630457412573630e-02
-1.845630457412573977e-02
-1.845630457412573283e-02
-1.845630457412573630e-02
-1.845903038800794302e-02
-1.846213886582899477e-02
-1.845082760380212933e-02
-1.844975576536745515e-02
-1.844978557904777827e-02
-1.845593933059972575e-02
-1.845593933059972575e-02
-1.843771651193174335e-02
-1.843771651193174335e-02
-1.843771651193174682e-02
-1.843771651193174682e-02
-1.843449257200825003e-02
-1.843449257200825003e-02
-1.843449257200825003e-02
-1.843449257200825003e-02
-1.843449257200825003e-02
-1.843112134546275732e-02
-1.843459912019105446e-02
-1.843790109415286912e-02
-1.843790109415287259e-02
-1.843790109415286566e-02
-1.843790109415286912e-02
-1.843680256780785495e-02
-1.843790109415287259e-02
-1.843790109415287259e-02
-1.843427352310232289e-02
-1.843095098563023171e-02
-1.843790109415287259e-02
-1.844543592041564609e-02
-1.844971892653599760e-02
-1.844170061804325036e-02
-1.843637899398384294e-02
-1.843811389777809048e-02
-1.843828342822330033e-02
-1.843828342822330379e-02
-1.843828342822330033e-02
-1.843630792726277251e-02
-1.832962366220698344e-02
-1.832962366220699038e-02
-1.833142734041265723e-02
-1.833493648726096728e-02
-1.833605287099277989e-02
-1.834082489200164479e-02
-1.833800978648607652e-02
-1.833800978648607652e-02
-1.833627943295495707e-02
-1.833625630280331584e-02
-1.833511329036699097e-02
-1.833863130728088237e-02
-1.832864110431845286e-02
-1.832583740400197531e-02
-1.832864110431844940e-02
-1.832864110431845286e-02
-1.833210613344928366e-02
-1.832865433536869440e-02
-1.834057510124167609e-02
-1.833167260482011784e-02
-1.832931280895281831e-02
-1.836463939006115209e-02
-1.836186157368123462e-02
-1.835440019621556798e-02
-1.835391097739146396e-02
-1.835391097739146049e-02
-1.836752062970860300e-02
-1.835698402972962481e-02
-1.835698402972962481e-02
-1.835698402972962481e-02
-1.835698402972962481e-02
-1.835696776447018341e-02
-1.835222634732569871e-02
-1.834927252807061482e-02
-1.835875602123978115e-02
-1.835522094297494661e-02
-1.835522094297494314e-02
-1.834873641889474619e-02
-1.834873641889474966e-02
-1.835932029217848815e-02
-1.834559217452038510e-02
-1.834559217452038510e-02
-1.834559217452038163e-02
-1.834125982309347397e-02
-1.833771329888476617e-02
-1.833344559051087314e-02
-1.834856350696735874e-02
-1.834842109368485519e-02
-1.837127495209111769e-02
-1.836217976715964414e-02
-1.836217976715964414e-02
-1.836522078782871353e-02
-1.836646679744738733e-02
-1.835865317017295120e-02
-1.836528299031885136e-02
-1.836880784228099583e-02
-1.836159975137825404e-02
-1.836159975137825404e-02
-1.836075327089637180e-02
-1.835250498742201780e-02
-1.835723701103283284e-02
-1.836020559001676211e-02
-1.836020559001675864e-02
-1.836020559001676211e-02
-1.836412100842492456e-02
-1.836061621373837396e-02
-1.836058831021534013e-02
-1.835964080607456472e-02
-1.836537161614252775e-02
-1.836161860905616977e-02
-1.835828897587283778e-02
-1.835873308743737192e-02
-1.835324040261066686e-02
-1.835754640616892724e-02
-1.836743448677725238e-02
-1.835436332631713852e-02
-1.835053375932748157e-02
-1.835183039660972723e-02
-1.836562603453644263e-02
-1.836140244627243456e-02
-1.836140244627243109e-02
-1.836140244627243109e-02
-1.836140244627243109e-02
-1.836649767338139477e-02
-1.838328189983986366e-02
-1.836744459940235080e-02
-1.837097850579956157e-02
-1.837097850579956157e-02
-1.837997123603505450e-02
-1.837993645365907161e-02
-1.837342952236916196e-02
-1.837342952236916196e-02
-1.837695391103911016e-02
-1.836463056648529601e-02
-1.836463056648529601e-02
-1.839847299451403961e-02
-1.839492031762826954e-02
-1.838697835982773532e-02
-1.838697835982773879e-02
-1.838096765362750434e-02
-1.837136305462021627e-02
-1.837565613929210626e-02
-1.836791727205012645e-02
-1.837656875241553203e-02
-1.837408999884278943e-02
-1.837149234946035964e-02
-1.837148982033999511e-02
-1.837508479223111044e-02
-1.835076756195367503e-02
-1.835108091621556747e-02
-1.834598786869592185e-02
-1.834951419568550679e-02
-1.835840924592763157e-02
