8.034322649810837075e-03
8.036739062552200608e-03
8.036739062551978563e-03
8.032507905174735008e-03
8.027853896715009263e-03
8.030220083394878916e-03
8.027853896714919057e-03
8.031804653192706547e-03
8.031804653192704813e-03
8.031804653192706547e-03
8.031804653192689200e-03
8.029659561549124663e-03
8.034376477311621842e-03
8.036778563848724286e-03
8.034376477311632250e-03
8.034931843532508097e-03
8.032620632029578711e-03
8.034931843532508097e-03
8.030565606308246590e-03
8.030565606308243121e-03
8.018198153391931787e-03
8.021188416550950259e-03
8.021188416550957198e-03
8.020572470674303470e-03
8.020572470674308674e-03
8.020572470674317347e-03
8.022627821263320427e-03
8.020586361749687185e-03
8.020586361749692389e-03
8.020586361749687185e-03
8.020586361749688920e-03
8.020586361749692389e-03
8.018198153391928318e-03
8.018198153391924848e-03
8.018198153391919644e-03
8.018198153391924848e-03
8.020317024986718321e-03
8.025120228544128237e-03
8.025120228544126502e-03
8.021024939476035023e-03
8.026268697162337873e-03
8.021024939476040228e-03
8.023427598657924958e-03
8.021024939476035023e-03
8.018659594146344133e-03
8.016701824946671079e-03
8.019073438522953887e-03
8.019073438522952152e-03
8.023720029816485896e-03
8.023720029816477223e-03
8.083607443141661852e-03
8.083607443141661852e-03
8.083973855760224342e-03
8.089939462475390433e-03
8.089939462475390433e-03
8.094877691280470688e-03
8.094877691280468954e-03
8.081436431752055116e-03
8.079380820238570363e-03
8.076778189897807284e-03
8.076778189897807284e-03
8.076778189897814222e-03
8.076778189897809018e-03
8.079121499883185065e-03
8.079121499883186799e-03
8.079121499883186799e-03
8.079121499883178126e-03
8.076865927358812050e-03
8.074296696801191303e-03
8.074342023649410532e-03
8.076777986256120437e-03
8.087535890337588240e-03
8.086025097977719844e-03
8.060063472303964291e-03
8.057940875238756018e-03
8.058187184743126688e-03
8.052702347722633797e-03
8.051135721137810120e-03
8.051243709918172453e-03
8.058130409728393728e-03
8.048826511282658816e-03
8.051225604679039874e-03
8.051298133568234733e-03
8.049803500838835155e-03
8.049803500838838624e-03
8.049318979406481014e-03
8.055326632708916315e-03
8.050235096113980693e-03
8.050235096113980693e-03
8.050235096113984162e-03
8.052654405969380744e-03
8.050235096113991101e-03
8.052655676349516900e-03
8.052655676349518635e-03
8.050235096113985897e-03
8.050235096113987632e-03
8.050235096113987632e-03
8.050235096113987632e-03
8.055070760325922993e-03
8.051693823805381942e-03
8.051693823805383676e-03
8.051693823805375003e-03
8.056519533432181940e-03
8.056519533432190613e-03
8.051693823805371533e-03
8.058528282367772091e-03
8.054102900260158571e-03
8.049343076359303031e-03
8.049343076359306501e-03
8.049343076359306501e-03
8.052151768536177853e-03
8.052151768536177853e-03
8.052151768536184792e-03
8.053734494934468302e-03
8.053734494934463098e-03
8.056858169972362649e-03
8.056858169972362649e-03
8.059438508950387409e-03
8.061871511975330154e-03
8.061744712024990211e-03
8.064765794448019304e-03
8.057007613435189508e-03
8.052151768536177853e-03
8.057656719495490810e-03
8.064815432099635070e-03
8.062377657039423648e-03
8.055824892178325633e-03
8.056366745057417372e-03
8.060675842573299110e-03
8.051428991229334087e-03
8.051450581857166541e-03
8.069721541154838140e-03
8.056030878564393594e-03
8.060736219080067225e-03
8.064937294690301128e-03
8.070221909296000293e-03
8.070217652897861832e-03
8.067794805047594220e-03
8.070253408869340617e-03
8.070253408869344086e-03
8.070253408869337147e-03
8.070253408869338882e-03
8.070253408869344086e-03
8.070253408869335413e-03
8.070253408869335413e-03
8.070253408869338882e-03
8.070253408869337147e-03
8.070253408869347556e-03
8.070253408869331943e-03
8.073127894565844398e-03
8.073186911962250065e-03
8.073186911962258738e-03
8.073186911962251799e-03
8.053518277913696358e-03
8.053786976159219707e-03
8.053549049851784283e-03
8.055932087473224867e-03
8.053490776072740748e-03
8.053490776072742482e-03
8.051620983476536972e-03
8.049291900866105756e-03
8.048285622863492195e-03
8.059101250908458011e-03
8.061413533969642720e-03
8.051382566483475736e-03
8.048960021668417897e-03
8.053641154068440569e-03
8.054300305121945419e-03
8.054300305121945419e-03
8.051481381859413103e-03
8.051481381859411368e-03
8.053824168890562352e-03
8.051374481544779776e-03
8.062200650937458718e-03
8.040222476420721964e-03
8.049082609940284849e-03
8.049082609940279645e-03
8.049082609940279645e-03
8.055936278870299769e-03
8.055936278870298034e-03
8.055936278870299769e-03
8.058325710171032955e-03
8.058325710171036424e-03
8.058325710171038159e-03
8.043662254677194298e-03
8.043662254677192563e-03
8.046040068194804801e-03
8.043727529299131082e-03
8.043662254677194298e-03
8.043662254677194298e-03
8.043662254677194298e-03
8.043662254677192563e-03
8.058010598918963902e-03
8.058010598918967371e-03
8.058010598918967371e-03
8.055625704530767345e-03
8.048824400590766717e-03
8.046331450828688933e-03
8.060745548948445097e-03
8.065436534926681555e-03
8.065436534926678086e-03
8.065436629907751440e-03
8.065436629907747970e-03
8.065436629907753174e-03
8.032480307595978031e-03
8.032480307595981500e-03
8.032480307595981500e-03
8.034794842693522218e-03
8.034794842693522218e-03
8.028502678849733232e-03
8.028502678849729762e-03
8.023250767558047503e-03
8.027692676567171545e-03
8.030042838535960542e-03
8.025587824074172441e-03
8.028273694073058409e-03
8.032992603583576433e-03
8.026384937645472673e-03
8.038431753143341491e-03
8.038431753143346695e-03
8.038431753143344960e-03
8.033755542937198735e-03
8.033755542937202204e-03
8.034516504346016566e-03
8.035018907152852510e-03
8.032664005851052405e-03
8.039713007417849736e-03
8.042058439543415052e-03
8.039713007417846266e-03
8.039718079790833180e-03
8.031232040194472011e-03
8.031047052500914565e-03
8.028687495421224507e-03
8.028687730492596597e-03
8.031047136379070722e-03
8.028687730492598332e-03
8.028687730492600066e-03
8.031041328579416327e-03
8.026431641961121952e-03
8.026431641961121952e-03
8.026394163682204139e-03
8.031040249469314704e-03
8.033381485528373611e-03
8.026336430530085775e-03
8.026336430530089244e-03
8.028689750713462192e-03
8.023979991740913878e-03
8.031078727946557722e-03
8.024045093098489470e-03
8.026324937528124190e-03
8.028678390643398735e-03
8.028678390643397000e-03
8.028678390643402205e-03
8.028678390643403939e-03
8.028678390643405674e-03
8.031040430182828302e-03
8.031040430182828302e-03
8.031040430182823098e-03
8.026324937528124190e-03
8.026344697536514153e-03
8.033343347780974239e-03
8.035713975597566158e-03
8.038235107343529376e-03
8.035723663522889235e-03
8.031119607536272784e-03
8.031119607536277988e-03
8.036465179604667525e-03
8.036465179604670994e-03
8.034201248386227748e-03
8.038447584342826510e-03
8.024120213125358544e-03
8.026477089160257913e-03
8.026477089160256179e-03
8.026477089160256179e-03
8.028744545993442283e-03
8.023385173217665103e-03
8.029694466253286395e-03
8.028090505153314890e-03
8.025791014167097184e-03
8.028090505153316625e-03
8.028677825788725284e-03
8.028090505153316625e-03
8.025733956340416753e-03
8.023378523688218938e-03
8.025733956340418487e-03
8.023378523688218938e-03
8.023378523688225877e-03
8.029333059076734433e-03
8.029333059076732698e-03
8.023378523688225877e-03
8.024500334848491331e-03
8.024500334848487862e-03
8.022145720376010203e-03
8.022764406434249040e-03
8.026820152114864590e-03
8.027733783472917189e-03
8.027733783472917189e-03
8.027733783472915455e-03
8.027773452773149035e-03
8.030009240544927138e-03
8.025063171695837050e-03
8.026522344801041361e-03
8.032842870828938581e-03
8.032842870828938581e-03
8.032842870828938581e-03
8.032842870828938581e-03
8.038157552214767604e-03
8.035879130175621263e-03
8.034759282521638721e-03
8.034759282521640456e-03
8.032395662159109995e-03
8.039438279087807865e-03
8.039438150153151511e-03
8.039438150153153245e-03
8.030161669274685221e-03
8.030161669274686956e-03
8.030161669274686956e-03
8.030161669274685221e-03
8.030161669274685221e-03
8.030161669274685221e-03
8.030683687402772122e-03
8.030683687402775592e-03
8.035169681048819762e-03
8.030436550926303013e-03
8.030436550926304748e-03
8.030013571532533881e-03
8.028071838631750320e-03
8.027585124013579196e-03
8.029945995861551347e-03
8.029948792532135698e-03
8.027585124013570522e-03
8.027585124013573992e-03
8.027585124013577461e-03
8.033118038055304250e-03
8.028178080127630623e-03
8.028178080127630623e-03
8.028178080127628888e-03
8.025308623902122768e-03
8.025232910337885134e-03
8.025232910337885134e-03
8.025232910337879930e-03
8.025232910337883399e-03
8.025232910337886869e-03
8.025802167705204174e-03
8.025802167705205908e-03
8.025802167705205908e-03
8.025802167705205908e-03
8.023444614689916390e-03
8.035712094671371847e-03
8.036343379843434095e-03
8.036388321139079083e-03
8.036343379843434095e-03
8.030889391040751252e-03
8.030889391040751252e-03
8.030889391040752986e-03
8.030889391040752986e-03
8.047631682910611275e-03
8.047622094391294195e-03
8.049959625988024198e-03
8.047463647370571571e-03
8.047522083786042002e-03
8.045144305017220415e-03
8.045144305017220415e-03
8.051925098970281330e-03
8.043562172051068465e-03
8.042352453012529406e-03
8.042352453012524202e-03
8.044739907237852955e-03
8.047127890282237961e-03
8.047132002508403451e-03
8.044739907237849486e-03
8.040200710624629404e-03
8.042593942093573950e-03
8.040200710624627670e-03
8.044793529571736893e-03
8.051938815990181478e-03
8.052546143772138995e-03
8.044743286403803484e-03
8.044743286403801749e-03
8.039812236534632506e-03
8.035128908410685972e-03
8.035128908410682502e-03
8.035128908410689441e-03
8.039894502735036447e-03
8.037510444555901953e-03
8.037510444555903688e-03
8.035128908410677298e-03
8.035128908410680768e-03
8.035128908410679033e-03
8.035128908410679033e-03
8.035128908410679033e-03
8.035154026157802568e-03
8.051339921361141266e-03
8.047745475346227903e-03
8.045439205528404775e-03
8.045362419675079757e-03
8.050128164607827513e-03
8.050128164607825779e-03
8.047747097425755891e-03
8.047747097425757626e-03
8.047747097425757626e-03
8.052917979416386249e-03
8.055205158168599056e-03
8.059940638481734310e-03
8.059940638481734310e-03
8.022108152399620717e-03
8.022108152399618983e-03
8.017786662423656563e-03
8.017786662423661767e-03
8.017786662423656563e-03
8.017787884285400291e-03
8.017787884285400291e-03
8.015440205551858932e-03
8.017772743970667457e-03
8.020144101998388786e-03
8.020144101998388786e-03
8.015427005083267456e-03
8.015389608753359721e-03
8.049940172921640769e-03
8.056660810112198021e-03
8.042881625398201964e-03
8.047688898991319645e-03
8.047688898991317910e-03
8.050066760499137442e-03
8.050066760499133972e-03
8.052236273685548992e-03
8.054611543749931948e-03
8.054611543749931948e-03
8.052236273685548992e-03
8.052250977818255565e-03
8.052250977818255565e-03
8.052250977818255565e-03
8.047550816030424325e-03
8.049873500336915053e-03
8.049328458888721852e-03
8.050519424714136160e-03
8.048169810523643844e-03
8.048178207363245948e-03
8.048169810523643844e-03
8.048169810523647313e-03
8.038764432844425559e-03
8.038764432844420355e-03
8.038764432844427293e-03
8.038764432844427293e-03
8.041127044808358756e-03
8.041160613957255149e-03
8.041160613957253414e-03
8.041160613957253414e-03
8.041135020805440306e-03
8.041108092686745368e-03
8.041108092686752307e-03
8.038764432844425559e-03
8.038770155054263469e-03
8.038770155054268673e-03
8.048231912238893240e-03
8.043525411288393254e-03
8.055276276460953191e-03
8.055276276460951457e-03
8.055276276460954926e-03
8.055276276460956661e-03
8.057654632119874705e-03
8.057654632119878174e-03
8.054898089030858646e-03
8.050651120559545668e-03
8.050651120559545668e-03
8.050651120559547402e-03
8.053026124114156040e-03
8.055410443451123739e-03
8.055410443451122005e-03
8.055397710243222473e-03
8.041611947651003400e-03
8.041611947651001666e-03
8.041611947650999931e-03
8.041611947650999931e-03
8.037038169112883240e-03
8.037038169112881505e-03
8.039329893206360877e-03
8.039329893206360877e-03
8.039329893206359143e-03
8.044028400945871932e-03
8.041658864040221455e-03
8.041658864040224924e-03
8.052644925063764600e-03
8.047897262530885956e-03
8.045521464479088794e-03
8.055157281012300524e-03
8.059069641268581941e-03
8.059069641268581941e-03
8.059069641268580206e-03
8.057554737050331983e-03
8.055147870301924626e-03
8.040121173217451567e-03
8.040121193393506838e-03
8.037756389054989681e-03
8.041968406094978858e-03
8.040117153926138599e-03
8.038333107023849788e-03
8.044302501577933404e-03
8.041870698977196877e-03
8.041870698977195142e-03
8.037212129706381228e-03
8.039575690228331281e-03
8.038834243470249080e-03
8.039583674565264210e-03
8.039583674565260740e-03
8.044214361390238099e-03
8.037237137733964018e-03
8.037211835952472877e-03
8.047110974945740139e-03
8.047110974945740139e-03
8.050387741161584357e-03
8.048020035728737157e-03
8.047947614519421200e-03
8.047947614519417731e-03
8.047947614519419465e-03
8.047947614519422935e-03
8.047947614519421200e-03
8.048020035728733687e-03
8.043415628810255541e-03
8.045737735235399327e-03
8.045737735235402796e-03
8.045650208259612357e-03
8.045650208259610622e-03
8.045650208259614092e-03
8.045650208259612357e-03
8.045650208259615827e-03
8.034652879523675878e-03
8.042442143187819581e-03
8.042442143187819581e-03
8.042442143187821316e-03
8.041692741442261344e-03
8.037845029006921924e-03
8.037845029006920189e-03
8.037845029006925393e-03
8.038908949804779089e-03
8.041642484106926309e-03
8.041642484106924574e-03
8.041642484106922839e-03
7.987199861940692813e-03
7.987199861940692813e-03
7.983957463309487856e-03
7.986316602859767563e-03
7.986316602859767563e-03
7.988292353752590724e-03
7.988292353752590724e-03
7.984397599008603852e-03
7.984397599008600382e-03
7.984397599008598648e-03
7.981598840389125815e-03
7.985652347019386518e-03
7.985652347019384784e-03
7.981266098756283414e-03
7.983613857020994617e-03
7.972985233884937600e-03
7.970624147672187784e-03
7.972425205623955360e-03
7.974714651848249791e-03
7.974714651848248056e-03
7.972425205623955360e-03
7.972432887075601993e-03
7.972425205623955360e-03
7.970042772440568205e-03
7.974535921101651159e-03
7.974535921101656363e-03
7.974535921101656363e-03
7.974535921101652894e-03
7.974535921101652894e-03
7.976893926960793371e-03
7.977163521574169927e-03
7.977150440117630401e-03
7.977150440117628666e-03
8.028641842891846153e-03
8.031058038774210178e-03
8.031058038774211913e-03
8.031058038774206709e-03
8.005255771069258106e-03
8.005255771764864872e-03
8.005255771764864872e-03
8.005255771764864872e-03
8.007651384038153020e-03
8.019219718386476348e-03
8.019219718386474613e-03
8.023916436633610205e-03
8.023916436633608470e-03
8.007897890651954897e-03
8.007897890651954897e-03
8.007333608772732036e-03
8.012068296996886080e-03
8.012068296996889549e-03
8.009681612315390498e-03
8.009681612315392232e-03
8.009681612315392232e-03
8.009681612315392232e-03
8.009681612315392232e-03
8.012070114616121758e-03
8.012070114616121758e-03
8.012655341617668653e-03
8.012655341617668653e-03
8.012322487361205753e-03
8.020932943250139169e-03
8.018646317772465393e-03
8.014534437428180724e-03
8.016300889307137120e-03
8.018597956992192660e-03
8.016239122441537468e-03
8.023315196228900797e-03
8.023315196228902532e-03
8.011233281216780314e-03
8.008937180254489113e-03
8.011258995861102183e-03
8.011257555039596676e-03
8.011257555039596676e-03
8.017768480051283217e-03
8.020133170278526125e-03
8.020133170278520920e-03
8.020098670850496492e-03
8.020098670850499961e-03
8.040975029409178770e-03
8.035759639826740158e-03
8.035753596529821713e-03
8.038127757503052417e-03
8.033478177639588949e-03
8.039439019923025689e-03
8.034856869870904417e-03
8.033478177639588949e-03
8.037833840749988162e-03
8.037833840749988162e-03
8.035552508357834620e-03
8.035552508357838089e-03
8.037833840749989897e-03
8.033212742194597092e-03
8.035536738988550282e-03
8.035536738988548547e-03
8.040298591048980134e-03
8.037941475191349647e-03
8.036999137936189780e-03
8.037043193404719982e-03
8.037043193404719982e-03
8.037043193404719982e-03
8.036997498059830075e-03
8.036997498059826606e-03
8.043043741645546779e-03
8.043043741645546779e-03
8.043043741645548514e-03
8.043043741645546779e-03
8.045882724485314483e-03
8.043043741645546779e-03
8.043043741645548514e-03
8.040667192785929188e-03
8.035500925548237985e-03
8.037872435041894595e-03
8.037878326894445577e-03
8.035671014350313779e-03
8.033324924611617845e-03
8.033324924611617845e-03
8.033324924611617845e-03
8.033324924611616111e-03
8.033324924611621315e-03
8.033324924611616111e-03
8.033324924611616111e-03
8.035631485788546219e-03
8.039909877632282417e-03
8.042484068989578724e-03
8.037694203120842804e-03
8.036665122598086325e-03
8.044410572225184006e-03
8.033218681405041722e-03
8.035500922879556737e-03
8.044495197558003408e-03
8.035202858994741626e-03
8.032833917533035301e-03
8.033603544062871415e-03
8.033603544062871415e-03
8.035898481361398310e-03
8.034026356671839300e-03
8.029289908109993670e-03
8.035214563107745053e-03
8.032249061797936546e-03
8.034621323785268165e-03
8.034621323785269900e-03
8.034621323785271635e-03
8.029887594345821999e-03
8.035491860366287403e-03
8.035491860366285669e-03
8.035491860366283934e-03
8.040988034399348602e-03
8.041016667612154584e-03
8.041016667612154584e-03
8.040136552412226884e-03
8.040136552412226884e-03
8.040136552412226884e-03
8.040183628848658268e-03
8.040183628848660002e-03
8.000071452895720150e-03
8.000071452895721885e-03
8.000071452895718416e-03
8.000089882844880693e-03
8.000089882844882427e-03
8.000071452895718416e-03
8.000071452895720150e-03
8.000071452895721885e-03
8.002397570510784083e-03
7.997606483741440120e-03
7.997606483741441855e-03
7.997602088545191501e-03
7.999951878053593313e-03
8.002299190998141826e-03
8.000123343828890315e-03
7.997714538323397529e-03
8.002405493476225790e-03
8.002405493476224055e-03
8.002405493476225790e-03
8.001093485301711064e-03
8.001093485301707595e-03
8.001983921129961208e-03
8.001983921129959473e-03
8.001983921129959473e-03
7.995387684237761569e-03
7.995387684237761569e-03
7.995387684237763304e-03
7.995387684237759834e-03
7.997731207411481330e-03
8.000083417650873802e-03
7.995962849489625032e-03
7.995962849489625032e-03
8.000474967144007715e-03
7.998126413479579935e-03
7.995857508537006220e-03
7.995800985726209814e-03
7.998176419954199090e-03
7.998176419954197355e-03
8.002877292658200012e-03
8.002877292658206951e-03
7.997878098779760345e-03
7.998720026847165945e-03
8.000186377865257589e-03
8.000186377865257589e-03
8.000209746992312937e-03
7.998212123489943301e-03
8.000563468964362601e-03
7.998212123489938097e-03
7.995439030706373226e-03
8.001140877055902198e-03
8.001151336078995979e-03
8.001140877055902198e-03
8.001140877055900463e-03
8.001140877055903933e-03
8.001140877055898729e-03
8.001140877055898729e-03
8.009022861230633006e-03
8.006664710431548801e-03
8.006664710431547066e-03
8.006664710431545331e-03
8.006664710431554005e-03
8.006664710431552270e-03
8.011579787859879342e-03
8.004798337582488474e-03
7.999408822433046531e-03
7.999408822433046531e-03
7.996159594589474090e-03
7.999408822433046531e-03
8.003874004444641935e-03
8.001766545052741222e-03
8.001766545052739488e-03
8.001766545052741222e-03
8.001731179015564299e-03
8.001731179015564299e-03
7.998350338312074093e-03
7.998350338312072358e-03
7.998350338312074093e-03
7.998350338312072358e-03
7.998355748849165364e-03
7.998350338312072358e-03
7.998350338312072358e-03
8.002122159029593715e-03
7.999683519531281331e-03
7.997332360253954497e-03
7.997342591809107962e-03
7.997342591809111431e-03
7.997342591809109696e-03
7.999683515524068367e-03
7.999547280369135108e-03
7.999671993841859369e-03
8.013654322499220301e-03
8.011292184475566486e-03
8.011292184475568220e-03
8.016077894558550423e-03
8.011636689417303558e-03
8.007076469730744009e-03
8.006653245249057901e-03
8.007076470468737009e-03
8.007076470468737009e-03
8.009460350284389532e-03
8.009460350284386063e-03
8.007076470468733539e-03
8.004593638796242416e-03
8.004593638796244151e-03
8.000918730199207615e-03
8.007093057665847641e-03
8.004726708278588759e-03
8.004727845387889576e-03
8.004727845387889576e-03
8.002375248981698913e-03
8.004717379174819750e-03
8.004717379174819750e-03
8.004717379174818015e-03
8.002375248981700648e-03
8.002375248981695444e-03
8.002375248981700648e-03
8.002375248981700648e-03
8.002381486794912790e-03
8.009440768548507436e-03
8.007035258158309854e-03
8.007035258158309854e-03
8.007035258158309854e-03
8.009904432216845629e-03
8.009904432216843895e-03
8.005242140788591809e-03
8.005242140788591809e-03
8.005242140788591809e-03
8.005269317681369678e-03
8.005242140788588340e-03
8.005242140788588340e-03
8.005242140788590074e-03
8.002423698230017035e-03
8.000070849464000627e-03
8.000070849463998893e-03
8.002423698230017035e-03
8.014955023805029818e-03
8.012593463068668626e-03
8.012593463068670360e-03
8.010233949908261708e-03
7.998780574724209669e-03
7.995976817483617383e-03
7.998319560154646887e-03
7.998319560154648622e-03
7.998319560154646887e-03
7.987963574347658677e-03
7.993909565570802428e-03
7.996243308679354747e-03
7.996243308679354747e-03
8.017454981425808924e-03
8.017434461507200877e-03
8.012718339963297368e-03
8.012718339963297368e-03
8.012727434032130419e-03
8.010353284628460996e-03
8.010377060350026140e-03
8.012741941278633470e-03
8.012741941278631735e-03
8.008016659011742491e-03
8.012851863975850586e-03
8.012398134990305829e-03
8.014766224210611439e-03
8.014766224210611439e-03
8.012132899286851517e-03
8.012132899286854987e-03
8.004810168479439825e-03
7.999989057992552485e-03
7.998143647879497539e-03
7.998143647879497539e-03
8.005665655502090458e-03
8.003251196297451672e-03
8.002863407503616605e-03
8.001217573370477537e-03
8.001210660464304694e-03
7.996494499162690173e-03
7.996494499162691907e-03
7.998897497767996564e-03
7.996543405532307441e-03
7.996543405532305707e-03
7.996543405532302237e-03
8.000562079999041371e-03
7.996276300557818295e-03
7.986283604527992172e-03
7.986411885509992273e-03
7.978728983684390055e-03
7.974061109589335172e-03
7.978748538881181782e-03
7.978747006925506619e-03
7.976403855103208693e-03
7.976403504330186953e-03
7.976403504330186953e-03
7.981546053594777007e-03
7.981546053594777007e-03
7.983890845128373964e-03
7.981546053594778742e-03
7.981546053594778742e-03
7.981163728870152921e-03
7.981163728870152921e-03
7.986117852939613945e-03
7.981451021789300049e-03
7.986117844845699518e-03
7.983770969962078815e-03
7.983770969962078815e-03
7.990020594637404008e-03
7.992370010334919062e-03
7.997055472987351851e-03
7.994696524864853757e-03
7.994696524864858961e-03
7.994696524864855491e-03
7.992370010334915592e-03
7.992370010334917327e-03
7.992370010334919062e-03
7.992370010334913857e-03
7.996936997464936664e-03
7.992370010334917327e-03
7.992370010334913857e-03
7.992750590062741578e-03
7.994500147906988610e-03
8.000216155245074706e-03
8.000216155245074706e-03
8.000216155245078176e-03
8.000961034541675954e-03
8.000961034541675954e-03
7.996276445635134775e-03
7.998629555912932163e-03
8.006092799117910108e-03
8.003730950196137617e-03
8.003730950196142821e-03
7.997871328577687774e-03
8.002582930784091567e-03
8.002582930784091567e-03
7.997871328577686040e-03
7.987969080378359496e-03
7.985082203807601989e-03
7.987422345255120598e-03
7.985103363525231090e-03
7.985103363525231090e-03
7.985671444219197626e-03
7.983333189347281353e-03
7.983333189347279618e-03
7.981016546685159446e-03
7.969571800644986020e-03
7.964846934257007946e-03
7.964846934257006211e-03
7.964846934257007946e-03
7.967199480117969149e-03
7.967199480117969149e-03
7.969547056912794358e-03
7.969547056912796093e-03
7.969547056912794358e-03
7.970039086208424023e-03
7.969558364938678086e-03
7.970997795220667592e-03
7.988957670587383889e-03
7.986596462762301021e-03
7.985305351752637268e-03
7.988447756082787607e-03
7.988447756082787607e-03
7.983824374455467110e-03
7.985305351752633798e-03
7.972442180958078106e-03
7.972442180958076371e-03
7.967088261023462167e-03
7.971557811851638642e-03
7.971557811851638642e-03
7.967330492597414146e-03
7.964993985511259478e-03
7.967329220961468297e-03
7.969640300471023120e-03
7.969640300471019650e-03
7.969675063952410057e-03
7.974767499691523195e-03
7.978971638270158581e-03
7.974767499691526665e-03
7.977717132796310895e-03
7.977575226073924108e-03
7.974786668840116305e-03
7.979467967802047340e-03
7.972365958286854737e-03
7.977065580656824903e-03
7.975110970819647427e-03
7.975110970819645692e-03
7.975110970819647427e-03
7.975110970819647427e-03
7.977451370361312785e-03
7.977451370361311050e-03
7.977451370361311050e-03
7.977451370361309316e-03
7.975092157139321986e-03
7.972750716965192747e-03
7.975100559486372753e-03
7.972750716965192747e-03
7.984442429156985571e-03
7.986818922702008244e-03
7.986818922702011714e-03
7.986818293291701384e-03
7.986818293291699650e-03
7.986850772956943442e-03
7.989189777327699443e-03
7.986835076293481370e-03
7.989193545483656844e-03
7.989193565896050842e-03
7.988174950225693932e-03
7.990535000542666605e-03
7.988174950225693932e-03
7.990704706429284376e-03
7.989192795917138615e-03
7.984477032374256295e-03
7.984477032374256295e-03
7.986408059575832510e-03
7.986408059575832510e-03
7.982143128731140902e-03
7.986539628877440539e-03
7.993901868150179654e-03
7.991538224727002052e-03
7.989176493177135158e-03
7.991519491056524316e-03
7.991520234373310910e-03
7.991520234373310910e-03
7.989159154394652462e-03
7.971849276956292571e-03
7.973298503734743345e-03
7.971857425177870937e-03
7.976564676875587054e-03
7.969523180680861824e-03
7.967177355645992456e-03
7.969528999842970599e-03
7.962482457767672619e-03
7.962482457767672619e-03
7.962482457767672619e-03
7.964848331500533687e-03
7.967197539360173358e-03
7.967197539360173358e-03
7.970066607822040572e-03
7.970066607822038837e-03
7.972965185479363032e-03
7.972965185479363032e-03
7.972965185479363032e-03
7.975302806473348258e-03
7.972862405886382495e-03
7.972862405886387699e-03
7.972862405886384229e-03
7.972862405886384229e-03
7.970652797971539485e-03
7.970652797971534281e-03
7.973426859312156625e-03
7.970652797971536016e-03
7.972994693245770426e-03
7.973425705720500398e-03
7.970637930819082437e-03
7.970652797971539485e-03
7.972299704865980219e-03
7.970811078971011543e-03
7.973119486832982647e-03
7.973150240807963876e-03
7.962586058634519778e-03
7.966926670124215709e-03
7.962475375498243718e-03
7.962476791967154632e-03
7.962476791967152898e-03
7.967047001538789600e-03
7.958434960889913118e-03
7.958434960889911383e-03
7.957892575191463300e-03
7.955914476677901706e-03
7.960260302134833030e-03
7.962611985709057427e-03
7.988171885250373513e-03
7.988171885250371779e-03
7.988171885250371779e-03
7.983457754598612122e-03
7.983443828729744340e-03
7.982379977762375789e-03
7.982379977762377524e-03
7.985796238998190896e-03
7.988155956584166301e-03
7.985796238998190896e-03
7.985772560923098257e-03
7.985663851221154810e-03
7.985772560923098257e-03
7.985787884425409044e-03
7.985772560923096522e-03
7.985772560923096522e-03
7.985772560923096522e-03
7.985772560923096522e-03
7.988133593070642635e-03
7.988133593070640900e-03
7.988133593070640900e-03
7.988133593070642635e-03
7.988133593070642635e-03
7.988133203636770333e-03
7.975331762572255775e-03
7.975331762572257510e-03
7.973655326925253861e-03
7.981654005850021341e-03
7.984021300953492162e-03
7.981661384901738224e-03
7.981661384901738224e-03
7.981661384901734754e-03
7.981661384901736489e-03
7.981661384901733020e-03
7.978928941584228704e-03
7.978928941584226969e-03
7.978928941584225235e-03
8.031874557166413311e-03
8.034190654787618305e-03
8.031767262095592178e-03
8.033946906400716778e-03
8.033946906400716778e-03
8.019975414046941198e-03
8.015868974398852181e-03
8.018283582539680737e-03
8.014351402277046163e-03
8.022888120195800082e-03
8.015830648449987980e-03
8.015830648449986245e-03
8.015830648449989715e-03
8.015830648449987980e-03
8.018267600583932342e-03
8.018267600583932342e-03
8.018267600583930607e-03
8.018267600583934077e-03
8.018267600583927138e-03
8.018302973336157921e-03
8.025675911493905870e-03
8.023233015368379586e-03
8.023176544957218159e-03
8.023176544957218159e-03
8.023176544957219894e-03
8.020719176050036467e-03
8.028017680672062256e-03
8.025576989294342170e-03
8.025576989294342170e-03
8.025576989294342170e-03
8.028017710141352112e-03
8.028017710141353847e-03
8.015868698603793516e-03
8.018304005412070501e-03
8.020511883121724320e-03
8.015897142647061824e-03
8.018267605560000511e-03
8.023128778540233180e-03
8.018267448274890227e-03
8.018267448274890227e-03
8.020702031999409412e-03
8.020702217006991583e-03
8.010667302057192588e-03
8.010667302057192588e-03
8.010667302057190853e-03
8.009822674722253538e-03
8.005828830246254982e-03
8.005830738784696851e-03
8.008260697295000938e-03
8.013113741374200405e-03
8.008311363776426245e-03
8.013057111976655891e-03
8.013057111976654157e-03
8.010673020783325854e-03
8.010679894079711025e-03
8.008247686594553369e-03
8.008247686594553369e-03
8.008247686594551634e-03
8.008247686594553369e-03
7.963964783519038304e-03
7.970754877706069316e-03
7.970754877706069316e-03
7.970754877706069316e-03
7.973241731830685297e-03
7.970754877706071051e-03
7.971031812816727069e-03
7.973667767780436705e-03
7.968701062641749336e-03
7.980925540496163276e-03
7.978522974431738468e-03
7.978531484435226820e-03
7.981022830482395469e-03
7.978017885677568186e-03
7.978017885677566451e-03
7.978017885677566451e-03
7.978017885677566451e-03
7.970574451681922135e-03
7.970574451681923869e-03
7.970574451681920400e-03
7.978171751653658633e-03
7.973180865550400301e-03
7.973180865550396831e-03
7.973180865550396831e-03
7.973180865550402036e-03
7.973180865550400301e-03
7.973180865550398566e-03
7.973180865550398566e-03
7.973180865550402036e-03
7.973180865550396831e-03
7.972257680278024838e-03
7.972257680278023104e-03
7.979254973157674097e-03
7.981741211174505496e-03
7.979267320329185009e-03
7.981767143507413273e-03
7.981767143507413273e-03
7.979267320329186744e-03
7.985440811384794321e-03
7.988677409373406285e-03
7.986181920843812843e-03
7.986181920843811108e-03
7.986181920843809373e-03
7.986181920843809373e-03
7.986181920843812843e-03
7.986183927644305985e-03
7.983708412568296317e-03
7.983708412568291113e-03
7.986203277468668579e-03
7.983708412568291113e-03
7.981825934296941580e-03
7.983712133070567166e-03
7.981218117034082071e-03
7.981215506698509377e-03
7.981215506698512846e-03
7.981215506698512846e-03
7.988683271956028772e-03
7.986186194728746301e-03
7.983673387370618379e-03
7.981188058993679904e-03
7.981188058993681639e-03
7.992096571483375128e-03
7.994613178693696365e-03
7.994613178693692895e-03
7.994613178693692895e-03
7.992096571483369924e-03
7.996701446299332716e-03
7.993033420360189448e-03
7.993033420360192917e-03
7.987502517772030602e-03
7.990013907581331939e-03
7.990013907581331939e-03
7.988950149845339133e-03
7.985496585095393923e-03
7.987512611204972482e-03
7.987502517772028868e-03
7.990002690152523193e-03
7.987502844512529843e-03
7.989967575596066199e-03
7.987502517772027133e-03
7.987502517772025398e-03
7.987502517772030602e-03
7.985919389941833341e-03
7.994998807021499662e-03
7.990090966130659889e-03
7.987595009518179759e-03
7.987595009518178024e-03
7.997544880530175343e-03
7.997544880530180547e-03
7.997544880530180547e-03
7.990223124472225352e-03
7.990223124472223618e-03
7.995225019582148304e-03
7.997729352687032653e-03
7.997625799773519506e-03
7.995147579264264351e-03
7.997642850628192135e-03
7.992271286194818289e-03
7.995235409327306267e-03
7.992732167788141676e-03
7.992720114101039414e-03
7.995222018917136700e-03
7.995223605293713676e-03
8.000220115012758593e-03
7.995222024974001779e-03
7.995222024974001779e-03
7.992720882388729825e-03
7.992720882388733294e-03
7.992720882388729825e-03
7.997240217836118145e-03
7.994750348643808388e-03
7.997677588286311937e-03
7.995176478554185534e-03
7.997677415218590324e-03
7.997672285840074641e-03
7.997672285840071171e-03
7.941965931682363686e-03
7.941965931682367155e-03
7.939609013123898051e-03
7.939609013123894582e-03
7.939609013123899786e-03
7.939609013123896317e-03
7.939609013123898051e-03
7.939609013123899786e-03
7.939609013123894582e-03
7.939609013123899786e-03
7.941852660215110993e-03
7.941835037749063811e-03
7.943380773261735778e-03
7.941950247945047878e-03
7.942453770463578713e-03
7.939574081415526688e-03
7.939574081415533627e-03
7.939574081415537096e-03
7.939574081415526688e-03
7.945803289718281898e-03
7.948072017997482447e-03
7.948072017997477243e-03
7.948448904063617690e-03
7.935678343421473380e-03
7.942551687893114817e-03
7.939591506420486458e-03
7.939591506420484723e-03
7.939591506420488193e-03
7.939591506420486458e-03
7.941456306389911221e-03
7.943849776442577990e-03
7.941456306389912956e-03
7.941456306389906017e-03
7.941456306389912956e-03
7.943849936465127021e-03
7.946246332142019309e-03
7.948641554777613819e-03
7.946246332142024513e-03
7.946187555429359145e-03
7.946198300480423332e-03
7.954536621300151850e-03
7.950441331400373221e-03
7.952844818624378934e-03
7.951698658693762828e-03
7.935686803730572503e-03
7.940382359083963254e-03
7.940382359083958050e-03
7.940367817101015580e-03
7.944774572361614634e-03
7.944773285290602366e-03
7.942379605258963887e-03
7.947558347857850564e-03
7.947558347857850564e-03
7.938129331587778434e-03
7.938129331587776699e-03
7.938129331587773230e-03
7.940509628676820780e-03
7.928569123714717184e-03
7.930954926005609473e-03
7.930954926005604269e-03
7.926186022202474230e-03
7.928570023052486371e-03
7.928570023052482901e-03
7.932778288192752353e-03
7.930388341284776502e-03
7.927969053751260375e-03
7.930388341284774767e-03
7.930498927626126321e-03
7.925745204721406159e-03
7.932379257124137772e-03
7.930516831646241757e-03
7.928129900460666873e-03
7.925745204721404424e-03
7.925745204721407894e-03
7.929994663739191318e-03
7.932813045073278807e-03
7.932813045073277072e-03
7.930025651452475566e-03
7.930025651452465157e-03
7.930025651452472096e-03
7.930025651452473831e-03
7.932405776743102141e-03
7.932405776743109080e-03
7.932405776743102141e-03
7.930025651452472096e-03
7.930458701196151095e-03
7.928080646497378745e-03
7.930458737586470672e-03
7.934804144854687435e-03
7.937182495052300460e-03
7.935207318744658817e-03
7.935217243284133776e-03
7.930398945273088931e-03
7.930398945273087197e-03
7.930398945273085462e-03
7.931505678681078503e-03
7.931505678681076768e-03
7.931541969260191491e-03
7.931541969260189756e-03
7.931541969260189756e-03
7.931541969260188021e-03
7.936334253441586911e-03
7.935826502921182121e-03
7.933925755804581773e-03
7.936310850663546787e-03
7.932380840037465963e-03
7.944699493861076545e-03
7.944699493861076545e-03
7.944699493861080014e-03
7.947097867339082689e-03
7.939936096138128577e-03
7.941010673892924185e-03
7.941010673892917246e-03
7.935704518351367059e-03
7.936268850538887379e-03
7.936268850538885644e-03
7.936278018129150694e-03
7.936139992109771113e-03
7.933874451757756685e-03
7.936268984134419585e-03
7.931454971282864141e-03
7.933874451757758420e-03
7.938658824456542445e-03
7.929043213535979032e-03
7.929043213535979032e-03
7.933816497266200224e-03
7.946289824257050244e-03
7.943609470412683546e-03
7.946008796890873666e-03
7.951750614355546087e-03
7.951750614355542618e-03
7.951750614355547822e-03
7.954156180489706934e-03
7.951750614355547822e-03
7.946454010892655198e-03
7.948852582219747415e-03
7.941662752246832907e-03
7.944058647454756844e-03
7.941662752246838111e-03
7.943643229025123750e-03
7.943643229025123750e-03
7.947437349071500776e-03
7.947924680206469583e-03
7.947924680206467848e-03
7.944054915168242276e-03
7.944054915168240541e-03
7.943652491231910015e-03
7.944054915168238806e-03
7.945428405405206840e-03
7.945487880410840795e-03
7.952718645592405169e-03
7.952718645592410374e-03
7.952718645592410374e-03
7.952718645592410374e-03
7.950245320763649898e-03
7.950245320763651632e-03
7.954251628982925496e-03
7.951850206631902451e-03
7.949438970354808301e-03
7.949438970354813505e-03
7.954159336016078385e-03
7.951844522858620562e-03
7.954212407834785475e-03
7.951844522858622297e-03
7.954230392597932964e-03
7.951844522858622297e-03
7.954216061247059572e-03
7.951842345184900393e-03
7.951844522858622297e-03
7.951842455644871424e-03
7.951841972706770456e-03
7.951841972706770456e-03
7.951841972706765252e-03
7.947887468819277504e-03
7.945482077174803245e-03
7.945482077174803245e-03
7.952435723265318182e-03
7.954838945615485754e-03
7.954664673663767310e-03
7.949735150694895239e-03
7.949735150694893504e-03
7.947334415104057373e-03
7.947334415104050434e-03
7.947334415104050434e-03
7.947334415104053904e-03
7.947334415104053904e-03
7.949351536535911519e-03
7.949105623930070516e-03
7.945616605973109328e-03
7.948019724794723115e-03
7.938398661469772341e-03
7.940818802278705804e-03
7.938867283484923529e-03
7.938867283484923529e-03
7.938867283484925264e-03
7.938867283484923529e-03
7.940792623320418187e-03
7.940792623320412982e-03
7.941268160380493199e-03
7.938867283484925264e-03
7.953035155534271886e-03
7.955444663603195715e-03
7.953035155534273620e-03
7.955511270464262277e-03
7.946075317681849937e-03
7.946083148304498509e-03
7.946062665540362668e-03
7.946081946898549825e-03
7.948495066714241636e-03
7.952859066836036328e-03
7.952859066836034593e-03
7.950893534092489529e-03
7.947614454810035534e-03
7.952977964545936140e-03
7.943697690524640503e-03
7.952662508893282647e-03
7.952662508893277443e-03
7.948477247441033608e-03
7.950893040433407166e-03
7.948470233334257312e-03
7.948470233334264251e-03
7.946098211301721309e-03
7.946098211301716105e-03
7.946098211301717840e-03
7.946098211301721309e-03
7.946098211301719574e-03
7.946744011229559326e-03
7.946927015008240641e-03
7.949327941937089914e-03
7.949323774968814274e-03
7.948885563814539479e-03
7.946915060814577908e-03
7.949321451321456414e-03
7.946915060814581377e-03
7.944505319116080058e-03
7.944505319116080058e-03
7.945018847042933929e-03
7.945018847042930460e-03
7.945012646428793734e-03
7.945012646428797204e-03
7.931214409519144956e-03
7.932943575071869924e-03
7.927353585189884227e-03
7.924958181068510188e-03
7.924958181068510188e-03
7.924980197024972597e-03
7.932415648552709753e-03
7.932415648552708018e-03
7.932415648552708018e-03
7.930003434372875915e-03
7.930003434372877649e-03
7.930003434372877649e-03
7.930003434372877649e-03
7.932406271940615344e-03
7.932406271940611875e-03
7.936182555780137149e-03
7.936182555780133679e-03
7.936182555780137149e-03
7.936182555780140618e-03
7.936182555780135414e-03
7.936182555780135414e-03
7.946588429083212626e-03
7.946588429083209157e-03
7.946588429083205687e-03
7.946588429083209157e-03
7.946588429083212626e-03
7.946588429083203953e-03
7.950825638364597200e-03
7.946026190544954945e-03
7.946026190544954945e-03
7.950829058341195993e-03
7.950829058341185585e-03
7.948408612773112322e-03
7.948408612773114057e-03
7.948408612773112322e-03
7.946027191040845941e-03
7.948583360466401904e-03
7.946171363787439546e-03
7.946171363787437811e-03
7.948570550963740197e-03
7.938518169331332253e-03
7.938518169331332253e-03
7.938518169331337457e-03
7.931315129055668475e-03
7.931315129055665006e-03
7.943721383004703415e-03
7.943721383004701680e-03
7.943714349034696268e-03
7.943708237093411589e-03
7.938927192544648764e-03
7.927987090254410771e-03
7.927987090254414240e-03
7.927987090254417710e-03
7.927970601910560786e-03
7.927987090254412506e-03
7.927987090254415975e-03
7.932152983821362524e-03
7.932806256309415244e-03
7.932806256309411774e-03
7.937598857685976630e-03
7.937598857685981835e-03
7.934154844793933278e-03
7.935201727339604577e-03
7.958458926193750019e-03
7.956058727751342055e-03
7.956058727751342055e-03
7.956058727751342055e-03
7.948779648742576587e-03
7.946369569335587357e-03
7.949478834680244466e-03
7.948382486541772513e-03
7.948382486541772513e-03
7.950726426231001856e-03
7.950713139798171181e-03
7.950713139798169446e-03
7.950713139798169446e-03
7.952092970344885187e-03
7.952092970344885187e-03
7.952852499817131965e-03
7.952852499817135434e-03
7.948249759039816356e-03
7.948249759039814621e-03
7.948249759039811152e-03
7.948249759039814621e-03
7.948249759039811152e-03
7.948386888318040647e-03
7.945984590749242613e-03
7.953205192961228243e-03
7.952918879803518026e-03
7.952918879803516292e-03
7.952918879803516292e-03
7.948382916220766287e-03
7.948382916220764552e-03
7.936257882595500537e-03
7.939203246809233352e-03
7.938625733876707169e-03
7.941004024982330212e-03
7.951902617547130028e-03
7.951904682429936436e-03
7.949511025426302807e-03
7.951904682429931231e-03
7.951902638885873301e-03
7.951902638885880240e-03
7.943321708766633640e-03
7.940931345479310122e-03
7.948109643730431884e-03
7.938586289010604591e-03
7.945505355477628512e-03
7.945505355477626777e-03
7.947906868139899619e-03
7.950304432660872458e-03
7.940351102400529035e-03
7.940351102400527300e-03
7.935580691446888699e-03
7.940356261183520101e-03
7.940356261183521835e-03
7.942749589809044303e-03
7.933166851888599769e-03
7.933166851888596299e-03
7.937643680770680582e-03
7.937643680770675378e-03
7.936675374893250798e-03
7.936675374893250798e-03
7.942748010020669533e-03
7.937974837588776533e-03
7.937962428728198572e-03
7.947510556307159704e-03
7.935531479850274975e-03
7.935531479850281913e-03
7.935531479850274975e-03
7.937923164977097462e-03
7.942682416416942115e-03
7.942689948610786449e-03
7.945164866517667734e-03
7.945164866517666000e-03
7.945231992452360392e-03
7.942833219736005271e-03
7.944944037914623489e-03
7.942833219736008740e-03
7.942833219736007005e-03
7.942833219736008740e-03
7.942833219736010475e-03
7.940855369902518474e-03
7.949897845666095350e-03
7.948944300063567198e-03
7.947415968365827837e-03
7.940349869331331939e-03
7.937953394006637409e-03
7.940349669442611780e-03
7.940349669442608310e-03
7.940349669442615249e-03
7.938329118023860695e-03
7.938329118023853756e-03
7.938329118023855491e-03
7.938329118023853756e-03
7.938329118023853756e-03
7.940699434909369650e-03
7.938329118023857225e-03
7.938329118023855491e-03
7.938329118023860695e-03
7.938329118023857225e-03
7.941256175182299926e-03
7.945898449839346178e-03
7.935930854118634220e-03
7.935930854118639424e-03
7.933537739617729095e-03
7.933537739617725626e-03
7.938322381066321987e-03
7.935814582488971355e-03
7.933537739617725626e-03
7.933537739617725626e-03
7.933524483932944890e-03
7.934788280840116698e-03
7.932395234284983845e-03
7.932395234284982111e-03
7.934788224567125223e-03
7.932395234284983845e-03
7.934684746294237354e-03
7.937491355679638164e-03
7.937491355679634694e-03
7.939156827470431749e-03
7.934396386989246014e-03
7.924733551486587077e-03
7.924733551486588812e-03
7.919282758934749825e-03
7.924221048996009029e-03
7.926661167115196457e-03
7.926661167115192988e-03
7.926661167115199927e-03
7.926661167115194723e-03
7.929066952488376605e-03
7.926661167115198192e-03
7.926661167115196457e-03
7.926662742548240895e-03
7.924257093826627546e-03
7.924257093826639689e-03
7.929088892772204189e-03
7.926679775497172398e-03
7.929087622413852690e-03
7.924237866739016270e-03
7.927236510543885645e-03
7.926685751005741257e-03
7.924275127134545668e-03
7.917647996804609220e-03
7.915252129209430706e-03
7.915252129209432441e-03
7.919692848750665981e-03
7.919692848750669451e-03
7.912643019400719333e-03
7.924518499707013802e-03
7.924518499707005129e-03
7.924518499707012067e-03
7.924518499707020741e-03
7.921299450035890199e-03
7.921299450035891934e-03
7.917404139955949022e-03
7.917404139955949022e-03
7.917448637735727615e-03
7.924623204157500364e-03
7.919870396149103833e-03
7.919840678746317003e-03
7.919849845235207852e-03
7.917445395332746091e-03
7.919824792258516391e-03
7.919870396149109038e-03
7.919751715899531544e-03
7.917370019308709109e-03
7.917370019308703905e-03
7.917370019308709109e-03
7.917370019308710843e-03
7.934114499937963347e-03
7.934114499937965082e-03
7.934114499937968551e-03
7.932274839414154080e-03
7.938795111583175218e-03
7.936300111014387218e-03
7.938705777808946484e-03
7.931657131665482280e-03
7.931657131665482280e-03
7.929235976617342307e-03
7.929235976617347512e-03
7.931657131665484015e-03
7.931657131665482280e-03
7.938834373080161030e-03
7.938834373080159296e-03
7.936387583822732822e-03
7.930084950324154877e-03
7.934012741537268057e-03
7.931629511052210035e-03
7.931985499421347063e-03
7.929570443350712414e-03
7.923928886591789789e-03
7.923899360615842616e-03
7.923955451046293952e-03
7.921369303822280855e-03
7.928760205786884036e-03
7.927492824196136212e-03
7.925106643944626258e-03
7.925111622036596151e-03
7.922677627689651489e-03
7.925120277393983559e-03
7.925120277393981824e-03
7.925120277393983559e-03
7.922684120836047048e-03
7.922684120836050517e-03
7.922684120836048782e-03
7.922684120836041843e-03
7.922684120836041843e-03
7.924545549031157196e-03
7.922707975067564204e-03
7.925638406081646214e-03
7.925600843591380437e-03
7.919635301377569991e-03
7.917267772356424010e-03
7.917267772356422276e-03
7.914899475165384016e-03
7.914899475165378812e-03
7.921599948842811267e-03
7.919651021057795906e-03
7.914891385076514366e-03
7.917249673782940367e-03
7.917249673782943836e-03
7.917249673782942102e-03
7.921993569018527179e-03
7.928935149281455055e-03
7.928935149281449851e-03
7.928935149281448116e-03
7.928935149281449851e-03
7.931246682474748025e-03
7.931246682474754964e-03
7.931246682474751494e-03
7.938899528810402714e-03
7.928998805161780600e-03
7.928998805161778865e-03
7.927397501891274290e-03
7.928946633430309157e-03
7.928946633430309157e-03
7.928247049448102976e-03
7.924573713143756581e-03
7.924565478248383338e-03
7.922168592580122390e-03
7.918706571149566192e-03
7.918706571149569662e-03
7.916886482314445042e-03
7.919268159621075179e-03
7.921510458724792189e-03
7.921510458724793924e-03
7.923826583707145252e-03
7.915405933821386894e-03
7.917808508057191941e-03
7.915425999645687646e-03
7.925314507601449732e-03
7.923103076013866125e-03
7.923134312708942154e-03
7.923134312708942154e-03
7.923134312708942154e-03
7.923134312708942154e-03
7.920751180622324569e-03
7.920751180622319365e-03
7.920751180622322835e-03
7.920751180622322835e-03
7.925756429339698289e-03
7.925756429339698289e-03
7.925756429339694820e-03
7.921531124290337456e-03
7.921531124290335721e-03
7.923925591776834199e-03
7.923902644160565195e-03
7.923917271868381046e-03
7.921531124290342660e-03
7.921507437901082957e-03
7.921507437901081222e-03
7.923849318832556013e-03
7.923849318832554278e-03
7.923874009609919652e-03
7.923874009609919652e-03
7.920356135739952189e-03
7.920356135739960862e-03
7.920338950321504506e-03
7.932859703292004933e-03
7.937547867202179516e-03
7.935335202718375031e-03
7.937727450964000842e-03
7.937727450963999107e-03
7.909251585232616663e-03
7.903860791391954105e-03
7.906338095792934950e-03
7.906338095792933215e-03
7.906338095792934950e-03
7.906338095792936685e-03
7.899692510492982780e-03
7.913751055085392963e-03
7.921932506561131168e-03
7.921932506561134638e-03
7.921918017740611079e-03
7.924318358019082770e-03
7.924318358019079300e-03
7.924318358019081035e-03
7.924318358019075831e-03
7.924735559871401436e-03
7.924735559871401436e-03
7.922346890531352034e-03
7.922346890531352034e-03
7.922217785258402201e-03
7.922217785258402201e-03
7.922345344909823700e-03
7.919940425010046567e-03
7.919940425010046567e-03
7.919961651646956549e-03
7.919961651646963488e-03
7.925039168973670167e-03
7.922202970942428604e-03
7.919961651646965223e-03
7.919961651646965223e-03
7.919961651646963488e-03
7.921783342131064748e-03
7.921783342131066483e-03
7.921783342131066483e-03
7.924717383775292320e-03
7.924717383775295790e-03
7.920090675140238276e-03
7.922476082547341703e-03
7.922476082547338233e-03
7.924867275685004708e-03
7.913370593986033402e-03
7.918002374459623405e-03
7.918002374459619935e-03
7.918002374459618201e-03
7.911207171311194358e-03
7.911207171311194358e-03
7.914632206889061009e-03
7.912226583177191935e-03
7.955987780618392277e-03
7.958366723821178046e-03
7.958366723821171107e-03
7.917257240236345167e-03
7.947104773087394422e-03
7.951926467389477601e-03
7.949509633189348612e-03
7.949509633189348612e-03
7.951931232330129717e-03
7.954217825102048722e-03
7.951931232330131452e-03
7.954207711853880994e-03
7.945686085921097042e-03
7.945681346872809567e-03
7.945686085921098776e-03
7.945686085921098776e-03
7.949597694824998839e-03
7.948056171289751698e-03
7.952845077240687857e-03
7.952845077240691327e-03
7.950457772980722149e-03
7.950471787414536973e-03
7.950470407095750619e-03
7.950470407095750619e-03
7.950471787414535238e-03
7.950471787414540442e-03
7.955308268580922604e-03
7.957724542353919808e-03
7.955324731977173047e-03
7.948091028098562549e-03
7.948091028098564284e-03
7.948091028098557345e-03
7.952924182178348900e-03
7.950503753369062704e-03
7.948091028098566019e-03
7.949573593592265328e-03
7.949573593592253185e-03
7.949573593592254919e-03
7.949573593592258389e-03
7.948993224505332411e-03
7.948993224505334146e-03
7.948993224505339350e-03
7.948993224505330676e-03
7.948993224505330676e-03
7.948993224505334146e-03
7.948993224505334146e-03
7.944741365162185168e-03
7.944741365162190372e-03
7.944741365162185168e-03
7.942287118752042185e-03
7.948848124339350993e-03
7.948848124339350993e-03
7.950426806474224228e-03
7.950426806474225963e-03
7.952838644255829509e-03
7.952840367467357841e-03
7.952840367467356106e-03
7.952829609804187849e-03
7.950861271601923283e-03
7.953280947627457478e-03
7.958707563178325783e-03
7.956738611860117785e-03
7.956705618766282684e-03
7.959143231971084823e-03
7.949405091061912884e-03
7.951811596525640985e-03
7.951811596525644454e-03
7.951811596525651393e-03
7.951811596525646189e-03
7.951811596525653128e-03
7.951811596525654863e-03
7.954230130650411998e-03
7.949416330396434985e-03
7.949416330396431515e-03
7.949416330396431515e-03
7.953456949992710606e-03
7.951026960196167295e-03
7.935766193229918525e-03
7.935778015411185451e-03
7.935764492932498304e-03
7.937307365334208414e-03
7.935778015411185451e-03
7.935778015411187186e-03
7.935778015411187186e-03
7.935778015411185451e-03
7.935778015411187186e-03
7.935778015411187186e-03
7.938187160900904774e-03
7.938187160900903039e-03
7.938172397210199044e-03
7.938157034909765555e-03
7.938157034909762086e-03
7.939712852692556999e-03
7.939712852692555264e-03
7.939712852692555264e-03
7.939712852692555264e-03
7.945203233495738010e-03
7.942803273342520509e-03
7.942803273342518774e-03
7.942803273342518774e-03
7.942803273342517040e-03
7.942803273342520509e-03
7.942803273342518774e-03
7.940826562228860477e-03
7.940826562228855273e-03
7.935310260116483147e-03
7.935310260116477943e-03
7.943743859638269927e-03
7.943743859638271662e-03
7.936037246343305082e-03
7.938424090879827449e-03
7.940730221241669093e-03
7.936668472267606120e-03
7.936668472267609589e-03
7.936668472267604385e-03
7.939080435200918107e-03
7.942722690516813150e-03
7.934075255454380374e-03
7.929151441986474064e-03
7.928789760010821960e-03
7.928789760010816756e-03
7.928789760010821960e-03
7.928789760010820226e-03
7.928789760010821960e-03
7.931514060047972423e-03
7.933677399276504311e-03
7.931278188633615611e-03
7.931278188633615611e-03
7.931278188633613876e-03
7.932639109384919535e-03
7.932639109384917800e-03
7.932639109384923004e-03
7.932639109384923004e-03
7.928699767923491279e-03
7.924054887268848490e-03
7.924054887268848490e-03
7.924054887268850225e-03
7.924054887268845021e-03
7.924054887268850225e-03
7.926457627548601226e-03
7.935798063173290368e-03
7.935798063173286898e-03
7.926433785870077436e-03
7.924042847138820095e-03
7.924042847138821830e-03
7.924042847138821830e-03
7.923170837709908598e-03
7.922720051215331738e-03
7.923170837709910333e-03
7.923170837709912068e-03
7.923139505694027501e-03
7.923139505694027501e-03
7.920723806914942156e-03
7.930336712222206194e-03
7.923170837709903394e-03
7.923999426836773538e-03
7.933655045121701041e-03
7.933655045121697572e-03
7.933655045121701041e-03
7.933680886812160410e-03
7.933680886812165614e-03
7.933681223420334036e-03
7.931709140743259390e-03
7.931724165340181890e-03
7.928430803388300530e-03
7.927111706727855631e-03
7.924715109125327409e-03
7.923719093331109409e-03
7.977001548021344507e-03
7.976672729159901484e-03
7.977200877128840309e-03
7.977200877128836840e-03
7.977390924422414487e-03
7.977390924422419691e-03
7.974919680672975034e-03
7.974919680672971564e-03
7.974919680672976768e-03
7.974919680672976768e-03
7.974919680672969829e-03
7.969976532729150867e-03
7.969976532729152602e-03
7.967481124860219602e-03
7.967471978341128871e-03
7.747014683582475331e-03
7.743079566832402130e-03
7.732331485212144175e-03
7.743073709314597999e-03
7.743073709314591060e-03
7.725063605630545609e-03
7.725063605630545609e-03
7.728661526108789731e-03
7.717801779860478974e-03
7.717801779860477239e-03
7.717801779860471167e-03
7.713718796055726162e-03
7.702093575646127253e-03
7.699362102749915740e-03
7.695462896894189261e-03
7.695462896894209211e-03
7.695462896894196200e-03
7.699326868223123864e-03
7.699110629828909841e-03
7.695273964286676420e-03
7.703442116830710486e-03
7.703444679179796001e-03
7.707517247168069532e-03
7.707518393261912626e-03
7.703257573048041991e-03
7.687820725335927328e-03
7.683543132605823167e-03
7.698564842699322404e-03
7.698554490449681549e-03
7.698180395688665641e-03
7.681027148846563540e-03
7.696094078210407446e-03
7.696094078210417855e-03
7.696094078210409181e-03
7.696094078210410916e-03
7.691969965011541920e-03
7.688079277167362419e-03
7.690474081489631110e-03
7.683070344154210515e-03
7.686956602685254131e-03
7.686956602685257600e-03
7.686956602685248059e-03
7.686956602685244590e-03
7.676457789970546688e-03
7.679989050053218427e-03
7.695396931841381148e-03
7.699294589644731235e-03
7.695397350079727014e-03
7.711017907732362932e-03
7.702103855294456861e-03
7.694027644046362233e-03
7.694457122801263114e-03
7.690008906229491535e-03
7.685152026084824187e-03
7.685152026084820717e-03
7.685152026084827656e-03
7.684425311296020147e-03
7.688312916300828713e-03
7.682418435236225418e-03
7.685226732817017868e-03
7.684425311296026219e-03
7.684425311296019280e-03
7.684425311296016678e-03
7.684425311296027086e-03
7.692201416216079037e-03
7.684425311296016678e-03
7.684425311296026219e-03
7.684425311296026219e-03
7.684425311296016678e-03
7.758154355132421479e-03
7.759048505695909786e-03
7.759048505695909786e-03
7.795931699841857944e-03
7.795931699841851005e-03
7.781887692867064422e-03
7.785921452622606397e-03
7.789759592792608670e-03
7.789759592792605200e-03
7.785807868934413629e-03
7.781887692867056616e-03
7.782521272405266456e-03
7.782521272405262987e-03
7.782521272405267324e-03
7.785161781185560327e-03
7.789096174008897262e-03
7.785161781185566399e-03
7.785161781185563797e-03
7.785161781185563797e-03
7.785161781185560327e-03
7.783411787794649456e-03
7.785578135865337673e-03
7.781645516780106783e-03
7.781645516780106783e-03
7.781645516780099844e-03
7.781636945419546231e-03
7.775127481670745556e-03
7.771201926154889909e-03
7.770855173738926147e-03
7.778429413675614496e-03
7.782476894558943391e-03
7.782476894558946860e-03
7.786411713685420684e-03
7.786426518826293497e-03
7.786426518826294364e-03
7.782476894558946860e-03
7.782476894558946860e-03
7.782476894558948595e-03
7.785103815834910727e-03
7.785103815834910727e-03
7.785103815834902054e-03
7.787530712014337220e-03
7.763009232850520518e-03
7.763009232850511844e-03
7.790576044724982843e-03
7.790576044724982843e-03
7.767065846716474792e-03
7.774912226879624605e-03
7.786189354732590308e-03
7.778115746478134890e-03
7.778115746478126216e-03
7.797529796487405636e-03
7.797529796487405636e-03
7.801415569201641462e-03
7.783697490577603725e-03
7.779753193577497276e-03
7.785558798052192621e-03
7.785558798052192621e-03
7.787976867792532551e-03
7.785558798052200427e-03
7.785558798052199560e-03
7.782051951949665695e-03
7.774319906542268357e-03
7.774319906542276164e-03
7.782472321567070195e-03
7.774444215444152248e-03
7.704446934713829118e-03
7.703861136636570330e-03
7.703861136636579870e-03
7.703861136636573799e-03
7.703861136636573799e-03
7.703861136636573799e-03
7.719810061364387223e-03
7.716079239337733479e-03
7.716079239337740418e-03
7.716075031195749299e-03
7.719816255342565672e-03
7.719816255342570877e-03
7.716094696640065677e-03
7.712164591947263427e-03
7.712164591947259958e-03
7.712164591947257355e-03
7.707917844171211126e-03
7.707917844171211126e-03
7.707917844171210259e-03
7.707917844171210259e-03
7.725303741788001888e-03
7.729169890708874856e-03
7.735456952337950616e-03
7.784323406014934457e-03
7.788294359506604467e-03
7.792388540043575750e-03
7.788414740064707013e-03
7.787313607613974460e-03
7.783375690726106882e-03
7.783375690726100811e-03
7.785187950224414614e-03
7.785187950224408543e-03
7.785187950224404206e-03
7.785187950224404206e-03
7.785187950224405073e-03
7.785187950224404206e-03
7.793133631124007921e-03
7.781044949814954967e-03
7.780979560087828914e-03
7.793083364204846965e-03
7.789107981492318818e-03
7.789107981492316216e-03
7.789107981492316216e-03
7.789107981492310144e-03
7.788992634041110204e-03
7.789107981492316216e-03
7.789107981492320552e-03
7.789107981492318818e-03
7.788993983173990270e-03
7.789107981492318818e-03
7.789107981492318818e-03
7.792968217453341735e-03
7.788989576088675530e-03
7.796289876039803717e-03
7.805040605796072228e-03
7.801047844496384470e-03
7.809034923118079660e-03
7.789142869657758768e-03
7.789107981492312746e-03
7.789107981492312746e-03
7.788992474409864482e-03
7.789158189700968495e-03
7.789043123241080370e-03
7.789043123241080370e-03
7.752724235145201821e-03
7.749051871569099734e-03
7.744990223229886173e-03
7.758445101761328629e-03
7.759259936026720664e-03
7.759259936026720664e-03
7.762363601892923945e-03
7.762363601892920476e-03
7.766498271805991060e-03
7.766498271805988458e-03
7.762580991657545837e-03
7.758668253525715860e-03
7.758668253525703717e-03
7.762580984013499850e-03
7.794713394730290977e-03
7.784291225312123599e-03
7.788242655387475968e-03
7.788242655387480305e-03
7.788238346370233989e-03
7.788238346370233989e-03
7.788238346370234856e-03
7.740175647434959123e-03
7.740175647434967797e-03
7.740024058229033437e-03
7.740024058229029967e-03
7.736248772797570117e-03
7.760210418011760647e-03
7.748138060228065491e-03
7.791440438731435901e-03
7.791440438731427227e-03
7.791440438731428095e-03
7.791440438731432432e-03
7.783534594489168769e-03
7.783534594489164432e-03
7.783534594489167902e-03
7.787506804371339963e-03
7.783534594489174840e-03
7.783415106809791172e-03
7.791432029326150928e-03
7.783534594489176575e-03
7.783534594489179177e-03
7.783534594489183514e-03
7.783534594489177443e-03
7.787484189267057655e-03
7.791439055432010374e-03
7.787592184570678484e-03
7.762954280866331790e-03
7.766873359643798776e-03
7.762954280866335259e-03
7.759836747537897893e-03
7.763889468528569621e-03
7.782546272679904259e-03
7.782546272679904259e-03
7.782546272679912933e-03
7.786520755008463635e-03
7.786627329517073308e-03
7.790573571950094346e-03
7.782562896643817167e-03
7.793620624431558778e-03
7.793620624431558778e-03
7.789669856467701381e-03
7.776355344415799252e-03
7.775738662958318372e-03
7.775738662958316637e-03
7.779711161462643521e-03
7.775831856990595217e-03
7.775831856990605626e-03
7.779919906655463104e-03
7.779797806328385759e-03
7.779919906655466573e-03
7.787662002620561637e-03
7.787585993637756790e-03
7.771696692654967917e-03
7.767771685697449913e-03
7.767771685697446443e-03
7.767771685697437770e-03
7.767771685697442106e-03
7.767787898351669919e-03
7.767652877411765529e-03
7.763729097844275680e-03
7.767772131813196687e-03
7.771698118372249997e-03
7.755919465333136614e-03
7.755919465333140084e-03
7.755919465333133145e-03
7.775684945786133159e-03
7.763767285068455364e-03
7.763767285068447557e-03
7.763767285068438884e-03
7.767778407449360198e-03
7.767778407449366269e-03
7.767693637663120217e-03
7.767693637663131492e-03
7.803520945115871403e-03
7.803520945115867934e-03
7.791398577257874040e-03
7.795632291845672017e-03
7.765875757201512637e-03
7.766003836671844275e-03
7.766003836671842540e-03
7.769690458379567045e-03
7.766003836671848612e-03
7.766003836671842540e-03
7.750164195494745750e-03
7.745947654451774446e-03
7.769203331641971397e-03
7.769046195449552314e-03
7.769191444815105700e-03
7.777185234794037338e-03
7.769973155872891314e-03
7.769973155872881773e-03
7.769973155872876569e-03
7.771707482633409027e-03
7.777925835348611233e-03
7.774011551834129549e-03
7.774011551834131284e-03
7.777940817332809620e-03
7.766668476398876086e-03
7.762110347115673027e-03
7.761973520992655404e-03
7.761973520992648465e-03
7.762110347115674762e-03
7.762110347115682568e-03
7.758008063440582046e-03
7.758186839568197331e-03
7.767914215519460680e-03
7.771646819796539790e-03
7.771106277056827848e-03
7.771106277056826113e-03
7.763910949566075678e-03
7.756215615248213818e-03
7.759937191580722378e-03
7.756022612746360165e-03
7.763812364902644703e-03
7.763814504687695239e-03
7.752173969053239785e-03
7.752173969053233714e-03
7.752173969053233714e-03
7.785742477184782150e-03
7.789571927228697810e-03
7.768327866165073044e-03
7.768327866165070442e-03
7.768327866165074778e-03
7.783549295430195782e-03
7.783637138599757040e-03
7.779546447872900256e-03
7.789253156639205401e-03
7.789372658609427548e-03
7.789372658609422344e-03
7.789368398261400060e-03
7.830448820568772922e-03
7.809989651332998641e-03
7.826249412686820880e-03
7.826249412686817411e-03
7.821913116304484923e-03
7.821913116304491861e-03
7.810028091702342010e-03
7.810028091702335938e-03
7.810028091702342877e-03
7.810028091702342877e-03
7.817323176852927422e-03
7.821937390151797315e-03
7.825273636587005976e-03
7.817323176852922217e-03
7.817323176852920483e-03
7.818949443261533766e-03
7.818949443261532031e-03
7.817430611436184881e-03
7.817421010061602338e-03
7.821490456588505238e-03
7.811217674438208913e-03
7.814626209234825510e-03
7.817090066749630625e-03
7.788672453674638611e-03
7.788672453674638611e-03
7.791272509328856996e-03
7.799185787501158179e-03
7.795226760819834802e-03
7.795226760819834802e-03
7.795226760819827863e-03
7.795226760819832200e-03
7.788924209971760486e-03
7.788924209971757016e-03
7.788924209971760486e-03
7.788924209971759618e-03
7.789571020557565541e-03
7.789571020557565541e-03
7.793508470873440272e-03
7.801646575274216039e-03
7.801646575274219508e-03
7.813033554795104432e-03
7.797231643415539551e-03
7.797231643415538684e-03
7.781457420805998858e-03
7.785472795268623403e-03
7.785472795268623403e-03
7.786223536210190067e-03
7.786223536210197874e-03
7.784759729257421414e-03
7.802352547032943494e-03
7.791179395583137934e-03
7.791179395583134465e-03
7.791179395583130128e-03
7.791179395583124057e-03
7.791179395583127526e-03
7.791179395583138802e-03
7.791179395583137934e-03
7.791179395583135332e-03
7.805089509813739265e-03
7.805089509813739265e-03
7.805159863815074907e-03
7.809264947449851869e-03
7.797731412412601051e-03
7.802717906988731328e-03
7.802717906988736532e-03
7.802498267594780261e-03
7.794255870542192086e-03
7.794291743629049030e-03
7.786189164914736165e-03
7.792758516339789825e-03
7.792758516339780284e-03
7.800854598869510700e-03
7.796411557902547564e-03
7.792469666635930270e-03
7.788604644073715555e-03
7.788604644073719892e-03
7.788604644073715555e-03
7.788634326265876304e-03
7.784475274156580152e-03
7.788412438735335154e-03
7.789509563857211806e-03
7.789509563857210939e-03
7.762990705997333506e-03
7.769603250396921873e-03
7.769603250396932281e-03
7.769603250396921873e-03
7.767099363137230754e-03
-4.198096388516835142e-02
-4.221733580312776041e-02
-4.221141614758648630e-02
-4.222070641352228260e-02
-4.230020406964457580e-02
-4.251887748354558211e-02
-4.251889835176503318e-02
-4.205029334929751006e-02
-4.212882659867790702e-02
-4.212891877294459853e-02
-4.212891877294457771e-02
-4.212891877294455689e-02
-4.212891877294456383e-02
-4.212870464926408293e-02
-4.268162960014075524e-02
-4.268162960014074137e-02
-4.268162960014076912e-02
-4.252286245108434504e-02
-4.251975713462052137e-02
-4.259541156769669490e-02
-4.225169723349270906e-02
-4.211143805258432682e-02
-4.211143805258433376e-02
-4.211143805258432682e-02
-4.211143805258435457e-02
-4.217284944246267597e-02
-4.267335190237485365e-02
-4.257801705445883600e-02
-4.257801705445881518e-02
-4.257801705445880824e-02
-4.211154107941537938e-02
-4.211154107941535857e-02
-4.198510609021911116e-02
-4.211154107941536551e-02
-4.219034284690567627e-02
-4.198960580158520722e-02
-4.198960580158522110e-02
-4.198960580158520722e-02
-4.198960580158520722e-02
-4.220379949634515265e-02
-4.228149306598223689e-02
-4.228149306598223689e-02
-4.236109437076378270e-02
-4.236109437076378270e-02
-4.236109437076375495e-02
-4.228149306598220220e-02
-4.228149306598221607e-02
-4.209402673818544993e-02
-4.223295004786182388e-02
-4.200957101801339189e-02
-4.200957101801339189e-02
-4.200398046999852253e-02
-4.263500360267502565e-02
-4.263500360267500483e-02
-4.255094731073743447e-02
-4.264646929488941085e-02
-4.262207022697282743e-02
-4.270275698841684980e-02
-4.278394088150183627e-02
-4.262289442849315907e-02
-4.270133951683505180e-02
-4.270275698841682899e-02
-4.270275698841681511e-02
-4.270275698841684286e-02
-4.234140209111261072e-02
-4.234165237912764640e-02
-4.234140209111258990e-02
-4.240014320536515668e-02
-4.247607935123983575e-02
-4.247607935123981493e-02
-4.261831394545374102e-02
-4.262001638965572103e-02
-4.262001638965572797e-02
-4.272488035024395170e-02
-4.262301286264922467e-02
-4.262295585121324282e-02
-4.262339475307937164e-02
-4.254189133825189012e-02
-4.254189133825192481e-02
-4.254189133825189012e-02
-4.254179553170599898e-02
-4.262285445042596210e-02
-4.255230511123490184e-02
-4.261954557079552369e-02
-4.269117648427264017e-02
-4.269117648427264711e-02
-4.078695128987782498e-02
-4.071443606551567590e-02
-4.073894050637098807e-02
-4.066777706710135443e-02
-4.066777706710134749e-02
-4.066777706710134055e-02
-4.080876890282217340e-02
-4.088106410683922665e-02
-4.111518104412771601e-02
-4.133301910443649280e-02
-4.126120314317244936e-02
-4.126120314317243548e-02
-4.126120314317244936e-02
-4.113609640375664317e-02
-4.106457721613449019e-02
-4.106457721613448325e-02
-4.084734510952871267e-02
-4.084779853628793533e-02
-4.091312841564305469e-02
-4.084801737394380683e-02
-4.077547168152267226e-02
-4.111301921812766241e-02
-4.090718661664004274e-02
-4.090718661664004968e-02
-4.090718661664004274e-02
-4.096868196833348269e-02
-4.124419008468250408e-02
-4.129748691078335282e-02
-4.119143269846252398e-02
-4.119143269846251010e-02
-4.129812470302977184e-02
-4.129812470302976490e-02
-4.129812470302975796e-02
-4.129812470302976490e-02
-4.129812470302977184e-02
-4.129812470302975796e-02
-4.135104965094706791e-02
-4.135163594222527467e-02
-4.104159620342531095e-02
-4.104159620342530401e-02
-4.104159620342529013e-02
-4.109458423788023979e-02
-4.098920763640987591e-02
-4.099009123793819626e-02
-4.099009123793818932e-02
-4.093760607021029729e-02
-4.093760607021029729e-02
-4.104281073708562766e-02
-4.103926275566151249e-02
-4.109227300255161031e-02
-4.109183150185116012e-02
-4.114272019949993114e-02
-4.104888267963646697e-02
-4.104970423779492894e-02
-4.104970423779492200e-02
-4.099205666604446158e-02
-4.099205666604446158e-02
-4.099205666604446158e-02
-4.099205666604446852e-02
-4.093780633493406679e-02
-4.099283326402932554e-02
-4.096268396793893707e-02
-4.096268396793893707e-02
-4.096268396793893013e-02
-4.119210199908214520e-02
-4.118856243411302825e-02
-4.123892569652692908e-02
-4.116104003975690900e-02
-4.116104003975692288e-02
-4.126453434399881409e-02
-4.126453434399881409e-02
-4.127663598362043412e-02
-4.133003081748824747e-02
-4.128510821050321994e-02
-4.122774518869103816e-02
-4.122774518869103122e-02
-4.123186894395155372e-02
-4.123186894395156066e-02
-4.121874006061485712e-02
-4.127085709385598655e-02
-4.128596049533572732e-02
-4.128596049533572732e-02
-4.107356768710722361e-02
-4.117990003855107051e-02
-4.117950514431280989e-02
-4.123302391776246384e-02
-4.122633593895514564e-02
-4.122633593895514564e-02
-4.132708369881814975e-02
-4.127728893135180349e-02
-4.127728893135181043e-02
-4.127931767161669568e-02
-4.118866210780083859e-02
-4.122670545993441932e-02
-4.122670545993440544e-02
-4.122670545993441932e-02
-4.122670545993441238e-02
-4.122670545993441238e-02
-4.133953984050964953e-02
-4.148602213552696205e-02
-4.162331601040190898e-02
-4.162331601040192286e-02
-4.147413024861722197e-02
-4.152756068762054192e-02
-4.144115752272722192e-02
-4.133854361623018336e-02
-4.148398322139811023e-02
-4.132973825555741332e-02
-4.113985960320094837e-02
-4.113985960320094143e-02
-4.114855766257501796e-02
-4.114855766257500408e-02
-4.109620850447735091e-02
-4.109620850447734397e-02
-4.114872519345037089e-02
-4.109670301535723463e-02
-4.107702697275522619e-02
-4.107702697275524006e-02
-4.122514155431512145e-02
-4.107702697275523313e-02
-4.107702697275521925e-02
-4.107702697275523313e-02
-4.107702697275524006e-02
-4.107702697275524006e-02
-4.120036017448345383e-02
-4.106576196750764962e-02
-4.106576196750764962e-02
-4.106645285100932879e-02
-4.106645285100934961e-02
-4.106645285100933573e-02
-4.106645285100934267e-02
-4.220522936159634003e-02
-4.220522936159634003e-02
-4.220522936159635391e-02
-4.220522936159635391e-02
-4.220522936159635391e-02
-4.213001698062078526e-02
-4.213001698062078526e-02
-4.213001698062077138e-02
-4.217509269710809083e-02
-4.217509269710808389e-02
-4.217509269710808389e-02
-4.217509269710809083e-02
-4.217509269710808389e-02
-4.226275030222099993e-02
-4.238853142860937728e-02
-4.238853142860938422e-02
-4.242727457959145215e-02
-4.190260015443603159e-02
-4.190258758013660351e-02
-4.199409811823087008e-02
-4.204892592324153966e-02
-4.213918377399555881e-02
-4.214951567720141845e-02
-4.171681752803022697e-02
-4.171681752803022697e-02
-4.171681752803022697e-02
-4.166091321233753031e-02
-4.169587224657721192e-02
-4.171498713227678873e-02
-4.186557602108025022e-02
-4.171510145342869486e-02
-4.171510145342870179e-02
-4.171510145342870179e-02
-4.176861807507713242e-02
-4.213544652297256110e-02
-4.224559255375243821e-02
-4.209853846693430157e-02
-4.207456098242562392e-02
-4.207456098242562392e-02
-4.215989817648559818e-02
-4.215989817648559124e-02
-4.227010574108323870e-02
-4.221497797590820916e-02
-4.227018468416760683e-02
-4.219241544730070737e-02
-4.239123921319661731e-02
-4.244793013921006886e-02
-4.239577013936626088e-02
-4.227475964544159803e-02
-4.230287887214745357e-02
-4.207447065333165537e-02
-4.207447065333164149e-02
-4.207649128876693456e-02
-4.207649128876693456e-02
-4.202172606524130077e-02
-4.202172606524130771e-02
-4.202155662170289213e-02
-4.202155662170289907e-02
-4.191316022818077774e-02
-4.211956512914667716e-02
-4.215525111679904735e-02
-4.215525111679904735e-02
-4.212927855375724062e-02
-4.222943810496720268e-02
-4.217454562045055977e-02
-4.228224677899746625e-02
-4.228224677899746625e-02
-4.223573478273984216e-02
-4.212925104266623810e-02
-4.219640310828914886e-02
-4.219640310828914886e-02
-4.221671032394529871e-02
-4.222362598799792033e-02
-4.222362598799792727e-02
-4.222362598799790645e-02
-4.222362598799790645e-02
-4.222989164249859456e-02
-4.222989164249859456e-02
-4.217473398649097815e-02
-4.217427080116354504e-02
-4.217413664252986361e-02
-4.234535533499619864e-02
-4.212201301093095041e-02
-4.212201301093095041e-02
-4.212201301093095041e-02
-4.212201301093095041e-02
-4.217378976886503039e-02
-4.212201301093095041e-02
-4.221360667969122071e-02
-4.221360667969122071e-02
-4.217622419550454138e-02
-4.217622419550454832e-02
-4.222200519256435330e-02
-4.223039601519673614e-02
-4.223039601519674308e-02
-4.244204638530303664e-02
-4.244204638530305052e-02
-4.238773694542042475e-02
-4.238773694542043169e-02
-4.238773694542044557e-02
-4.238773694542045251e-02
-4.240742679166658452e-02
-4.238773694542044557e-02
-4.249810729766107659e-02
-4.249807310538086802e-02
-4.255222512949301955e-02
-4.251854799395272944e-02
-4.236166197946874407e-02
-4.237100541691807970e-02
-4.242499186992960275e-02
-4.248012548592458582e-02
-4.241347031040108156e-02
-4.241347031040106769e-02
-4.244870044144621185e-02
-4.237001387586755013e-02
-4.237001387586753626e-02
-4.237001387586755013e-02
-4.237001387586756401e-02
-4.237558365617020290e-02
-4.229396315190794842e-02
-4.229409365343496374e-02
-4.229409365343497068e-02
-4.227906380473521464e-02
-4.227906380473520770e-02
-4.245834324203597021e-02
-4.245834324203598409e-02
-4.240348849884800764e-02
-4.240348849884802152e-02
-4.240348849884800070e-02
-4.240348849884799376e-02
-4.208079073532837444e-02
-4.208079073532838832e-02
-4.208079073532838138e-02
-4.212783934725532892e-02
-4.212783934725532892e-02
-4.234339375978318082e-02
-4.249679898812117051e-02
-4.249679898812114970e-02
-4.255204021160182565e-02
-4.249679898812114970e-02
-4.249679898812114970e-02
-4.245042883221739061e-02
-4.245042883221739061e-02
-4.238903898659091701e-02
-4.238903898659093089e-02
-4.238903898659095171e-02
-4.238911580896192327e-02
-4.242674738858166067e-02
-4.242674738858164679e-02
-4.242674738858164679e-02
-4.237213225437858055e-02
-4.248191645136140115e-02
-4.196699925436297302e-02
-4.207346343635274405e-02
-4.201964230422719493e-02
-4.201964230422717411e-02
-4.197524431982263549e-02
-4.197524431982264242e-02
-4.197524431982264242e-02
-4.208259945944000519e-02
-4.208259945943999825e-02
-4.198414124046568469e-02
-4.202891044299929268e-02
-4.202891044299929268e-02
-4.208162758008792553e-02
-4.202891044299929268e-02
-4.202891044299928575e-02
-4.202886697055614740e-02
-4.202886697055616821e-02
-4.202886697055616821e-02
-4.202886697055614740e-02
-4.207989760138468316e-02
-4.202886697055616821e-02
-4.213619212276387832e-02
-4.208256831097244993e-02
-4.213653655988696539e-02
-4.208265264599455463e-02
-4.208251181909460764e-02
-4.197518669334115299e-02
-4.202942728354833873e-02
-4.202942728354833873e-02
-4.194425930296608040e-02
-4.199796789435431693e-02
-4.199796789435433081e-02
-4.199796789435433081e-02
-4.199796789435431693e-02
-4.199796789435431693e-02
-4.197530055837839918e-02
-4.197530055837839918e-02
-4.197532602539458951e-02
-4.197524005170749639e-02
-4.201720671811483981e-02
-4.201720671811485369e-02
-4.190621026950081679e-02
-4.201298932885006582e-02
-4.222087140988490389e-02
-4.222085013049142743e-02
-4.222085013049146213e-02
-4.216659954051509701e-02
-4.216659954051509701e-02
-4.211905168827034113e-02
-4.211905168827034113e-02
-4.206520041725021752e-02
-4.206520041725022446e-02
-4.222273007515548598e-02
-4.222273007515547211e-02
-4.201145745647692775e-02
-4.192698430958885503e-02
-4.193344142183539486e-02
-4.190352003688516125e-02
-4.190352003688512655e-02
-4.199856654784541593e-02
-4.204615537741302617e-02
-4.224962108437691627e-02
-4.221435898784923341e-02
-4.222535143482363668e-02
-4.217899607411654955e-02
-4.223732427854806626e-02
-4.223666841911136172e-02
-4.225678442618456543e-02
-4.225579208992431834e-02
-4.225579208992431141e-02
-4.222943042562350008e-02
-4.235881850871283522e-02
-4.230427402692488181e-02
-4.225821959744426037e-02
-4.225821959744426037e-02
-4.220469663115895137e-02
-4.220469663115893055e-02
-4.220480427100799931e-02
-4.220469663115893749e-02
-4.220469663115892361e-02
-4.230380123284515487e-02
-4.230489056863481756e-02
-4.231287997921682337e-02
-4.231287997921683725e-02
-4.231287997921682337e-02
-4.231287997921682337e-02
-4.236746714299845229e-02
-4.238176400958230255e-02
-4.238176400958227480e-02
-4.246322880618755291e-02
-4.246322880618757373e-02
-4.251843067025599943e-02
-4.211773183855360009e-02
-4.214853016798957019e-02
-4.214853016798954244e-02
-4.246894380934036067e-02
-4.246894380934036067e-02
-4.246894380934036761e-02
-4.252406863360481959e-02
-4.252406863360483347e-02
-4.252406863360483347e-02
-4.190684964723644795e-02
-4.190684964723645489e-02
-4.190684964723646183e-02
-4.190684964723646183e-02
-4.205126029461783016e-02
-4.205126029461783016e-02
-4.220998983508716940e-02
-4.220998983508716940e-02
