-1.662099682745896492e-02
-1.699181260010200478e-02
-1.662099682745421525e-02
-1.662099682746059903e-02
-1.662099682745706020e-02
-1.662099682745895451e-02
-1.662099682745783041e-02
-1.699181260010366665e-02
-1.699181260010419747e-02
-1.699181260010337174e-02
-1.699181260010390257e-02
-1.699181260010402747e-02
-1.699181260010474218e-02
-1.662099682745865961e-02
-1.626588564064430226e-02
-1.638048157139476713e-02
-1.638048157139477060e-02
-1.638048157139477060e-02
-1.638048157139481917e-02
-1.638048157139481917e-02
-1.638048157139482958e-02
-1.638048157139478100e-02
-1.638048157139481917e-02
-1.638048157139483652e-02
-1.638048157139483652e-02
-1.638048157139476019e-02
-1.638048157139482611e-02
-1.638048157139484345e-02
-1.638048157139483998e-02
-1.638048157139476713e-02
-1.638048157139482611e-02
-1.679271332644249881e-02
-1.679271332644247799e-02
-1.679271332644243983e-02
-1.679271332644240861e-02
-1.679271332644230799e-02
-1.700676550648841379e-02
-1.700676550648825766e-02
-1.745178350769191825e-02
-1.745178350769192518e-02
-1.722644106866574876e-02
-1.722644106866576263e-02
-1.722644106866570365e-02
-1.722644106866579039e-02
-1.722644106866574182e-02
-1.722644106866579039e-02
-1.722644106866579039e-02
-1.722644106866579386e-02
-1.722644106866576957e-02
-1.722644106866570365e-02
-1.700687435256004881e-02
-1.700687435256009739e-02
-1.722643694558981253e-02
-1.700684450804143197e-02
-1.700684450804143197e-02
-1.700684450804143197e-02
-1.700684450804147013e-02
-1.679277673595287387e-02
-1.679277673595282530e-02
-1.679277673595287040e-02
-1.679277673595287387e-02
-1.679277673595293632e-02
-1.679277673595303000e-02
-1.700674238039207725e-02
-1.700674238039205297e-02
-1.700674238039196623e-02
-1.700674238039194194e-02
-1.700674238039189337e-02
-1.700674238039193847e-02
-1.700674238039194888e-02
-1.700674238039203215e-02
-1.700674238039202868e-02
-1.700674238039194194e-02
-1.700674238039189337e-02
-1.700674238039194888e-02
-1.700674238039196970e-02
-1.700674238039205297e-02
-1.700674238039203215e-02
-1.700674238039198705e-02
-1.700674238039202868e-02
-1.700674238039198705e-02
-1.700674238039195235e-02
-1.679277673595304041e-02
-1.745344248767548290e-02
-1.745344248767561821e-02
-1.745344248767550024e-02
-1.768484058929559871e-02
-1.768484058929556055e-02
-1.768484058929557096e-02
-1.745344248767555576e-02
-1.722806082302392669e-02
-1.722806082302395445e-02
-1.722806082302392322e-02
-1.722806082302393016e-02
-1.722806082302393016e-02
-1.722806082302398914e-02
-1.722806082302392669e-02
-1.722806082302390240e-02
-1.722806082302392322e-02
-1.722806082302391281e-02
-1.722806082302392669e-02
-1.722806082302389893e-02
-1.745343605240949267e-02
-1.722806082302393363e-02
-1.722806082302390587e-02
-1.722806082302395445e-02
-1.722806082302382955e-02
-1.722806082302386771e-02
-1.722806082302378791e-02
-1.722806082302389546e-02
-1.722806082302397179e-02
-1.722806082302390240e-02
-1.816664203941616845e-02
-1.816682584166356626e-02
-1.816682584166347952e-02
-1.816682584166346218e-02
-1.816682584166345871e-02
-1.816682584166353157e-02
-1.841778866700573281e-02
-1.841778866700576403e-02
-1.841778866700574668e-02
-1.841778866700567729e-02
-1.745883251117549481e-02
-1.745883251117553298e-02
-1.745883251117563012e-02
-1.745883251117552604e-02
-1.723215359791119630e-02
-1.723215359791119630e-02
-1.723215359791117549e-02
-1.723215359791124834e-02
-1.722700130642875263e-02
-1.722700130642891569e-02
-1.722700130642898508e-02
-1.722700130642896774e-02
-1.722700130642874222e-02
-1.722700130642874916e-02
-1.722700130642887753e-02
-1.722700130642887406e-02
-1.722700130642903019e-02
-1.722700130642903019e-02
-1.722700130642887753e-02
-1.722700130642885324e-02
-1.679460967682560452e-02
-1.700802868070690199e-02
-1.700802868070690199e-02
-1.700802868070696791e-02
-1.700802868070689852e-02
-1.700802868070706159e-02
-1.722700130642892263e-02
-1.722700130642891223e-02
-1.722700130642904406e-02
-1.700802868070679791e-02
-1.700802868070677709e-02
-1.700802868070688117e-02
-1.679460967682562533e-02
-1.679460967682565656e-02
-1.679460967682570166e-02
-1.679460967682574676e-02
-1.679460967682574329e-02
-1.679460967682582656e-02
-1.679460967682582309e-02
-1.679460967682581615e-02
-1.700802868070684648e-02
-1.700802868070694709e-02
-1.700802868070697832e-02
-1.679460967682569125e-02
-1.679460967682569819e-02
-1.679460967682569819e-02
-1.679460967682569819e-02
-1.679460967682570860e-02
-1.679460967682570513e-02
-1.679460967682570166e-02
-1.679460967682567391e-02
-1.679460967682567737e-02
-1.679460967682569819e-02
-1.679460967682569819e-02
-1.679460967682570166e-02
-1.679460967682570166e-02
-1.700801718602880028e-02
-1.700801718602890089e-02
-1.722696727050308449e-02
-1.722696727050310531e-02
-1.679460967682569819e-02
-1.679460967682571901e-02
-1.679460967682567391e-02
-1.679460967682567044e-02
-1.679460967682565656e-02
-1.679460967682565309e-02
-1.679460967682570860e-02
-1.679460967682569819e-02
-1.679460967682569819e-02
-1.679460967682569819e-02
-1.679460967682567391e-02
-1.679460967682567737e-02
-1.679460967682567737e-02
-1.679460967682567737e-02
-1.679460967682556982e-02
-1.767433636041762859e-02
-1.767433636041761472e-02
-1.767433636041771533e-02
-1.791086692060210595e-02
-1.791086692060214411e-02
-1.745170065406924723e-02
-1.745170065406914661e-02
-1.745170065406920212e-02
-1.745170065406926110e-02
-1.745170065406912233e-02
-1.745170065406915355e-02
-1.745170065406915355e-02
-1.745170065406918478e-02
-1.768216786419049558e-02
-1.768216786419045394e-02
-1.745170065406925070e-02
-1.745170065406913967e-02
-1.745170065406920906e-02
-1.768216786419058925e-02
-1.768216786419045394e-02
-1.768216786419057884e-02
-1.745170065406922988e-02
-1.745170065406924723e-02
-1.745170065406925763e-02
-1.722714953915533559e-02
-1.722714953915533559e-02
-1.722714953915531477e-02
-1.722714953915534947e-02
-1.722714953915533559e-02
-1.722714953915524885e-02
-1.722714953915525232e-02
-1.722714953915539457e-02
-1.722714953915533559e-02
-1.722714953915524885e-02
-1.722714953915522457e-02
-1.722714953915531130e-02
-1.722714953915546743e-02
-1.722714953915535641e-02
-1.722714953915539804e-02
-1.722714953915533559e-02
-1.722714953915532865e-02
-1.722714953915533212e-02
-1.722714953915531130e-02
-1.722714953915531477e-02
-1.722711249325661192e-02
-1.722711249325670907e-02
-1.722714953915531477e-02
-1.722714953915539457e-02
-1.722714953915532865e-02
-1.722714953915525232e-02
-1.722714953915524885e-02
-1.722714953915535988e-02
-1.722714953915532865e-02
-1.722714953915522457e-02
-1.658320943629107425e-02
-1.658320943629126507e-02
-1.658320943629129629e-02
-1.658320943629128935e-02
-1.658320943629128241e-02
-1.637941030680224036e-02
-1.637941030680221607e-02
-1.637941030680228199e-02
-1.637941030680220567e-02
-1.637941030680215015e-02
-1.637941030680228199e-02
-1.637941030680225771e-02
-1.637941030680222995e-02
-1.637941030680222995e-02
-1.637941030680228546e-02
-1.637941030680223689e-02
-1.637941030680220567e-02
-1.656490223955354307e-02
-1.656490223955348062e-02
-1.637941030680215015e-02
-1.658320943629126507e-02
-1.658320943629117486e-02
-1.637941030680215015e-02
-1.637941030680222648e-02
-1.658026808443874289e-02
-1.658026808443875330e-02
-1.637941030680215015e-02
-1.637941030680216403e-02
-1.637941030680213975e-02
-1.637941030680222301e-02
-1.618054216781566676e-02
-1.637939115441337107e-02
-1.637939115441343699e-02
-1.618054216781575350e-02
-1.637939115441337801e-02
-1.637939115441337454e-02
-1.618054216781575697e-02
-1.637828512963943745e-02
-1.637828512963949296e-02
-1.637828512963949643e-02
-1.637828512963949296e-02
-1.637828512963942010e-02
-1.637828512963943745e-02
-1.637828512963944438e-02
-1.637828512963944785e-02
-1.657351677655886577e-02
-1.657351677655885536e-02
-1.657351677655885883e-02
-1.657351677655881719e-02
-1.700570295618771335e-02
-1.657352699431983295e-02
-1.657352699431960744e-02
-1.657352699431958662e-02
-1.657352699431967336e-02
-1.657352699431967682e-02
-1.657352699431976356e-02
-1.657352699431958662e-02
-1.678671511846661218e-02
-1.700551287412405826e-02
-1.657352699431958662e-02
-1.678671312412772718e-02
-1.678656214718934198e-02
-1.678656214718929340e-02
-1.657352699431983295e-02
-1.657352699431958662e-02
-1.657352699431975315e-02
-1.657352699431957968e-02
-1.657352699431958662e-02
-1.657352699431966295e-02
-1.657352699431975315e-02
-1.657352699431975315e-02
-1.657352699431958662e-02
-1.657352699431967682e-02
-1.657352699431968376e-02
-1.723072472752368647e-02
-1.723072472752374892e-02
-1.723072472752350953e-02
-1.723072472752350953e-02
-1.746048653086215707e-02
-1.746048653086213279e-02
-1.752691733429633317e-02
-1.752691733429628806e-02
-1.752691733429628806e-02
-1.752691733429620827e-02
-1.752691733429620480e-02
-1.752691733429620480e-02
-1.752691733429634358e-02
-1.678713368892921498e-02
-1.678713368892926702e-02
-1.657389033291887040e-02
-1.657358021681092086e-02
-1.657358021681091045e-02
-1.657358021681095209e-02
-1.657358021681092086e-02
-1.657358021681091045e-02
-1.657358021681100413e-02
-1.657358021681100413e-02
-1.657358021681102841e-02
-1.657358021681094168e-02
-1.657358021681086188e-02
-1.580156333131101098e-02
-1.580156333131107690e-02
-1.580156333131102139e-02
-1.580156333131105956e-02
-1.580156333131102833e-02
-1.580156333131110466e-02
-1.580156333131112548e-02
-1.580156333131109425e-02
-1.580156333131107690e-02
-1.580156333131109078e-02
-1.580156333131105262e-02
-1.580156333131108037e-02
-1.580156333131106303e-02
-1.580156333131112895e-02
-1.580156333131111507e-02
-1.595829180428142216e-02
-1.595829180428147073e-02
-1.595829180428147073e-02
-1.595829180428143951e-02
-1.595829180428139094e-02
-1.595829180428142563e-02
-1.580156333131109772e-02
-1.580156333131109078e-02
-1.595829180428140134e-02
-1.595829682081218934e-02
-1.595829180428147073e-02
-1.595829180428145339e-02
-1.595829180428144992e-02
-1.595829180428144992e-02
-1.595829180428144645e-02
-1.595829180428147073e-02
-1.580156333131108037e-02
-1.580156333131108731e-02
-1.580156333131108731e-02
-1.580156333131102139e-02
-1.580156333131105609e-02
-1.580156333131102139e-02
-1.580156333131106650e-02
-1.580156333131109772e-02
-1.580156333131102833e-02
-1.580156333131102139e-02
-1.580156333131113242e-02
-1.580156333131112201e-02
-1.580156333131106650e-02
-1.580156333131105956e-02
-1.580156333131106650e-02
-1.580156333131108037e-02
-1.580156333131105956e-02
-1.580156333131112548e-02
-1.580156333131113588e-02
-1.595829180428146726e-02
-1.580156333131105609e-02
-1.580156333131105956e-02
-1.580156333131113242e-02
-1.580156333131105956e-02
-1.580156333131104915e-02
-1.580156333131102833e-02
-1.580156333131106650e-02
-1.580156333131100405e-02
-1.580156333131108037e-02
-1.580156333131108037e-02
-1.595829180428140828e-02
-1.580156333131107343e-02
-1.580156333131108037e-02
-1.580156333131108037e-02
-1.580156333131104568e-02
-1.580156333131107690e-02
-1.580156333131107343e-02
-1.580156333131108037e-02
-1.580156333131109078e-02
-1.580156333131113588e-02
-1.550207184363744557e-02
-1.550207184363752190e-02
-1.550207184363753057e-02
-1.550207184363760343e-02
-1.550207184363751670e-02
-1.550207184363751843e-02
-1.550207184363753925e-02
-1.550207184363756006e-02
-1.550207184363753057e-02
-1.550207184363760343e-02
-1.550207184363759996e-02
-1.565218389447391861e-02
-1.550207184363758435e-02
-1.550207184363752017e-02
-1.550207184363758435e-02
-1.550207184363755833e-02
-1.550207184363755313e-02
-1.550207184363760690e-02
-1.565218389447397412e-02
-1.565218389447394984e-02
-1.550207184363758435e-02
-1.550207184363758262e-02
-1.550207184363755313e-02
-1.550207184363754792e-02
-1.550207184363755313e-02
-1.550207184363760343e-02
-1.550207184363760690e-02
-1.565218389447391861e-02
-1.565218389447386310e-02
-1.550207184363769364e-02
-1.550207184363769364e-02
-1.550207184363772313e-02
-1.550207184363770752e-02
-1.565218389447394637e-02
-1.565218389447386657e-02
-1.565218389447391861e-02
-1.565218389447398800e-02
-1.565218389447397759e-02
-1.565218389447394637e-02
-1.565218389447391861e-02
-1.565221484429979090e-02
-1.565221484429981519e-02
-1.580534027378038830e-02
-1.535479901948951301e-02
-1.535479901948956331e-02
-1.535479901948943147e-02
-1.535479901948953729e-02
-1.543855702690982885e-02
-1.543855702690983753e-02
-1.543855702690977681e-02
-1.558853294577284068e-02
-1.558853294577276956e-02
-1.543855702690978722e-02
-1.543855702690977855e-02
-1.535028898694013912e-02
-1.535028898694025361e-02
-1.535028898694025534e-02
-1.535479901948944535e-02
-1.535479901948952168e-02
-1.535479901948951821e-02
-1.535479901948954944e-02
-1.550205960195711642e-02
-1.550205960195719622e-02
-1.550205960195715632e-02
-1.550205960195715112e-02
-1.550205960195705224e-02
-1.550205960195709214e-02
-1.550205960195708173e-02
-1.550205960195710775e-02
-1.550205960195711989e-02
-1.550205960195718061e-02
-1.550205960195714244e-02
-1.550205960195711989e-02
-1.550205960195714244e-02
-1.550205960195712336e-02
-1.550205960195711642e-02
-1.628657326760501664e-02
-1.628657326760507562e-02
-1.612391545928182693e-02
-1.612391545928184428e-02
-1.628657326760520052e-02
-1.628657326760516930e-02
-1.628657326760516930e-02
-1.628657326760518664e-02
-1.628657326760523175e-02
-1.628657326760515889e-02
-1.628657326760522481e-02
-1.580865410162130696e-02
-1.565545084292697953e-02
-1.565545084292693789e-02
-1.645306841536926801e-02
-1.645306841536929923e-02
-1.645306841536923331e-02
-1.645306841536916392e-02
-1.628707419548438076e-02
-1.628707419548439117e-02
-1.628707419548438423e-02
-1.628707419548447791e-02
-1.628707419548448138e-02
-1.628707419548437729e-02
-1.628707419548441546e-02
-1.628707419548441893e-02
-1.628707419548448485e-02
-1.628705236910461124e-02
-1.612433585855746823e-02
-1.612448203134566466e-02
-1.645280204763360787e-02
-1.645280204763361481e-02
-1.645280204763362522e-02
-1.628697325190585007e-02
-1.628697325190591946e-02
-1.628697325190587089e-02
-1.628697325190584660e-02
-1.628697325190586742e-02
-1.628697325190588824e-02
-1.628697325190592987e-02
-1.612448203134557098e-02
-1.612448203134557098e-02
-1.628696969947749859e-02
-1.645303140050601021e-02
-1.645303140050603102e-02
-1.645303140050602755e-02
-1.645303140050597898e-02
-1.645303140050594776e-02
-1.645303140050594429e-02
-1.645303140050599633e-02
-1.662237979844570154e-02
-1.645303262278328960e-02
-1.645303262278323755e-02
-1.645303262278323062e-02
-1.612457558445679062e-02
-1.612457558445686001e-02
-1.612457558445684960e-02
-1.628712508884336968e-02
-1.628712508884336968e-02
-1.628712508884331764e-02
-1.612457558445685307e-02
-1.612457558445686695e-02
-1.628734907422532685e-02
-1.628734907422523664e-02
-1.628734907422529216e-02
-1.628734907422527828e-02
-1.628734907422521583e-02
-1.628734907422531644e-02
-1.628734907422531297e-02
-1.628734907422522624e-02
-1.628734907422531297e-02
-1.628734907422522971e-02
-1.628734907422522624e-02
-1.628734907422523318e-02
-1.628734907422522624e-02
-1.645279991797198721e-02
-1.645279991797204966e-02
-1.645279991797201496e-02
-1.645279991797200803e-02
-1.662165911542000038e-02
-1.628760369133770702e-02
-1.628760369133776253e-02
-1.628760369133775560e-02
-1.628760369133770702e-02
-1.628760369133765151e-02
-1.628760369133765498e-02
-1.628760369133770702e-02
-1.645320161296351738e-02
-1.645320161296345840e-02
-1.645320161296357983e-02
-1.645320161296357983e-02
-1.628760369133764110e-02
-1.662271811476124031e-02
-1.679503014519772436e-02
-1.679503014519768272e-02
-1.679503014519768619e-02
-1.662271811476115357e-02
-1.662271811476119174e-02
-1.662271811476120562e-02
-1.697097226435896958e-02
-1.697097226435888978e-02
-1.679503272996159952e-02
-1.679503272996155094e-02
-1.679503272996148849e-02
-1.679503272996165850e-02
-1.679503272996154747e-02
-1.679503272996157870e-02
-1.679503272996161686e-02
-1.679503272996155094e-02
-1.679503272996153013e-02
-1.679503272996159952e-02
-1.679503272996161686e-02
-1.679503272996161339e-02
-1.679503272996163074e-02
-1.679503272996163074e-02
-1.679503272996149890e-02
-1.679503272996155094e-02
-1.679503272996156829e-02
-1.679503272996156829e-02
-1.679503272996157176e-02
-1.679503272996148502e-02
-1.679503272996148849e-02
-1.645376173032423242e-02
-1.645376173032423589e-02
-1.645376173032428099e-02
-1.662253573278017066e-02
-1.662253573278017760e-02
-1.645376173032424283e-02
-1.645376173032432263e-02
-1.645376173032422201e-02
-1.645376173032425671e-02
-1.645376173032421507e-02
-1.645376173032421507e-02
-1.645376173032422201e-02
-1.662253573278013249e-02
-1.662253573278021576e-02
-1.662253573278013596e-02
-1.697083154038344852e-02
-1.645376173032430528e-02
-1.645376173032421854e-02
-1.645376173032427752e-02
-1.645376173032420813e-02
-1.645376173032425324e-02
-1.645376173032420813e-02
-1.645376173032420120e-02
-1.645376173032423242e-02
-1.645376173032420120e-02
-1.645376173032433303e-02
-1.645376173032433303e-02
-1.645376173032427752e-02
-1.662253573278005270e-02
-1.662253573278010127e-02
-1.662253573278004229e-02
-1.662253573278004229e-02
-1.662253573278012209e-02
-1.645376173032433650e-02
-1.645376173032428446e-02
-1.645376173032428793e-02
-1.645376173032421854e-02
-1.645374586915513207e-02
-1.645374586915522575e-02
-1.645374586915525350e-02
-1.628836513691796217e-02
-1.628836513691799687e-02
-1.628836513691802809e-02
-1.628836513691811136e-02
-1.628836513691800034e-02
-1.628836513691802809e-02
-1.609166601023612891e-02
-1.625489349238348757e-02
-1.625489349238352574e-02
-1.625489349238342165e-02
-1.625489349238348410e-02
-1.625489349238346329e-02
-1.679769779547246600e-02
-1.679769779547248681e-02
-1.679769779547247641e-02
-1.679769779547248335e-02
-1.679769779547246600e-02
-1.679769779547247988e-02
-1.679769779547252151e-02
-1.679769779547253886e-02
-1.679769779547251804e-02
-1.679769779547258049e-02
-1.713532111707373115e-02
-1.713532111707373115e-02
-1.713532111707369646e-02
-1.713532111707363054e-02
-1.696486985853583665e-02
-1.696486985853579849e-02
-1.696486985853579849e-02
-1.696486985853579849e-02
-1.696486985853586441e-02
-1.696486985853588175e-02
-1.696486985853580196e-02
-1.696486985853573604e-02
-1.696486985853586441e-02
-1.696486985853588175e-02
-1.696486985853583318e-02
-1.696486985853572563e-02
-1.696486985853585747e-02
-1.631570147271120541e-02
-1.647321649915886588e-02
-1.647321649915882077e-02
-1.631570147271116031e-02
-1.631570147271116031e-02
-1.616120387749615805e-02
-1.616120387749610601e-02
-1.616120387749613724e-02
-1.616120387749617193e-02
-1.616120387749614071e-02
-1.616120387749620316e-02
-1.616120387749616846e-02
-1.616120387749614071e-02
-1.616120387749614765e-02
-1.616120387749614765e-02
-1.616120387749619969e-02
-1.616120387749614071e-02
-1.616120387749611642e-02
-1.616120387749612336e-02
-1.631569933866830469e-02
-1.631569933866837060e-02
-1.823101074511734171e-02
-1.823101074511725497e-02
-1.823628334880165319e-02
-1.823628334880157340e-02
-1.823628334880170870e-02
-1.823628334880171217e-02
-1.823628334880163585e-02
-1.823628334880162544e-02
-1.804484745481425498e-02
-1.804484745481426192e-02
-1.804484745481434171e-02
-1.804484745481425845e-02
-1.823628334880160115e-02
-1.823628334880173299e-02
-1.823628334880159421e-02
-1.804484745481431049e-02
-1.804484745481426192e-02
-1.804484745481424804e-02
-1.804484745481425845e-02
-1.804484745481434171e-02
-1.804484745481428620e-02
-1.804484745481430355e-02
-1.804484745481431049e-02
-1.804484745481436253e-02
-1.804484745481433478e-02
-1.804484745481428273e-02
-1.804484745481435906e-02
-1.804484745481435906e-02
-1.804484745481435906e-02
-1.823628334880166013e-02
-1.804484745481425845e-02
-1.804484745481425845e-02
-1.804484745481431396e-02
-1.804484745481423763e-02
-1.804484745481434171e-02
-1.804484745481434171e-02
-1.804484745481428273e-02
-1.823628775893087681e-02
-1.823628775893088375e-02
-1.823628775893103987e-02
-1.823628775893099824e-02
-1.823628775893094967e-02
-1.823628775893095660e-02
-1.823628775893094967e-02
-1.843182717805135970e-02
-1.823628775893085599e-02
-1.823628775893087681e-02
-1.823628775893098089e-02
-1.823628775893095660e-02
-1.823628775893095313e-02
-1.823628775893095660e-02
-1.823628775893099477e-02
-1.823628775893095313e-02
-1.823628775893097742e-02
-1.823628775893105028e-02
-1.823628775893095660e-02
-1.823628775893087681e-02
-1.823628775893092191e-02
-1.823628775893108150e-02
-1.823628775893095313e-02
-1.823628775893096007e-02
-1.823628775893095660e-02
-1.823628775893098089e-02
-1.823628775893097742e-02
-1.823628775893095660e-02
-1.823628775893111967e-02
-1.843182717805125909e-02
-1.843182717805121051e-02
-1.823628775893095660e-02
-1.823628775893117518e-02
-1.823628775893111967e-02
-1.823628775893117518e-02
-1.823628775893117518e-02
-1.823628775893107110e-02
-1.823628481917971556e-02
-1.843186879001160183e-02
-1.823628481917971556e-02
-1.823628481917975372e-02
-1.823628481917975025e-02
-1.823628481917971556e-02
-1.823628481917974678e-02
-1.804484745481433478e-02
-1.804484745481433478e-02
-1.823628334880172952e-02
-1.823628334880170870e-02
-1.823628334880172952e-02
-1.804484745481432090e-02
-1.804484745481432090e-02
-1.804484745481437294e-02
-1.804484745481442151e-02
-1.804484745481441804e-02
-1.804484745481441804e-02
-1.804484745481441804e-02
-1.804484745481432090e-02
-1.804484745481434171e-02
-1.804484745481429661e-02
-1.804484745481429661e-02
-1.713928119203349254e-02
-1.713928119203349601e-02
-1.713928119203358275e-02
-1.696927814316778402e-02
-1.696927814316780136e-02
-1.696927814316779443e-02
-1.713925869056027312e-02
-1.713925869056032170e-02
-1.696809112952855567e-02
-1.696809112952862159e-02
-1.696809112952863546e-02
-1.696809112952863546e-02
-1.696809112952861118e-02
-1.696809112952863893e-02
-1.696809112952863546e-02
-1.696918200644890670e-02
-1.679884176539494026e-02
-1.679884176539492638e-02
-1.679884176539502699e-02
-1.679884176539497148e-02
-1.696581358285050370e-02
-1.696581358285053492e-02
-1.696581358285049676e-02
-1.647465739162383772e-02
-1.647465739162383425e-02
-1.647465739162386894e-02
-1.696580874522814197e-02
-1.696580874522811075e-02
-1.679884159593578868e-02
-1.679884159593578868e-02
-1.679884159593578175e-02
-1.679884159593578175e-02
-1.679884159593574011e-02
-1.679884159593569154e-02
-1.679884159593580603e-02
-1.679884159593579562e-02
-1.679884159593570195e-02
-1.679884159593574011e-02
-1.679884159593566031e-02
-1.679884159593575399e-02
-1.679884159593573664e-02
-1.679884159593570542e-02
-1.679884159593578868e-02
-1.696458505236108846e-02
-1.696458505236101560e-02
-1.696458505236105724e-02
-1.696458505236100867e-02
-1.696458505236098438e-02
-1.696458505236109887e-02
-1.696458505236094969e-02
-1.679761689354006618e-02
-1.679761689354003842e-02
-1.679761689354006618e-02
-1.679761689354004883e-02
-1.679761689354002802e-02
-1.679761689354003149e-02
-1.679761689354002802e-02
-1.679761689354002802e-02
-1.679761689354003149e-02
-1.679761689354003149e-02
-1.679761689354003149e-02
-1.679761689354003495e-02
-1.679761689354002802e-02
-1.679761689354002802e-02
-1.647238252372147313e-02
-1.647238252372153558e-02
-1.647238252372148701e-02
-1.647238252372147313e-02
-1.647238252372153558e-02
-1.647238252372151476e-02
-1.647238252372158762e-02
-1.663259136563073615e-02
-1.647238252372154946e-02
-1.647238252372157721e-02
-1.663259136563078125e-02
-1.647237715406482325e-02
-1.647237715406482325e-02
-1.616111832456896061e-02
-1.616111832456896061e-02
-1.616111832456896061e-02
-1.616111832456898489e-02
-1.616111832456894673e-02
-1.616111832456893285e-02
-1.616111832456881489e-02
-1.631524251245096771e-02
-1.631524251245086710e-02
-1.616111832456898489e-02
-1.616111832456894326e-02
-1.631524251245093649e-02
-1.631524251245097465e-02
-1.631524251245093649e-02
-1.631524251245099894e-02
-1.631524251245097465e-02
-1.631524251245088097e-02
-1.631524251245088097e-02
-1.631524251245094342e-02
-1.631524251245094689e-02
-1.631524251245089485e-02
-1.631524251245091567e-02
-1.631524251245090873e-02
-1.631524251245096077e-02
-1.631524251245091220e-02
-1.631524251245088791e-02
-1.631524251245083934e-02
-1.616111832456890857e-02
-1.616111832456889469e-02
-1.616111832456892938e-02
-1.616111832456890857e-02
-1.616111832456892938e-02
-1.631524251245093649e-02
-1.616111832456893285e-02
-1.616111832456892591e-02
-1.616111832456892591e-02
-1.616111832456898489e-02
-1.616111832456896061e-02
-1.616111832456896408e-02
-1.616111832456898836e-02
-1.616111832456897102e-02
-1.616111832456898142e-02
-1.616111832456897102e-02
-1.616111832456893285e-02
-1.616111832456897102e-02
-1.616111832456896755e-02
-1.616111832456896061e-02
-1.616111832456898142e-02
-1.616111832456895367e-02
-1.616111832456896061e-02
-1.616111832456895714e-02
-1.616111832456898142e-02
-1.616111832456892591e-02
-1.616111832456893285e-02
-1.631524251245095730e-02
-1.631524251245095730e-02
-1.631524251245097465e-02
-1.631524251245096077e-02
-1.647237715406478162e-02
-1.616111832456892591e-02
-1.616111832456892244e-02
-1.616111832456892591e-02
-1.616111832456892591e-02
-1.616111832456892938e-02
-1.616111832456892938e-02
-1.616111832456892591e-02
-1.631524251245096424e-02
-1.631524251245097812e-02
-1.616111832456888428e-02
-1.616111832456887387e-02
-1.616111832456893285e-02
-1.616111832456893285e-02
-1.616111832456889469e-02
-1.616111832456890163e-02
-1.616111832456892591e-02
-1.616111832456889469e-02
-1.616111832456894326e-02
-1.616111832456893285e-02
-1.631524251245100934e-02
-1.631524251245095383e-02
-1.631524251245090179e-02
-1.631524251245088791e-02
-1.631524251245092608e-02
-1.616111832456887387e-02
-1.616111832456892244e-02
-1.616111832456894673e-02
-1.616111832456895020e-02
-1.616111832456892244e-02
-1.616111832456895020e-02
-1.616111832456892591e-02
-1.616111832456892938e-02
-1.616111832456898489e-02
-1.616111832456893979e-02
-1.616111832456893979e-02
-1.616111832456895020e-02
-1.616111832456892938e-02
-1.616111832456894326e-02
-1.616111832456895020e-02
-1.616111832456893979e-02
-1.616111832456893632e-02
-1.616111832456892591e-02
-1.616111832456898489e-02
-1.616111832456899530e-02
-1.616111832456895367e-02
-1.616111832456899183e-02
-1.616111832456896061e-02
-1.616111832456894673e-02
-1.616111832456899530e-02
-1.616111832456899530e-02
-1.616111832456895367e-02
-1.616111832456898836e-02
-1.616111832456895020e-02
-1.631524251245088444e-02
-1.616111832456895020e-02
-1.616111832456899183e-02
-1.631524251245092608e-02
-1.616111832456895020e-02
-1.616111832456894326e-02
-1.631524251245093649e-02
-1.616111832456895367e-02
-1.616111832456895367e-02
-1.616111832456893632e-02
-1.616111832456895367e-02
-1.616111832456895020e-02
-1.616111832456895367e-02
-1.616111832456895714e-02
-1.631524357432882072e-02
-1.647237608166881098e-02
-1.631525100672421777e-02
-1.631525100672415185e-02
-1.631525100672416226e-02
-1.631525100672413103e-02
-1.631525100672409634e-02
-1.631525100672413103e-02
-1.647236964795556133e-02
-1.647236964795549888e-02
-1.647236964795556133e-02
-1.647236964795556133e-02
-1.647236964795549194e-02
-1.647236964795550235e-02
-1.647236964795555786e-02
-1.647236964795548847e-02
-1.631525100672406858e-02
-1.630440525742435018e-02
-1.630440525742435712e-02
-1.630440525742435365e-02
-1.630440525742433977e-02
-1.631524251245090873e-02
-1.631524251245090873e-02
-1.631524251245082893e-02
-1.716650594637326652e-02
-1.699484800633073792e-02
-1.699484800633070322e-02
-1.716650594637324917e-02
-1.699484800633067200e-02
-1.730209292051793774e-02
-1.730209292051789610e-02
-1.730209292051793774e-02
-1.730209292051789957e-02
-1.730209292051796202e-02
-1.730209292051793427e-02
-1.730209292051793774e-02
-1.730209292051793427e-02
-1.730209292051787529e-02
-1.730209292051789263e-02
-1.748088481864569846e-02
-1.748088481864565683e-02
-1.748088481864570193e-02
-1.730209292051786141e-02
-1.730209292051793080e-02
-1.730209292051792039e-02
-1.730209292051796549e-02
-1.730209292051787529e-02
-1.730209292051786835e-02
-1.730209292051786141e-02
-1.730209292051786835e-02
-1.730209292051786835e-02
-1.730209292051788916e-02
-1.730209292051787875e-02
-1.730209292051793427e-02
-1.730209292051800019e-02
-1.730209292051790304e-02
-1.748088481864567417e-02
-1.614562577758394540e-02
-1.614562577758394540e-02
-1.614562577758391071e-02
-1.630051235888950109e-02
-1.630051235888958436e-02
-1.614562577758404949e-02
-1.614562577758399051e-02
-1.614562577758400091e-02
-1.614562577758396622e-02
-1.630051235888949762e-02
-1.614562577758396622e-02
-1.614562577758394540e-02
-1.614562577758399051e-02
-1.614562577758396622e-02
-1.614562577758388642e-02
-1.614562577758400438e-02
-1.630051235888958783e-02
-1.614562577758407724e-02
-1.614562577758399398e-02
-1.614562577758401479e-02
-1.614562160662267459e-02
-1.614562160662262255e-02
-1.599367083296984390e-02
-1.599367083296980227e-02
-1.599367083296986472e-02
-1.599367083296986819e-02
-1.599367083296983696e-02
-1.614562160662266765e-02
-1.614562160662268500e-02
-1.599367083296978492e-02
-1.599367083296972594e-02
-1.614562160662275786e-02
-1.614562160662278215e-02
-1.614562160662283766e-02
-1.614562160662275786e-02
-1.614562160662275786e-02
-1.614562160662270582e-02
-1.614562160662267459e-02
-1.614562160662269541e-02
-1.614562160662269541e-02
-1.599367083296983696e-02
-1.599367083296978145e-02
-1.599367083296978492e-02
-1.599367083296971553e-02
-1.599367083296970166e-02
-1.599367083296973982e-02
-1.599367083296956635e-02
-1.599367083296963921e-02
-1.599367083296968084e-02
-1.599367083296956288e-02
-1.614562160662261561e-02
-1.599367083296953165e-02
-1.599367083296959063e-02
-1.599367083296968431e-02
-1.614574062169024660e-02
-1.630057886557416402e-02
-1.630057886557418484e-02
-1.630057886557421953e-02
-1.630057886557417096e-02
-1.614574062169022231e-02
-1.645845510316342256e-02
-1.645845510316341909e-02
-1.630058101128051273e-02
-1.630058101128049539e-02
-1.630058101128049192e-02
-1.645845000189374505e-02
-1.645845000189370688e-02
-1.645845000189377627e-02
-1.645845000189377280e-02
-1.645845000189377280e-02
-1.661938642574860292e-02
-1.661938642574861333e-02
-1.630062846857571052e-02
-1.630062846857570358e-02
-1.630062846857570705e-02
-1.630062846857573827e-02
-1.630062846857570011e-02
-1.630062846857565154e-02
-1.630062846857565154e-02
-1.645845993791036563e-02
-1.645845993791034481e-02
-1.645845993791034828e-02
-1.645845993791034828e-02
-1.645845993791034481e-02
-1.645845993791035522e-02
-1.645845993791037604e-02
-1.645845993791037257e-02
-1.661938085584269142e-02
-1.661938085584276428e-02
-1.661938085584278857e-02
-1.661938085584279898e-02
-1.661938085584275734e-02
-1.661938085584269489e-02
-1.661938085584282326e-02
-1.661938085584274694e-02
-1.661938085584277816e-02
-1.661938085584285449e-02
-1.661938085584273306e-02
-1.645845993791046277e-02
-1.645845993791043849e-02
-1.645845993791035869e-02
-1.645845993791040379e-02
-1.645845993791038298e-02
-1.645845993791040032e-02
-1.630062846857568276e-02
-1.630062846857568970e-02
-1.630062846857569317e-02
-1.630062846857565154e-02
-1.630062846857568970e-02
-1.630062846857555092e-02
-1.630062846857557174e-02
-1.630062846857560643e-02
-1.630062846857561684e-02
-1.630062846857556133e-02
-1.630062846857554745e-02
-1.630062846857560990e-02
-1.630062846857558909e-02
-1.630062846857558215e-02
-1.630062846857555092e-02
-1.630062846857560296e-02
-1.645844779362985039e-02
-1.662005719310995569e-02
-1.662005719310995569e-02
-1.662005719311001814e-02
-1.662005719310999732e-02
-1.662005719311010488e-02
-1.662005719311010835e-02
-1.662005719310999732e-02
-1.662005719311017080e-02
-1.662005719311001814e-02
-1.678523980856701930e-02
-1.662005376108634594e-02
-1.645811344970089796e-02
-1.661943722998479589e-02
-1.661943722998486528e-02
-1.661943722998499712e-02
-1.661943722998486875e-02
-1.661943722998482018e-02
-1.661943722998485834e-02
-1.661943722998489650e-02
-1.661943722998486528e-02
-1.661943722998483058e-02
-1.630064548741159622e-02
-1.630064548741158234e-02
-1.630064548741156152e-02
-1.630064548741150948e-02
-1.630064548741157887e-02
-1.630064548741157887e-02
-1.630064548741165520e-02
-1.630064548741158234e-02
-1.630064548741160316e-02
-1.630064548741157540e-02
-1.630064548741162744e-02
-1.630064548741158234e-02
-1.630064548741165173e-02
-1.630064548741164826e-02
-1.630064548741155458e-02
-1.630064548741155112e-02
-1.630064548741152336e-02
-1.630064548741163091e-02
-1.630064548741152336e-02
-1.630064548741147132e-02
-1.630064548741151989e-02
-1.630064548741152336e-02
-1.630064548741156152e-02
-1.657030674383869542e-02
-1.657030674383869542e-02
-1.657030674383869542e-02
-1.657030674383870236e-02
-1.657030674383870583e-02
-1.657030674383870583e-02
-1.657030674383869542e-02
-1.657030674383867461e-02
-1.657030674383863297e-02
-1.657030674383863644e-02
-1.657030674383862257e-02
-1.657030674383862257e-02
-1.645846180452600546e-02
-1.645846180452603322e-02
-1.645845259727233070e-02
-1.630064548741156499e-02
-1.630064548741156499e-02
-1.645845259727233417e-02
-1.645843956786549600e-02
-1.630057313070775935e-02
-1.630057313070775241e-02
-1.630057313070775935e-02
-1.645843956786553416e-02
-1.645843956786553763e-02
-1.645843956786542661e-02
-1.645843956786547171e-02
-1.645843956786550641e-02
-1.645843956786552029e-02
-1.645843956786547171e-02
-1.645843956786550294e-02
-1.645843956786551682e-02
-1.645843956786554110e-02
-1.645843956786556539e-02
-1.614574744420825894e-02
-1.614574744420823119e-02
-1.614574744420823119e-02
-1.614574744420822772e-02
-1.614574744420823119e-02
-1.614574744420826935e-02
-1.614574744420826935e-02
-1.614574744420827629e-02
-1.614574744420825894e-02
-1.614574744420827282e-02
-1.614574744420823466e-02
-1.614574744420843588e-02
-1.614574744420827629e-02
-1.614574744420836303e-02
-1.599367083296946920e-02
-1.599367083296948308e-02
-1.599367083296950737e-02
-1.599367083296950737e-02
-1.614562160662237622e-02
-1.614562160662231030e-02
-1.630052499089108473e-02
-1.630052499089100493e-02
-1.630052499089103268e-02
-1.630052499089111595e-02
-1.614562785945206080e-02
-1.614562785945207468e-02
-1.614562785945206774e-02
-1.614562785945210938e-02
-1.614562785945208856e-02
-1.645490478531725850e-02
-1.584242858545745203e-02
-1.614625817276432729e-02
-1.614625817276430647e-02
-1.614625817276428218e-02
-1.614625817276429953e-02
-1.630263704019001628e-02
-1.584249915099845279e-02
-1.584249915099834524e-02
-1.584249915099835218e-02
-1.584249915099832789e-02
-1.584249915099842851e-02
-1.584249915099839034e-02
-1.584249915099840075e-02
-1.599283705980513240e-02
-1.592549687818222565e-02
-1.592549687818222218e-02
-1.592549687818235749e-02
-1.592549687818227422e-02
-1.584249915099833136e-02
-1.584249915099833136e-02
-1.584249915099833830e-02
-1.584249915099838688e-02
-1.584249915099841116e-02
-1.584249915099842157e-02
-1.584249915099830361e-02
-1.584249915099828279e-02
-1.584249915099837300e-02
-1.584249915099837994e-02
-1.599283705980513240e-02
-1.614609699273951079e-02
-1.614609699273951773e-02
-1.614609699273951773e-02
-1.614609699273954896e-02
-1.614609699273937896e-02
-1.584249915099833483e-02
-1.584249915099836953e-02
-1.584249915099831055e-02
-1.584249915099840769e-02
-1.584249915099841810e-02
-1.584249915099842504e-02
-1.584249915099836953e-02
-1.584249915099833136e-02
-1.584249915099833483e-02
-1.584249915099831749e-02
-1.584249915099832096e-02
-1.584249915099832789e-02
-1.584249915099828626e-02
-1.584249915099837994e-02
-1.584249915099836953e-02
-1.584249915099823422e-02
-1.599283705980522260e-02
-1.599283705980520873e-02
-1.599283705980516362e-02
-1.599283705980510117e-02
-1.599283705980517750e-02
-1.599283705980517403e-02
-1.599283705980514628e-02
-1.599283705980519485e-02
-1.599283705980519832e-02
-1.599283705980515322e-02
-1.584249915099825851e-02
-1.584249915099832096e-02
-1.584249915099828279e-02
-1.584249915099833830e-02
-1.584249915099827585e-02
-1.584249915099827238e-02
-1.584249915099822034e-02
-1.584249915099827585e-02
-1.584249915099832096e-02
-1.584249915099836606e-02
-1.584249915099831402e-02
-1.584249915099826544e-02
-1.584249915099828626e-02
-1.584249915099815789e-02
-1.584249915099827238e-02
-1.584249915099827238e-02
-1.599283705980521914e-02
-1.599283705980530240e-02
-1.599283705980525730e-02
-1.599283705980528505e-02
-1.599283705980520873e-02
-1.599283705980515322e-02
-1.599283705980521567e-02
-1.599283705980519485e-02
-1.599283705980519485e-02
-1.599283705980519485e-02
-1.599284040419530345e-02
-1.599284040419529998e-02
-1.599284040419526529e-02
-1.599284040419529998e-02
-1.599284040419529998e-02
-1.599284040419522712e-02
-1.599284040419534161e-02
-1.599284040419532774e-02
-1.599284040419534161e-02
-1.599284040419527916e-02
-1.614606811435354006e-02
-1.614606811435359557e-02
-1.614606811435360598e-02
-1.599284040419522712e-02
-1.599284040419534161e-02
-1.599284040419527916e-02
-1.599284040419529998e-02
-1.599284040419530345e-02
-1.599284040419529998e-02
-1.599284040419534161e-02
-1.599284040419534855e-02
-1.603051165337002204e-02
-1.599284040419528957e-02
-1.599284040419539366e-02
-1.599284040419540753e-02
-1.599284040419540059e-02
-1.599284040419526529e-02
-1.599284040419531039e-02
-1.599284040419543182e-02
-1.599284040419532080e-02
-1.599284040419535896e-02
-1.611649274513704891e-02
-1.630491840531956768e-02
-1.630491840531956768e-02
-1.646497192065654244e-02
-1.614798397998709958e-02
-1.614798397998714122e-02
-1.614798397998716203e-02
-1.614798397998716550e-02
-1.630492391581682757e-02
-1.630492391581683451e-02
-1.646496190169549623e-02
-1.630492391581678593e-02
-1.630492391581678593e-02
-1.630492391581677553e-02
-1.630492391581685532e-02
-1.630492391581682757e-02
-1.630492391581678246e-02
-1.630492391581678940e-02
-1.630492391581684145e-02
-1.630492391581684145e-02
-1.646496190169551010e-02
-1.646496190169560725e-02
-1.646496190169556909e-02
-1.646496190169557255e-02
-1.646496190169566623e-02
-1.646543038834092157e-02
-1.646543038834084524e-02
-1.646543038834093892e-02
-1.646543038834098749e-02
-1.646543038834093892e-02
-1.646543038834092157e-02
-1.646543038834087647e-02
-1.646543038834082789e-02
-1.646543038834082789e-02
-1.646543038834090075e-02
-1.646543038834093892e-02
-1.646543038834093892e-02
-1.646543038834093892e-02
-1.646543038834090075e-02
-1.646543038834087647e-02
-1.646543038834089034e-02
-1.646543038834093545e-02
-1.662776944752498640e-02
-1.696233296056454815e-02
-1.696233296056461060e-02
-1.696233296056461753e-02
-1.679336856789369684e-02
-1.679336856789368296e-02
-1.679336856789374194e-02
-1.679336856789370724e-02
-1.662775781004216177e-02
-1.662775781004216177e-02
-1.662775781004215830e-02
-1.646538201595652839e-02
-1.662787324875671102e-02
-1.662787324875666592e-02
-1.662787324875679429e-02
-1.662787324875672837e-02
-1.662787324875665898e-02
-1.696212643694627528e-02
-1.696212643694633426e-02
-1.679354227846423589e-02
-1.679354227846422548e-02
-1.679354227846418038e-02
-1.679353989801435354e-02
-1.679353989801438130e-02
-1.662787324875666592e-02
-1.662787324875677347e-02
-1.646517612456014149e-02
-1.646517612456013108e-02
-1.646517612456013455e-02
-1.646517612456014495e-02
-1.646517612456018659e-02
-1.646517612456013108e-02
-1.646517612456020394e-02
-1.646517612456013455e-02
-1.662749769923386328e-02
-1.679309644057006348e-02
-1.679309644057006001e-02
-1.646517612456013455e-02
-1.691109380685911281e-02
-1.691109380685909894e-02
-1.662750281727587084e-02
-1.679309693651914390e-02
-1.679311562406341982e-02
-1.679311562406340941e-02
-1.679311562406351002e-02
-1.646516771450401428e-02
-1.630600287444352106e-02
-1.630600287444343779e-02
-1.630600287444350024e-02
-1.630600287444348290e-02
-1.630600287444352106e-02
-1.630600287444352453e-02
-1.630600287444351065e-02
-1.630600287444350718e-02
-1.630600287444354535e-02
-1.630600287444349331e-02
-1.630600287444351065e-02
-1.630600287444346902e-02
-1.630600287444343086e-02
-1.630600287444343779e-02
-1.630600287444341698e-02
-1.630600287444340657e-02
-1.630600287444353494e-02
-1.630600287444350371e-02
-1.630600287444344126e-02
-1.630600287444344820e-02
-1.662777238170682834e-02
-1.662777238170686650e-02
-1.646538418923229261e-02
-1.646538418923235506e-02
-1.646538418923241751e-02
-1.646538418923235506e-02
-1.646538418923229607e-02
-1.646538418923231342e-02
-1.646538418923225097e-02
-1.646538418923225097e-02
-1.646538418923221281e-02
-1.646538418923229607e-02
-1.646538418923235159e-02
-1.646538418923235159e-02
-1.584237484861860182e-02
-1.584237484861867468e-02
-1.584237484861873713e-02
-1.584237484861862610e-02
-1.584237484861858794e-02
-1.584237484861863998e-02
-1.584237484861859835e-02
-1.584237484861857753e-02
-1.584237484861861223e-02
-1.584237484861868162e-02
-1.584237484861862610e-02
-1.584237484861863304e-02
-1.584237484861863304e-02
-1.584237484861860529e-02
-1.584237484861866427e-02
-1.584237484861867468e-02
-1.584237484861860529e-02
-1.584237484861864692e-02
-1.584237484861863304e-02
-1.584237484861862263e-02
-1.584237484861865386e-02
-1.599301238773270101e-02
-1.584237484861866080e-02
-1.599301238773267672e-02
-1.599301238773277387e-02
-1.599301238773280162e-02
-1.599301238773277040e-02
-1.614658341479802486e-02
-1.630228113587360583e-02
-1.614658341479802833e-02
-1.599301654035477707e-02
-1.599301238773285366e-02
-1.599301238773277040e-02
-1.599301238773280162e-02
-1.599301238773278774e-02
-1.584237484861868508e-02
-1.584237484861867468e-02
-1.584237484861878223e-02
-1.584237484861873366e-02
-1.584237484861870590e-02
-1.599301238773275652e-02
-1.599301238773279121e-02
-1.599301238773270448e-02
-1.584237484861873713e-02
-1.584237484861874060e-02
-1.584237484861869896e-02
-1.584237484861861223e-02
-1.584237484861869549e-02
-1.599301238773270101e-02
-1.599301238773279815e-02
-1.584237484861879611e-02
-1.584237484861869896e-02
-1.584237484861872672e-02
-1.584237484861871978e-02
-1.584237484861868162e-02
-1.614658361067765682e-02
-1.614658361067764988e-02
-1.614658361067764988e-02
-1.614658361067766723e-02
-1.614658361067770539e-02
-1.614658047596449764e-02
-1.614658047596444906e-02
-1.614658047596442478e-02
-1.614658047596444213e-02
-1.599301652647453983e-02
-1.599301652647450167e-02
-1.599301652647452249e-02
-1.599301238773270448e-02
-1.584237484861874407e-02
-1.584237484861876488e-02
-1.584237484861867468e-02
-1.584237484861868162e-02
-1.584237484861874060e-02
-1.584237484861871978e-02
-1.584237484861866080e-02
-1.584237484861876141e-02
-1.584237484861876488e-02
-1.599301238773279121e-02
-1.599301238773279121e-02
1.768225859392228219e-02
1.768225859392227872e-02
1.768225859392229607e-02
1.744761206362353823e-02
1.744761206362353823e-02
1.744760544567360017e-02
1.744760544567360017e-02
1.768226306644224075e-02
1.768226306644215748e-02
1.768226306644215401e-02
1.721912077105827721e-02
1.721912077105828068e-02
1.721912077105829109e-02
1.721912077105828415e-02
1.721912077105817659e-02
1.721912077105821129e-02
1.721912077105821476e-02
1.721912077105821129e-02
1.721912077105821129e-02
1.721912289006608671e-02
1.721912289006616303e-02
1.721912289006616997e-02
1.721912289006620120e-02
1.721912289006619773e-02
1.721912289006616997e-02
1.721912289006616303e-02
1.721912289006616303e-02
1.744754926081667004e-02
1.721912289006609711e-02
1.721912289006620120e-02
1.721912289006618385e-02
1.721912289006608324e-02
1.721912289006609018e-02
1.721912289006608671e-02
1.721912289006617691e-02
1.721912289006620120e-02
1.721912289006617691e-02
1.721912289006617691e-02
1.721912289006616997e-02
1.721912289006616997e-02
1.721912077105806557e-02
1.721912077105808639e-02
1.677933268408872067e-02
1.677933268408887679e-02
1.677933268408888720e-02
1.677933268408881781e-02
1.680368426156672243e-02
1.680368426156655590e-02
1.680368426156656977e-02
1.680368426156663222e-02
1.680368426156670855e-02
1.816808055886664011e-02
1.841324396860494206e-02
1.816808055886668175e-02
1.816808055886668521e-02
1.816808055886668521e-02
1.792948228653916051e-02
1.792948228653916051e-02
1.792948228653909459e-02
1.792948228653909459e-02
1.792948228653912235e-02
1.792948228653909806e-02
1.792948228653909806e-02
1.792948228653917092e-02
1.792948228653912582e-02
1.792948228653910153e-02
1.792948228653909806e-02
1.866501329150761432e-02
1.866501329150762473e-02
1.841318962318671398e-02
1.841318962318671398e-02
1.841318962318671398e-02
1.841318962318671398e-02
1.841318962318675562e-02
1.841318962318675562e-02
1.841318962318686317e-02
1.841318962318684235e-02
1.792923327635865052e-02
1.792923327635884828e-02
1.792923327635868869e-02
1.816788813766013685e-02
1.792923327635864705e-02
1.792923327635876848e-02
1.792923327635876848e-02
1.792923327635876501e-02
1.792923327635876501e-02
1.792923327635865399e-02
1.792923327635857766e-02
1.792923327635864705e-02
1.792923327635865399e-02
1.769679874331184927e-02
1.769679874331184233e-02
1.769679874331184233e-02
1.769679874331183192e-02
1.769679874331179723e-02
1.769698178878567618e-02
1.769698178878574557e-02
1.769698178878574904e-02
1.747097008333880347e-02
1.747097008333867510e-02
1.769698178878585659e-02
1.769698178878578720e-02
1.769698178878586353e-02
1.769698178878594680e-02
1.769698178878585659e-02
1.769698178878586006e-02
1.769698178878585659e-02
1.769698178878586006e-02
1.769698178878600578e-02
1.769698178878600925e-02
1.769698178878601272e-02
1.769698178878601619e-02
1.769698178878600578e-02
1.769698178878586006e-02
1.769698178878600925e-02
1.769698178878586353e-02
1.769698178878580108e-02
1.769698178878564496e-02
1.769698178878564496e-02
1.769698178878572475e-02
1.769698178878572475e-02
1.792899484512287811e-02
1.792899484512287811e-02
1.792899484512293709e-02
1.792899484512293015e-02
1.792899484512293015e-02
1.792899484512285729e-02
1.792899484512278444e-02
1.792899484512287464e-02
1.792899484512287811e-02
1.816711258938803406e-02
1.841170698297715097e-02
1.841170698297723077e-02
1.841170698297714750e-02
1.792899484512287811e-02
1.792899484512294750e-02
1.792899484512294750e-02
1.792897918886607322e-02
1.792897918886614608e-02
1.792897918886607322e-02
1.792897918886615649e-02
1.792897918886600384e-02
1.769705038896682639e-02
1.769705038896697211e-02
1.769705038896689231e-02
1.769705038896682639e-02
1.769705038896689578e-02
1.769705038896689578e-02
1.769705038896682292e-02
1.769705038896682292e-02
1.792897918886605935e-02
1.792897918886597955e-02
1.792897918886608016e-02
1.792897918886615302e-02
1.792899846101546346e-02
1.792899846101547040e-02
1.792899846101543224e-02
1.792899846101550509e-02
1.792899846101540101e-02
1.792899846101532468e-02
1.792899846101535938e-02
1.792899846101548775e-02
1.792899846101542877e-02
1.792899846101550509e-02
1.792899846101543224e-02
1.792899846101550163e-02
1.792899846101543571e-02
1.792899846101542877e-02
1.792899846101543571e-02
1.792899846101550509e-02
1.792899846101547387e-02
1.792899846101531774e-02
1.792899846101549816e-02
1.792899846101542183e-02
1.792899846101546693e-02
1.792899846101546693e-02
1.816710952337591278e-02
1.816710952337588156e-02
1.816710952337591625e-02
1.816710952337591278e-02
1.747097008333868204e-02
1.747097008333861612e-02
1.770850468967658659e-02
1.770850468967658659e-02
1.770850468967659699e-02
1.770850468967658659e-02
1.770850468967666638e-02
1.747097008333865775e-02
1.792898740495474721e-02
1.792898740495467089e-02
1.792898740495452170e-02
1.792898740495475068e-02
1.792898740495482354e-02
1.792898740495452517e-02
1.792899404239993791e-02
1.792899404239979219e-02
1.816718572527468642e-02
1.816718572527475581e-02
1.816718572527475234e-02
1.769698391538173515e-02
1.792896999476311162e-02
1.769698391538174556e-02
1.769698391538174209e-02
1.769698391538188781e-02
1.769698391538183230e-02
1.769698178878579761e-02
1.769698178878580455e-02
1.769698178878579761e-02
1.769698178878572475e-02
1.769698178878572475e-02
1.769698178878572822e-02
1.769698178878580802e-02
1.769698178878572475e-02
1.769698178878580455e-02
1.747097008333859530e-02
1.747097008333859530e-02
1.747097008333859530e-02
1.747097008333859530e-02
1.747097008333855714e-02
1.747097008333863694e-02
1.747097008333867857e-02
1.747097008333874796e-02
1.747097008333867857e-02
1.792211152204160191e-02
1.768788610223281932e-02
1.769333858162541392e-02
1.769333858162542086e-02
1.769333858162549372e-02
1.769333858162549372e-02
1.769333858162534800e-02
1.769333858162542433e-02
1.769334290489337630e-02
1.769334290489337283e-02
1.769334290489337283e-02
1.792725004751936912e-02
1.746550047770827410e-02
1.746550047770838165e-02
1.746550047770838512e-02
1.746550047770835043e-02
1.746550047770827410e-02
1.746550047770834696e-02
1.746550047770838512e-02
1.746550047770831227e-02
1.746550047770831227e-02
1.724351437492590775e-02
1.724351437492591815e-02
1.724351437492592509e-02
1.724351437492599448e-02
1.724351437492598754e-02
1.724351437492591815e-02
1.724351437492592856e-02
1.724351437492583836e-02
1.724351437492584876e-02
1.724351437492591815e-02
1.724351437492592509e-02
1.724351437492598754e-02
1.724351437492597713e-02
1.724351437492592856e-02
1.724351437492598754e-02
1.724351437492584529e-02
1.724351437492591468e-02
1.724351437492592509e-02
1.724351437492591468e-02
1.724351437492599448e-02
1.724351437492598754e-02
1.724351437492591121e-02
1.769333858162523351e-02
1.769333858162523351e-02
1.746550671182977438e-02
1.746550671182977438e-02
1.746550671182992356e-02
1.769330278437350468e-02
1.746550671182984724e-02
1.746550671182984724e-02
1.746550671182975356e-02
1.746550671182977438e-02
1.746550671182976050e-02
1.746550671182977091e-02
1.746550671182985071e-02
1.746550671182985418e-02
1.746550671182985071e-02
1.746550671182984724e-02
1.746550671182982642e-02
1.746550671182977438e-02
1.746550671182979173e-02
1.746550671182975009e-02
1.769330278437361917e-02
1.769330278437366080e-02
1.702692297165133914e-02
1.702692297165137383e-02
1.702692297165134608e-02
1.702692297165145016e-02
1.702692297165144669e-02
1.817537150851561770e-02
1.817537150851561770e-02
1.813614151474200048e-02
1.813614151474192415e-02
1.813614151474192415e-02
1.813614151474192762e-02
1.813614151474200395e-02
1.813614151474200048e-02
1.813614151474200048e-02
1.813614151474188946e-02
1.813614151474199701e-02
1.813614151474200395e-02
1.813614151474200048e-02
1.813614151474200048e-02
1.813614151474192415e-02
1.813614151474192068e-02
1.813614151474192762e-02
1.813614151474199701e-02
1.813614151474200048e-02
1.813614151474199701e-02
1.813614151474200048e-02
1.813614151474188946e-02
1.813614151474188946e-02
1.813614151474192068e-02
1.813614151474187905e-02
1.813614151474173333e-02
1.813614151474187905e-02
1.813614151474187905e-02
1.813614151474199007e-02
1.813614151474191374e-02
1.813614151474184089e-02
1.813614151474184089e-02
1.813614151474180619e-02
1.813614151474192068e-02
1.813614151474199007e-02
1.813614151474187211e-02
1.813614151474188252e-02
1.813614151474184089e-02
1.813614151474176456e-02
1.838043333597644269e-02
1.838043333597660228e-02
1.838043333597639759e-02
1.838043333597643922e-02
1.838043333597639412e-02
1.838043333597644269e-02
1.838043333597644269e-02
1.838043333597636636e-02
1.838043333597636983e-02
1.863142277334802269e-02
1.888941410184207317e-02
1.888941410184200725e-02
1.888941410184198644e-02
1.842072755237048401e-02
1.867245320326483410e-02
1.867245320326505961e-02
1.867245320326490696e-02
1.867245320326482716e-02
1.867245320326482716e-02
1.867245320326490349e-02
1.867245320326487573e-02
1.867245320326494859e-02
1.867245320326500410e-02
1.867245320326508043e-02
1.867245320326508043e-02
1.867245320326507696e-02
1.867245320326508043e-02
1.867245320326500410e-02
1.867245320326500063e-02
1.867245320326500410e-02
1.867245320326500063e-02
1.867245320326504920e-02
1.867245320326504920e-02
1.867245320326484451e-02
1.867245320326484451e-02
1.867245320326478206e-02
1.867245320326478553e-02
1.867245320326478553e-02
1.867245320326465716e-02
1.867245320326458430e-02
1.867245320326471267e-02
1.867245320326478553e-02
1.842072755237044238e-02
1.842072755237051176e-02
1.867245320326478553e-02
1.816968994889112121e-02
1.816968994889107958e-02
1.841629664304210434e-02
1.816968994889122530e-02
1.816968654189494298e-02
1.816968654189490481e-02
1.816968654189490481e-02
1.792002340710305980e-02
1.792002340710305980e-02
1.840959080534559228e-02
1.840959080534558881e-02
1.817547822727016635e-02
1.817547822726996512e-02
1.793686898534046018e-02
1.793686898534037691e-02
1.793686898534045324e-02
1.793686898534045324e-02
1.817547822727009002e-02
1.817547822727001022e-02
1.793686898534076202e-02
1.793686898534076202e-02
1.793686898534071691e-02
1.793686898534071344e-02
1.793686898534060936e-02
1.793686898534067528e-02
1.893136869924381613e-02
1.893136869924389593e-02
1.893136869924386470e-02
1.793686898534067528e-02
1.793686898534067528e-02
1.793686898534060936e-02
1.793686898534059548e-02
1.793686898534067528e-02
1.793686898534076202e-02
1.817547822726992696e-02
1.817547822727000328e-02
1.817548053774304534e-02
1.817548053774315636e-02
1.842058338271461079e-02
1.817547822727003798e-02
1.817547822727003798e-02
1.817547822727008308e-02
1.817547822726996512e-02
1.817547822727008308e-02
1.817547822726996165e-02
1.817959513457189161e-02
1.817959513457188467e-02
1.817959513457189855e-02
1.817959513457189508e-02
1.817959513457188814e-02
1.817959513457212059e-02
1.817959513457220386e-02
1.817959513457210671e-02
1.817959513457204079e-02
1.817959513457211018e-02
1.842683395401760460e-02
1.817959513457219692e-02
1.817959513457203732e-02
1.817959513457211018e-02
1.817959513457211018e-02
1.788974971387654808e-02
1.788974971387655502e-02
1.788974971387655502e-02
1.812026238436817427e-02
1.812026238436817080e-02
1.788974971387647175e-02
1.788974971387654461e-02
1.788974971387666951e-02
1.788974971387679788e-02
1.788974971387668686e-02
1.788974971387669033e-02
1.788974971387672155e-02
1.788974971387672155e-02
1.788974971387653767e-02
1.788974971387661747e-02
1.788974971387667992e-02
1.766505161033299701e-02
1.766505161033309068e-02
1.766505161033307333e-02
1.766505161033307333e-02
1.788974555848585335e-02
1.788974555848574927e-02
1.788974555848563824e-02
1.788974555848563824e-02
1.744590019678634099e-02
1.744590019678642426e-02
1.766500751501905858e-02
1.766501151515915968e-02
1.788974748049664693e-02
1.788974748049653590e-02
1.835693986578139023e-02
1.835693986578124451e-02
1.835693986578135206e-02
1.835693986578123757e-02
1.835693986578120981e-02
1.835693986578120288e-02
1.835693986578128614e-02
1.835693986578127573e-02
1.835693986578135900e-02
1.835693986578136594e-02
1.835693986578125839e-02
1.835693986578128961e-02
1.835693986578121675e-02
1.835693986578129308e-02
1.835693986578129308e-02
1.835693986578117859e-02
1.835693986578122022e-02
1.835693986578094961e-02
1.835693986578099471e-02
1.812056810083570099e-02
1.812056810083562813e-02
1.812056810083562813e-02
1.812056810083562813e-02
1.812056810083566977e-02
1.812056810083566630e-02
1.812056810083570793e-02
1.812056810083570793e-02
1.812056810083560385e-02
1.812056810083566977e-02
1.812056810083571140e-02
1.812056810083571487e-02
1.812056810083564201e-02
1.812056810083556568e-02
1.812056810083564201e-02
1.812056810083564201e-02
1.812056810083571487e-02
1.812056810083564201e-02
1.812056810083571140e-02
1.812056810083571140e-02
1.812056810083571140e-02
1.812057456832355529e-02
1.812057456832358304e-02
1.812057456832358998e-02
1.812057456832355182e-02
1.835690709761891165e-02
1.835690709761897757e-02
1.835690709761891165e-02
1.812057456832354835e-02
1.812057456832358651e-02
1.812057456832358998e-02
1.812057456832358651e-02
1.812057456832358651e-02
1.812057456832358304e-02
1.812057456832351018e-02
1.812057456832351018e-02
1.812057456832350671e-02
1.812057456832350671e-02
1.812057456832351712e-02
1.836349358031168569e-02
1.812710480186296991e-02
1.812710480186296297e-02
1.812710480186296644e-02
1.812710480186289011e-02
1.812710480186296644e-02
1.812710480186296644e-02
1.812710480186296644e-02
1.812710480186296644e-02
1.812710480186296297e-02
1.812710480186288317e-02
1.812710480186289011e-02
1.812710480186289011e-02
1.812710480186285195e-02
1.812710480186300113e-02
1.812710480186288317e-02
1.836349358031166487e-02
1.812710480186284501e-02
1.812710480186285195e-02
1.836349358031159201e-02
1.860620458243237782e-02
1.860620458243235006e-02
1.860620458243241945e-02
1.860620458243241598e-02
1.860620458243237782e-02
1.860620458243237782e-02
1.860620458243238129e-02
1.860620458243230496e-02
1.860620458243235006e-02
1.860620458243225639e-02
1.860620458243240904e-02
1.860620458243236394e-02
1.860620458243237088e-02
1.860620458243233272e-02
1.860620458243244374e-02
1.860620458243236741e-02
1.860620458243236741e-02
1.860620458243237782e-02
1.911140083847811741e-02
1.658515694230563303e-02
1.658515694230549078e-02
1.658515694230549078e-02
1.681600935090511381e-02
1.701934272002482429e-02
1.701934272002491449e-02
1.681600935090512075e-02
1.681600935090512075e-02
1.681600935090502014e-02
1.681600935090508606e-02
1.681600935090517626e-02
1.681600935090505483e-02
1.681600935090508259e-02
1.681600935090502361e-02
1.681600935090502014e-02
1.681600935090508259e-02
1.681600935090514157e-02
1.681600935090507912e-02
1.681600935090508606e-02
1.681600935090500973e-02
1.681600935090500973e-02
1.701879422918301660e-02
1.701879422918306517e-02
1.681600935090508259e-02
1.681600935090512075e-02
1.722814898024010652e-02
1.722814898024010305e-02
1.722814898024010999e-02
1.744166828101375438e-02
1.722814898024010652e-02
1.722814898024009264e-02
1.722814898024009264e-02
1.722814898024020713e-02
1.744166828101373357e-02
1.744166828101390357e-02
1.744166828101384459e-02
1.722814898024009264e-02
1.744166828101376826e-02
1.743746138914953683e-02
1.743746138914954030e-02
1.743746138914956112e-02
1.743746138914956459e-02
1.743746138914948826e-02
1.743746138914962357e-02
1.743746138914962704e-02
1.743746138914957500e-02
1.743746138914953336e-02
1.743746138914953683e-02
1.743746138914953683e-02
1.722402712133242614e-02
1.722402712133250940e-02
1.788495916728861934e-02
1.788495916728861934e-02
1.788495916728858118e-02
1.788495916728854301e-02
1.642348577520165789e-02
1.642348577520159891e-02
1.642348577520159891e-02
1.811132329478677000e-02
1.811132329478677000e-02
1.702619969622147511e-02
1.702619969622144735e-02
1.702619969622133286e-02
1.702619969622130164e-02
1.702619969622126347e-02
1.702619969622138144e-02
1.702619969622145776e-02
1.702619969622138837e-02
1.702619969622138144e-02
1.702619969622145082e-02
1.702619969622145429e-02
1.702619969622145776e-02
1.702619969622141960e-02
1.702619969622146123e-02
1.702619969622145082e-02
1.702619969622154103e-02
1.702619969622145776e-02
1.702619969622145429e-02
1.702619969622133633e-02
1.702619969622131552e-02
1.702619969622135368e-02
1.702619969622132245e-02
1.702619969622140572e-02
1.702619969622131552e-02
1.702619969622145776e-02
1.702619969622145776e-02
1.702619969622140919e-02
1.702619969622140919e-02
1.702619969622135715e-02
1.702619969622140572e-02
1.702619969622140572e-02
1.702619969622140919e-02
1.702619969622137103e-02
1.702619969622147164e-02
1.702619969622141960e-02
1.744365969961252094e-02
1.744365969961251400e-02
1.788081853323580939e-02
1.788081853323581286e-02
1.788081853323588571e-02
1.765951732192259233e-02
1.765951732192259580e-02
1.765951732192260273e-02
1.765951732192259580e-02
1.765951732192259580e-02
1.765951732192249865e-02
1.765951732192253334e-02
1.744365969961244808e-02
1.744365969961245155e-02
1.744365969961244808e-02
1.788086545344460751e-02
1.788086545344460751e-02
1.788086545344453465e-02
1.788086545344453465e-02
1.788086545344459710e-02
1.788086545344453465e-02
1.788086545344459710e-02
1.702619969622139878e-02
1.702619969622145429e-02
1.702619969622138490e-02
1.702619969622135021e-02
1.702619969622138837e-02
1.702619969622138490e-02
1.702619969622139184e-02
1.702619969622145082e-02
1.702619969622145429e-02
1.702619969622140225e-02
1.702619969622145082e-02
1.702619969622141266e-02
1.702619969622145776e-02
1.702619969622139184e-02
1.702619969622145082e-02
1.702619969622144735e-02
1.702619969622144735e-02
1.702619969622147858e-02
1.702619969622147858e-02
1.723197610878047376e-02
1.702619969622148205e-02
1.702619969622139531e-02
1.702619969622155144e-02
1.702619969622155144e-02
1.702619969622140919e-02
1.702619969622148205e-02
1.723197610878054661e-02
1.723197610878053967e-02
1.702619969622148205e-02
1.702619969622140572e-02
1.702619969622139184e-02
1.702619969622138837e-02
1.702619969622147858e-02
1.702619969622147858e-02
1.702619969622148205e-02
1.702619969622148205e-02
1.702619969622148205e-02
1.702619969622140572e-02
1.744283172431039877e-02
1.744283172431042306e-02
1.723197972031461148e-02
1.723197972031461148e-02
1.723197972031467046e-02
1.723197972031466005e-02
1.723197972031460801e-02
1.723197972031460801e-02
1.723197972031468087e-02
1.744315502838026874e-02
1.765955172844753049e-02
1.744315502838027568e-02
1.744315502838020976e-02
1.744315502838014384e-02
1.744315502838021323e-02
1.765955172844756518e-02
1.744315502838020976e-02
1.744315502838028956e-02
1.744315502838021323e-02
1.744315502838018547e-02
1.744315502838018547e-02
1.744315502838014731e-02
1.682476370967901994e-02
1.682476370967901994e-02
1.702590597538668205e-02
1.682476370967901994e-02
1.682476370967901647e-02
1.682476370967908585e-02
1.682476370967901647e-02
1.682476370967901647e-02
1.682476370967895055e-02
1.682476370967908239e-02
1.682476370967895402e-02
1.682476370967896095e-02
1.682476370967896095e-02
1.702590597538671327e-02
1.682476370967895055e-02
1.682476370967895055e-02
1.682476370967896789e-02
1.682476370967895402e-02
1.682476370967901647e-02
1.682476370967901647e-02
1.682476370967901647e-02
1.682476370967901647e-02
1.682476370967895055e-02
1.682476370967895055e-02
1.682476370967906851e-02
1.682476370967895055e-02
1.682476370967892626e-02
1.722790137000149158e-02
1.722790137000145341e-02
1.702588031329468551e-02
1.702588031329474796e-02
1.702588031329466817e-02
1.702588031329467858e-02
1.702588031329467164e-02
1.723197216516286073e-02
1.702588031329465429e-02
1.702588031329465429e-02
1.682469790678211424e-02
1.682469790678202751e-02
1.682469790678202404e-02
1.682469790678202404e-02
1.682469790678210383e-02
1.682469790678203445e-02
1.682469790678203445e-02
1.682469790678203098e-02
1.682469790678208996e-02
1.682469790678203098e-02
1.682469790678203098e-02
1.662822217966258148e-02
1.662822217966250862e-02
1.662822217966251209e-02
1.662822217966250515e-02
1.662822217966249821e-02
1.662822217966247046e-02
1.662822217966247046e-02
1.662822217966247046e-02
1.682468270778332553e-02
1.662822217966247393e-02
1.662822217966246699e-02
1.662822217966252597e-02
1.662822217966247740e-02
1.662822217966248087e-02
1.662822217966252944e-02
1.662822217966252944e-02
1.662822217966252944e-02
1.662822217966250862e-02
1.662822217966250515e-02
1.662822217966250515e-02
1.662822217966250862e-02
1.662822217966246352e-02
1.662822217966246699e-02
1.662822217966247393e-02
1.662822217966252944e-02
1.662822217966248087e-02
1.662822217966247393e-02
1.662822217966252944e-02
1.662822217966247740e-02
1.662822217966248087e-02
1.662822217966252597e-02
1.662822217966252597e-02
1.662822217966252944e-02
1.662822217966247740e-02
1.662822217966240454e-02
1.662822217966248087e-02
1.662822217966247393e-02
1.662822217966250515e-02
1.662822217966250168e-02
1.662822217966257107e-02
1.662822217966250862e-02
1.811163342648938746e-02
1.811163342648938399e-02
1.788348628558266568e-02
1.788348628558273853e-02
1.788348628558276976e-02
1.788348628558273506e-02
1.788348628558280445e-02
1.788576092770901432e-02
1.788576092770896575e-02
1.834510499471415229e-02
1.834510499471422515e-02
1.834510499471418699e-02
1.811250897740659949e-02
1.811250897740646071e-02
1.811250897740646071e-02
1.811250897740653704e-02
1.811250897740649887e-02
1.811250897740649887e-02
1.811250897740650581e-02
1.811250897740657867e-02
1.811250897740646071e-02
1.811250897740646418e-02
1.811250897740646071e-02
1.811250897740653357e-02
1.811248817166735692e-02
1.811248817166743325e-02
1.811248817166736039e-02
1.811248817166736039e-02
1.811248817166735345e-02
1.811248817166732222e-02
1.811248817166727712e-02
1.811248817166734998e-02
1.811248817166729100e-02
1.811248817166729100e-02
1.811248817166729100e-02
1.811248817166716957e-02
1.811248817166724936e-02
1.811248817166717304e-02
1.811250346711636844e-02
1.811250346711636844e-02
1.811250346711647946e-02
1.811250346711633374e-02
1.788576092770889983e-02
1.788576092770886861e-02
1.788576092770889983e-02
1.788576092770868126e-02
1.788576092770879922e-02
1.811250270896121867e-02
1.788576092770882003e-02
1.788576092770889636e-02
1.788576092770889289e-02
1.788576092770879575e-02
1.788576092770882697e-02
1.788576092770889289e-02
1.788576092770882350e-02
1.811250270896110071e-02
1.788576092770882697e-02
1.788576092770882697e-02
1.788576092770879575e-02
1.788576092770879922e-02
1.788576092770876799e-02
1.788576092770891024e-02
1.811250270896143030e-02
1.811250270896139214e-02
1.811250270896139214e-02
1.811250270896143377e-02
1.811250270896143377e-02
1.811250270896143377e-02
1.811250270896143377e-02
1.811250270896143377e-02
1.811250270896143030e-02
1.811250270896143377e-02
1.811250270896143377e-02
1.811250270896143030e-02
1.811250270896136091e-02
1.788576092770879922e-02
1.813433088925718584e-02
1.788576092770887901e-02
1.788576092770887901e-02
1.788576092770880269e-02
1.788576092770883391e-02
1.788576092770891024e-02
1.788576092770884085e-02
1.788576092770884085e-02
1.788576092770873677e-02
1.788555087484301059e-02
1.788555087484301059e-02
1.788555087484301406e-02
1.788555087484301059e-02
1.788555087484301059e-02
1.788555087484315631e-02
1.788555087484305917e-02
1.788555087484315631e-02
1.882781695296660562e-02
1.907987955516537645e-02
1.882781695296676175e-02
1.882781695296679991e-02
1.858404643815045679e-02
1.834486026261354305e-02
1.834486026261354305e-02
1.834486026261353611e-02
1.834486026261361244e-02
1.811195445029479059e-02
1.811195445029486692e-02
1.811195445029472814e-02
1.811195445029486692e-02
1.811195445029472467e-02
1.811195445029472467e-02
1.811195445029475243e-02
1.811195445029482529e-02
1.811195445029493631e-02
1.811195445029475590e-02
1.811195445029471426e-02
1.811195445029475590e-02
1.811195445029468304e-02
1.811195445029464834e-02
1.811195445029471426e-02
1.811195445029487039e-02
1.811195445029471079e-02
1.811195445029475243e-02
1.811195445029472467e-02
1.811195445029464834e-02
1.811195445029468304e-02
1.811195445029475937e-02
1.811195445029471079e-02
1.811195445029479059e-02
1.858389903666511633e-02
1.858389903666512327e-02
1.858389903666504694e-02
1.858389903666512327e-02
1.858389903666504694e-02
1.858389903666512674e-02
1.858389903666519613e-02
1.858389903666519266e-02
1.834400871481375872e-02
1.834400871481383158e-02
1.834400871481382811e-02
1.834400871481389750e-02
1.834400871481389750e-02
1.834400871481375525e-02
1.834400871481382464e-02
1.834400871481378995e-02
1.811111347122792287e-02
1.811111347122798879e-02
1.811111347122798532e-02
1.811111347122799572e-02
1.811111347122791593e-02
1.834400871481364423e-02
1.811111347122788817e-02
1.811111347122781878e-02
1.811111347122792287e-02
1.811111347122791593e-02
1.811111347122799919e-02
1.811111347122792287e-02
1.811111347122799572e-02
1.811111347122798879e-02
1.811111347122795062e-02
1.811111347122802001e-02
1.811111347122801307e-02
1.811111347122795062e-02
1.811111347122801654e-02
1.811111347122801307e-02
1.811111347122806164e-02
1.811111347122798879e-02
1.811111347122795409e-02
1.811111347122788470e-02
1.834400871481386974e-02
1.834400871481378995e-02
1.834400871481376219e-02
1.858301899495148554e-02
1.858301899495140921e-02
1.858301899495140921e-02
1.858301899495138146e-02
1.834401960401217668e-02
1.858301899495130860e-02
1.834401960401210382e-02
1.834401960401218362e-02
1.834401960401207260e-02
1.834401960401217321e-02
1.834401960401224954e-02
1.834401960401210036e-02
1.834401960401210382e-02
1.834400871481364770e-02
1.834400871481371709e-02
1.834400871481364770e-02
1.811111347122799226e-02
1.811111347122798879e-02
1.834400871481364770e-02
1.810970695660547511e-02
1.810970695660544041e-02
1.788231089497248003e-02
1.858533519192499817e-02
1.858533519192507449e-02
1.858533519192499817e-02
1.858533519192499470e-02
1.858533519192507449e-02
1.858533519192506756e-02
1.858533519192492184e-02
1.858533519192499817e-02
1.858533519192499470e-02
1.858533519192507449e-02
1.858533519192507449e-02
1.858533519192507102e-02
1.858533519192507449e-02
1.858533519192503286e-02
1.858533519192503286e-02
1.858533519192499470e-02
1.789056130700446973e-02
1.811992677425678516e-02
1.811992677425682333e-02
1.811992677425681986e-02
1.811992677425681986e-02
1.811992677425678516e-02
1.811992677425668455e-02
1.811992677425671230e-02
1.811992677425668455e-02
1.811992677425676088e-02
1.787152396764939491e-02
1.789056130700446973e-02
1.789056130700450789e-02
1.789056130700453912e-02
1.789056130700453912e-02
1.789056130700458075e-02
1.789056130700450789e-02
1.789056130700447320e-02
1.789056130700454258e-02
1.789056130700457728e-02
1.789056130700461544e-02
1.789056130700450789e-02
1.789056130700444197e-02
1.789056130700450789e-02
1.789056130700450789e-02
1.789056130700458075e-02
1.789056130700450789e-02
1.789056130700450789e-02
1.811992677425671577e-02
1.811992677425664292e-02
1.811992677425657700e-02
1.789056130700454605e-02
1.584551675768841594e-02
1.584551675768830492e-02
1.584551675768843676e-02
1.584551675768832921e-02
1.584551675768831880e-02
1.584551675768832574e-02
1.584551675768831186e-02
1.584551675768832574e-02
1.584551675768831533e-02
1.613931068344545347e-02
1.613931068344570674e-02
1.584551675768833268e-02
1.584551675768831186e-02
1.584551675768832921e-02
1.584551675768821125e-02
1.584551675768820778e-02
1.584551675768821125e-02
1.584551675768831880e-02
1.584551675768821125e-02
1.584551675768821125e-02
1.584551675768821472e-02
1.584551675768821125e-02
1.584551675768838125e-02
1.613931068344545347e-02
1.613931068344559225e-02
1.613931068344558878e-02
1.613931068344559225e-02
1.613931068344558531e-02
1.613931068344569633e-02
1.613931068344554021e-02
1.584551675768835002e-02
1.584551675768828063e-02
1.584551675768833615e-02
1.584551675768838125e-02
1.584551675768833615e-02
1.584551675768826676e-02
1.584551675768834655e-02
1.584551675768835002e-02
1.584551675768838125e-02
1.584551675768833962e-02
1.584551675768848880e-02
1.584551675768834308e-02
1.644428068796121439e-02
1.613931068344554021e-02
1.584551675768835002e-02
1.668527100145143077e-02
1.668527100145143077e-02
1.613346003065240300e-02
1.613346003065240647e-02
1.613346003065263198e-02
1.613346003065260423e-02
1.613342714166358938e-02
1.583820193829257872e-02
1.644025691611836898e-02
1.583820193829249545e-02
1.613343498750520466e-02
1.613343498750519772e-02
1.599538766652198324e-02
1.583817611189962046e-02
1.583817611189963087e-02
1.583817611189962740e-02
1.583817611189971067e-02
1.583817611189956842e-02
1.583817611189954414e-02
1.583817611189966904e-02
1.583817611189966210e-02
1.583817611189954760e-02
1.583817611189954760e-02
1.583817611189967944e-02
1.583817611189967944e-02
1.583817611189967250e-02
1.613329949444968284e-02
1.613329949444970365e-02
1.613329949444957528e-02
1.613329949444957875e-02
1.613329949444957181e-02
1.583817611189965169e-02
1.583817611189965169e-02
1.445379716316836857e-02
1.445379716316847439e-02
1.445379716316856113e-02
1.421053850243481249e-02
1.470559838651522115e-02
1.470559838651520380e-02
1.421053850243474137e-02
1.421053850243469627e-02
1.421053850243499464e-02
1.445379716316858021e-02
1.445379716316858368e-02
1.445379716316859062e-02
1.374778244896373777e-02
1.397527131178229187e-02
1.374778244896363716e-02
1.374778244896369614e-02
1.374778244896373951e-02
1.374778244896373257e-02
1.374778244896359206e-02
1.374778244896355042e-02
1.374778244896355042e-02
1.374778244896375685e-02
1.421048009498113163e-02
1.490542132837545039e-02
1.490542132837559611e-02
1.490542132837558396e-02
1.490542132837558396e-02
1.490542132837539661e-02
1.490542132837528733e-02
2.906273532071758717e-02
2.906273532071735818e-02
2.906273532071743104e-02
2.906273532071730267e-02
2.906273532071739635e-02
2.906273532071744145e-02
2.906273532071743104e-02
2.906273532071721247e-02
2.996453509372458066e-02
3.092435953686638664e-02
2.906273532071751084e-02
2.906273532071745880e-02
2.996453509372418861e-02
2.996453509372417473e-02
2.906273532071730267e-02
2.906273532071739635e-02
2.906273532071739982e-02
2.906273532071742757e-02
2.906273532071725063e-02
2.906273532071715002e-02
2.906273532071691756e-02
2.906273532071727145e-02
2.906273532071699389e-02
2.906273532071734084e-02
2.906273532071727839e-02
2.906273532071727839e-02
2.906273532071726451e-02
2.906273532071752472e-02
3.420966273980726585e-02
3.420966273980702299e-02
3.420966273980763361e-02
3.420966273980742545e-02
3.420966273980741851e-02
3.420966273980744626e-02
3.420966273980744626e-02
3.304261810857932191e-02
2.906273532071708063e-02
2.906273532071738941e-02
2.906273532071745186e-02
2.996453509372434473e-02
2.906273532071746921e-02
2.996459839541934858e-02
2.996459839541911960e-02
2.996459839541935205e-02
3.092422884247530632e-02
3.092422884247502876e-02
3.092422884247547632e-02
2.996459839541916817e-02
2.996459839541902592e-02
2.996459839541902592e-02
2.906273532071738941e-02
3.092435953686459987e-02
3.092435953686461375e-02
3.092435953686457559e-02
3.092435953686389558e-02
3.092435953686512723e-02
3.092435953686504396e-02
3.092435953686478375e-02
3.092435953686383659e-02
3.092435953686386782e-02
3.092435953686501274e-02
3.092435953686452355e-02
3.092435953686486008e-02
3.092435953686493641e-02
3.092435953686485661e-02
3.092435953686454783e-02
3.092435953686454783e-02
3.092435953686380537e-02
2.996453509372467433e-02
2.996453509372481658e-02
3.092619934189703990e-02
3.092619934189717174e-02
3.092619934189680050e-02
3.092619934189666173e-02
3.092619934189700520e-02
3.092619934189752562e-02
2.661959001391699803e-02
2.661959001391682109e-02
2.661959001391676558e-02
3.421582535574146933e-02
3.304221920844390564e-02
3.304221920844388483e-02
3.304221920844366972e-02
3.304221920844392646e-02
3.304221920844403054e-02
3.304221920844414156e-02
3.304221920844357951e-02
3.304221920844333665e-02
3.304221920844327420e-02
3.304221920844334359e-02
3.305419388741678149e-02
3.305419388741727416e-02
2.664659563364553049e-02
2.740501556728363805e-02
2.664659563364598499e-02
2.664659563364564498e-02
2.740508033212487801e-02
2.740508033212491618e-02
2.740508033212503761e-02
2.740508033212506883e-02
2.740508033212499250e-02
2.740508033212493699e-02
2.820786283945605002e-02
2.820786283945607778e-02
2.740508033212472536e-02
2.740508033212473230e-02
2.740508033212470454e-02
2.740508033212470454e-02
2.740508033212498210e-02
2.740508033212478434e-02
2.740508033212479128e-02
2.740508033212471148e-02
2.820786283945607431e-02
2.820786283945607778e-02
2.906031596318732133e-02
2.996507420915565587e-02
2.996507420915580158e-02
2.996511670579858622e-02
3.092822687829609521e-02
3.092822687829643175e-02
3.001163531903697917e-02
3.001163531903696530e-02
3.001163531903660447e-02
3.001163531903738857e-02
2.911017534215342914e-02
2.911017534215406058e-02
3.002329547297157009e-02
3.002329547297169846e-02
3.002329547297164641e-02
3.002329547297162907e-02
3.002329547297181295e-02
3.002329547297216336e-02
3.002329547297198989e-02
3.002329547297199683e-02
2.911017534215403282e-02
2.910340352329521957e-02
2.910340352329504957e-02
2.910340352329438343e-02
2.910994060416774096e-02
2.910994060416760912e-02
2.825063284918809953e-02
2.825063284918827300e-02
2.825063284918826606e-02
2.825063284918861300e-02
2.825063284918856096e-02
2.825063284918809606e-02
2.825063284918809606e-02
3.002341875832935381e-02
2.825063284918809953e-02
2.825063284918809606e-02
2.825063284918822443e-02
2.825063284918892179e-02
2.825063284918854362e-02
2.825063284918852280e-02
2.825063284918809606e-02
2.825063284918788442e-02
2.825063284918783238e-02
2.825063284918784279e-02
2.825063284918827300e-02
2.825063284918788442e-02
3.559668822426381024e-02
3.559668822426381024e-02
3.559668822426438617e-02
3.559668822426369228e-02
3.559668822426378942e-02
3.559668822426387269e-02
3.696626982389520505e-02
3.696626982389531607e-02
3.696626982389530913e-02
3.696626982389594751e-02
3.692416942217258830e-02
3.692416942217256748e-02
3.692416942217315035e-02
3.692416942217265768e-02
3.692416942217268544e-02
3.692416942217311565e-02
3.692416942217305320e-02
3.432483712362760508e-02
3.432483712362756345e-02
3.432483712362667527e-02
3.432483712362641853e-02
3.432483712362646017e-02
3.432483712362750100e-02
3.432483712362740386e-02
3.432483712362725814e-02
3.432483712362720263e-02
3.432483712362726508e-02
3.432483712362723038e-02
3.559654439489146754e-02
3.559654439489168959e-02
3.432483712362720263e-02
3.559654439489121081e-02
3.432483712362723038e-02
3.098561606522946821e-02
3.098561606522985679e-02
3.098561606522979434e-02
3.098561606522949249e-02
3.098561606522953066e-02
3.098561606522962433e-02
3.202282127601394079e-02
3.098561606522982556e-02
