9.964393828303717924e-04
9.964446206512066195e-04
9.964313568355453662e-04
9.964226074534157564e-04
9.963941705951856031e-04
9.964853496542982157e-04
9.965016830124941161e-04
9.964307344208101630e-04
9.964438563678096328e-04
9.963742752105925540e-04
9.963896418231411607e-04
9.963878971548589206e-04
9.963745592422152113e-04
9.963853400595545397e-04
9.964026216537020045e-04
9.964224284948952279e-04
9.963617658159814542e-04
9.963684717562740992e-04
9.963703309757718576e-04
9.963711828459035844e-04
9.963419728515243625e-04
9.963415269990778204e-04
9.963576010517977578e-04
9.963693467876025278e-04
9.963635347162698528e-04
9.963669453043476516e-04
9.963971457495218211e-04
9.964172273734177125e-04
9.964301116200731823e-04
9.964119515065922653e-04
9.964187845444925223e-04
9.964227760835527373e-04
9.964126228586755660e-04
9.964159103956181113e-04
9.964279560081088644e-04
9.963985669286510617e-04
9.963993198187921351e-04
9.963881126753611900e-04
9.963906053745497440e-04
9.963931384165453011e-04
9.963861173036777687e-04
9.964762173949757648e-04
9.964950321000379252e-04
9.963687045183816475e-04
9.964238968673362271e-04
9.964166155528725310e-04
9.963905161980040389e-04
9.963931505569086685e-04
9.963935039390481915e-04
9.964030601291064271e-04
9.964141793488883250e-04
9.964078991236253145e-04
9.963896099381278678e-04
9.964442262755195644e-04
9.964661526155910599e-04
9.964587757186260317e-04
9.964569180602644762e-04
9.964478586052722981e-04
9.964115992927625488e-04
9.964155064365878226e-04
9.964294313497153426e-04
9.964042276296763891e-04
9.964168788158611970e-04
9.964147800248541065e-04
9.964149957163691024e-04
9.964264002402713899e-04
9.963691726847273989e-04
9.963703019968547184e-04
9.963700923424053182e-04
9.964096772585554103e-04
9.963816327348878812e-04
9.963661367745943031e-04
9.964143718917887853e-04
9.964207998044835243e-04
9.964101691048261530e-04
9.963966235733965650e-04
9.963988866673245334e-04
9.963963842798289651e-04
9.963902630221422533e-04
9.963903548028680678e-04
8.231652246086423918e-04
8.232229978406273730e-04
8.233553491992119796e-04
8.231882696530248237e-04
8.233054852109394396e-04
8.234944048791157213e-04
8.220298322362140251e-04
8.230750929133789657e-04
8.228091756070042822e-04
8.233006960864309087e-04
8.232279006729207368e-04
8.544045169152521529e-04
8.543673013586667274e-04
8.538715509457034175e-04
8.552290988017804442e-04
8.552321452394232850e-04
8.552393623774572941e-04
8.553052098221451162e-04
8.549463475161781434e-04
8.549775090630740669e-04
8.549839423553583749e-04
8.549829049024262190e-04
8.549839806580515318e-04
8.549861360979146927e-04
8.549318154788228871e-04
8.549430865600861828e-04
8.549562995864704636e-04
8.549558470608366366e-04
8.549963195334602493e-04
8.551659849062852878e-04
8.551647851890699587e-04
8.551168636104350667e-04
8.551335042167769462e-04
8.550257390991973516e-04
8.549772745356872981e-04
8.549998515574895120e-04
8.550071148621301914e-04
8.550055322906526803e-04
8.550645883122755210e-04
8.550544955439289734e-04
8.551039740627097924e-04
8.550677009559712631e-04
8.550768036302965015e-04
8.550573074926132904e-04
8.550466131762930917e-04
8.549770696415907086e-04
8.551630610425428039e-04
8.551806604456706814e-04
8.551707505870032901e-04
8.551825063785367708e-04
8.550364256501753616e-04
8.550166237763647632e-04
8.550301471320514470e-04
8.550291350578397920e-04
8.550584284825501254e-04
8.550219605156797681e-04
8.550261206025776706e-04
8.550508313966699277e-04
8.550495626373330778e-04
8.551039979732530426e-04
8.550754792569817105e-04
8.550737117627819905e-04
8.550597449341114939e-04
8.550168821648648125e-04
8.550395558593770111e-04
8.565513244381232775e-04
8.565182399653945748e-04
8.565358090607898918e-04
8.565211754329653086e-04
8.565093423595102973e-04
8.565186912089355889e-04
8.565252889401717184e-04
8.565101883065267272e-04
8.565075332130363912e-04
8.565237348071710411e-04
8.564873807552238595e-04
8.564679629089474262e-04
8.566879630582443367e-04
8.566003247068671930e-04
8.566549032462745291e-04
8.566791433668122929e-04
8.566743351827560936e-04
8.567163553733027131e-04
8.566137478560936682e-04
8.566158834369849403e-04
8.566455657685016637e-04
8.566695276525588057e-04
8.566453058366552175e-04
8.566087864069058715e-04
8.567732852094113363e-04
8.566427907704481613e-04
8.567270862029142172e-04
8.566929218037619463e-04
8.566866395751679495e-04
8.566892601492680096e-04
8.567227821056599404e-04
8.566973926708110285e-04
8.565908248367135351e-04
8.565908248368159922e-04
8.565188809965756196e-04
8.563815164544378352e-04
8.563896008645227858e-04
8.564019757137434317e-04
8.564331207978885963e-04
8.564331207978544440e-04
8.564272574639519506e-04
8.564347413326226692e-04
8.564285003445065020e-04
8.564309279696451747e-04
8.563774242452481611e-04
8.566827390366581457e-04
8.567004919893788772e-04
8.566572233462085330e-04
8.567225274061274253e-04
8.561618710528261450e-04
8.561665441456926991e-04
8.561562517532975234e-04
8.562770567515726400e-04
8.562862240639318445e-04
8.563139967635516195e-04
8.562427139912270413e-04
8.562725421824584791e-04
8.561635730383650861e-04
8.562236064130531593e-04
8.562290888452556061e-04
8.562325223819680425e-04
8.562246685559555441e-04
8.562097257710387819e-04
8.562002423730892585e-04
8.562403946963841658e-04
8.562344004330070535e-04
8.562236172694196379e-04
8.562274115731863255e-04
8.562381318659275167e-04
8.561529143905759502e-04
8.562146253104207377e-04
8.561188078685600311e-04
8.562306039988833856e-04
8.562395578754594368e-04
8.562666031522514010e-04
8.562556373172194998e-04
8.562722512474655852e-04
8.562593648726591613e-04
8.562543635902974959e-04
8.562844988467389982e-04
8.562584149899898954e-04
8.562716734575514729e-04
8.562703392874179437e-04
8.562703066415018084e-04
8.562687296885425348e-04
8.562744409958536257e-04
8.562899903359878990e-04
8.562800430767473093e-04
8.562860618483363962e-04
8.562858515122081073e-04
8.562927348041873658e-04
8.562969705658807999e-04
8.563000672383169623e-04
8.563194058801043996e-04
8.563157713941056725e-04
8.563119187581611381e-04
8.562878065707267214e-04
8.562878764883899603e-04
8.562825600093865045e-04
8.562723233945422011e-04
8.563227898028718307e-04
8.562606668839302035e-04
8.562617782143943810e-04
8.562136250288299990e-04
8.562435908911063568e-04
8.562886187333682226e-04
8.562950391343563186e-04
8.562841871346406992e-04
8.564913471976138898e-04
8.564857028378466616e-04
8.564743317090136362e-04
8.564723070681256418e-04
8.564714203888035542e-04
8.565242333547000387e-04
8.564093344096937628e-04
8.564708143216877897e-04
8.564499531163382532e-04
8.564394460229040121e-04
8.564726904479237103e-04
8.564384746663340721e-04
8.564399807774055427e-04
8.564864725776693243e-04
8.566573580446230646e-04
8.566588709390956331e-04
8.566126790163910510e-04
8.565567874360523063e-04
8.566180525203132565e-04
8.566119818478002898e-04
8.566280449710441530e-04
8.566253757418888478e-04
8.566398944186405734e-04
8.565185716501161469e-04
8.564956490444241947e-04
8.565144333549868294e-04
8.565008575646052133e-04
8.564694916831240134e-04
8.564995372919007900e-04
8.564143906394298782e-04
8.564313028429375221e-04
8.564632850481325747e-04
8.564771927360200886e-04
8.564054835644841065e-04
8.563942414802205990e-04
8.563971426416666600e-04
8.563962839082286775e-04
8.563550720913001022e-04
8.560307042058262761e-04
8.560784290492442919e-04
8.560728236128906012e-04
8.560545158105473508e-04
8.560408817477356677e-04
8.560609472385389759e-04
8.560278650542627954e-04
8.560041905132040069e-04
8.560254496266753600e-04
8.560122796808698970e-04
8.560055250223280905e-04
8.559808873964422447e-04
8.559914853245388687e-04
8.560878886335658794e-04
8.560839902406111850e-04
8.561012446684214362e-04
8.561002333000144451e-04
8.562750618650383574e-04
8.562779888213328805e-04
8.561666483526964022e-04
8.561614534951693996e-04
8.561627806413855653e-04
8.561222327243352050e-04
8.561430338830589752e-04
8.561179654870728749e-04
8.561199160210785633e-04
8.561155340296343818e-04
8.561281154805172383e-04
8.561505009846449030e-04
8.561545412561583036e-04
8.561675693632718248e-04
8.561288854386763176e-04
8.561081395022547558e-04
8.561174939438358006e-04
8.561962130091407483e-04
8.560355357540941909e-04
8.561088770716659014e-04
8.561186426059154246e-04
8.559878989787650209e-04
8.559526185401428178e-04
8.559501913750750370e-04
8.559145713454045182e-04
8.559957719154021689e-04
8.559174149316884934e-04
8.559028711477902627e-04
8.559117045793337855e-04
8.559087873758880732e-04
8.559437409484099007e-04
8.560088349839094961e-04
8.560338459308898659e-04
8.559587348020692137e-04
8.559516470042340206e-04
8.559834535081356065e-04
8.561176923864492706e-04
8.561803975023420284e-04
8.561769283410413517e-04
8.561577544102447462e-04
8.561905313304339149e-04
8.561833048341780262e-04
8.561817396802810223e-04
8.561879886674704900e-04
8.561337848593331482e-04
8.561518961236771986e-04
8.561494055019762406e-04
8.561347879504867990e-04
8.561293679389853388e-04
8.561349099416598217e-04
8.561372863319083575e-04
8.561395347059678812e-04
8.561516268327582077e-04
8.561429691012022300e-04
8.561712302461311607e-04
8.561623135156570591e-04
8.561548066752900721e-04
8.561200969743142488e-04
8.561123786131177643e-04
8.561218248100386802e-04
8.561374672322401812e-04
8.561425699800511704e-04
8.561401174854829568e-04
8.560892415022476522e-04
8.561481766239283087e-04
8.561797780970550930e-04
8.561320487871727693e-04
8.561237860619921652e-04
8.561253744094442101e-04
8.561399227504810699e-04
8.561216916218821046e-04
8.561219301778051670e-04
8.561275004831541986e-04
8.561434554376039360e-04
8.561481955756696351e-04
8.561367002564373259e-04
8.561371049489140128e-04
8.562005578737313634e-04
8.561745252156250253e-04
8.561813774261682478e-04
8.561732864610295968e-04
8.561559200855360175e-04
8.561420167435598296e-04
8.561332311930728483e-04
8.561403552814365664e-04
8.561554618116409485e-04
8.561274364279914404e-04
8.561157612561857587e-04
8.561809644255720690e-04
8.561735279579534008e-04
8.561989416632388846e-04
8.561946838760186489e-04
8.561765970210462578e-04
8.561969082664961251e-04
8.561481991594709681e-04
8.561656509847546948e-04
8.561266574315732876e-04
8.561270666036560053e-04
8.561119615117367696e-04
8.560902988185733987e-04
8.560877973366975936e-04
8.560884225033015167e-04
8.560903268894926857e-04
8.561191198858443280e-04
8.561192307120562509e-04
8.561182433936810826e-04
8.561143639720794141e-04
8.561071105412072042e-04
8.561109314674185920e-04
8.561230792981852893e-04
8.561176399251646052e-04
8.560814471035446899e-04
8.560909647374410816e-04
8.560922834585508231e-04
8.561117762233687875e-04
8.560755655517621925e-04
8.560824900349430508e-04
8.560825307827355608e-04
8.561115611911415202e-04
8.561160104645327510e-04
8.561067295305072175e-04
8.561248090893873843e-04
8.561252906433546592e-04
8.561198896165176254e-04
8.561128934525215122e-04
8.561223383818753222e-04
8.560919473541050073e-04
8.560955096601010911e-04
8.560788458311411556e-04
8.560897461425421564e-04
8.560845311025891110e-04
8.560877831649656633e-04
8.560945924550415753e-04
8.560965206429185185e-04
8.560779165131379622e-04
8.560832958253074970e-04
8.560929046717645052e-04
8.561222765219621885e-04
8.560936441006184805e-04
8.560938912001175459e-04
8.560747245490728284e-04
8.560708491124984203e-04
8.560418204304293078e-04
8.560384849396088063e-04
8.560588278220579005e-04
8.560485706063269322e-04
8.560593515069993406e-04
8.560704859070528833e-04
8.560686315255425574e-04
8.560708079972252334e-04
8.560581687575199300e-04
8.560299949180714442e-04
8.560851329510194702e-04
8.560786223883078009e-04
8.560871214930747741e-04
8.560794858205344506e-04
8.560183767734506032e-04
8.560221525798376646e-04
8.560639490164818335e-04
8.560453514285420226e-04
8.560500164942742808e-04
8.560364114240501168e-04
8.565050530029042842e-04
8.564826462274927315e-04
8.564610624940175408e-04
8.563977503780597711e-04
8.564098655325476850e-04
8.560476787617809103e-04
8.560503869124554350e-04
8.561068722061244149e-04
8.560649335447186557e-04
8.561047991649643491e-04
8.560657376075916881e-04
8.560970477505540528e-04
8.560713133605863095e-04
8.561386422532618525e-04
8.561172207355252249e-04
8.561278678290292713e-04
8.561747450498345636e-04
8.561395890780438417e-04
8.561618871544549644e-04
8.561568851921254981e-04
8.561778513954660221e-04
8.561339855666959871e-04
8.565131882632380511e-04
8.565157014498516212e-04
8.564427922666846679e-04
8.564241857787661212e-04
8.564334262769563106e-04
8.564937040827438767e-04
8.565143574526890360e-04
8.565817049318243158e-04
8.565922634223188843e-04
8.566070762348619626e-04
8.564768094168338005e-04
8.564312435900756819e-04
8.564410810335857608e-04
8.564354871032045687e-04
8.564307975425812774e-04
8.564460506800719748e-04
8.564029705817960631e-04
8.564297262193539895e-04
8.564443008717668874e-04
8.564053766806445454e-04
8.564054621159537632e-04
8.564022248244923877e-04
8.564040771353253166e-04
8.564053508529261092e-04
8.563972453722027605e-04
8.564092435478633334e-04
8.564068295867805500e-04
8.563986544898842404e-04
8.564107642890645940e-04
8.563356487578924117e-04
8.564053204156088376e-04
8.563838209224650458e-04
8.564122102427324836e-04
8.561913523082171750e-04
8.562302506656730393e-04
8.562801974587418022e-04
8.561103205936080717e-04
8.561270583323358531e-04
8.563101598155908748e-04
8.563147341008684734e-04
8.563092976422912155e-04
8.563142764549989223e-04
8.563124048654454463e-04
8.563045160433402272e-04
8.563084174334729482e-04
8.563091578595606861e-04
8.563239173873504187e-04
8.563386016280595450e-04
8.563493875779239206e-04
8.563219511595982977e-04
8.563278700562486617e-04
8.563176567022161463e-04
8.565151352958705029e-04
8.564358154476898501e-04
8.564365140413459721e-04
8.564486950143774266e-04
8.564035813438885484e-04
8.564553399377314996e-04
8.564246958065836269e-04
8.564410446561085584e-04
8.563140935952732969e-04
8.561983519536745012e-04
8.562174092824919496e-04
8.562468530798762311e-04
8.562356251610441383e-04
8.562444448428645129e-04
8.563556807059538936e-04
8.563411822182738281e-04
8.563846960116157109e-04
8.563228740908722381e-04
8.563318251720918950e-04
8.563406756241814148e-04
8.563420904587435312e-04
8.563966469586168240e-04
8.564055069968659010e-04
8.563979970480640721e-04
8.563769396812510523e-04
8.563675570502259559e-04
8.564493881320276152e-04
8.564181820458427680e-04
8.564538874570521484e-04
8.564421138652726900e-04
8.564113254464178178e-04
8.564240840474128535e-04
8.564592065221232490e-04
8.564648554025479799e-04
8.564577005925109012e-04
8.563947190219125529e-04
8.563833043262997864e-04
8.563543683489131461e-04
8.563386783849376337e-04
8.563316463607487756e-04
8.563333328543734331e-04
8.563217683527420566e-04
8.563070484262896159e-04
8.563066877348747292e-04
8.563121624670177274e-04
8.561392174005732483e-04
8.562527874982284659e-04
8.562806584761777258e-04
8.562742707299436391e-04
8.562604369915183472e-04
8.562586798911518823e-04
8.562591280003299015e-04
8.562435486263643035e-04
8.562487022339439462e-04
8.562487022339443799e-04
8.562509302937900508e-04
8.562234901325926385e-04
8.562445993612570602e-04
8.562464857726069956e-04
8.562656731765211880e-04
8.562756670939323774e-04
8.562524746763227170e-04
8.562392456296863625e-04
8.561902419667834696e-04
8.561939331252961007e-04
8.565011761610715878e-04
8.565379568824875141e-04
8.566088592218843107e-04
8.565792677143048255e-04
8.565774688922192905e-04
8.565560141657785386e-04
8.565133868742828708e-04
8.564812830078058579e-04
8.565429188951361556e-04
8.565429188951297589e-04
8.565332560272378559e-04
8.565466943541827881e-04
8.564574932187219705e-04
8.565184528923099321e-04
8.565230253571718593e-04
8.564798880758297227e-04
8.565432338714485489e-04
8.565426531418994646e-04
8.564903941118513428e-04
8.565947725424265333e-04
8.566293228407010317e-04
8.566293228407010317e-04
8.566798659132328830e-04
8.566946392506788336e-04
8.567009706343507334e-04
8.565741525105237701e-04
8.565813598964542490e-04
8.565755445314056880e-04
8.565772389950420404e-04
8.563331632245324435e-04
8.563010433314181651e-04
8.562949226628559056e-04
8.562825167262494474e-04
8.562535991492245535e-04
8.562938361853719704e-04
8.562826169339429359e-04
8.562242748279554711e-04
8.561745728697790856e-04
8.561893866697191770e-04
8.562232539658172666e-04
8.562782147005905614e-04
8.563451865886322414e-04
8.563333092349742449e-04
8.563410688534585716e-04
8.563181816238255809e-04
8.563575302549705478e-04
8.562045083671676474e-04
8.561725114633888818e-04
8.559930921056762643e-04
8.559863089955935299e-04
8.559295883688682310e-04
8.559486398192898190e-04
8.561772488130874959e-04
8.560275140250527557e-04
8.559354158957325088e-04
8.563142694250587073e-04
8.562505698310189824e-04
8.564061436301614611e-04
8.564371430313143718e-04
8.564624498790576182e-04
8.564776316753342379e-04
8.564779049740932956e-04
8.564221965576936449e-04
8.564609561475599675e-04
8.564977248306840894e-04
8.565182438780425582e-04
8.564612002173218729e-04
8.564283083700529155e-04
8.564326454301577404e-04
9.590078964951342065e-04
9.591237278009648792e-04
9.594989142681467935e-04
9.592904721572073331e-04
9.593016425789042262e-04
9.591390694288238214e-04
9.590620751045716508e-04
9.618742361335218477e-04
9.619765839947964437e-04
9.624411896690052972e-04
9.149405666576370917e-04
9.147347676821096681e-04
9.147209142903970237e-04
9.146723231108799031e-04
9.147258899516394221e-04
9.147474736961958095e-04
9.147507295365669890e-04
9.147094160589669962e-04
9.146792449271869867e-04
9.147220852793024742e-04
9.146263294776840486e-04
9.145996368862186659e-04
9.147885514172065299e-04
9.147985737049876831e-04
9.148127929888129426e-04
9.149071136531368833e-04
9.147969616880515138e-04
9.148574168463549997e-04
9.146448480564684132e-04
9.146669783307526331e-04
9.134290803167005547e-04
9.135880127340902665e-04
9.135880127341455608e-04
9.136452631145766060e-04
9.140940213197996109e-04
9.086499929247712467e-04
9.084186367823513788e-04
9.084769889687851954e-04
9.084533364594644944e-04
9.084708515217057752e-04
9.082220067794577250e-04
9.083176376850446996e-04
9.086325822255593605e-04
9.085216302289954261e-04
9.085512561515610716e-04
9.086047826457890279e-04
9.087191913692642918e-04
9.087202447350651267e-04
4.977119709028120925e-02
4.977166893935817960e-02
4.977055280636362433e-02
4.977031606560029797e-02
4.976996310942680135e-02
4.976939440400191678e-02
4.976990025431779485e-02
4.976986270764136716e-02
4.977150155607627802e-02
5.007326187853262250e-02
5.007347298494681936e-02
5.007348433191811943e-02
5.007337059948040875e-02
5.007323344084092798e-02
5.007344507982912363e-02
5.007318926418544147e-02
5.007352568088053318e-02
5.007333423124618599e-02
5.007308992244107609e-02
5.007363942115682781e-02
5.007361204861220799e-02
5.007360039894016845e-02
5.007372168145736435e-02
5.007347902396290518e-02
5.007354556872251755e-02
5.007348148491341105e-02
5.007347136247114472e-02
5.007338212735829019e-02
5.007278738052865774e-02
5.007251920107514548e-02
5.007217956810867260e-02
5.007232616047999768e-02
5.007294128869693023e-02
5.007361157877522617e-02
5.007360355993997064e-02
5.007333374849445851e-02
5.007329409511510065e-02
5.007320741441765449e-02
5.007332415063842079e-02
5.007346854227132105e-02
5.007327853602732554e-02
5.007335936873472115e-02
5.007348622524731424e-02
5.007362045934433264e-02
5.007368913692392814e-02
5.007364553692866815e-02
5.007356759299007309e-02
5.007347199321824510e-02
5.007339795447465769e-02
5.007330518892081500e-02
5.007299785535548192e-02
5.007315852228860775e-02
5.007386053392370168e-02
5.007389330268099265e-02
5.007430969085386457e-02
5.007437431319240739e-02
5.007431429432854242e-02
5.007431782338415266e-02
5.007417185002994292e-02
5.007425946215755819e-02
5.007396882884854183e-02
5.007396283880437976e-02
5.007394245489336926e-02
5.007396879648044752e-02
5.007391263469181120e-02
5.007403694570378844e-02
5.007429756826177469e-02
5.007439027771636714e-02
5.007441670678690337e-02
5.007428536622243742e-02
5.007482996865130626e-02
5.007492334576092718e-02
5.007467296432084602e-02
5.007369718350906940e-02
5.007373794869217354e-02
5.007342476246166851e-02
5.007404413215368888e-02
5.007406881563821605e-02
5.007398994182234164e-02
5.007516240269386382e-02
5.007510017125364754e-02
5.007511596176932728e-02
5.007507427815174189e-02
5.007505766388280211e-02
5.007503283513692338e-02
5.007511696280011332e-02
5.007502979990005598e-02
5.007505990742516788e-02
5.007506631473278291e-02
5.007521533105525890e-02
5.007518439775011931e-02
5.007512656262805284e-02
5.007516899717600473e-02
5.007554178598622174e-02
5.007553061374572789e-02
5.007534714350764249e-02
5.007529561566403248e-02
5.007529414335851192e-02
5.007541074336049197e-02
5.007546318738459457e-02
5.007550452924190015e-02
5.007547144841688336e-02
5.007557978700250684e-02
5.007557008707571450e-02
5.007560857123966036e-02
5.007560803115036763e-02
5.007563180150758492e-02
5.007552384979199744e-02
5.007591033169916245e-02
5.007582322379636186e-02
5.007591118560734966e-02
5.007591763428236031e-02
5.007585200714084056e-02
5.007561523439653384e-02
5.007566315974745774e-02
5.007568615087916453e-02
5.007574862203414967e-02
5.007561090322791564e-02
5.007557010076486848e-02
5.007578511845767882e-02
5.007576416599510138e-02
5.007568112212040096e-02
5.007568290818741746e-02
5.007573757544661608e-02
5.007578583616240780e-02
5.007580305516112079e-02
5.007572083994023260e-02
5.007581870443331834e-02
5.007581699747469528e-02
5.007574188867233017e-02
5.007571403590907466e-02
5.007568550929739765e-02
5.007561117944846901e-02
5.007565385396183649e-02
5.007544638294358225e-02
5.007543223853779674e-02
5.007540730009216179e-02
5.007542745189674099e-02
5.007546877520446110e-02
5.007538656339537153e-02
5.007542825887319887e-02
5.007540248352017331e-02
5.007543998338961216e-02
5.007540194805341210e-02
5.007541146605856697e-02
5.007548554480466263e-02
5.007546492083317369e-02
5.007550083989619621e-02
5.007544693131910779e-02
5.007542597485730579e-02
5.007540135121609642e-02
5.007536741930799368e-02
5.007555367861445811e-02
5.007554127999001847e-02
5.007555026760410893e-02
5.007556467019174534e-02
5.007535627169674985e-02
5.007552154046684273e-02
5.007551866642235422e-02
5.007550923669433496e-02
5.007552548266650666e-02
5.007552469117074190e-02
5.007553290007249469e-02
5.007548468278846809e-02
5.007556513425652500e-02
5.007564666521445440e-02
5.007569068979729476e-02
5.007567040145182585e-02
5.007596481446004166e-02
5.007573045677983503e-02
5.007571740550408046e-02
5.007610204880516558e-02
5.007600088633620827e-02
5.007608874446414782e-02
5.007600510627528007e-02
5.007598520224504357e-02
5.007600077482762813e-02
5.007597469190653433e-02
5.007600701168886392e-02
5.007607882613244327e-02
5.007609443386153852e-02
5.007605824999597499e-02
5.007577625573839813e-02
5.007579513489823081e-02
5.007580818571521347e-02
5.007593209056551004e-02
5.007593365502447519e-02
-1.036817508892353031e-02
-1.036813489681714072e-02
-1.036809180796180452e-02
-1.036821999063716054e-02
-1.036821236183179881e-02
-1.036817267239055831e-02
-1.036817825307748651e-02
-1.036824563726758235e-02
-1.036826650625474744e-02
-1.036827178166075183e-02
-1.036819004310189120e-02
-1.036819681428000420e-02
-1.036821369385726443e-02
-1.036821013531176276e-02
-1.036814768606607838e-02
-1.036819207124685914e-02
-1.036819487979053975e-02
-1.036793847595371236e-02
-1.036789866735273076e-02
-1.036793409099749132e-02
-1.036805090314494270e-02
-1.036799982248234366e-02
-1.036788635203589846e-02
-1.036793428887578146e-02
-1.036792515611370882e-02
-1.036797065252150624e-02
-1.036793992269463907e-02
-1.036786188137911978e-02
-1.036788945607543429e-02
-1.036787692989806636e-02
-1.036786564670601207e-02
-1.036786057081107854e-02
-1.036840633446659693e-02
-1.036846144587290873e-02
-1.036801331353376376e-02
-1.036803265757785947e-02
-1.036802216767518901e-02
-1.036825552073293230e-02
-1.036814286682732900e-02
-1.036828445283525038e-02
-1.036816996733724329e-02
-1.036814806640733340e-02
-1.036810899660956138e-02
-1.036826291765169383e-02
-1.036829998244875699e-02
-1.036816186008615408e-02
8.796194842120786533e-03
8.796140444853245421e-03
8.796324448332067114e-03
8.796210815551005688e-03
8.796301588336450164e-03
8.796301588336446695e-03
8.796339137153368765e-03
8.796311197634805457e-03
8.796290908589672261e-03
8.796269972140415699e-03
8.796464274187541094e-03
8.796462393797600116e-03
8.796464274187513338e-03
8.796452365630265391e-03
8.796388457287442758e-03
8.796124547652908049e-03
8.796153640932400167e-03
8.796138302481130641e-03
8.796095050688941194e-03
8.796073986767693337e-03
8.796102166446179843e-03
8.795955866760522129e-03
8.796109685325188832e-03
8.796202169219859840e-03
8.796435596156081116e-03
8.796692484701475190e-03
8.796539907656074353e-03
8.796908487445345357e-03
8.797116289566126943e-03
8.797116289566125208e-03
8.797094543757710827e-03
8.797056735430072022e-03
8.797034285493351632e-03
8.797088889644177553e-03
8.796923151251280493e-03
8.796926183224201487e-03
8.796006188581256824e-03
8.796012448976452125e-03
8.796014915900108797e-03
8.795716757957400267e-03
8.795829159703078687e-03
8.795972957275462883e-03
8.795882444278427942e-03
8.795924887006062454e-03
8.795735142231274339e-03
8.796169844642652211e-03
8.801868197297521221e-03
8.801669776236423909e-03
8.801762094430492372e-03
8.801724066340858507e-03
8.801719016996814929e-03
8.802421600505792171e-03
8.802329302250814017e-03
8.802269775780982575e-03
8.802283533498768756e-03
8.802226707026065966e-03
8.802289750491232995e-03
8.802292661318430328e-03
8.802281197353439487e-03
8.802279509503707980e-03
8.802258049458890413e-03
8.802416893021788868e-03
8.802334969954247329e-03
8.802334106227733407e-03
8.802364140944606702e-03
8.802364729825741529e-03
8.802359078987423424e-03
8.802366330092769794e-03
8.802439246458725400e-03
8.802403004230839947e-03
8.802411730198838463e-03
8.802402446182867532e-03
8.802258595742018521e-03
8.802476345001171779e-03
8.802573663725350023e-03
8.802592328552665685e-03
8.802548559218040247e-03
8.802718887110301191e-03
8.802743180545965357e-03
8.802675482287409051e-03
8.802715813395619107e-03
8.802543763774218696e-03
8.802565473350384972e-03
8.802657828259794273e-03
8.802652171083042917e-03
8.802662371204963629e-03
8.802681361549023059e-03
8.802671899426491378e-03
8.802674534162696629e-03
8.802657095330393075e-03
8.802650284321238833e-03
8.802722074830156632e-03
8.802691192623769006e-03
8.802593018937708222e-03
8.802592163017911378e-03
8.802617661643733285e-03
8.802649567726340829e-03
8.802645626260159617e-03
8.802664889840699364e-03
8.802659381194559429e-03
8.802655603502447176e-03
8.802680515348208778e-03
8.802649426509044292e-03
8.802751842533058230e-03
8.802605505053816282e-03
8.802622079024739407e-03
8.802618062287952475e-03
8.802602604171934353e-03
8.802563911915075798e-03
8.802598025014126207e-03
8.802548588037011762e-03
8.802542692122673415e-03
8.802572024040042353e-03
8.802515727548523503e-03
8.802510913969656403e-03
8.802510913969652934e-03
8.802541290453311240e-03
8.802558609969500514e-03
8.802556599429783163e-03
8.802616305083946907e-03
8.802618561341631065e-03
8.802596562288784315e-03
8.802611928183946485e-03
8.802615817097030407e-03
8.802608664298371480e-03
8.802604510968739873e-03
8.802634130024907660e-03
8.802658563476693787e-03
8.802643729157382663e-03
8.802598857315031486e-03
8.802592020264421793e-03
8.802639241116584287e-03
8.802615917496828257e-03
8.802600711279416276e-03
8.802633877084549766e-03
8.802422452547730911e-03
8.802425848346112983e-03
8.802436115388089996e-03
8.802322701687131587e-03
8.802293856623960230e-03
8.802189578676287637e-03
8.802113397653309884e-03
8.802157215193407921e-03
8.802226968393210907e-03
8.802216470026987677e-03
8.802285742204438504e-03
8.802283946710079410e-03
8.802268541740532887e-03
8.802192034761294887e-03
8.802301647082377486e-03
8.802301787165889985e-03
8.802283483261515162e-03
8.802281002570556956e-03
8.802284209258926656e-03
8.802218339457814830e-03
8.802248798058628226e-03
8.802271835083450707e-03
8.802277070171251466e-03
8.802285727117289960e-03
8.802287313494716950e-03
8.802229318901851063e-03
8.802161699052873933e-03
8.802167233610085767e-03
8.802171402933102809e-03
8.802184168696068622e-03
8.802208448835575211e-03
8.802227500640306262e-03
8.802221461832552066e-03
8.802269922506761671e-03
8.802693507310907148e-03
8.802604788337987235e-03
8.802456008332426932e-03
8.802405538472342361e-03
8.802622408359413522e-03
8.802477616500209781e-03
8.802498419600374158e-03
8.810703851332441633e-03
8.810715581942416344e-03
8.810987748713869708e-03
8.811064372602478781e-03
8.810917892514065833e-03
8.811662028164777422e-03
8.811595124686134872e-03
8.811777728399767390e-03
8.813692270867114903e-03
8.813081387938417888e-03
8.812795407309373732e-03
8.812896708420843439e-03
8.813049945361035864e-03
8.812244601704103536e-03
8.812199359100774884e-03
8.812271695399652785e-03
8.812248512314078269e-03
8.812315945881806292e-03
8.812674287083115468e-03
8.812424840010251587e-03
8.812357252459065635e-03
8.812664314790183070e-03
8.812672474628885366e-03
8.812563165003096943e-03
8.812601058936673018e-03
8.812821364832607030e-03
8.812875439503290928e-03
8.812757342432583213e-03
8.812537504278945485e-03
8.812519520426085468e-03
8.812433347183092763e-03
8.812455201959040058e-03
8.812491695670060174e-03
8.812440840576767423e-03
9.943329070865015995e-03
9.943381772879126418e-03
9.943473550400233618e-03
9.943407753756190737e-03
9.943390309144125097e-03
9.943386475692320842e-03
9.943655923303781549e-03
9.943557055414357568e-03
9.943511028691308373e-03
9.943496637311035127e-03
9.943498837319016473e-03
9.943523381091626256e-03
9.943453560073306843e-03
9.943635491486798456e-03
9.943519498696241909e-03
9.943502390716873682e-03
9.943441214646114162e-03
9.943485172871965178e-03
9.943604111490868605e-03
9.944164509160460449e-03
9.943785381153345121e-03
9.943803651535449914e-03
9.950401953324894064e-03
9.950706772449571455e-03
9.950410442102906178e-03
9.950380200645989395e-03
9.950634465877209942e-03
9.949584991525629862e-03
9.949584991525621189e-03
9.949521084777262700e-03
9.949583148849461961e-03
9.949618750605734169e-03
9.949534721036665599e-03
9.949601517414868521e-03
9.949670302118695381e-03
9.949735565870653636e-03
9.949643748502202262e-03
9.949534123634430280e-03
9.949586281475309921e-03
9.949569959095155847e-03
9.950955990202301274e-03
9.950928052958846887e-03
9.950930478376834865e-03
9.951059231291000187e-03
9.950871446305757997e-03
9.950865214866780328e-03
9.951134877095677705e-03
9.950736946237898756e-03
9.950776504924829097e-03
9.950765249046396657e-03
9.950747618014682203e-03
9.951388699161784271e-03
9.951432717860865876e-03
9.951503821720475082e-03
9.951573709871397791e-03
9.950943538807299413e-03
9.950861539341436177e-03
9.950862720706776798e-03
9.950915130180230592e-03
9.950871224980019011e-03
9.950963745512844336e-03
9.951296983511437322e-03
9.951166772632812768e-03
9.951224380280444121e-03
9.951294069996086469e-03
9.949671775091518955e-03
9.949632010681027164e-03
9.949635123643798401e-03
9.947369521150096344e-03
9.947399865093955670e-03
9.947307704188218871e-03
9.947312569291162643e-03
9.947376270797720146e-03
9.947379173087444668e-03
9.947342683099264296e-03
9.947345163587936398e-03
9.947339759976263698e-03
9.947500703020363891e-03
9.947510948597759056e-03
9.947431540051088553e-03
9.947433218375311206e-03
9.947467094179191990e-03
9.947455568387443894e-03
9.947519269250207352e-03
9.947368591036126126e-03
9.947312226634506122e-03
9.947394909132975527e-03
9.947376802830747156e-03
9.947382170860335701e-03
9.947400709394394261e-03
9.947386467972644045e-03
9.947391203768462045e-03
9.947382272474237022e-03
9.947404952697505923e-03
9.947383754183752522e-03
9.947470001598904960e-03
9.947410527527235716e-03
9.947333411910371306e-03
9.947354703485936436e-03
9.947337183605228783e-03
9.947342223976278139e-03
9.947301355324181943e-03
9.947241952740009177e-03
9.947239807136356096e-03
9.947241679739994222e-03
9.947215490960663320e-03
9.947226760531195297e-03
9.947200734810889011e-03
9.947236377653104894e-03
9.947144332161718047e-03
9.947139609696592499e-03
9.947267343379365828e-03
9.947210358658618162e-03
9.947207774730159810e-03
9.947223338813185670e-03
9.947208168356652322e-03
9.947227572901333470e-03
9.947194067524122926e-03
9.947149322280459879e-03
9.947161413174778616e-03
9.947203542191957945e-03
9.947170553769778267e-03
9.947214826229339515e-03
9.947214183465839105e-03
9.947154977286111130e-03
9.947171824147511832e-03
9.947161819027459939e-03
9.947212686627689149e-03
9.947283542967115186e-03
9.947289324653867809e-03
9.947364485870704987e-03
9.947360162350541574e-03
9.947358056924983719e-03
9.947345661967565630e-03
9.947274019968985539e-03
9.947263327591094467e-03
9.947255764095755751e-03
9.947177378649007737e-03
9.947203650695573759e-03
9.947168751041811363e-03
9.947174423629880774e-03
9.947232213338956172e-03
9.947260663424925542e-03
9.947337104356648863e-03
9.947415349208354324e-03
9.947379122579804930e-03
9.947403108119760168e-03
9.947394968572473989e-03
9.947368008262848574e-03
9.947398344739816212e-03
9.947374299950033708e-03
9.947340291594422915e-03
9.947356678615475525e-03
9.947361375877919118e-03
9.947355448064817626e-03
9.947355775793509033e-03
9.947964779162784751e-03
9.947406575404302981e-03
9.947464101426765903e-03
9.947515605307342967e-03
9.947380234523982290e-03
9.947384961343015697e-03
9.947402752048504354e-03
9.947396079745153899e-03
9.947509305528434362e-03
9.947486700296727033e-03
9.947514203032997715e-03
3.613542733484906896e-03
3.613566126451993755e-03
3.613585812768477842e-03
3.613553122053757109e-03
3.613560602820779875e-03
3.613545658392890679e-03
3.613564794031693360e-03
3.613567535492328685e-03
3.613564330662982771e-03
3.613559910041347530e-03
3.613540708558602571e-03
3.613546258954555748e-03
3.613556803608191682e-03
3.613540922349269598e-03
3.613538197120878554e-03
3.613568412738314174e-03
3.613565112218911253e-03
3.613548779438952897e-03
3.613576751514126391e-03
3.613563675323114895e-03
3.613566260787881221e-03
3.613546469005027122e-03
3.613262874932916379e-03
3.613317836470637551e-03
3.613286206508523665e-03
3.613277784779262650e-03
3.613241301882045512e-03
3.613267062297025912e-03
3.613338827623167708e-03
3.613299021777126915e-03
3.613333253898725651e-03
3.613342255433397814e-03
3.613387143441723799e-03
3.613358358672206193e-03
3.613380749726947862e-03
3.613371199763449476e-03
3.613347709799920055e-03
3.613347592002688884e-03
3.613357755332455203e-03
3.613290789350541432e-03
3.613342114454733307e-03
3.613332038112894266e-03
3.613339823157290728e-03
3.613313273049115378e-03
3.613299647973755319e-03
3.613309767399337097e-03
3.613304287233902370e-03
3.613394837185754556e-03
3.613306289697443274e-03
3.613274660909656950e-03
3.613284224894445975e-03
3.613287271908157631e-03
3.613305756695492539e-03
3.613296361435861925e-03
3.613386131319985817e-03
3.613351679947784598e-03
3.613387869338196504e-03
3.613393578094040420e-03
3.613396266776966025e-03
3.613376668180219662e-03
3.613352198343776963e-03
3.613371242778764311e-03
3.613370110166888496e-03
3.613365945269718729e-03
3.613358574587092857e-03
3.613350322543999738e-03
3.613356753992508046e-03
3.613363626887351569e-03
3.613320140852427538e-03
3.613316881380700292e-03
3.613247910084196358e-03
3.613246807880283584e-03
3.613253975610082602e-03
3.613252592064775635e-03
3.613233623458881293e-03
3.613248165454392702e-03
3.613200951356687878e-03
3.613215591910082496e-03
3.613286472515600273e-03
3.613430401665012389e-03
3.613449360438992369e-03
3.613425878480791553e-03
3.613436970047440196e-03
3.613405602904134258e-03
3.613404856727609610e-03
3.613403778014622186e-03
3.613383046033718030e-03
3.613388820004075422e-03
3.613392125828929734e-03
3.613371609253669420e-03
3.613406359692169709e-03
3.613398011006943057e-03
3.613453052112425897e-03
3.613420725627963966e-03
3.613425081394410713e-03
3.613408767074755522e-03
3.613545687881819773e-03
3.613486766860243664e-03
3.613484607609569136e-03
3.613504536315252647e-03
3.613445342430882112e-03
3.613444536905957571e-03
3.613433768663849681e-03
3.613428483104444162e-03
3.613475388040902035e-03
3.613468900297211669e-03
3.613457456593357781e-03
3.613454815379872447e-03
3.613455503601705268e-03
3.613458745243626306e-03
3.613451448418660873e-03
3.613433493043751756e-03
3.613434023621252527e-03
3.613462791579724089e-03
3.613469799403035317e-03
3.613407218962827374e-03
3.613412818376596832e-03
3.613405570204097136e-03
3.613408873750752551e-03
3.613451712309876610e-03
3.613421695176903363e-03
3.613423900918610269e-03
3.613634409452225280e-03
3.613616981576660281e-03
3.613479494857953396e-03
3.613480302913600964e-03
3.613480302913620046e-03
3.613480380598730994e-03
3.613469318285979833e-03
3.613463792721895423e-03
3.613429018610875027e-03
3.613444057102613814e-03
3.613442744223424336e-03
3.613435998039637390e-03
3.613410649382612846e-03
3.613412230503548848e-03
3.613422698973031179e-03
3.613448971550589552e-03
3.613447105591380791e-03
3.613472218709346592e-03
3.613469318501299783e-03
3.613499391066966621e-03
3.613494105800514264e-03
3.613513088547945073e-03
3.613502113456773697e-03
3.613503027308552669e-03
3.613502875429771850e-03
3.613536980337835741e-03
3.613544024008036228e-03
3.613542742048021523e-03
3.613521278515805651e-03
3.613533326215265240e-03
3.613535680037353003e-03
3.613552233469252088e-03
3.613556214413048487e-03
3.613554702652561727e-03
3.613552967654967349e-03
3.613537258218757573e-03
3.613543622547625740e-03
3.613514766317849850e-03
3.613527863127098498e-03
3.613524948489068439e-03
3.613461970820043383e-03
3.613475245990432124e-03
3.613461401653542127e-03
3.613699127994407338e-03
3.613706556535603576e-03
3.613593335887630223e-03
3.613532191389195753e-03
3.613535436153030977e-03
3.613540474282988038e-03
3.613544936530773289e-03
3.613573718869308830e-03
3.613528207657031727e-03
3.613527647031153540e-03
3.613529223107995059e-03
3.613526511950784868e-03
3.613522250234346353e-03
3.613522179886325542e-03
3.613528432782778764e-03
3.613535224087210777e-03
3.613534638134737603e-03
3.613541375414040194e-03
3.613539143384078296e-03
3.613540162516868607e-03
3.613546816714332480e-03
3.613546327070738147e-03
3.613521209173451744e-03
3.613542826030775867e-03
3.613543413971416485e-03
3.613540606704065614e-03
3.613543533860448347e-03
3.613541417186594794e-03
3.613545114187446516e-03
3.613545426947500049e-03
3.613544886201785784e-03
3.613547454481274603e-03
3.613539969027190334e-03
3.613539136595738440e-03
3.613540215244975644e-03
3.613558820363452304e-03
3.613558870884112009e-03
3.613554278346879992e-03
3.613556453967092623e-03
3.613556406615339462e-03
3.613549758898877522e-03
3.613546818179637354e-03
3.613554871630510115e-03
3.613548448677898067e-03
3.613551841278669127e-03
3.613546130058912457e-03
3.613568003233233721e-03
3.613561894840071342e-03
3.613559422036991854e-03
3.613542756794451295e-03
3.613539824304533299e-03
3.613542774797546403e-03
3.613544491492356580e-03
3.613544209007990820e-03
3.613549837587966187e-03
3.613540669397063976e-03
3.613543458246594627e-03
3.613543658900575471e-03
3.613542081335841243e-03
3.613532884772315771e-03
3.613545388348015329e-03
3.613546268266135033e-03
3.613523527868023159e-03
3.613595568492848978e-03
3.613591388420226737e-03
3.613590361319160647e-03
3.613611970739402570e-03
3.613615997195483882e-03
3.613612487568921856e-03
3.613619421512590663e-03
3.613612845334679847e-03
3.613615552976590008e-03
3.613620539999996221e-03
3.613622155530458666e-03
3.613612090710950457e-03
3.613609672783224796e-03
3.613603529279104439e-03
3.613600025542396121e-03
3.613614882887247488e-03
3.613604861275617093e-03
3.613594396640361969e-03
3.613593902008147007e-03
3.613575090457324304e-03
3.613589187336987019e-03
3.613605088910987716e-03
3.613615706068329814e-03
3.613572461384889720e-03
3.613574529296040630e-03
3.613574642372826846e-03
3.613606316940068484e-03
3.613560323201567975e-03
3.613577644900381556e-03
3.613577995338744780e-03
3.613567204101600892e-03
3.613581678133800240e-03
3.613577841066503531e-03
3.613578823153042359e-03
3.613578920064119179e-03
3.613571864405245616e-03
3.613573827901446749e-03
3.613566531652118944e-03
3.613600489904667847e-03
3.613601014113115330e-03
3.613594622256039585e-03
3.613595205285541432e-03
3.613591692571347259e-03
3.613593470732800843e-03
3.613594477269309064e-03
3.613602095279504385e-03
3.613598491349897385e-03
3.613596403037566598e-03
3.613599237753421876e-03
3.613599700976524980e-03
3.613594114170070020e-03
3.613597018921519376e-03
3.613708378404819396e-03
3.613696871859064554e-03
3.613680179337616129e-03
3.613655692492726695e-03
3.613654506322621415e-03
3.613701465380934723e-03
3.613707354149904571e-03
3.613643739044625127e-03
3.613688252868997326e-03
3.613613087478594142e-03
3.613633199987852877e-03
3.613634841504734935e-03
3.613568631147535005e-03
3.613568994006576864e-03
3.613568994006560817e-03
3.613568212807456714e-03
3.613578376364323923e-03
3.613570775399701888e-03
3.613559249509107080e-03
3.613565774705361066e-03
3.613587778976174499e-03
3.613585204998609121e-03
3.613582040135465863e-03
3.613579353734507841e-03
3.613582664632808156e-03
3.613583532935720800e-03
3.613586948149404704e-03
3.613574325476666058e-03
3.613598687646318777e-03
3.613601870742269660e-03
3.613606181476601651e-03
3.613622052049169156e-03
3.613625872659123432e-03
3.613634209791079157e-03
3.613611453297385818e-03
3.613610959562365936e-03
3.613610297640652749e-03
3.613616168320111805e-03
3.613613544770231424e-03
3.613639815123557714e-03
3.613640430992403653e-03
3.613552478393166137e-03
3.613610365122902571e-03
3.613609111184675014e-03
3.613596983398389365e-03
3.613598696085857775e-03
3.613601582768988154e-03
3.613598458853577514e-03
3.613598845766271238e-03
3.613596084293395783e-03
3.613613441283593328e-03
3.613591807573589363e-03
3.613601259133366380e-03
3.613596155986111783e-03
3.613594939540965782e-03
3.613582581228954021e-03
3.613592688997416952e-03
3.613590100052250197e-03
3.613591782759639423e-03
3.613574923322342668e-03
3.613576777758817707e-03
3.613575709312919111e-03
3.613654140706161564e-03
3.613654131403391638e-03
3.613673944342216809e-03
3.613671827057087470e-03
3.613651159946598777e-03
3.613645867479496187e-03
3.613618873129579353e-03
3.613626244109013810e-03
3.613614298486758115e-03
3.613620147435967628e-03
3.613639234158305246e-03
3.613617120797526453e-03
3.613618034938414440e-03
3.613610008630702228e-03
3.613605639955569208e-03
3.613605396527793442e-03
3.613604253420658885e-03
3.613610822049865851e-03
3.613601740646191218e-03
3.613595881779714178e-03
3.613599486579163137e-03
3.613606101250017161e-03
3.613605953774052127e-03
3.613607284858539551e-03
3.613613891698808436e-03
3.613614636213342227e-03
3.613601256016033599e-03
3.613605054134795373e-03
3.613616746699349971e-03
3.613616165243545893e-03
3.621749458586642247e-03
3.621759129884139471e-03
3.621588660804608752e-03
3.621999545055544414e-03
3.613032306164207664e-03
3.613214482070960850e-03
3.613011758256204527e-03
3.613001039827506110e-03
3.605822358177620656e-03
3.605080747940819612e-03
-8.843960816621188742e-03
-8.843976728495144338e-03
-8.843991452581587490e-03
-8.843910555666174497e-03
-8.843923426891064227e-03
-8.843871805495532798e-03
-8.843841271659602654e-03
-8.843874625546850263e-03
-8.843821722872770297e-03
-8.843975019225024797e-03
-8.843972138947983619e-03
-8.843976811864856513e-03
-8.843990378758914347e-03
-8.844044006499449107e-03
-8.844033120090704150e-03
-8.844020869751501035e-03
-8.843855725596923983e-03
-8.843885343266815260e-03
-8.844111937461755779e-03
-8.844018350954828064e-03
-8.844007889696081648e-03
-8.843982874484210971e-03
-8.844562523250075470e-03
-8.844575356749845296e-03
-8.844453356332188099e-03
-8.844467894623965140e-03
-8.844368194156789625e-03
-8.844393960060946414e-03
-8.844425431609842861e-03
-8.844382863294510122e-03
-8.844443132440258856e-03
-8.844354100450356818e-03
-8.844366392276491878e-03
-8.844400848421776068e-03
-8.844384845602907413e-03
-8.844229175848851432e-03
-8.844347868778008534e-03
-8.844376412953009609e-03
-8.844281247549603056e-03
-8.843290902886947677e-03
-8.843298561949534953e-03
-8.843713305033926511e-03
-8.843709593221383419e-03
-8.844309885096423088e-03
-8.844612170966128367e-03
-8.844503702485991339e-03
-8.844368942984830867e-03
-8.844408262131635626e-03
-8.844381577965101243e-03
-8.844389083221373613e-03
-8.844417373141889166e-03
-8.844364052146343191e-03
-8.844324358856006305e-03
-8.844342517165303466e-03
-8.844354197280145796e-03
-8.844367418864663988e-03
-8.844451940615966762e-03
-8.844468229096749678e-03
-8.844455962060151361e-03
-8.844501082042505874e-03
-8.844496904848720559e-03
-8.844465668684662468e-03
-8.844451728693138517e-03
-8.844491267933291337e-03
-8.844482294624183422e-03
-8.843525326864786623e-03
-8.843434319116924569e-03
-8.845535188308061708e-03
-8.845551803573206348e-03
-8.845563049717434026e-03
-8.845719813039254129e-03
-8.845966950271630727e-03
-8.845894818403506402e-03
-8.845916052906927646e-03
-8.845913442467294094e-03
-8.845963544560506153e-03
-8.845803618279452982e-03
-8.845822155906160958e-03
-8.845855600125714438e-03
-8.845860320674303612e-03
-8.845845705097979753e-03
-8.845894253789430423e-03
-8.845887926937297946e-03
-8.845874430831936197e-03
-8.845748051624616540e-03
-8.845785507287434388e-03
-8.845820375549783010e-03
-8.845848061243687110e-03
-8.845863416097865181e-03
-8.845862079817098586e-03
-8.845720704103712459e-03
-8.845728252948045073e-03
-8.845683220448831083e-03
-8.845671053395063807e-03
-8.845643810361967022e-03
-8.845642411395038610e-03
-8.845643576217773404e-03
-8.845651104360507597e-03
-8.845751633434416686e-03
-8.845721161033893651e-03
-8.845702197725444083e-03
-8.845733662180091730e-03
-8.845746291434251549e-03
-8.845710282797385887e-03
-8.845731271649719119e-03
-8.845753100025477086e-03
-8.845753190037650149e-03
-8.845741951611340789e-03
-8.845646845273908571e-03
-8.845603021369186428e-03
-8.845636697871972487e-03
-8.845635401270071987e-03
-8.845639743298432112e-03
-8.845651622199877939e-03
-8.845661881462128437e-03
-8.845642737781033230e-03
-8.845619557308894224e-03
-8.845618651283283784e-03
-8.845597823845970792e-03
-8.845571279458012276e-03
-8.845571763811885257e-03
-8.845581897032403149e-03
-8.845538369900976181e-03
-8.845650993213955565e-03
-8.845639801562740420e-03
-8.845697419853883886e-03
-8.845670608801764132e-03
-8.845699343819892965e-03
-8.845646984119513723e-03
-8.845638518715238582e-03
-8.845670740617843017e-03
-8.845622883437424810e-03
-8.845636446638948519e-03
-8.845997595352131718e-03
-9.537282393657893834e-03
-9.537282435085701199e-03
-9.537201059644289866e-03
-9.537171335197063352e-03
-9.537184146055002060e-03
-9.537165725899380761e-03
-9.537322530766362272e-03
-9.537168016091390754e-03
-9.537084755680505510e-03
-9.536961087143440083e-03
-9.536944133748276667e-03
-9.536926147136201917e-03
-9.536832321998063924e-03
-9.537027356814989018e-03
-9.537006352251586189e-03
-9.537039322135369354e-03
-9.538056598605175462e-03
-9.538066029368475959e-03
-9.538092171089345567e-03
-9.537655069525982979e-03
-4.426338511989595832e-03
-4.426326621597324353e-03
-4.426313042303180352e-03
-4.426335931287324159e-03
-4.426310257560009051e-03
-4.426306617921034296e-03
-4.426306051922124229e-03
-4.426384895609011653e-03
-4.426316241971254249e-03
-4.426311735401554370e-03
-4.426377335100430480e-03
-4.426332412577928255e-03
-4.426332286218774212e-03
-4.426321760042537141e-03
-4.426332038589376322e-03
-4.426243313549077171e-03
-4.426240549412028581e-03
-4.426326803482227325e-03
-4.426312246224178154e-03
-4.426284219791068106e-03
-4.426451601604707541e-03
-4.426455385319944501e-03
-4.426488355631902523e-03
-4.426481734493838485e-03
-4.426422002971453114e-03
-4.426413923615288119e-03
-4.426405747532801728e-03
-4.426411585272954120e-03
-4.426436633782891358e-03
-4.426372755049107037e-03
-4.426373097645320588e-03
-4.426364854448847953e-03
-4.426388894279435077e-03
-4.426647110711517778e-03
-4.426631782435061502e-03
-4.426522554360688873e-03
-4.426483320276509460e-03
-4.426477833563562635e-03
-4.426532187237403916e-03
-4.426511125452591185e-03
-4.426479944692201726e-03
-4.426460405911574435e-03
-4.426616157693522707e-03
-4.426576096186410174e-03
-4.426521513532396396e-03
-4.426524408776562336e-03
-4.426549210144153923e-03
-4.426538800396649827e-03
-4.426544307506189053e-03
-4.426553294053933718e-03
-4.426493503722362527e-03
-4.426595612280595331e-03
-4.426580717330898945e-03
-4.426588477876011729e-03
-4.426642180823408927e-03
-4.426579273188745861e-03
-4.426601761554906436e-03
-4.426592671582749508e-03
-4.426538012316677019e-03
-4.426554945364090908e-03
-4.426559486144238630e-03
-4.426577781805764340e-03
-4.426568560772248598e-03
-4.426536838518476021e-03
-4.426482277503221603e-03
-4.426478896562766920e-03
-4.426493853995518493e-03
-4.426490486043621955e-03
-4.426494166293611261e-03
-4.426481258886780408e-03
-4.426482622067830219e-03
-4.426498904209430485e-03
-4.426497995229075957e-03
-4.426475834052155493e-03
-4.426510619752863432e-03
-4.426502917581500059e-03
-4.426504157658838617e-03
-4.426488081259704818e-03
-4.426488852642396048e-03
-4.426482250427583864e-03
-4.426477565669289030e-03
-4.426484570511576844e-03
-4.426500192344982702e-03
-4.426485594520972351e-03
-4.426485352673203109e-03
-4.426433435851027595e-03
-4.426433435851022391e-03
-4.426435555754202472e-03
-4.426436828562855218e-03
-4.426483642462237210e-03
-4.426489698169834910e-03
-4.426523114100348009e-03
-4.426475788742377862e-03
-4.426478018310655259e-03
-4.426505583578226391e-03
-4.426493709987548882e-03
-4.426476454035670541e-03
-4.426479883635135205e-03
-4.426493740933325205e-03
-4.426482367635740239e-03
-4.426477944555106715e-03
-4.426449042750682170e-03
-4.426419769561105826e-03
-4.426459165728634584e-03
-4.426452663693285217e-03
-4.426470352676226822e-03
-4.426408043816078101e-03
-4.426060640254730200e-03
-4.426000229848131226e-03
-4.426332728732089265e-03
-4.426307457911420572e-03
-4.426332439921108058e-03
-4.426389795212857560e-03
-4.426442361409672205e-03
-4.426485933176275804e-03
-4.426321497525428396e-03
-4.427255278881336159e-03
-4.427633634093090798e-03
-4.426171454143402149e-03
-4.426168347186668593e-03
-4.426148185294124203e-03
-4.426126519822205958e-03
-4.426135106819962910e-03
-4.426149224708917154e-03
-4.426103001175609765e-03
-4.426102437067760791e-03
-4.426073342391726069e-03
-4.426104100184976783e-03
-4.426114449763979622e-03
-4.426280159017143521e-03
-4.426241075179794711e-03
-4.426298373449089746e-03
-4.426322172750120527e-03
-4.426321980486466745e-03
-4.426268268637163425e-03
-4.426264348371032609e-03
-4.426313927309370212e-03
-4.426254893503840486e-03
-4.426245784403670148e-03
-4.426336074824961664e-03
-4.426286539451505797e-03
-4.426287625661762086e-03
-4.426247399305405054e-03
-4.426290161026438970e-03
-4.426254532063505359e-03
-4.426284629486026620e-03
-4.426298638486158427e-03
-4.426297612153057455e-03
-4.426173872278487548e-03
-4.426170028106669006e-03
-4.426170569438211098e-03
-4.426164184837278956e-03
-4.426171862730960034e-03
-4.426182959723503653e-03
-4.426196748989622357e-03
-4.426192181582471949e-03
-4.426166810984038212e-03
-4.426186833201614830e-03
-4.426184196096693245e-03
-4.426185578243564157e-03
-4.426240529662184460e-03
-4.426215982035490090e-03
-4.426220456923654102e-03
-4.426111599598062107e-03
-4.426130409627438214e-03
-4.426123167594035561e-03
-4.426121019688800812e-03
-4.426140712789411111e-03
-4.426162644357620191e-03
-4.426160428890050375e-03
-4.426153891629381817e-03
-4.426165740954148865e-03
-4.426159366573405134e-03
-4.426164511182288999e-03
-4.426161959170366034e-03
-4.426169799816718695e-03
-4.426164049557861080e-03
-4.426162514632448614e-03
-4.426181417347699321e-03
-4.426197510036007990e-03
-4.426148574961085227e-03
-4.426093821025354341e-03
-4.426098879432304595e-03
-4.426108842663661717e-03
-4.426109087721214093e-03
-4.426110127888158857e-03
-4.426115690277598533e-03
-4.426096695302399880e-03
-4.426086001023123509e-03
-4.426094344373771028e-03
-4.426113934816460101e-03
-4.426110048006322469e-03
-4.426108885282706296e-03
-4.426112766637311201e-03
-4.426117132238244038e-03
-4.426117635126465555e-03
-4.426112864173136104e-03
-4.426128990573191709e-03
-4.426117465861154586e-03
-4.426053132457536364e-03
-4.426050465781866151e-03
-4.426055772447806159e-03
-4.426030568744998214e-03
-4.426076349445136164e-03
-4.426047328729428021e-03
-4.426049891699250505e-03
-4.426018590877014297e-03
-4.426027941090333179e-03
-4.426023123147644275e-03
-4.426148283266448033e-03
-4.426140585809283309e-03
-4.426141313217561019e-03
-4.426128231197101921e-03
-4.426105094641785351e-03
-4.426105994760458524e-03
-4.426124180203809370e-03
-4.426143867250831483e-03
-4.426141162693197212e-03
-4.426131037795639697e-03
-4.426129539842850111e-03
-4.426098498070920283e-03
-4.426094680740995900e-03
-9.024165982332403579e-03
-9.024197487873766854e-03
-9.024191572586012441e-03
-9.024149495163572010e-03
-9.024086136926441279e-03
-9.024048242419474911e-03
-9.023872375919185160e-03
-9.023872150704057363e-03
-9.023884828884420548e-03
-9.024026397487032100e-03
-9.023910484166092205e-03
-9.024007958661640211e-03
-9.024019254935266784e-03
-9.023677434827093516e-03
-9.023726876691303897e-03
-9.023573101672755295e-03
-9.023522418671879250e-03
-9.023515331533336556e-03
-9.023711031237722710e-03
-9.023725339919351149e-03
-9.023873792642012753e-03
-9.023827225171828989e-03
-9.023807353716663607e-03
-9.023154487647339420e-03
-9.023053414864028177e-03
-9.022878750785577606e-03
-9.023012874831861860e-03
-9.023093311584013190e-03
-9.023254839704224206e-03
-9.023261416789746248e-03
-9.023130475752776450e-03
-5.697914552112404163e-02
-5.697916301523847649e-02
-5.697868978972410459e-02
-5.697848598934433795e-02
-5.697852841469092100e-02
-5.697853919167775866e-02
-5.697871424300506027e-02
-5.697876657887703672e-02
-5.697879666423658063e-02
-5.697890108257205877e-02
-5.697874071528511580e-02
-5.697874071528512274e-02
-5.697859356409058773e-02
-5.697861351640987754e-02
-5.697853442287319214e-02
-5.697854320384558580e-02
-5.697859171484964680e-02
-5.697852734710798922e-02
-5.697850774755032488e-02
-5.697847970869537870e-02
-5.697779273885651002e-02
-5.697788738805206754e-02
-5.697812830342846580e-02
-5.697801669333066310e-02
-5.697812503233587456e-02
-5.697867566243597359e-02
-5.697842950036930559e-02
-5.697859464271061436e-02
-5.697859950602136847e-02
-5.697874939835970848e-02
-5.697800632699236839e-02
-5.697763642962349467e-02
-5.697831558059634344e-02
-5.697806328640964146e-02
-5.697804457656677202e-02
-5.697810522656322069e-02
-5.697779992464751392e-02
-5.697794265764680871e-02
-5.697790849216372022e-02
-5.697799865459442920e-02
-5.697804221107848760e-02
-5.697801303841434906e-02
-5.697819444281173457e-02
-5.697820446770262420e-02
-5.697821365826567785e-02
-5.697808683587007872e-02
-5.697804478942671697e-02
-5.697897050697480620e-02
-5.697932816561589869e-02
-5.697921919785185058e-02
-5.697926558712335804e-02
-5.697881185878449217e-02
-5.697884032326756831e-02
-5.697878861216370411e-02
-5.697873980991109005e-02
-5.697881513374286611e-02
-5.697851144724382089e-02
-5.697843891703353175e-02
-5.697942254391202138e-02
-5.697926388550517834e-02
-5.697924170155323903e-02
-5.697918120683902882e-02
-5.697957555467816904e-02
-5.697958731652596337e-02
-5.698043520894474634e-02
-5.697859077015020313e-02
-5.697865022168627919e-02
-5.697852325852120065e-02
-5.697870341933328892e-02
-5.697868046946887033e-02
-5.697854156615627524e-02
-5.697876070110786950e-02
-5.697868583691764743e-02
-5.697868817522951101e-02
-5.697884364888421843e-02
-5.697882673589552832e-02
-5.697898400804843333e-02
-5.697908140614189182e-02
-5.697888341973679494e-02
-5.698315022697250654e-02
-5.698146356047063127e-02
-5.698153333987151375e-02
-5.698390000217344598e-02
-5.698396839675762965e-02
-5.698388986743735396e-02
-5.698402351635040164e-02
-5.698406350179915231e-02
-5.698397469907663659e-02
-5.698408986209223259e-02
-5.698408920124489047e-02
-5.698399395576072418e-02
-5.698402329202385125e-02
-5.698390397179900480e-02
-5.698383116102184037e-02
-5.698392041098696015e-02
-5.698388010590611785e-02
-5.698388088888936553e-02
-5.698406225628108862e-02
-5.698387229448739766e-02
-5.698384316734828731e-02
-5.698409706159658639e-02
-5.698402249291045080e-02
-5.698343697680601644e-02
-5.698309666972375953e-02
-5.698292637382250392e-02
-5.698312636659449287e-02
-5.698319416916806934e-02
-5.698321153544008005e-02
-5.698338068699480841e-02
-5.698320762641513604e-02
-5.698318865120133303e-02
-5.698297262683121867e-02
-5.698293582689950565e-02
-5.698347455280035334e-02
-5.698315756059301601e-02
-5.698338688023341092e-02
-5.698318662969904108e-02
-5.698307681688882104e-02
-5.698308367770179433e-02
-5.698303232631406201e-02
-5.698310266511807248e-02
-5.698294729362125832e-02
-5.698368597062054147e-02
-5.698351455878955529e-02
-5.698342921122692695e-02
-5.698378259541544283e-02
-5.698379158821181845e-02
-5.698384014520822827e-02
-5.698360935682836304e-02
-5.392532518148130533e-03
-5.392714010717368674e-03
-5.393306972245043643e-03
-5.393322635296850590e-03
-5.393316437133980484e-03
-5.393158905069696599e-03
-5.393141895062865572e-03
-5.393141895062862103e-03
-5.393147960277570180e-03
-5.393145773183679638e-03
-5.393220059993050243e-03
-5.393223580512442744e-03
-5.393216372983186159e-03
-5.393218989514184970e-03
-5.393218973529208607e-03
-5.393188457435310265e-03
-5.393190968121186479e-03
-5.393181285996201911e-03
-5.393164567940210256e-03
-5.393151650181190679e-03
-5.393134652311649957e-03
-5.393175571953685854e-03
-5.393172888342177493e-03
-5.393171859328813392e-03
-5.393174668792476839e-03
-5.393206146699150438e-03
-5.393215696322816929e-03
-5.393153065174339372e-03
-5.393162334586672560e-03
-5.393371564807633925e-03
-5.393421999350060843e-03
-5.393245238399782190e-03
-5.393248067583484608e-03
-5.393245749511690196e-03
-5.393271158304129183e-03
-5.393255831525119171e-03
-5.393254077734720674e-03
-5.393260387143575425e-03
-5.393247411230024310e-03
-5.393247494715039218e-03
-5.393269466741089369e-03
-5.393259580900353067e-03
-5.393270393973046382e-03
-5.393273538893260388e-03
-5.393272517509153756e-03
-5.393217209629998753e-03
-5.393218770110544749e-03
-5.393216269499448087e-03
-5.393224939448123742e-03
-5.393236498801729992e-03
-5.393243007644097850e-03
-5.393263473168768626e-03
-5.393277003317023879e-03
-5.393236281418902975e-03
-5.393239397348194471e-03
-5.393212020918310146e-03
-5.393196007467023802e-03
-5.393184620920983552e-03
-5.393180759425527694e-03
-5.393250522354775360e-03
-5.393253076176625534e-03
-5.393265376503836306e-03
-5.393255306694880007e-03
-5.393259375202404809e-03
-5.393281382184571954e-03
-5.393262775210046558e-03
-5.393259768238971644e-03
-5.393229082017854566e-03
-5.393273070303203874e-03
-5.393301685535796183e-03
-5.393267497414328676e-03
-5.393324471866123987e-03
-5.393233801865842704e-03
-5.393248685959606617e-03
-5.393247900581118678e-03
-5.393234646120039638e-03
-5.393242682860370160e-03
-5.393288291133227323e-03
-5.393173310710618062e-03
-5.393169886974623697e-03
-5.393104149671296317e-03
-5.393060428028397316e-03
-5.393044161613266656e-03
-5.392970191965808235e-03
-5.393049651266155174e-03
-5.393001791428169225e-03
-5.393009102998221754e-03
-5.393006659503452385e-03
-5.393246177141104714e-03
-5.393251259860219228e-03
-5.393233509805116406e-03
-5.393231238831612540e-03
-5.393231738393648375e-03
-5.393259417391943131e-03
-5.393210924950942071e-03
-5.393191137314836889e-03
-5.392964127675120567e-03
-5.392983239594764666e-03
-5.398363853819635426e-03
-5.398476911938533511e-03
-5.397911485959304076e-03
-5.397905618844357420e-03
-5.391346941600479864e-03
-5.391168523058815013e-03
-5.391133089729328344e-03
-5.391248065851091467e-03
-5.391522202654318828e-03
-5.391650748803827539e-03
-5.391857888174597137e-03
-5.391887464283817710e-03
-5.391923051189593218e-03
-5.391752096892250823e-03
-5.391770159623763582e-03
-5.392084118051736034e-03
-5.392070305494960601e-03
-5.392078501021859219e-03
-5.391871385180355830e-03
-5.391767736225463840e-03
-5.391731775942664590e-03
-5.391730244837003062e-03
-5.391782944454005799e-03
-5.391725357357391932e-03
-5.392187857670196691e-03
-5.392240849959359372e-03
-5.391101101811517256e-03
-5.391122636847752413e-03
-5.391227564731801425e-03
-5.391157745752328534e-03
-5.391228211772344098e-03
-5.391591987001695917e-03
-5.391564999562109897e-03
-5.391584305893744843e-03
-5.391628892333136941e-03
-5.391596783673603677e-03
-5.392927299157078067e-03
-5.392833811632991373e-03
-5.392949947435314410e-03
-5.393050393701435095e-03
-5.393024245481415312e-03
-5.393021979238497160e-03
-5.392926459015548804e-03
-5.392967064047623355e-03
-5.392916372861798931e-03
-5.392989939993654037e-03
-5.393064564840129027e-03
-5.427802434552538718e-03
-5.427750169175084814e-03
-5.427749168117321221e-03
-5.427742657435652950e-03
-5.427765521946853119e-03
-5.427782167442078351e-03
-5.427778385742827727e-03
-5.427715215442788232e-03
-5.427725001788011143e-03
-5.427720318745298846e-03
-5.427718078002148790e-03
-5.427740155591352644e-03
-5.427740474562322941e-03
-5.427754574291952447e-03
-5.427726814889212437e-03
-5.427746326281331600e-03
-5.427737806471364702e-03
-5.427736935668538154e-03
-5.427748722535931727e-03
-5.427748715458331936e-03
-5.427730637584349434e-03
-5.427735716981944673e-03
-5.427737273768456876e-03
-5.427757133651331389e-03
-5.427741489211100265e-03
-5.427741963732288233e-03
-5.427721291294615100e-03
-5.427742821071227658e-03
-5.427729133978227878e-03
-5.427748891744986481e-03
-5.427749085134360441e-03
-5.427755437876741196e-03
-5.427744102383538251e-03
-5.427731702886859702e-03
-5.427744405951832017e-03
-5.427739660496852525e-03
-5.427754719121838378e-03
-5.427755020396215352e-03
-5.427724016050081493e-03
-5.427723926425196722e-03
-5.427715504355547400e-03
-5.427718514616972079e-03
-5.427719012459774652e-03
-5.427728324042992679e-03
-5.427680913554072499e-03
-5.427678137071834802e-03
-5.427688213030572306e-03
-5.427725666319898126e-03
-5.427738289433188014e-03
-5.427706145080416454e-03
-5.427653449142577462e-03
-5.427689429243874250e-03
-5.427731433987998191e-03
-5.427493147831027182e-03
-5.427476810409124011e-03
-5.427488308477529388e-03
-5.427484247758851410e-03
-5.427482015056560131e-03
-5.427474978753291796e-03
-5.427479152119786196e-03
-5.427474165990822490e-03
-5.427527550127861367e-03
-5.427527474020593309e-03
-5.427509153433505984e-03
-5.427564699503384209e-03
-5.427562805365462179e-03
-5.427549661246405983e-03
-5.427526570476975780e-03
-5.427531827971225631e-03
-5.427533443907578241e-03
-5.427549276050913293e-03
-5.427586417182929564e-03
-5.427576987466173862e-03
-5.427530735055693251e-03
-5.427522147561958041e-03
-5.427524168754436183e-03
-5.427525793960946351e-03
-5.427524021601350460e-03
-5.427560898673806054e-03
-5.427533104687519948e-03
-5.427534819233981352e-03
-5.427530991337478107e-03
-5.427538484180507300e-03
-5.427510273811928833e-03
-5.427519410819298291e-03
-5.427513940970084966e-03
-5.427515104846470859e-03
-5.429484265403083237e-03
-5.429446658190399851e-03
-5.429566145869549332e-03
-5.429709416885564709e-03
-5.429813462784482958e-03
-5.429946639804662974e-03
-5.429916022765045834e-03
-5.429557820129686171e-03
-5.429562221797654652e-03
-5.429533403233070474e-03
-5.429412495270179682e-03
-5.429456729919481667e-03
-5.429156767145558102e-03
-5.429105992813973436e-03
-5.429132493808172012e-03
-5.429014789425925039e-03
-5.428999139070796003e-03
-5.429124935703039806e-03
-5.429049404341160408e-03
-5.429243973724603815e-03
-5.429575723646110769e-03
-5.429573180315504753e-03
-5.429705060138884272e-03
-5.429666497654449427e-03
-5.429537043603928533e-03
-5.429934065545084960e-03
-5.429590640102808195e-03
-5.429664935233375830e-03
-5.363140223387298858e-03
-5.363122340502755880e-03
-5.363201154542029080e-03
-5.363244303045930014e-03
-5.363347915640022216e-03
-5.363318985796192671e-03
-5.363267586127110076e-03
-5.363337162466326989e-03
-5.363325492029430604e-03
-5.363333990701804957e-03
-5.363351317084173731e-03
-5.363327848864278546e-03
-5.363297286527313537e-03
-5.363194274386398099e-03
-5.363251258243060919e-03
-5.363118157483081315e-03
-5.363226254483393143e-03
-5.363354534078228555e-03
-5.363360879516809385e-03
-5.363221745156245349e-03
-5.363200402576524459e-03
-5.363329197545927546e-03
-5.363296880792275956e-03
-5.363327299634256841e-03
-5.363326433698590787e-03
-5.363320603653381168e-03
-5.363331330714821675e-03
-5.363283340776429584e-03
-5.363301837806251464e-03
-5.363246329098870883e-03
-5.363235500368875724e-03
-5.363238644690715949e-03
-5.363256413419212332e-03
-5.363244673251774293e-03
-5.363293398564495523e-03
-5.363256029579131084e-03
-5.363232312195422187e-03
-5.363236667956121362e-03
-5.363232031075100721e-03
-5.363273972246939206e-03
-5.363270353428710620e-03
-5.363237482012146208e-03
-5.363234039072393468e-03
-5.363259420649362993e-03
-5.363264220137277730e-03
-5.363224800865421492e-03
-5.363215222778849357e-03
-5.363209673454483011e-03
-5.363201598349365447e-03
-5.362981920837131544e-03
-5.363017962249389849e-03
-5.363224924659962083e-03
-5.363216408949301149e-03
-5.363170781130445486e-03
-5.363106050524430422e-03
-5.363107752233432432e-03
-5.363166065319870113e-03
-5.363203442751395857e-03
-5.363143436142065942e-03
-5.363168543201585897e-03
-5.363175106232668035e-03
-5.363162968117621103e-03
-5.363289673028446593e-03
-5.363312239923810273e-03
-5.363195818346427370e-03
-5.363208897777665095e-03
-5.363206323602073659e-03
-5.363212244448242044e-03
-5.363221878223103228e-03
-5.363203641005994358e-03
-5.363216361396878212e-03
-5.363205488739117982e-03
-5.575331457216904305e-03
-5.575336078697423758e-03
-5.575342585638406318e-03
-5.575326590475038029e-03
-5.575327943824258045e-03
-5.575333423965137328e-03
-5.575320965694333455e-03
-5.575282650724383213e-03
-5.575263455024395340e-03
-5.575282153278593791e-03
-5.575300236163031019e-03
-5.575305553616615242e-03
-5.575487802008082840e-03
-5.575496311690346374e-03
-5.575583333474984013e-03
-5.575624733127002193e-03
-5.575620316415399839e-03
-5.575597141579295007e-03
-5.575549713983463454e-03
-5.575562826392870854e-03
-5.575594712335290269e-03
-5.575599563081254893e-03
-5.575556930564547903e-03
-5.575560499834305260e-03
-5.575599427764007902e-03
-5.575602173485111508e-03
-5.575607578612954210e-03
-5.575604834854978181e-03
-5.575583820491862228e-03
-5.575592041703111325e-03
-5.575581038541281738e-03
-5.575546902241216435e-03
-5.575548169060817044e-03
-5.575509315232830485e-03
-5.575505547935147473e-03
-5.575489352792031145e-03
-5.575498774572315921e-03
-5.575509541962492439e-03
-5.575536800199500272e-03
-5.575545075729371018e-03
-5.575384451494740101e-03
-5.575354529195175775e-03
-5.575397862560272505e-03
-5.575406747034737653e-03
-5.575394075550682040e-03
-5.575398458478346940e-03
-5.575440816797554155e-03
-5.575444274546511973e-03
-5.575429116270408034e-03
-5.575415455611195704e-03
-5.575423652059139680e-03
-5.575419647347941605e-03
-5.575416190141254877e-03
-5.575392537489709185e-03
-5.575415708560665234e-03
-5.575396621527377999e-03
-5.575396530420220591e-03
-5.575447912173410459e-03
-5.575445844375324922e-03
-5.575546016577905516e-03
-5.575526159314141660e-03
-5.575522600196058942e-03
-5.575522056877126563e-03
-5.575552521254124178e-03
-5.575504168794248767e-03
-5.575514577018650039e-03
-5.575507907416480009e-03
-5.575503635921482022e-03
-5.575513873737897828e-03
-5.575517841542369096e-03
-5.575520961986367777e-03
-5.575516500817257436e-03
-5.575510499178417019e-03
-5.575544497514237259e-03
-5.575532769280832843e-03
-5.575542037910075424e-03
-5.575547477808249705e-03
-5.575526218578361060e-03
-5.575541845582259425e-03
-5.575538081510524567e-03
-5.575563999101629947e-03
-5.575636050068760036e-03
-5.575638938044583798e-03
-5.575659602819226998e-03
-5.575653047692115741e-03
-5.575641363490853840e-03
-5.575641789713723338e-03
-5.575648536699505040e-03
-5.575586941474310401e-03
-5.575599923677862155e-03
-5.575595351197462635e-03
-5.575603087757383114e-03
-1.382781612615047347e-02
-1.382784268712729595e-02
-1.382791716329466805e-02
-1.382800815032486468e-02
-1.382778865951751757e-02
-1.382777418432710667e-02
-1.382780010094331394e-02
-1.382784689357117666e-02
-1.382777248025068677e-02
-1.382771463642079417e-02
-1.382749176589131816e-02
-1.382744903987264198e-02
-1.382748553119844855e-02
-1.382748183123012897e-02
-1.382746535973158886e-02
-1.382775390796346995e-02
-1.382767818358652569e-02
-1.382777777952979778e-02
-1.382768867533052011e-02
-1.382760342549739681e-02
-1.382758493167937988e-02
-1.382759585542092141e-02
-1.382759870066224347e-02
-1.382761184307599277e-02
-1.382756165315265906e-02
-1.382757113223117423e-02
-1.382760902278282883e-02
-1.382762267228547677e-02
-1.382757481032343382e-02
-1.382760015343914052e-02
-1.382759646494336261e-02
-1.382757835052720111e-02
-1.382763996511430019e-02
-1.382762466211161570e-02
-1.382761785595568865e-02
-1.382763089130466770e-02
-1.382762439167298067e-02
-1.382735044608422899e-02
-1.382736923949108056e-02
-1.382740671017419591e-02
-1.382732697686386500e-02
-1.382728909878930268e-02
-1.382731543717914680e-02
-1.382729349107514154e-02
-1.382729247978278092e-02
-1.382726776781222425e-02
-1.382730113352826848e-02
-1.382734293564444328e-02
-1.382733100248374064e-02
-1.382727668723449273e-02
-1.382728344552115740e-02
-1.382725413424266102e-02
-1.382729099418308037e-02
-1.382723049753681668e-02
-1.382752152015564312e-02
-1.382750752353626225e-02
-1.382745174369474396e-02
-1.382740823273207603e-02
-1.382726158530148131e-02
-1.382727211539774674e-02
-1.382737270197458186e-02
-1.382735680354305226e-02
-1.382731384762377579e-02
-1.382727364666264114e-02
-1.382739939334220146e-02
-1.382745117832962292e-02
-1.382743204316680234e-02
-1.382748935731470223e-02
-1.382741289207771451e-02
-1.382734198052404558e-02
-1.350843122237155476e-02
-1.350819037029236773e-02
-1.350822642267269537e-02
-1.350829484765288767e-02
-1.350800500125256751e-02
-1.351133395232417996e-02
-1.351150074262813354e-02
-1.351156896668983219e-02
-1.351158644656558390e-02
-1.351150184576324631e-02
-1.351145651271730419e-02
-1.351143700262607585e-02
-1.351106805114073856e-02
-1.351127392583270290e-02
-1.351118116552931306e-02
-1.351115370433018416e-02
-1.351117589791217717e-02
-1.351119238739870512e-02
-1.351113448712284483e-02
-1.351154957870653352e-02
-1.351158846911069272e-02
-1.351156346241927896e-02
-1.351159470495323471e-02
-1.351148418438957201e-02
-1.351149272867989415e-02
-1.351152865597866383e-02
-1.351153362766659670e-02
-1.351135372253734791e-02
-1.351112912251996312e-02
-1.351108210362183745e-02
-1.351100236894805032e-02
-1.351134801197273645e-02
-1.351122601945448955e-02
-1.351124128623826422e-02
-1.351148334249029082e-02
-1.351121732809685422e-02
-1.351114488368579565e-02
-1.351129617658832459e-02
-1.351127386144925120e-02
-1.351107655201320631e-02
-1.351106689218268056e-02
-1.351107920190483189e-02
-1.351102900931571565e-02
-1.351115959985656201e-02
-1.351116467723601292e-02
-1.351114038547799115e-02
-1.349483700053360005e-02
-1.349480385387452283e-02
-1.349482159266626735e-02
-1.349482187749874440e-02
-1.349483646162328090e-02
-1.349482030055907007e-02
-1.349479600350113155e-02
-1.349480584464989551e-02
-1.349480568596448868e-02
-1.349476058790313564e-02
-1.349475360330330657e-02
-1.349476106033340589e-02
-1.349476396276161685e-02
-1.349476846774448104e-02
-1.349474817381265436e-02
-1.349476063767564467e-02
-1.349476063767564120e-02
-1.349475366694430356e-02
-1.349474829385393509e-02
-1.349475484594033110e-02
-1.349476587604191147e-02
-1.349478521428315765e-02
-1.349477652574745772e-02
-1.349476521638585773e-02
-1.349478556429173880e-02
-1.349476621186170532e-02
-1.349479902636883943e-02
-1.349480499571035705e-02
-1.349481691149592363e-02
-1.349480644639514983e-02
-1.349482284565863867e-02
-1.349477833233438118e-02
-1.349476900264402063e-02
-1.349478417156209711e-02
-1.349471673653729331e-02
-1.349478551142739916e-02
-1.349477494574239517e-02
-1.349476359541013255e-02
-1.349487905919699061e-02
-1.349477312967852817e-02
-1.349479173773240892e-02
-1.349479669988906151e-02
-1.349478461228283306e-02
-1.349473782958878453e-02
-1.349475008145644209e-02
-1.349487323628959998e-02
-1.349488420852565894e-02
-1.349488420852566935e-02
-1.349488869694240138e-02
-1.349488610853181135e-02
-1.349489236550195474e-02
-1.349488483733143028e-02
-1.349488035819399953e-02
-1.349488804468306630e-02
-1.349488354921173777e-02
-1.349485275735125278e-02
-1.349490528157775218e-02
-1.349489750211776973e-02
-1.349489892269495339e-02
-1.349491375559490336e-02
-1.349488715670007360e-02
-1.349489300680197824e-02
-1.349488557601783052e-02
-1.349487446846514387e-02
-1.349491735568768107e-02
-1.349494101416013649e-02
-1.349494401440605278e-02
-1.349481957862042752e-02
-1.349481249362792165e-02
-1.349480581476910322e-02
-1.349481751394259257e-02
-1.349486357270939831e-02
-1.349485594859254137e-02
-1.349496849591287628e-02
-1.349496022923516760e-02
-1.349501008042386374e-02
3.838833380381924138e-03
3.838466872539417468e-03
3.838461221187560932e-03
3.838750018652549272e-03
3.838751565305277471e-03
3.838763777086821351e-03
3.838767925571555904e-03
3.838760144399124257e-03
3.838700643459842712e-03
3.838683893250724542e-03
3.838681166661758650e-03
3.838685191633193789e-03
3.838682528006308325e-03
3.838681515988995058e-03
3.838679974837623608e-03
3.838683072829295398e-03
3.838685828881990923e-03
3.838693682953137412e-03
3.838693682953164734e-03
3.838685709324621709e-03
3.838675321265098018e-03
3.838668663691618532e-03
3.838676319033545309e-03
3.838672476275156037e-03
3.838681239480137581e-03
3.838676405557051551e-03
3.838720050964567095e-03
3.838705628979816563e-03
3.838709044858064356e-03
3.838690741091845080e-03
3.838705022392870526e-03
3.838697084880560769e-03
3.838710086127051623e-03
3.838702736585446976e-03
3.838676754248556474e-03
3.838674230458988083e-03
3.838673086982897793e-03
3.838668134394069165e-03
3.838698753060202501e-03
3.838700811103237538e-03
3.838692251152376993e-03
3.838625495887482576e-03
3.838647314139042623e-03
3.838775730151881230e-03
3.838726980796936059e-03
3.838728756090862247e-03
3.838651454337247727e-03
3.838674525989975352e-03
3.838677090085616458e-03
3.838652858448209342e-03
3.838659431462063901e-03
3.838667575437486757e-03
3.838636606306826231e-03
3.838744622624169073e-03
3.838630962838394511e-03
3.838662257902786430e-03
3.838669779304292821e-03
3.838668880126771751e-03
3.838650653574164281e-03
3.838666085612862412e-03
3.838660373147677937e-03
3.838650056083025685e-03
3.838642687373123013e-03
3.838664982139359302e-03
3.838650529727955386e-03
3.838658270164700941e-03
3.838650982130142712e-03
3.838660877432037433e-03
3.838660434208110254e-03
3.839057737832937862e-03
3.839018433201011118e-03
3.838992493452567708e-03
3.838950055100204609e-03
3.838990547451645672e-03
3.839108731802594147e-03
3.839115168720797465e-03
3.839121297797418696e-03
3.838828133255328071e-03
3.838858422573778600e-03
3.838895904828856960e-03
3.838841306233777874e-03
3.838832936166933392e-03
3.838856393496663504e-03
3.838885412458236616e-03
3.838852854882656221e-03
3.838851457287099575e-03
3.838820908008313670e-03
3.838817022067809830e-03
3.838882367195075619e-03
3.838853372898993078e-03
3.838854771471843490e-03
3.839017587056529381e-03
3.839043555744689733e-03
3.838934031968739297e-03
3.838936237733388355e-03
3.838802648000672751e-03
3.838795063373413169e-03
3.838771351415734990e-03
3.838754637099837507e-03
3.838748169776573342e-03
3.838764158381647792e-03
3.838747445982145304e-03
3.838752184082483161e-03
3.838733665043002861e-03
3.838760664695697010e-03
3.838752414507426176e-03
3.838752778864064352e-03
3.838723264707036287e-03
3.838617995479287441e-03
3.838620008380185921e-03
3.838616452354776457e-03
3.838621199699334720e-03
3.838591791321303761e-03
3.838588883660800765e-03
3.838586551937118573e-03
3.838656658169497821e-03
3.838666455229703019e-03
3.838664702203562536e-03
3.838659390680935427e-03
3.838665439049375201e-03
3.838647124715792967e-03
3.838698934940136791e-03
3.838665492977046123e-03
3.838661217479945233e-03
3.838677886796422727e-03
3.838665689696737875e-03
3.838667546687186440e-03
3.838677958328319886e-03
3.838676009014294153e-03
3.838724294373067544e-03
