-1.266081808771372941e-02
-1.265914376590471235e-02
-1.265847692140979752e-02
-1.265566318274302660e-02
-1.260828964528448726e-02
-1.259340684051923898e-02
-1.262077542609209291e-02
-1.261477398025105320e-02
-1.263074069880310533e-02
-1.263350574235097210e-02
-1.259887833484236476e-02
-1.259664656605198954e-02
-1.260776033962178119e-02
-1.262248060702793155e-02
-1.261774179435094789e-02
-1.261774477608543221e-02
-1.261703500661756107e-02
-1.265396880448280310e-02
-1.263221946635277593e-02
-1.262116445271838951e-02
-1.262116445271839298e-02
-1.262116445271840165e-02
-1.260578681910040459e-02
-1.260646738994751492e-02
-1.261742037451881251e-02
-1.260906885571929162e-02
-1.260270013272336322e-02
-1.260270013272335975e-02
-1.262424363872439309e-02
-1.262424363872439136e-02
-1.262424363872439483e-02
-1.257671949085109597e-02
-1.258222740331533737e-02
-1.257969837045648347e-02
-1.257956779631620378e-02
-1.258619521871165436e-02
-1.258980067570113041e-02
-1.258973688253874068e-02
-1.258697965304247240e-02
-1.257066569282616793e-02
-1.256734852371650321e-02
-1.258382672390521463e-02
-1.258115815457284438e-02
-1.258110860745009947e-02
-1.257840395977488125e-02
-1.258419782894974054e-02
-1.257569174928357784e-02
-1.257074183381058814e-02
-1.256803655085945819e-02
-1.258399826696527356e-02
-1.257924361841073792e-02
-1.258196794779687343e-02
-1.257927972007887203e-02
-1.256821990415209200e-02
-1.256585327002715698e-02
-1.257726937477537596e-02
-1.255732114057018026e-02
-1.255732114057018026e-02
-1.257308609271896686e-02
-1.257410432399143178e-02
-1.257050378174025089e-02
-1.256211499403253953e-02
-1.255604655252410586e-02
-1.255598522658818439e-02
-1.257282952316418102e-02
-1.264302725730393449e-02
-1.264283334974296118e-02
-1.265202309849097241e-02
-1.264644635701918200e-02
-1.265203659467110421e-02
-1.266266508585293417e-02
-1.265202463129997540e-02
-1.265491558222676602e-02
-1.265482455703751188e-02
-1.262844996991333880e-02
-1.262569628285732486e-02
-1.258797549666388314e-02
-1.258510257033967732e-02
-1.258524966063460232e-02
-1.259102179618432245e-02
-1.259093951241961606e-02
-1.259098036406160540e-02
-1.258524017466953158e-02
-1.259138011358163986e-02
-1.259135653282478749e-02
-1.258935806661629769e-02
-1.260557823358382339e-02
-1.260557823358383900e-02
-1.260557823358383900e-02
-1.260845381505810298e-02
-1.261871438299821957e-02
-1.261335368649498315e-02
-1.261048712713252681e-02
-1.261049910563013209e-02
-1.261049910563013382e-02
-1.261050229534414237e-02
-1.261087378904554752e-02
-1.261127562471660649e-02
-1.264702733669144721e-02
-1.266578693478688337e-02
-1.266580182713051769e-02
-1.266294124040172678e-02
-1.265842364159144688e-02
-1.266120838600620462e-02
-1.265951510694586155e-02
-1.267175065249472564e-02
-1.267416845578839268e-02
-1.267413787116740409e-02
-1.268474023990414853e-02
-1.268474023990414853e-02
-1.268677762838683540e-02
-1.267893547358982763e-02
-1.264025921643090189e-02
-1.263738343654207362e-02
-1.264024697028409000e-02
-1.265165579433135019e-02
-1.264559827041524670e-02
-1.263863280463706912e-02
-1.263707515808112219e-02
-1.258992889714545191e-02
-1.259370965630478463e-02
-1.260658880902580485e-02
-1.260092468828438034e-02
-1.269104327535514574e-02
-1.269104327535515789e-02
-1.269104327535515615e-02
-1.269093800285473264e-02
-1.272721087566008012e-02
-1.271864305362365409e-02
-1.272149813563040223e-02
-1.272153999158203742e-02
-1.272728480424617330e-02
-1.271977624277400437e-02
-1.272547386253213182e-02
-1.272842323247241197e-02
-1.271218213626775818e-02
-1.271579170099972067e-02
-1.274577650567417474e-02
-1.274576094785772468e-02
-1.271673077930888553e-02
-1.272736696771826874e-02
-1.272227250527297772e-02
-1.271319637748096094e-02
-1.271717225228013309e-02
-1.272628082443114095e-02
-1.272666124159095580e-02
-1.272327092615148543e-02
-1.272867939394185278e-02
-1.272894332785100974e-02
-1.272605239230370153e-02
-1.272838794194308329e-02
-1.272892614408497637e-02
-1.272493737934592313e-02
-1.272778108258285426e-02
-1.272485665544260090e-02
-1.271724654393044211e-02
-1.270633087441109220e-02
-1.270633087441108526e-02
-1.255805440344620084e-02
-1.257043251512821730e-02
-1.253867230233396239e-02
-1.252347563929066473e-02
-1.267876748949454090e-02
-1.267874854028242480e-02
-1.268584698630467918e-02
-1.268586123145908594e-02
-1.268586123145907553e-02
-1.265823879466917642e-02
-1.265066726880813633e-02
-1.264122372694078365e-02
-1.264064401091648422e-02
-1.264434804452103239e-02
-1.264124087295504135e-02
-1.264124831257013200e-02
-1.265783261370120871e-02
-1.265252459626009518e-02
-1.266097863700400665e-02
-1.266080663593437128e-02
-1.265464417629444394e-02
-1.267003906469194030e-02
-1.265373049715871369e-02
-1.265382703116232910e-02
-1.264249430824798681e-02
-1.267123527661787562e-02
-1.269085192234797009e-02
-1.269112340503965493e-02
-1.269394964106152976e-02
-1.269394964106151762e-02
-1.267334472730263263e-02
-1.267645012076606612e-02
-1.268705429395390778e-02
-1.268081131574113132e-02
-1.265053177989834861e-02
-1.264745109808849445e-02
-1.268944441876891475e-02
-1.269566005338220241e-02
-1.269191150363192973e-02
-1.269191150363193320e-02
-1.268948652836421852e-02
-1.269783696334033860e-02
-1.270034185040169912e-02
-1.270096819274216422e-02
-1.270096819274217810e-02
-1.270096819274216769e-02
-1.269749573358474985e-02
-1.269885110068700966e-02
-1.269388254761659798e-02
-1.269072852712880943e-02
-1.269797807031361470e-02
-1.269796276261812157e-02
-1.269618497356397868e-02
-1.269870945282500566e-02
-1.269501252590681493e-02
-1.269493994260506749e-02
-1.269488533030132746e-02
-1.269757664920145683e-02
-1.269879674413518754e-02
-1.269929194546843068e-02
-1.268131648562038742e-02
-1.268704841544104553e-02
-1.268581477353727428e-02
-1.268598851507108174e-02
-1.268428586809236015e-02
-1.268597004624714454e-02
-1.268771829070502490e-02
-1.268770067228304661e-02
-1.267231270765292565e-02
-1.267229857256467647e-02
-1.267354659373548000e-02
-1.267768433098168807e-02
-1.267645592003538262e-02
-1.267900470086679061e-02
-1.267900470086679061e-02
-1.268090923003551210e-02
-1.268237128154732496e-02
-1.268483239460096480e-02
-1.268850213075073743e-02
-1.268725403290507474e-02
-1.269651675199900097e-02
-1.269111428526153301e-02
-1.268882443469135542e-02
-1.268511534443770086e-02
-1.268634059633504292e-02
-1.269129463823053319e-02
-1.266533962376304064e-02
-1.266533962376304237e-02
-1.266287662231282800e-02
-1.266413389899196350e-02
-1.266413389899196350e-02
-1.266693662756313357e-02
-1.266816195431399311e-02
-1.266782229319792820e-02
-1.266537280139115942e-02
-1.266619948389457843e-02
-1.266408255793594236e-02
-1.266271378150975353e-02
-1.266272273748504477e-02
-1.266272586123312789e-02
-1.265806552612129023e-02
-1.266053554326059156e-02
-1.266425281926402725e-02
-1.266055706771280522e-02
-1.266055553263654813e-02
-1.266425852919011129e-02
-1.266396699803969302e-02
-1.265905016094740279e-02
-1.266152005055612602e-02
-1.265905016094739065e-02
-1.265966140790838156e-02
-1.265966227148335004e-02
-1.267097900182430348e-02
-1.267533665696059589e-02
-1.267700315392129677e-02
-1.267452727664595581e-02
-1.267327681465967894e-02
-1.267759305183096055e-02
-1.267510901807049339e-02
-1.267386328669116435e-02
-1.268752999521104326e-02
-1.269942860280208995e-02
-1.269942860280208995e-02
-1.269942443805967616e-02
-1.268869783653085725e-02
-1.268026957420285809e-02
-1.268026957420285636e-02
-1.268548769797942996e-02
-1.268054864291394933e-02
-1.268425321710563332e-02
-1.268425319144131716e-02
-1.268425319144131369e-02
-1.268522099619172165e-02
-1.268146138097349732e-02
-1.267905340843205643e-02
-1.268034685849757544e-02
-1.268037861829649469e-02
-1.268041078950730115e-02
-1.268492526383374272e-02
-1.268373414106675409e-02
-1.268370537481457345e-02
-1.268130702067889193e-02
-1.268234033620034389e-02
-1.268243658938504950e-02
-1.268000238709359254e-02
-1.268000238709359254e-02
-1.267922488849620999e-02
-1.268623482348617791e-02
-1.268378205428216145e-02
-1.268583730973386545e-02
-1.268253737356175165e-02
-1.268130662246690250e-02
-1.268130662246690250e-02
-1.268263809226546739e-02
-1.268017297267045110e-02
-1.268140524081879175e-02
-1.267896222546400532e-02
-1.268748756226265907e-02
-1.268122632614858067e-02
-1.268335124216853418e-02
-1.268128622667202658e-02
-1.268347718169652270e-02
-1.268347974692735601e-02
-1.268117882181425855e-02
-1.267607708666233443e-02
-1.267608334299822302e-02
-1.267608334299822823e-02
-1.267608334299822823e-02
-1.266711761416883936e-02
-1.266711761416883762e-02
-1.266536890574747679e-02
-1.266536890574747679e-02
-1.266585011684389153e-02
-1.266590796939393894e-02
-1.266956007665303620e-02
-1.267325699452743516e-02
-1.267365573683148020e-02
-1.267412248594202394e-02
-1.266862623308352524e-02
-1.266216243720372746e-02
-1.266458127114260084e-02
-1.266223593402988207e-02
-1.266589672503986956e-02
-1.266589672503986956e-02
-1.266814011811777038e-02
-1.267056495404012169e-02
-1.266936082817029380e-02
-1.266812948877145753e-02
-1.266813514933167253e-02
-1.266936722646155172e-02
-1.267179558164045067e-02
-1.266735739757174177e-02
-1.266724536849279763e-02
-1.266572110022129091e-02
-1.266684552042617734e-02
-1.266449993739193411e-02
-1.266450389097157313e-02
-1.266231521305797615e-02
-1.266822466270292082e-02
-1.266457561460835983e-02
-1.266702923173333543e-02
-1.267334738888618514e-02
-1.267334738888618688e-02
-1.266123698151628771e-02
-1.266367296776572428e-02
-1.266244961412328618e-02
-1.266367183272362924e-02
-1.266123004593481052e-02
-1.266285923568558069e-02
-1.266407060467011382e-02
-1.266228984671284065e-02
-1.266838780728332496e-02
-1.267114207635362463e-02
-1.267480685069343610e-02
-1.266579570582034714e-02
-1.266463228984858469e-02
-1.266567892053981764e-02
-1.266460712145902820e-02
-1.265683858756175457e-02
-1.265796264894338691e-02
-1.265674496103075947e-02
-1.265676390063296200e-02
-1.266229809686687802e-02
-1.266230062528919849e-02
-1.266229809686687975e-02
-1.265831807475142207e-02
-1.265953717635348759e-02
-1.265593207915546511e-02
-1.265880093861648965e-02
-1.265673888685961597e-02
-1.265982545031137281e-02
-1.265927498081849054e-02
-1.265927498081849401e-02
-1.265929920402828444e-02
-1.267621886415763559e-02
-1.267621886415763906e-02
-1.267621886415763906e-02
-1.267740969950526160e-02
-1.267746608876420614e-02
-1.267378764717280552e-02
-1.266491697926956823e-02
-1.266491697926956823e-02
-1.266701008934380604e-02
-1.267136316282430931e-02
-1.267014954898717551e-02
-1.267014954898718071e-02
-1.267362907793908450e-02
-1.265346143799894393e-02
-1.265351964458072583e-02
-1.265815964609523156e-02
-1.265843232939758978e-02
-1.265843232939758110e-02
-1.265724650217656122e-02
-1.265480226793813494e-02
-1.265602513837375473e-02
-1.265846800565355659e-02
-1.264969492946363058e-02
-1.265783941401197113e-02
-1.265671214781595444e-02
-1.268068036194762438e-02
-1.268033612880339889e-02
-1.267911828810521294e-02
-1.267911828810520773e-02
-1.267911828810520426e-02
-1.267588318690818575e-02
-1.267710471980543034e-02
-1.267473746759387350e-02
-1.267104345453948233e-02
-1.267237481314466459e-02
-1.267237481314465765e-02
-1.267237481314466285e-02
-1.267245624426039177e-02
-1.267615898697351667e-02
-1.267377709878237529e-02
-1.266554446841355354e-02
-1.266675295076167239e-02
-1.266675379375775852e-02
-1.266797767769629011e-02
-1.267040361608785110e-02
-1.267041723835858960e-02
-1.265298798263932156e-02
-1.266234974564521554e-02
-1.266355871531292532e-02
-1.266355871531292705e-02
-1.265610029958035877e-02
-1.265416774771039969e-02
-1.265543897169645743e-02
-1.265311099006938625e-02
-1.265199181270285946e-02
-1.265432487262501196e-02
-1.265427249234664722e-02
-1.265180398504811739e-02
-1.265484771097995058e-02
-1.266028502309138673e-02
-1.266014163828024439e-02
-1.266014158726020376e-02
-1.266485217767441412e-02
-1.266704529251921896e-02
-1.265496895859031384e-02
-1.265374571045073046e-02
-1.265006622338069389e-02
-1.265129424877885038e-02
-1.264809872281151722e-02
-1.264834132024684685e-02
-1.264946597470785472e-02
-1.265068760734413232e-02
-1.264633602149477405e-02
-1.264753193030066815e-02
-1.264753928792083058e-02
-1.264753928792083405e-02
-1.265001713963997097e-02
-1.265001713963997271e-02
-1.265246081196291783e-02
-1.265245951070020740e-02
-1.265020700737901592e-02
-1.264768462445240577e-02
-1.264499217201101380e-02
-1.268867482864073984e-02
-1.268867482864074331e-02
-1.268359249067268178e-02
-1.268234196405204281e-02
-1.268598517332091002e-02
-1.269190472042880900e-02
-1.269210263146542360e-02
-1.269085239214979600e-02
-1.269681967086046769e-02
-1.269559312907724002e-02
-1.269800870261655716e-02
-1.269678185734302370e-02
-1.267688902338184355e-02
-1.267448859121497219e-02
-1.267567353061231292e-02
-1.267566474299621111e-02
-1.267446374644146979e-02
-1.267860147749810991e-02
-1.267741493096737754e-02
-1.267983012929489381e-02
-1.267981913217554671e-02
-1.267620973261757676e-02
-1.267836971979922900e-02
-1.267980068127626259e-02
-1.267616104998988552e-02
-1.267616104998988552e-02
-1.268044679205657284e-02
-1.268044679205657284e-02
-1.267470280258755320e-02
-1.267470280258755667e-02
-1.267852643610413617e-02
-1.268096358403573119e-02
-1.267991450106364937e-02
-1.268351871974792398e-02
-1.268233698980838001e-02
-1.268317536230522367e-02
-1.267987397518232501e-02
-1.268751171217000900e-02
-1.268749443719895467e-02
-1.268874404109158159e-02
-1.268987221108440130e-02
-1.268987221108440651e-02
-1.268507536029945572e-02
-1.268890280759858193e-02
-1.268881788627022715e-02
-1.267682218606466966e-02
-1.267423455667016086e-02
-1.267766312481944865e-02
-1.267644197042467127e-02
-1.267879454439763999e-02
-1.267763493568017756e-02
-1.267530762038179999e-02
-1.267531661819583030e-02
-1.267279750152852137e-02
-1.268192857005887714e-02
-1.267592479569552323e-02
-1.267471675502404929e-02
-1.268319245160359765e-02
-1.267498925161582128e-02
-1.267864020239550631e-02
-1.267740041611611738e-02
-1.267740041611612085e-02
-1.265299997916594782e-02
-1.265299997916595129e-02
-1.265299997916594782e-02
-1.268310681418660137e-02
-1.268063938528251992e-02
-1.268187019445681830e-02
-1.267370865575725460e-02
-1.267407187914508515e-02
-1.267292019257333820e-02
-1.267405810923921509e-02
-1.266558065374258704e-02
-1.266316052339659659e-02
-1.266437009251643667e-02
-1.266427864887853527e-02
-1.266569752679938543e-02
-1.261184270975259335e-02
-1.261184270975259508e-02
-1.261587666171526401e-02
-1.261171069995936818e-02
-1.261175088638495125e-02
-1.261173236619124623e-02
-1.261175088638495125e-02
-1.261042714783468938e-02
-1.261025702960614538e-02
-1.261023608505096663e-02
-1.261023608505096837e-02
-1.261023039486613810e-02
-1.260908826484583196e-02
-1.261298889114406165e-02
-1.260891620539363912e-02
-1.261305346639678832e-02
-1.262277774583016668e-02
-1.261710821336269397e-02
-1.261835569121786023e-02
-1.261834684300654034e-02
-1.261303563000617210e-02
-1.261301442394601076e-02
-1.261301442394601076e-02
-1.261384962724867824e-02
-1.261685426498548174e-02
-1.261279457891861973e-02
-1.261011344106787412e-02
-1.261281382726688917e-02
-1.260753927002577872e-02
-1.260618488814776832e-02
-1.261017080315219793e-02
-1.261018966333042612e-02
-1.261058949924256586e-02
-1.261209087285904834e-02
-1.261422468064935833e-02
-1.261285631399180693e-02
-1.260997589814480749e-02
-1.261411725779236492e-02
-1.261130672363598368e-02
-1.261813038613882054e-02
-1.261243970017673563e-02
-1.261077758913023775e-02
-1.261070925154639602e-02
-1.261481023485137506e-02
-1.261485804413162159e-02
-1.261348455392786137e-02
-1.262003401608877660e-02
-1.262271515360070817e-02
-1.261870580752493497e-02
-1.261870580752492629e-02
-1.262411932329446894e-02
-1.262545994736289159e-02
-1.261497678867526742e-02
-1.261497678867526742e-02
-1.262344342837553972e-02
-1.262187209130711564e-02
-1.261961433829566874e-02
-1.261917457298397487e-02
-1.262510126552346575e-02
-1.262628290283215535e-02
-1.262510126552346575e-02
-1.262510126552346401e-02
-1.262515073735342823e-02
-1.262242466595135150e-02
-1.262373841007947452e-02
-1.261913042070043206e-02
-1.261937997408708531e-02
-1.262130170420976485e-02
-1.261997444258674932e-02
-1.261997444258674932e-02
-1.261705712031455616e-02
-1.261703392430381203e-02
-1.262009581555015650e-02
-1.261586615654444916e-02
-1.261588354740953745e-02
-1.261588354740953051e-02
-1.261588354740953398e-02
-1.261425639392450143e-02
-1.262201853625862305e-02
-1.262351594080392096e-02
-1.262416543361460572e-02
-1.262633497316684172e-02
-1.262183447349566646e-02
-1.262033141406557375e-02
-1.261941249154949381e-02
-1.261763472479104399e-02
-1.264006658796990729e-02
-1.263591572395293509e-02
-1.264204227086080691e-02
-1.264153790479432063e-02
-1.264154378600167855e-02
-1.264048844272958223e-02
-1.264215614455740065e-02
-1.264215614455740239e-02
-1.264395722577439998e-02
-1.264163746368075943e-02
-1.263808944540485875e-02
-1.263944271425621220e-02
-1.264078902548097447e-02
-1.264075923234864174e-02
-1.263445416059843542e-02
-1.263034152233996968e-02
-1.263344975615364289e-02
-1.265140383865504849e-02
-1.265142012575148737e-02
-1.265141963589305404e-02
-1.264994255633018934e-02
-1.264994255633018934e-02
-1.264994255633019281e-02
-1.265415690765643933e-02
-1.264763891946086953e-02
-1.264763891946087473e-02
-1.264898363625791521e-02
-1.265606749124843257e-02
-1.265606958055666247e-02
-1.265625359430441917e-02
-1.264274722740662583e-02
-1.264085233221898426e-02
-1.264167877902088941e-02
-1.264167877902089114e-02
-1.263313630114800551e-02
-1.263179238460572680e-02
-1.264172767919100916e-02
-1.263534249820240894e-02
-1.262452726458412541e-02
-1.262585117295256243e-02
-1.262416431531740955e-02
-1.262551669368968885e-02
-1.262691345001695428e-02
-1.262698218980741298e-02
-1.262698218980741992e-02
-1.262109358827708840e-02
-1.262214759740315322e-02
-1.262919418523725419e-02
-1.262994520179428100e-02
-1.262995786675413790e-02
-1.262440431457259767e-02
-1.262437534940941304e-02
-1.262316305729138145e-02
-1.262097342759017048e-02
-1.261824521011343375e-02
-1.261497634311830630e-02
-1.262164133861259398e-02
-1.262029378460181872e-02
-1.261757958719553901e-02
-1.261451321989656184e-02
-1.262447816799679677e-02
-1.262186631348436935e-02
-1.262453339288533045e-02
-1.262317307542731339e-02
-1.262138079383419952e-02
-1.262048448812654912e-02
-1.262166535727594560e-02
-1.261670352178730775e-02
-1.261809620095752718e-02
-1.262491601887095333e-02
-1.262491601887095506e-02
-1.262776859144996294e-02
-1.262893981472705887e-02
-1.262766542653636845e-02
-1.262767835903175206e-02
-1.262765253830995874e-02
-1.261784105889147620e-02
-1.262877900378156851e-02
-1.262745983010214214e-02
-1.263148951571456922e-02
-1.263015663559109714e-02
-1.263437965884616106e-02
-1.263442750738359016e-02
-1.263442750738358843e-02
-1.262903251699295029e-02
-1.263038226247916417e-02
-1.263039414033156026e-02
-1.263039414033155679e-02
-1.263902784216764351e-02
-1.263230410679612448e-02
-1.263360808781439915e-02
-1.263230410679612448e-02
-1.263451769673879649e-02
-1.263585628275267804e-02
-1.263721148953385158e-02
-1.263227544236797395e-02
-1.263362784079977673e-02
-1.263766210359164831e-02
-1.264133102174320317e-02
-1.264259849955987232e-02
-1.264259756515918355e-02
-1.266349025842873101e-02
-1.265748191182122263e-02
-1.265878722951785731e-02
-1.265879377472585443e-02
-1.265712332100716458e-02
-1.265712332100715938e-02
-1.265712332100715938e-02
-1.265599742534245786e-02
-1.265346423818503908e-02
-1.265604293803058132e-02
-1.265200528882214591e-02
-1.266695613416964246e-02
-1.266570216950672206e-02
-1.266069991296693564e-02
-1.266069038680505375e-02
-1.266189557149234070e-02
-1.265965662944614281e-02
-1.265216317403063118e-02
-1.265609384755196284e-02
-1.265609717802133882e-02
-1.265644948132720569e-02
-1.265840219943181744e-02
-1.265086586221505181e-02
-1.265746178053599701e-02
-1.265479005460964229e-02
-1.265217393436894079e-02
-1.265554239248013746e-02
-1.266017970836515530e-02
-1.267326521159478116e-02
-1.265416140556141836e-02
-1.265548286214515303e-02
-1.266996670176794709e-02
-1.266997017655318962e-02
-1.266426750286987236e-02
-1.266685923032234186e-02
-1.265893127809643998e-02
-1.265893127809643824e-02
-1.265765396234330882e-02
-1.265893127809644171e-02
-1.266395932596483045e-02
-1.266267084713567498e-02
-1.266395840227106315e-02
-1.265762862688546951e-02
-1.265727254751893710e-02
-1.265891048053108259e-02
-1.265891048053108085e-02
-1.265761240532688528e-02
-1.265893240786206998e-02
-1.265966133691032169e-02
-1.266212497227690165e-02
-1.266342450591544100e-02
-1.265702552280679148e-02
-1.265702552280678975e-02
-1.264999085126164262e-02
-1.265367991079177461e-02
-1.265093129531145999e-02
-1.265355598612721844e-02
-1.265486996099100987e-02
-1.265355585961475994e-02
-1.266031901934847742e-02
-1.266031901934847048e-02
-1.266347656735407508e-02
-1.266702981237977609e-02
-1.266834522836997670e-02
-1.266763604073577014e-02
-1.266574304342145060e-02
-1.266531316535786551e-02
-1.266535103516298021e-02
-1.266145239212604356e-02
-1.266404739268325169e-02
-1.266545098930727843e-02
-1.266110502228901674e-02
-1.265943532347692073e-02
-1.265813665846635128e-02
-1.265438902321231081e-02
-1.265438902321231081e-02
-1.265826972440152465e-02
-1.265826972440152465e-02
-1.265696228476020056e-02
-1.265201466838448627e-02
-1.265817354021626755e-02
-1.265706449617344173e-02
-1.265845232102312014e-02
-1.265559838965653154e-02
-1.266035986040077096e-02
-1.266195357928047265e-02
-1.266669580830936774e-02
-1.265627073535985359e-02
-1.267028282929267939e-02
-1.265798323951358023e-02
-1.265967821485444733e-02
-1.266354957111853925e-02
-1.266485919029838175e-02
-1.266329588406195535e-02
-1.264063642721544208e-02
-1.264063642721544034e-02
-1.264195710766999152e-02
-1.263541070797881416e-02
-1.263541070797881589e-02
-1.263541075807863949e-02
-1.263017260388025857e-02
-1.263283978105621611e-02
-1.263333912837815050e-02
-1.263333912837815050e-02
-1.263200493492673722e-02
-1.262408496888828453e-02
-1.262408496888828800e-02
-1.262272177510226877e-02
-1.262272177510226877e-02
-1.262674458601730984e-02
-1.262153354408814855e-02
-1.262287810689393872e-02
-1.262286278998102883e-02
-1.265398125715487022e-02
-1.265287225732013299e-02
-1.266172668257358955e-02
-1.266843045205522794e-02
-1.266288158740587130e-02
-1.266696204613248881e-02
-1.265080805340497438e-02
-1.265080407854225070e-02
-1.265080805340497438e-02
-1.265212620347563703e-02
7.866708505837351206e-02
7.866708505837352594e-02
7.864144591934232875e-02
7.857686278657709245e-02
7.862679357923565981e-02
7.862679357923567369e-02
7.864193105387616567e-02
7.864668708797550867e-02
7.861678455483411820e-02
7.862179500967732271e-02
7.865294617224762030e-02
7.860571802818434872e-02
7.878178600689621225e-02
7.878178600689622613e-02
7.873955775169284854e-02
7.875729837919462351e-02
7.892100683492217494e-02
7.888174487458204931e-02
7.879630867849314602e-02
7.895753609656433469e-02
7.895753609656433469e-02
7.895753609656432082e-02
7.898669799413410297e-02
7.884739530803527852e-02
7.888251386717326508e-02
7.903989925126310434e-02
7.911320713690964124e-02
7.908765622820840280e-02
7.908765622820840280e-02
7.908765622820841668e-02
7.914135955884007978e-02
7.910962065552211431e-02
7.918306345336484364e-02
7.905271310002509599e-02
7.916904426833208663e-02
7.914696223597585123e-02
7.910684623653264913e-02
7.906937812622195916e-02
7.877712944081496915e-02
7.877712944081496915e-02
7.887091650471984849e-02
7.881116878249111446e-02
7.884600418451237491e-02
7.884452638566125104e-02
7.880494013526269381e-02
7.887504186512031557e-02
7.893233594294152278e-02
7.888997902239201776e-02
7.888997902239201776e-02
7.892119645846618070e-02
7.899880864078304143e-02
7.892278414355033411e-02
7.892278414355032023e-02
7.900232846050332658e-02
7.897985268264115510e-02
7.900235650462708592e-02
7.910306757233724617e-02
7.904793142620218649e-02
7.903551234082424604e-02
7.908305212257095429e-02
7.900770893713003618e-02
7.946179774872474955e-02
7.926932314546787650e-02
7.925461436658153003e-02
7.925461436658151615e-02
7.909372765584719855e-02
7.916009446924787696e-02
7.915993706160540100e-02
7.915993706160541488e-02
7.939067413267369977e-02
7.939067413267367201e-02
7.942338902468609740e-02
7.938462255191117145e-02
7.945597290231186383e-02
7.919194170223761708e-02
7.918597813535210861e-02
7.929514955258000486e-02
7.942564036095649260e-02
7.933621977285759685e-02
7.933621977285758298e-02
7.922994068895009012e-02
7.928839237346006763e-02
7.923838138978465950e-02
7.936206607561109572e-02
7.939442048324772683e-02
7.935888698384808981e-02
7.938676372331275599e-02
7.904672215590402562e-02
7.904672215590402562e-02
7.915272221950898912e-02
7.914592710491780148e-02
7.895313344570101255e-02
7.895313344570102643e-02
7.910586191780086263e-02
7.913674578933672932e-02
7.905427058189193334e-02
7.913832440083591602e-02
7.911641761340637569e-02
7.918414744662197191e-02
7.913891737558687023e-02
7.913891737558687023e-02
7.913891737558687023e-02
7.913891737558685635e-02
7.915374421993184861e-02
7.917466600356282136e-02
7.920726003256528536e-02
7.920726003256528536e-02
7.914831175679840070e-02
7.918432190452590058e-02
7.936368675308827503e-02
7.938173240765762639e-02
7.938173240765762639e-02
7.934118516821027367e-02
7.888961751742118444e-02
7.889057225969353659e-02
7.882903049214992630e-02
7.877129343435147757e-02
7.876873369276922443e-02
7.876873369276923831e-02
7.884984044844105255e-02
7.874257863858222239e-02
7.892907533336838977e-02
7.890268958844914859e-02
7.890268958844916247e-02
7.893325114999501235e-02
7.874597275135572505e-02
7.876371543602676828e-02
7.911379744941722525e-02
7.886441886193638895e-02
7.898726428361389773e-02
7.891719011427693331e-02
7.915194205995641774e-02
7.916302941863237463e-02
7.922678344624251023e-02
7.926046073268429304e-02
7.922632448446260967e-02
7.922632448446258191e-02
7.922266573013397872e-02
