1.628450265179426414e-03
1.628254528166001372e-03
1.628295818596798509e-03
1.628434386571556668e-03
1.628428698083409561e-03
1.628508424550689391e-03
1.628623327023930555e-03
1.628102205770873192e-03
1.628658465025789636e-03
1.628688093531340756e-03
1.629082091054882830e-03
1.629093640999612191e-03
1.629166564094532837e-03
1.629147845902140929e-03
1.629151038759673112e-03
1.629084557613921444e-03
1.628926084284672499e-03
1.628781300498414932e-03
1.628972562482539511e-03
1.628976858423490355e-03
1.629217289593175907e-03
7.127953397164761389e-03
7.128074583568694972e-03
7.128473429830079269e-03
7.128029399046650894e-03
7.127876583393507118e-03
7.127990094392233460e-03
7.127990510186071188e-03
7.127510821328275452e-03
7.126278396070832161e-03
-1.944300123212510441e-03
-1.944210878482520270e-03
-1.944257815824215925e-03
-1.945112135407415241e-03
-1.947694985778269374e-03
-1.947582482699868360e-03
-1.950580887034765887e-03
3.365701221194045741e-03
3.369651868583518461e-03
3.369647686849228021e-03
3.369612286110587607e-03
3.369768377830949235e-03
3.367694384565890920e-03
3.372102529512611361e-03
3.369077432914728207e-03
3.369717941802743803e-03
3.369089077092526831e-03
3.363887179814930607e-03
3.351154169861479768e-03
3.349974750644909866e-03
3.351649424267707286e-03
3.341228390992308749e-03
3.341205369427627248e-03
3.363980892641430746e-03
3.364764332710427474e-03
3.364142840869468326e-03
3.362616355457095745e-03
3.358382508003582810e-03
3.332147353483850844e-03
3.331623399653493595e-03
3.331682024540337950e-03
3.371243658238628430e-03
3.371371583795856452e-03
3.371124834559043916e-03
3.371101909678654932e-03
3.371569212000164861e-03
3.371684289989551695e-03
3.372468114936140026e-03
3.368551998308321437e-03
3.368533177445107163e-03
-2.272250071500742357e-03
-2.269880509963004278e-03
-2.271208122164480175e-03
-4.528848709163078444e-04
-4.531756263844193737e-04
-4.513421835219487530e-04
-4.311214289995403946e-04
-4.311597025974628719e-04
-4.311901443435055964e-04
-4.315399374619244841e-04
-4.318376548957448581e-04
-7.585815792448552400e-04
-5.671921650663197707e-04
-5.709966842168980299e-04
-5.730096361455631762e-04
-5.730702645735380593e-04
-5.700098383520126044e-04
-5.719167368295443232e-04
-5.730150677306496089e-04
-3.686668348611074186e-03
-3.686449715353568111e-03
-3.686457174896047052e-03
-3.686408287401721738e-03
-3.686484938757794445e-03
-3.686493469336797179e-03
-3.687106914958255318e-03
-3.687041241002845127e-03
-3.687020703272763430e-03
-3.687111277211949437e-03
-3.686512462736864313e-03
-3.686601063579084125e-03
-3.686569808101044197e-03
-3.686007646788282913e-03
-3.685673880113147279e-03
-3.686341051725110403e-03
-3.685842198792524047e-03
-3.731442766071527140e-03
-3.728508466371828044e-03
-3.728814641166255505e-03
-3.730009903441358458e-03
-3.730925848561248131e-03
-3.730210158966943638e-03
-3.730057564788796191e-03
-3.728562392331298461e-03
-3.729378992031122386e-03
-3.728526809219504141e-03
-3.728161755308253243e-03
-3.728626952356930372e-03
-3.728383924350664631e-03
-3.728655357085008254e-03
-3.728667359687393330e-03
-3.728642881901149658e-03
-3.728640332762519442e-03
-3.728597430258968805e-03
-3.728573222279830610e-03
-3.728712593785251782e-03
-3.728328010965184861e-03
-5.411731195679485122e-03
-5.411952072440925042e-03
-5.412941866046277334e-03
-2.747317176718214269e-03
-2.747220809523132426e-03
-2.747593414266398526e-03
-2.747883614370977279e-03
-2.748186903440910309e-03
-2.965021274472180203e-03
-2.964267634391165931e-03
-2.965228128797352865e-03
-2.966627970773565159e-03
-2.975204445824144919e-03
-2.974003097984344833e-03
-2.938709769360610229e-03
-2.843948330679690883e-03
-2.860199521683037815e-03
-2.862440354888075040e-03
-2.862482239059176495e-03
-2.862495077744111119e-03
-2.862554671992264578e-03
-2.861607902291757755e-03
-2.861306716849536420e-03
-2.862712182524530108e-03
-2.863270831811024365e-03
-2.862739475470877943e-03
2.465391588980445515e-03
2.464846555853632791e-03
2.464143006631588743e-03
2.464121580455276399e-03
2.465555269065113422e-03
2.465240680645152272e-03
2.465292368576274106e-03
2.466306416174807864e-03
2.466673557977545200e-03
2.466675203658330855e-03
3.395540005639643543e-03
3.396317330192446561e-03
3.396279230903187941e-03
3.396205967478668156e-03
3.396198008992647784e-03
9.468416006987724317e-04
9.471502263148217108e-04
9.475977588162370598e-04
9.477352777583546248e-04
2.549196250027249006e-03
2.546892269070772426e-03
2.546967473589881095e-03
2.550190157844339084e-03
2.549802237156657912e-03
2.549872705728633421e-03
2.549743378147462276e-03
2.549718916059167621e-03
2.549789160149655478e-03
2.555217236332028852e-03
2.553951333358160571e-03
2.555582049521611023e-03
2.563147949719614144e-03
2.560344931125425882e-03
2.553573168950157637e-03
2.553489028014062356e-03
2.518958442353246441e-03
2.518956025430147284e-03
2.518026413730396762e-03
2.517648588048984008e-03
2.517637857213606174e-03
2.517708488896181363e-03
2.526074614299533231e-03
2.525189050383772841e-03
2.524604466383989325e-03
2.520436662176343736e-03
2.520571953268152445e-03
2.521183579227024175e-03
4.783178171369564281e-03
4.783724145831293705e-03
4.786943681321560902e-03
2.370775497990878881e-03
2.370305071910965965e-03
2.383920249767922366e-03
2.383822251066150359e-03
2.383923397938011567e-03
2.379354627916939555e-03
2.378619840761240362e-03
2.504748088125787701e-03
2.502187000946060839e-03
2.502153300477716509e-03
2.502189898270987690e-03
2.549871657683659264e-03
2.549800088475530357e-03
2.549871759573387256e-03
2.549888973155359836e-03
2.549876415491696136e-03
2.549889602537061973e-03
2.549814966000072541e-03
2.549496678138224882e-03
2.549769965742012309e-03
2.549707936309035528e-03
2.549733566422707990e-03
2.549567103913638524e-03
2.549554498925377024e-03
2.549431427471081976e-03
2.549430742444260250e-03
2.549621822259060065e-03
2.549886360501295822e-03
2.549944456821884742e-03
2.549996109426147083e-03
2.550045099869872704e-03
2.550016790556650093e-03
2.549998335044806937e-03
2.550010449733103313e-03
2.549978155652202986e-03
2.550013612967502990e-03
2.550002007800280818e-03
2.549888072926169598e-03
2.549814246482598728e-03
2.748093447363216847e-03
2.747052266874960326e-03
2.747139752063003024e-03
2.747303047440868926e-03
2.747355380596668700e-03
2.747370584689276009e-03
2.747409912668336875e-03
3.130198931307410799e-03
3.128766227335556902e-03
3.130630278932717767e-03
3.130651314339527418e-03
3.664387797079108732e-03
3.664320469697402056e-03
3.664222667673357973e-03
3.664100580220911244e-03
3.664945470776589768e-03
1.617049860004309914e-03
1.617075249117506724e-03
1.617108524394157134e-03
2.685434815344115572e-03
2.682636886944583712e-03
2.682554092530218485e-03
2.711365348522600839e-03
2.710476152782994447e-03
2.710568367719134661e-03
2.710657996913421602e-03
2.710709478109217096e-03
2.710522304224070780e-03
4.311390811485581002e-03
1.312476376324383902e-03
1.313173159378667977e-03
1.312997454989586581e-03
1.311975029764052281e-03
1.311556351288930850e-03
1.305572424286905375e-03
1.305818162309863289e-03
1.305784051538474164e-03
-1.925592355577516058e-03
-1.927187215656417331e-03
-1.930531160332269033e-03
-1.929740408195177413e-03
-1.930181999526029216e-03
-1.931696748690476693e-03
-1.928616153149529267e-03
-1.928538646602242492e-03
-1.928579795862791612e-03
-1.928601665084091156e-03
-1.928649716553751175e-03
-1.928559394820870488e-03
-1.927831901834402804e-03
-1.928302964132235864e-03
-1.928329898272348976e-03
-1.928344306738966930e-03
-1.928452880129904274e-03
-1.928424344541163375e-03
-1.928294265629587872e-03
-1.928311009652734385e-03
-1.928332742042591268e-03
-1.928143212486831950e-03
-1.928361888227866656e-03
-1.928348993570729031e-03
-3.056391656826968131e-03
-5.447303799387639978e-03
-5.447340516339779261e-03
-5.444887744170387456e-03
-5.444864207183743032e-03
-5.444834302242232936e-03
-5.444825348280449978e-03
-5.443122344091838247e-03
-5.442086227435000145e-03
-5.442306469128688207e-03
-5.442235865536111661e-03
-5.965437492015683053e-03
-5.965943432373480362e-03
-5.965875261372471233e-03
-5.965953864623695091e-03
-5.966177928667581662e-03
-5.966070394847767730e-03
-5.966068079980541873e-03
-5.966045501246080782e-03
-5.965899943558742625e-03
-5.965690165255888890e-03
-5.965841806325161527e-03
-5.965812341376322200e-03
-6.105314760678365489e-03
-6.104010439181154109e-03
-6.104059980397754520e-03
-6.104277692833159734e-03
-6.104311387546142165e-03
-3.200081061644005458e-03
-3.200360239606409116e-03
-3.200418881835364725e-03
5.949405068186181802e-04
-3.913327412171205451e-03
-2.641880682345317064e-03
-2.641905953808597156e-03
-2.642200339386018785e-03
-2.640573060638165288e-03
-2.640728520222731818e-03
-2.640948499912642699e-03
-2.639643065034145714e-03
7.404413972901006599e-03
7.415624055775907331e-03
7.414924360131803539e-03
7.414680393955349127e-03
7.415851325212020721e-03
7.417888734882627060e-03
7.414256278898376760e-03
7.374398811282843746e-03
7.374932786506614019e-03
7.375212710904857465e-03
7.375226212456549232e-03
7.375225596505125686e-03
7.372402378262640950e-03
7.372253226088837375e-03
7.371254504088741062e-03
7.371114598866793620e-03
7.371780462369131350e-03
-2.813146037998391202e-03
-2.895658129627828609e-03
-2.894767638368900622e-03
-2.894913197930816095e-03
-2.894213832285670585e-03
-2.893636578789697371e-03
-2.888977155764309909e-03
-2.889905677320390217e-03
-2.890453199994853870e-03
-3.180180496910905118e-03
-1.258715314765054610e-03
-1.258978981681941256e-03
-1.258825349774476401e-03
-1.258834700692773026e-03
-1.259006882928451069e-03
-1.259020554436412814e-03
-1.258921482767485145e-03
-1.259536582385533798e-03
-1.259503772400165237e-03
-1.259533615415173212e-03
-1.259386313390149260e-03
-1.259321357261805304e-03
-1.259608456313104224e-03
-1.259511759443577954e-03
-1.262395348122891114e-03
-1.261110060349919038e-03
-1.261318123152714576e-03
-1.260791238046455416e-03
-1.261778179647683957e-03
-1.262860915617709020e-03
-1.261672532266489271e-03
-1.264516536728712724e-03
-1.264379401074180748e-03
-1.264353038927624974e-03
-1.264371853295058121e-03
-1.264339569926312265e-03
-1.264324605223780861e-03
-1.264320781289086796e-03
-1.264292785958569905e-03
-1.264141173093818234e-03
-1.264210987009578655e-03
-1.264217738646083089e-03
-1.264236664249011660e-03
-1.264353655791583542e-03
-1.252445473794006449e-03
-1.253447554017729894e-03
8.175118781439734850e-04
8.176783528352629194e-04
8.088157489837135379e-04
8.087042297235907777e-04
2.088861231245168863e-03
2.078682762148526680e-03
2.079068980830041206e-03
2.078781543148849279e-03
2.078646622797118097e-03
2.077277918363575494e-03
1.971838820788929508e-03
1.972249291392635853e-03
1.972468990616729929e-03
1.973380043192280320e-03
1.973221884423564595e-03
2.018269639309900210e-03
2.018551805633525542e-03
2.018259379877595204e-03
2.018537598653656964e-03
2.016803554459629857e-03
2.034631281418191988e-03
2.032169775289169138e-03
2.031497374741736937e-03
2.031690141862807584e-03
2.044136708141941136e-03
2.044215858262010341e-03
2.044047252716744891e-03
2.044201160475482126e-03
2.044247190917019945e-03
2.044294002072673515e-03
2.044325576392487607e-03
2.143829650020337343e-03
2.143649410346039341e-03
2.143323213380892312e-03
2.143367450872095924e-03
2.143338937170681177e-03
2.066214609538639425e-03
2.066236851939591730e-03
2.063763577504190011e-03
1.473434094760626457e-02
1.473415004684278974e-02
1.473429021351573172e-02
1.473574427722568712e-02
1.473494936274206100e-02
1.473675940636105797e-02
1.473703788717002118e-02
1.473535127194845057e-02
1.473590650324030187e-02
1.473333872881127903e-02
1.473349034152139463e-02
1.473270516216312193e-02
1.473277371420277614e-02
1.473361323370783564e-02
1.473363600067639605e-02
4.451634436229541525e-03
4.452890180579357170e-03
4.452895585129055568e-03
4.452876088999671057e-03
4.452990079456787924e-03
4.461100379058414826e-03
4.461726088664878451e-03
4.462069490993490588e-03
4.462340001192686978e-03
4.462343307582408020e-03
4.462160985303180796e-03
4.461890410721917020e-03
4.461586060277598909e-03
4.462598163623539976e-03
4.461199283515430644e-03
4.461193119728036095e-03
4.521729510272928451e-03
4.521555358542751063e-03
4.521824074018208905e-03
4.521419578901115892e-03
4.521249725405902635e-03
4.521350563475638913e-03
4.521354772020339148e-03
4.521495610652395344e-03
4.521559723428445268e-03
4.520559663600039017e-03
4.520702391556286233e-03
4.520402877641177368e-03
4.525354906810758956e-03
4.525291437059024251e-03
4.526141218331024285e-03
4.518920046522357202e-03
4.518858236486737040e-03
4.582159017828222117e-03
2.477605802503641576e-03
2.477555882696511145e-03
2.477389728314862826e-03
2.477179189668841756e-03
2.476293108387222445e-03
2.918378191447146882e-03
2.918657110033235844e-03
2.917350424187340613e-03
2.917771963736228834e-03
2.917378477162988360e-03
2.916976799524236691e-03
2.916833712549246355e-03
2.684565973233373534e-03
2.685394505875292413e-03
2.685462048071109598e-03
3.957475456070814156e-03
3.962077509311343580e-03
3.958336513205567252e-03
1.103022429961658018e-03
1.102851887945699135e-03
1.102233985461682515e-03
1.076754997371782681e-03
-8.873943815268767882e-03
-8.873946077133229235e-03
-8.873634238632027368e-03
-8.873773551257360670e-03
-8.873695673927973343e-03
-8.873785300102479678e-03
-8.873898610415030877e-03
-8.873873007404128530e-03
-8.874018328298151695e-03
-8.873794087121425478e-03
-8.874897912075295145e-03
-8.874941374734469923e-03
-8.874790367051589232e-03
-8.874794935902555193e-03
-8.874902842088125410e-03
-7.192949671239647763e-04
-7.186767858708137521e-04
-7.185509180716416954e-04
-1.048655871524077957e-04
-1.042104466455535570e-04
-8.159304372826137132e-05
-8.153008486691777428e-05
-8.153152877685865979e-05
-8.131631040086410216e-05
-8.103979212156797209e-05
-8.118579844997169683e-05
-8.136290637481122159e-05
-8.117369938384648073e-05
1.072906841849825821e-02
1.072960043406056239e-02
1.072949267673982410e-02
1.072981236386045915e-02
1.073034389991331036e-02
1.070372447601191865e-02
1.070324892621036389e-02
1.070813521508634861e-02
1.072052585130098615e-02
1.072050389528848152e-02
1.072089437342611286e-02
1.072067073272544267e-02
1.072069572643139478e-02
1.072085272824556575e-02
1.072021434379178718e-02
1.072017638369196328e-02
1.072056955295337850e-02
1.072392152519347809e-02
1.072365819379506729e-02
1.073186674209999046e-02
1.073532387501423269e-02
1.073422095324426742e-02
-2.429986414686499414e-03
-2.444238745558511249e-03
-6.238686855416024325e-05
-6.238686855419859690e-05
2.050699365761700778e-04
2.090927537038874383e-04
2.084685312881852772e-04
2.082939448764247077e-04
6.340592612402369847e-04
6.340040303622648636e-04
6.339787297366764615e-04
6.347303811907455432e-04
6.337617044332932107e-04
6.332812801597316466e-04
6.431574282978986612e-04
6.410685829572742049e-04
6.404188797485033417e-04
6.401948115122772613e-04
6.402351146473162294e-04
6.402669403855941683e-04
-2.027029678885302537e-04
-2.024327413535685974e-04
-1.813970251303522786e-04
-2.002325893504663002e-04
-2.003295038064540875e-04
-2.002882930831610567e-04
-2.024608819174182270e-04
8.107699786607376570e-04
-2.907983175522557261e-03
-2.907566986236649522e-03
-2.907584873905509973e-03
-2.907480631741701533e-03
-2.907209423145955783e-03
-2.907165957252962844e-03
-2.907269955699521343e-03
-2.907259694693205450e-03
-2.874435545258625848e-03
-2.872919436254924366e-03
-2.872368503872929635e-03
-2.873010394482436794e-03
-2.872619924470077614e-03
3.712936880119570120e-03
3.712999853877912634e-03
3.712658086088164999e-03
3.712517224804706348e-03
3.714145416701696446e-03
7.178501499476498682e-03
7.177614620069698408e-03
-5.810669887882142018e-03
6.152593705529015022e-03
6.153568858979412658e-03
6.149042916369878813e-03
6.149041593694926609e-03
6.148941833801051422e-03
6.148942846760646098e-03
6.148881972203515747e-03
6.149229175427819820e-03
6.149114718407128720e-03
6.149222877778583521e-03
6.148997206221418210e-03
6.148474876651558764e-03
6.140293766507003495e-03
6.140266588601566052e-03
6.140200550894441348e-03
6.140147636910888926e-03
6.139945223966515424e-03
6.140012925939844143e-03
6.140101475779714477e-03
6.140086900907695128e-03
6.140090044403610087e-03
6.140275509604498951e-03
6.140265138063333988e-03
6.136794050163573919e-03
6.137073939646910462e-03
6.136682862215448418e-03
6.152582485020619343e-03
6.152425867849139335e-03
6.155588870872709915e-03
6.154902226715116588e-03
6.154207781029963874e-03
6.143505844887182411e-03
6.144052717899240595e-03
6.143703911758727036e-03
6.143830576115547927e-03
6.143957274299563336e-03
6.143782211088666921e-03
6.143787899546687518e-03
6.143816345722407160e-03
6.143731657737878417e-03
6.143493604381072837e-03
6.143649397912903307e-03
6.145355895547937805e-03
6.145240307345325136e-03
6.144922336420100689e-03
6.145502593103824469e-03
6.144627252852525104e-03
6.143532621198863342e-03
6.143928150424209436e-03
6.144873048538497355e-03
6.144761470937343262e-03
6.144883655347378217e-03
6.144767290000933621e-03
6.142942670001145036e-03
6.142755476124779970e-03
6.143209838211287875e-03
6.141725482814467882e-03
6.141734154169844681e-03
6.137901982414283898e-03
6.137486728003281079e-03
6.137125043574585999e-03
6.137411928007424113e-03
6.137871412441861518e-03
6.137825156712280704e-03
6.137967015712494923e-03
6.137851331791037944e-03
6.137744705731047051e-03
6.139936863467082909e-03
6.143694324311227938e-03
6.143976989875799162e-03
6.143805650170944439e-03
6.143703476982194552e-03
6.143677999891345234e-03
6.143653372940263528e-03
6.143658705505485387e-03
6.143703304326137565e-03
6.144930289635132555e-03
6.143955516311143568e-03
6.144692664226565453e-03
6.149876564140177582e-03
6.152772678732145069e-03
6.154057812829503461e-03
6.150987365137436033e-03
6.150556851407850203e-03
6.170138996901450637e-03
6.172707979062806889e-03
6.171139969828630563e-03
6.342161503011321637e-03
6.342420118707501817e-03
1.415946318436628847e-02
1.415766068329304440e-02
1.415762630085491691e-02
1.415960779235092039e-02
1.416044443321178015e-02
-3.434916907348505239e-04
-3.436484644901227972e-04
-3.435040757555696874e-04
-3.434762142785982857e-04
-3.435283726967599096e-04
-3.456269646195462685e-04
-3.454017581592966910e-04
-3.473648121520391051e-04
-3.494169229429333048e-04
-3.452635174546708047e-04
-3.451488795886891391e-04
-3.449492972621173129e-04
-3.434755329749546301e-04
-3.435241883620495360e-04
-3.435181950776765194e-04
-3.435544238800301809e-04
-3.434408413986897403e-04
-3.436157543322940796e-04
-3.436507926856420384e-04
-3.435917790882627863e-04
-3.434365165372168854e-04
-3.435496781679277527e-04
-3.435801689857513499e-04
-3.435921618559097915e-04
-3.435152582651970093e-04
-3.435438463556301928e-04
8.823345072240583106e-03
8.823929432430653239e-03
4.486149818470949908e-03
4.472732318449299145e-03
4.451227924023822176e-03
4.451855542810664694e-03
4.451788854164051047e-03
4.451868167390172354e-03
4.450828093645389609e-03
4.479546914835427947e-03
4.482146268151317343e-03
4.482260536436002453e-03
-3.914621051651561790e-04
-3.936580702433798156e-04
-3.935760350629010696e-04
-1.837270969763070145e-04
-1.831805494255711380e-04
-1.831625335697541950e-04
-1.831867839752097601e-04
-1.850610125928673234e-04
-1.867650162006851398e-04
-1.864368701756023662e-04
-1.866090491352436051e-04
-1.865660231788491825e-04
-1.873248294041991269e-04
6.495170363272748017e-04
-2.105543922060974446e-02
-2.105569770979884639e-02
-3.165399924190919270e-03
-3.157904192936165314e-03
-3.157926193188492249e-03
-3.157908071150759832e-03
-3.158006417018546959e-03
-3.157819766916856920e-03
-3.157993899240451197e-03
-3.157967592770376860e-03
-3.157758669214945704e-03
-3.158386098625607687e-03
-3.158764720306789144e-03
-3.157612604247458238e-03
-4.537256542649224095e-03
-4.533379371086812028e-03
-4.539398737056813196e-03
-4.537733905920390311e-03
-4.539342620994445132e-03
-4.539307574753556618e-03
-4.441291210042374107e-03
-4.438905886155744204e-03
-4.441529735887776546e-03
-4.441541076854594108e-03
-4.442635553531851765e-03
-4.441863729654666436e-03
-3.927801579218619978e-03
4.554233733398855080e-03
4.554198716172203759e-03
4.554126763469976830e-03
4.555774743696242891e-03
4.552454613396262652e-03
4.550716719157552742e-03
-4.684524102063262704e-04
3.262757115369438639e-03
6.419203971700570763e-03
6.420263815761592663e-03
6.420395921714340016e-03
6.420701426787628688e-03
6.420404487767466389e-03
6.420326608446935701e-03
6.420782602643947644e-03
6.422230848525900711e-03
6.421135947890648475e-03
6.416320839465743109e-03
6.416397055907364574e-03
6.416336971030034940e-03
6.416326058552557741e-03
6.416325486928458124e-03
6.416511783272363378e-03
6.319744625789662680e-03
6.321562154392686324e-03
8.325969699908401540e-04
8.326426821571166837e-04
8.323408076202404218e-04
8.325076494676770297e-04
8.325041667406154252e-04
8.323521376914603002e-04
8.323715132738210591e-04
8.330455449889550374e-04
8.322017215002759432e-04
-4.785229671864780175e-03
-1.341660827299667735e-02
-1.339373555450190656e-02
-1.339379207237647099e-02
-1.339355210861831180e-02
-1.341319487581462550e-02
-1.341381639885672397e-02
-1.282071692328116356e-03
-1.291735333402650125e-03
-1.291862099644708241e-03
-1.291572052037192209e-03
-1.291909588995999048e-03
-1.291546798077217346e-03
-1.291596405493716619e-03
-1.245038893678426578e-03
-1.245304966374191635e-03
-1.245041378562194295e-03
-1.245132996452779370e-03
-1.245272178434383330e-03
-1.245384854508929965e-03
-4.524050901102590928e-03
-4.512470677300040901e-03
-1.370814491792976715e-02
-1.370833221321316256e-02
-1.370827033621055055e-02
-1.370827476792363560e-02
-1.370843819612462162e-02
-1.370819907212814798e-02
-1.370801420125425905e-02
1.425349005010948834e-02
1.425046057055194548e-02
5.838084743807505500e-03
-2.367028847376090317e-02
-2.367255131036332880e-02
-2.367134872247119923e-02
-2.367164629898995537e-02
-2.367342847257083993e-02
-2.367366803490522295e-02
-2.367324370131287936e-02
-2.367458368991410406e-02
-2.367551111471644792e-02
-2.367407789238918162e-02
-2.367032173405766993e-02
-2.366904523539237193e-02
-2.366881524513086282e-02
-2.366888661780126857e-02
-2.366936012842144055e-02
-2.366476675969062665e-02
-2.368661808946409889e-02
2.676852538063988728e-03
1.492902459992170167e-03
1.494591291890133133e-03
1.493879004679229267e-03
1.493139361880466446e-03
1.492990269852483270e-03
1.492981962664851909e-03
1.515903642432083961e-03
1.508424264380592251e-03
1.733589193232895186e-03
1.734381664285506277e-03
2.712602719138290739e-03
2.713040047126946772e-03
2.712890460242008486e-03
2.712644448915471802e-03
2.712628774421645649e-03
2.711689178102976144e-03
2.711643395989201625e-03
2.711627602826080161e-03
2.709398730626801262e-03
2.710927317507340426e-03
2.711223006979309510e-03
2.710963740032298723e-03
-7.028285741710625428e-04
-7.022290694377184483e-04
-7.025413554678596774e-04
-7.025590673881641204e-04
1.693396558998904030e-03
1.693750596199774389e-03
1.695246276101072206e-03
1.695139842236338635e-03
1.700229346050863028e-03
1.700203475339949000e-03
1.696902390123326138e-03
1.697564824509897353e-03
1.702463375033612001e-03
1.702332351682282665e-03
1.704137520295515755e-03
1.704790197578279556e-03
1.704948697397085360e-03
1.704941162876251731e-03
-2.861863855902594973e-03
-2.861553788954242401e-03
-2.874020824985284647e-03
-2.876285868244747926e-03
-2.871357883871510867e-03
-2.867215594453971072e-03
-2.738908539078849236e-03
-2.739238449234738127e-03
-2.739431220992294847e-03
-2.739549478421832943e-03
-2.739401323274984722e-03
-2.746983527163172206e-03
-2.747052616025232388e-03
-2.746889003633799613e-03
-2.747131537937330410e-03
-2.747149700791590935e-03
-2.743113193245843955e-03
-2.750334742826383416e-03
-2.750462777928889234e-03
-2.746810101281503286e-03
-6.213258015724586712e-03
-6.212593475200637282e-03
-6.212610385408777296e-03
-6.157998596678212512e-03
-3.093991156719538317e-03
-3.094031183332148199e-03
-3.094152670854604693e-03
-3.105936377005685464e-03
-3.106000899558395041e-03
-3.105479819930169298e-03
-3.105430917833898463e-03
-3.105503879041710859e-03
-3.105488085304256712e-03
-3.104797710351318851e-03
-3.104788682719324469e-03
-3.112145481115938944e-03
-3.112275784980224769e-03
-3.113530748316330112e-03
-3.113647219632482543e-03
-3.110895785095092476e-03
-3.115602474924658496e-03
-3.115245427530966352e-03
-3.115361152631795742e-03
-3.115023609053791959e-03
-3.114201030907785914e-03
-3.115297180714952496e-03
-3.115227680016971479e-03
-3.114688976295055655e-03
-3.114711054459224065e-03
-3.113607430668500434e-03
-5.873498980708261779e-04
-5.972009592364642275e-04
-5.973303729449638399e-04
-1.519777219755345798e-03
-1.519587689851247935e-03
-1.520297767757538415e-03
-1.520323317369991689e-03
-3.842734639553548569e-03
-1.076606965955520566e-03
-2.097521860653399003e-03
-2.655502215042186004e-03
-2.660599594243629601e-03
-2.659019421044823018e-03
-2.658923218708117691e-03
-2.660393503109783047e-03
-2.658348487126259950e-03
-2.658229704779957719e-03
-2.658309371449606943e-03
-2.658821285335591540e-03
-2.658316345565144186e-03
-2.658129591354085018e-03
-2.661961597966729098e-03
-2.661841495853782807e-03
-2.661987814271960830e-03
-2.661940767417138743e-03
-2.661960101878212571e-03
-2.661901423294864809e-03
-2.661966044069513215e-03
-2.661879256458191297e-03
-2.660277021066454091e-03
-2.666823178412402930e-03
-2.668704707718586467e-03
-2.668852392181890465e-03
-2.668959488644524845e-03
-2.686209291066723841e-03
-2.684184467575393383e-03
-2.684338175120279477e-03
-2.684453222506742037e-03
-2.684711332896187394e-03
-2.684281314214644488e-03
-2.683490795597971799e-03
-2.684989864776572439e-03
-2.685223899780350091e-03
-2.684349092333107242e-03
-2.684511272244117543e-03
3.476979589924860097e-03
3.475471651946206164e-03
3.573328054027640616e-03
3.573471433292698101e-03
3.573500231097654755e-03
3.576968166836163188e-03
3.568400458856091795e-03
2.425938738288979744e-03
2.425810318243201355e-03
2.425854432119506267e-03
2.446466462557367414e-03
2.446494716367263265e-03
2.446819639417154024e-03
2.445665031463713224e-03
2.445667720661082786e-03
2.972887926726867024e-04
2.966924288412532370e-04
2.963911365680330480e-04
1.125806084046268758e-02
1.125833119682702506e-02
1.125572074731111087e-02
1.125576639218576515e-02
1.125817172527369264e-02
1.126642750679864545e-02
1.126636098831473171e-02
1.126414278063058577e-02
1.122764385481218007e-02
1.122815410034984883e-02
1.122965362981559467e-02
1.122744160030571259e-02
1.122823656423808589e-02
2.327520873620566103e-03
2.328035441170398390e-03
2.328250260257654428e-03
2.333813190020966963e-03
2.333989777128581827e-03
2.333197153361945934e-03
2.333254414377605029e-03
2.333225637164720694e-03
2.333370501726247329e-03
2.333160917217712727e-03
2.333073752291308853e-03
2.333143726354994143e-03
2.331986221542501226e-03
2.332224027322155752e-03
2.332184717160526010e-03
2.332214648533884570e-03
2.332136870213730780e-03
-3.885532291495572606e-03
-1.424533513979920002e-03
-1.423094777021816429e-03
-1.433576431048412233e-03
-1.433430314485716409e-03
-1.433254414006058077e-03
-1.433700886397361535e-03
-1.433713329812180042e-03
-1.432560458988895976e-03
-1.432257194671292255e-03
-1.431475790993591568e-03
-1.431889798543433626e-03
-1.432292860892928283e-03
-1.434136733309677872e-03
-1.434131511152105182e-03
-1.432007028004869805e-03
-1.432188420335995865e-03
-1.432284525044323588e-03
1.476897499428965000e-03
1.426464027968006500e-03
2.224157640116151535e-03
2.224088552134307391e-03
2.222004734341076308e-03
2.218681607088845466e-03
2.218480144297336337e-03
3.955388342876855166e-03
3.954983806817300926e-03
4.692746860780657933e-03
4.692904697876026411e-03
4.692523739436477853e-03
4.692730494518540692e-03
4.692444355568046836e-03
4.692498395754296329e-03
4.693791025120822198e-03
4.693318022455365834e-03
4.693495039967276669e-03
4.692830654519667029e-03
4.692736420856490585e-03
4.692947833877575761e-03
4.693056124884879485e-03
4.692974449778820022e-03
4.692984384972684678e-03
4.692954878425960492e-03
4.692701338672010218e-03
-1.356703553172274165e-03
-1.356699254926559519e-03
-1.356508666550570140e-03
-1.357017742706478642e-03
-1.356801733807912799e-03
-4.946444181231528410e-03
-4.923389918135672762e-03
-4.918436285675827600e-03
-4.918125438781153526e-03
-4.917950143489962893e-03
-4.918126161892015513e-03
-4.927665065437585382e-03
-4.926446641678612279e-03
-4.927368353258116014e-03
-4.925399071236386157e-03
-7.393755808249799239e-04
-8.308515634262485456e-04
-8.316107670751054625e-04
-7.740649864494041294e-04
-8.621302274066655613e-04
-8.571344208314296640e-04
-8.580614648601492039e-04
-8.582491135337713076e-04
-8.584077940648430095e-04
6.858843429144049824e-04
6.862554697892975057e-04
6.865283859025274327e-04
7.356699669444897484e-04
7.357147388128054731e-04
7.357025041328701855e-04
7.350791481279352925e-04
-2.161562878911155519e-02
-2.161638226746317656e-02
-2.161678714533642187e-02
-2.161650287799577255e-02
2.410438346946682311e-03
2.410163081965523667e-03
-2.196978269560562387e-04
-2.194153186808223035e-04
-2.192235605154086082e-04
-2.194739542885813745e-04
-2.189596615115869515e-04
1.989434366422966182e-03
1.989425527208261817e-03
1.989468213904969571e-03
1.989639410074304018e-03
1.989860539603973896e-03
1.989800083196426213e-03
1.990032875118329016e-03
1.990084848703509417e-03
1.990221466745061788e-03
1.990149925430100258e-03
1.990146068701293281e-03
1.990138656347305735e-03
1.990165906474280957e-03
1.990386754339134798e-03
1.990363454264908443e-03
1.982411036676762651e-03
1.982469729824501339e-03
1.162071050827106881e-04
8.144278063179870156e-05
1.122120058204577114e-04
-3.429671160361552509e-04
-3.431565493806006963e-04
-3.565444229507681926e-04
-3.566885199563542014e-04
-3.567749550900647308e-04
-3.565864794669478519e-04
-3.565447172582186190e-04
-3.563702434168562294e-04
-1.245272290890367308e-04
-1.241346823915040357e-04
-1.230639303628468728e-04
-6.701552473291884360e-03
1.149784264374655680e-03
1.149843739620880385e-03
1.213572869726012348e-03
1.213534885581989955e-03
1.213852094569729074e-03
1.213847998686330785e-03
1.213957236706116830e-03
1.213408979861392567e-03
1.213366950505549062e-03
1.213286331346064787e-03
1.213583971189342338e-03
1.214135566427483126e-03
1.210934396499029455e-03
1.210982765087390131e-03
1.211709751759016849e-03
1.211838149805599804e-03
1.212475676471332911e-03
1.212324860129543195e-03
1.212277157828089459e-03
1.212064238898162213e-03
1.212144445104506489e-03
1.212128605417358857e-03
1.190767376634009264e-03
1.073783172760571503e-03
1.073746251555543095e-03
1.054859511681602042e-03
1.054495912563660834e-03
1.037923408890320748e-03
1.037853255887593489e-03
1.037816296918499552e-03
1.042980814106968680e-03
1.038930701330111582e-03
-5.078733787850039753e-03
-5.078370698486553772e-03
-5.077368570899251123e-03
-5.077377790481926549e-03
-5.076674828190694613e-03
-5.076656999721330596e-03
-5.077863309213243720e-03
-5.077535806670687921e-03
-5.077108039105369432e-03
-5.077776002142044345e-03
-5.077208975820922052e-03
-5.076972407392032344e-03
-5.077130572803001222e-03
-5.075658229302114008e-03
-5.075740173719206147e-03
-5.079735084930986876e-03
-5.077212013985602825e-03
-5.077326984788535502e-03
-5.076379438623985878e-03
-5.208711491128757004e-03
-5.304273629386758830e-03
-5.307030103941292980e-03
-4.591152515569614165e-03
-4.507862147034980178e-03
-4.508787033550047500e-03
-4.508796752373231236e-03
3.425085165322379072e-03
3.425437635911053342e-03
3.431246056187469817e-03
3.431139402294387190e-03
3.431557251296016558e-03
3.423137562104652028e-03
3.423025980775639635e-03
3.422950404482340107e-03
3.287817782884285348e-03
3.283758571063626411e-03
3.286483284520952137e-03
3.285972618369830452e-03
-7.476835694922589343e-03
-7.477252044448526661e-03
-7.478025775236515731e-03
-7.478134156626849507e-03
-7.478080089531042099e-03
-7.477942443583828966e-03
-7.477771785996456533e-03
-7.477367585296058536e-03
-7.477612760561602213e-03
-7.478818247578357913e-03
-7.477472406853273058e-03
-7.477984757202751909e-03
-7.477679720524480454e-03
-7.477662427970845765e-03
-7.477687815420876877e-03
-7.477770312031311283e-03
-7.477633192106532961e-03
-7.478253842044611799e-03
-7.478508354036095609e-03
-1.851182299500242360e-03
-1.851205136052538024e-03
-1.851165595671203220e-03
8.172432165963517542e-03
8.171674379806858138e-03
8.170284198242210721e-03
-1.983522778208123959e-03
-1.984144491349197625e-03
-1.984181748920020843e-03
-1.984014742018417720e-03
-1.984225091215287111e-03
-1.984006817634502168e-03
-1.984040590626332413e-03
-1.983622235649703733e-03
-1.984066747600475925e-03
-1.983855192398020773e-03
-1.983629402434990922e-03
-1.983491957529017434e-03
-1.983648931246469443e-03
-1.984068226207357389e-03
-1.984313147903604430e-03
-1.984379266625973560e-03
-1.984379648138342566e-03
-1.984403955414515332e-03
-1.984214737124147081e-03
-1.888869631824562989e-04
-2.778661970853430938e-04
-2.771559891963290816e-04
-2.599256533342425438e-04
-2.607881067449609310e-04
-2.606562464958354138e-04
-7.483700666814374093e-05
8.265343693294726832e-03
8.265708675812393977e-03
8.263836023098970751e-03
8.259363197085691985e-03
8.258920592366878963e-03
8.260659437539407540e-03
8.258796772094744582e-03
-1.017924983536732221e-03
-1.016902052572989665e-03
-1.016753488391520816e-03
-1.017207322614525596e-03
-1.016921050900599548e-03
-1.016701545795985727e-03
-1.016688365355904785e-03
-2.172557569901579794e-03
-4.567308196624690446e-03
-4.569488466028381705e-03
-4.569450431157103150e-03
-4.570901177617990238e-03
2.511394180195256412e-03
2.511273784301870041e-03
2.510210503545595544e-03
2.510132862402280219e-03
2.510125887923876989e-03
2.509823169664149919e-03
2.512672364164094362e-03
2.514605334906294155e-03
2.632052725592278711e-03
-9.636524415271116584e-03
-9.694288817059271493e-03
-9.695473836888464370e-03
-9.624703173542947451e-03
-9.623686375685695446e-03
-9.623673251713371624e-03
-9.209024136533506405e-03
-9.199797329752450181e-03
-9.200137843944217186e-03
-9.200176659099073076e-03
-9.200185392193728495e-03
-6.490883289395567649e-03
-6.490696995859960260e-03
-6.489905140119905935e-03
-6.489958658028347621e-03
-6.489971211852386089e-03
-6.490093636606419220e-03
-6.489792872736589897e-03
-6.489740614924745590e-03
3.173352409404767843e-02
3.172969990048079419e-02
3.172975546908590044e-02
3.172918155661694911e-02
6.650213450360002200e-04
6.645716006284477792e-04
6.645223455880754819e-04
6.644285158678842193e-04
6.644650007569871805e-04
6.755752087705037962e-04
6.753498084749352207e-04
6.765796800990551583e-04
1.535080145393248781e-02
1.533834764154237348e-02
-1.117132433266432127e-02
-1.117121040028674732e-02
-2.574607753814894644e-03
-2.574588585542214158e-03
-2.574565900359507449e-03
-2.574606187959393826e-03
-2.574503182166046691e-03
-2.574469108093063383e-03
-2.575118226139317280e-03
-2.575153795411817305e-03
-2.567111209775133854e-03
-2.566958926001580796e-03
-2.567321879466050345e-03
-2.567215835650081979e-03
-2.568573271685851978e-03
-2.568403857013114473e-03
-2.287602146984406976e-03
-2.288600893528764009e-03
-2.289395426693337839e-03
-2.321985792800189147e-03
-2.322419550089391618e-03
-2.322098092658141880e-03
1.500919294442626612e-03
1.500667218115318358e-03
1.500693739176996730e-03
2.009587945068894415e-03
2.009538910655006214e-03
2.007054102537615421e-03
2.007008745142355600e-03
2.007147228722386007e-03
-3.684572408178175395e-03
-3.684425854784819168e-03
-3.686769019470436011e-03
-3.686207686844875618e-03
-3.685988694137538532e-03
-3.686004546183637483e-03
-3.690111900153894824e-03
-3.690336430705974148e-03
-3.690739302224953569e-03
-3.672147037637845703e-03
-3.672144005491075058e-03
-3.672440789596589841e-03
-3.672871938882482905e-03
-3.671164272837150206e-03
-3.671980742854961174e-03
-3.672693275059781687e-03
-2.358012246750435990e-04
-2.360918522585845735e-04
-2.426527955313153499e-04
-2.437440583345777581e-04
-2.438161005044560739e-04
-2.510250216902673560e-04
-2.513599739277669830e-04
-2.513069241222348131e-04
-2.507336165913179337e-04
-2.507330030267863408e-04
6.879885391180610987e-03
6.879776057496612279e-03
6.879645248003880657e-03
6.874360695484875786e-03
6.871596595267239795e-03
6.871584376467068482e-03
6.871570361660123312e-03
6.871914616572191541e-03
6.890216343627068862e-03
6.890892249370598847e-03
6.902233443683639981e-03
6.903135927070391288e-03
6.902158844269676991e-03
6.904164712638917456e-03
6.898250957783726330e-03
6.886884452092315208e-03
6.885408882999407947e-03
6.885948442643909616e-03
6.875357876134576690e-03
6.551184743374960373e-03
6.551130011984233545e-03
6.551135510593207936e-03
6.552493284528948525e-03
6.552248868832108789e-03
6.552361106527179908e-03
6.558490272175809821e-03
6.558303461763108355e-03
6.558297780976908402e-03
6.558396657094453693e-03
6.560365514445385890e-03
6.560470417704258005e-03
6.560849430073255328e-03
6.558965526577878458e-03
6.557260064998486279e-03
6.557274276968830772e-03
6.557459501950117613e-03
6.557841833703606169e-03
1.699204920014120174e-03
-1.861841727595795609e-03
-1.861640446408322110e-03
-1.860387149516960466e-03
-1.860833863266058569e-03
-1.860949473371226312e-03
-1.747602579037772167e-03
-1.747384204332458335e-03
-1.747578925069323942e-03
-1.749614969094195763e-03
-1.749551834310119919e-03
-1.751139791511863728e-03
-1.751606460869524788e-03
-1.751272518553735223e-03
-1.751554096242528922e-03
-1.751257889513406930e-03
-1.751291685172801180e-03
1.099975065043956243e-02
1.099747689114976591e-02
2.197006460062227943e-03
2.197322991989473021e-03
2.197402019252220687e-03
2.197499113700756169e-03
2.197491792319395190e-03
2.197546179760293764e-03
2.197425959833067873e-03
2.197462789289475645e-03
2.197470461263919400e-03
2.197373185108265816e-03
2.197450589154973603e-03
-7.358909669593203216e-03
-7.357062189020016803e-03
-7.357109132015615151e-03
-7.357063280500456687e-03
-7.357172814117825602e-03
-7.343116371520934035e-03
-7.342730381185328531e-03
-7.342715430104575745e-03
-7.342486718180085345e-03
-7.343649195638807942e-03
-7.343779379223446847e-03
-7.343658112905213260e-03
-7.344847849004442972e-03
-7.341586806033965039e-03
-7.979409894450737242e-03
-7.982571317311813047e-03
-7.974888678167490336e-03
-7.975162710648501033e-03
-1.458576355345256965e-03
-1.458435219589727374e-03
-1.458596103461818044e-03
-1.451321227619144444e-03
-1.451046629017729503e-03
-4.794478160385126208e-04
-4.797812852538098642e-04
-4.804650298013106858e-04
1.211605702261417568e-03
1.210989561571907238e-03
1.211169791686711851e-03
1.211340083574344046e-03
1.211204913759755591e-03
1.211108098178123637e-03
1.210988333188645592e-03
1.211145061292046151e-03
1.214042918934100067e-03
-4.889569181914244812e-03
-4.889854326883908732e-03
-4.894935943894546289e-03
-4.895260969737856224e-03
-4.895157295876049162e-03
-4.895166753393558751e-03
-4.895900946530647169e-03
-4.896042260321162819e-03
-4.896019612257896010e-03
-4.896242835854581164e-03
-4.895495962736797109e-03
-4.895699717625698333e-03
-4.891081589920845060e-03
-4.891102195641544234e-03
-6.846605674426450849e-03
-6.846592933537160204e-03
-6.846697042447748120e-03
-6.846433235889241159e-03
-6.846443565791351937e-03
-6.846442046755288335e-03
-6.846511152623521897e-03
-6.846548843363514485e-03
-6.846543468147987463e-03
-6.847939000877108218e-03
-6.848223977007737370e-03
-6.848200406714376187e-03
-6.848305944115823558e-03
-6.848138376019680812e-03
-6.848118545988673804e-03
-6.848151958994945325e-03
-6.847060255966341304e-03
4.416388663401649844e-03
4.416386245410131896e-03
4.416455066627334412e-03
4.413672124274283133e-03
4.457061693369444334e-03
4.456280752036402733e-03
4.456594572225366403e-03
3.693794864766104889e-03
3.693460319035440833e-03
3.693584102712953350e-03
3.693449536333594848e-03
3.694048791531607742e-03
3.694017297178734272e-03
3.694005410846036216e-03
3.694596294663617803e-03
3.694313002705998036e-03
3.695814531597544153e-03
3.695103008276239432e-03
3.695257151342376967e-03
3.695403273777144500e-03
9.493547034664161048e-04
9.493782624170165729e-04
9.497567315049355689e-04
9.498654377683338852e-04
9.495570366640602045e-04
9.496623583809596630e-04
9.504374240025991382e-04
-6.525440193591402864e-04
-1.249102839645959079e-03
1.603928895693674085e-03
1.603996639552769578e-03
1.604056666620736881e-03
1.391981978600001415e-03
1.392100951342007190e-03
1.392117995985577656e-03
1.392016390048040784e-03
1.061788574740781151e-03
1.064617210593630332e-03
1.054611612747915995e-03
1.542087804402694990e-03
1.540987710340382608e-03
-3.670961406381928905e-03
-3.671320583297912627e-03
-3.671271126781679595e-03
-3.671202769822310644e-03
-3.672517682991724517e-03
-3.672491768724679782e-03
-3.670459043671712562e-03
-3.670182763618995425e-03
-3.460166239491143693e-03
1.105638768259854451e-02
1.103786206369582364e-02
1.103827485077239941e-02
1.103867856849845112e-02
1.104274494177704888e-02
1.108146373502220776e-02
1.108441290205071372e-02
1.108438460836979819e-02
1.108410961709311790e-02
1.108480470252343544e-02
1.108469480785645271e-02
1.108544309244942870e-02
1.108541416813287224e-02
1.109410342986050062e-02
1.109474739615916826e-02
1.109413319451990274e-02
1.109443521650621718e-02
1.109413561366810221e-02
1.109454379272829111e-02
1.109566831766854202e-02
1.109126304575754063e-02
1.108270297636205007e-02
1.107441291625145888e-02
1.107436655354303821e-02
1.107407447762649016e-02
1.107405966989942134e-02
-4.880924890342182819e-03
-4.879960341782527654e-03
-4.879457835382886369e-03
-4.879501447392661610e-03
-4.879710718995107152e-03
-4.879282412025307512e-03
-4.879231449706217076e-03
-4.879215555881483320e-03
-4.879551288634500182e-03
-4.876988927859142453e-03
-4.877565907206038963e-03
-4.877374413218436323e-03
-4.875619843544089053e-03
-4.882227627624955747e-03
-4.880504099793620335e-03
-4.880141334422777831e-03
-4.880346837260532422e-03
-4.879158586126995656e-03
-4.879638124652805817e-03
-4.879664889737122223e-03
-4.875276392318889616e-03
-3.392094100712319572e-03
-3.392112966346961297e-03
-3.390750347539442638e-03
-4.099288435005549896e-04
-4.100051906394138303e-04
-4.098351549017355310e-04
-4.098145126017778005e-04
-4.118579982223310315e-04
-4.120273916512694982e-04
-4.117667036052049027e-04
-4.124417008932457760e-04
-4.125882091755828616e-04
-4.216911339049342041e-04
-4.217575415659437633e-04
-4.221279088014945682e-04
-4.220329658707875123e-04
-4.224851060502957199e-04
-4.105133640051901846e-04
-4.105531939751319885e-04
-4.106038852057558087e-04
-4.104166037990779380e-04
-4.101949096098976132e-04
-4.102559994568961456e-04
-4.108161516429752408e-04
-4.614088082668653954e-04
-3.245612643858891699e-03
-3.192302576465969738e-03
-3.191958932512183305e-03
-3.191104463412469151e-03
-3.191095315318160600e-03
2.498400270561361523e-03
2.497844538198281880e-03
2.486938302463126763e-03
2.486803034416515314e-03
2.486484421397270987e-03
2.479730578359584485e-03
2.479846479000813800e-03
2.479793539386153465e-03
2.478918073147142083e-03
2.479045172465570938e-03
5.846767420247122801e-03
5.848066665643778667e-03
-1.540704039012980291e-03
-1.580068261810018554e-03
-1.580031943344578638e-03
-1.580067626662125507e-03
-1.575602648908982703e-03
-1.575273475291496562e-03
-1.575473629465309064e-03
-1.575413129782517749e-03
-1.576386541685758248e-03
-1.576531027100408662e-03
-1.576081019921412403e-03
-1.576305247570790108e-03
-1.576259685563713864e-03
-1.576059472385836274e-03
-1.576195347684697943e-03
-1.577720353220388606e-03
-1.577608030844264084e-03
-1.577237982967505999e-03
-1.577415538267300504e-03
-1.577735006448185550e-03
-1.577655245377471670e-03
-1.577804650042169323e-03
2.934515257673056890e-04
2.926462773018961025e-04
3.015253370824023797e-04
3.058876543016585559e-04
3.038522570289203546e-04
3.075500968738236547e-04
5.409127880453627442e-04
5.409599987636898441e-04
5.410688839675402428e-04
5.410441786967399875e-04
5.407975555260916868e-04
3.765252125041915806e-03
3.765756418199689599e-03
3.763039701709397326e-03
3.754754244555693742e-03
3.762524277058606256e-03
3.762307080477679967e-03
3.758761191167445809e-03
3.818969145462185449e-03
3.819095337568564463e-03
3.819473941087247072e-03
3.819133911749588751e-03
3.818958335663967443e-03
3.819364085420060353e-03
3.819039637910314616e-03
3.819077757831893741e-03
3.819491640458596259e-03
3.819588199814480563e-03
3.819274352416143249e-03
2.428505738855133919e-02
2.428457271441056275e-02
2.422195031860761502e-02
2.422204336086384094e-02
6.446272619366101228e-03
6.446661957768873991e-03
6.446688366650080854e-03
6.444695533587282282e-03
1.119657396435922575e-02
1.119720280859911460e-02
1.119804422703941926e-02
1.119796385468851616e-02
1.119774034359063627e-02
1.119778062930258319e-02
1.119789438380577526e-02
1.119778890007840436e-02
1.119777521723569133e-02
1.119910958063560953e-02
1.119912319796766489e-02
1.118958862030277820e-02
9.108496916916852121e-03
9.108216460764095856e-03
9.107838173088831507e-03
9.110289338290975675e-03
9.110676070292977879e-03
9.109723434419160493e-03
9.110628235458516355e-03
9.110697262311527600e-03
9.110832547781042012e-03
9.099009536409284962e-03
9.101616510522790582e-03
9.100569492777661751e-03
8.092090268873336489e-03
6.424841197565457629e-03
3.186016920240499102e-03
3.267611880555758210e-03
3.268074577261676546e-03
3.267189242107913349e-03
3.267755396240274758e-03
3.267814453479489598e-03
3.267695390488725270e-03
3.267729192428393131e-03
3.267555380794318932e-03
3.267594942694477134e-03
3.267394315867235433e-03
-8.501460474722688856e-03
-8.501143012967248003e-03
-8.507010685888537552e-03
-5.981851118623767762e-04
-5.979544113308474631e-04
-5.980116355441599061e-04
-5.979940338829513704e-04
-6.793850208349070567e-04
-6.788316377685568986e-04
-6.757117866384267698e-04
-3.879441341532170566e-03
-3.879810160069087355e-03
-3.879825963282820204e-03
-3.879985050212668950e-03
-3.879832569823717017e-03
-3.879658427568588412e-03
-3.879840335565651506e-03
-3.880257532355593439e-03
-3.880265586353387215e-03
9.135620927102060815e-04
5.912592058500383725e-03
5.912871079524271815e-03
5.939408965710500470e-03
5.909324940260382228e-03
5.910760172320417630e-03
5.907823293259229815e-03
5.907825065246096082e-03
5.908065975079900174e-03
5.907854926504424106e-03
4.940087643013403064e-03
6.700630361322649706e-03
6.699867213561624957e-03
6.700186784408116054e-03
3.276473704616578858e-03
3.277162783833752809e-03
3.277167972284456172e-03
3.277188683383771770e-03
3.277188863941497658e-03
-2.148917051349587964e-03
-2.148895220772613791e-03
-2.148982861058300851e-03
-2.148976585744719146e-03
-2.150269621591477734e-03
-2.149859418242619849e-03
-2.149924318949763841e-03
-2.149960548088565657e-03
-2.150055285012736610e-03
-2.184555782387416056e-03
-2.184290822732983927e-03
-2.184329814579063535e-03
-2.184365233113027757e-03
-2.184357943052305136e-03
-2.071773453625350668e-03
-2.072109523371052590e-03
-2.072148364114822280e-03
-1.926897531949166905e-03
2.413409586759030564e-04
2.467013745727407665e-04
2.466631830078777252e-04
2.458292176782048144e-04
2.456814968542702727e-04
2.454152280906342918e-04
2.452103145207317706e-04
2.451353901496831260e-04
2.453196764073399972e-04
2.389660595235281034e-04
2.389356866365547857e-04
2.387670951000711551e-04
2.387375788441181332e-04
2.566348127790728825e-04
2.570303460130724123e-04
2.560568900243941938e-04
2.561829268155291976e-04
2.564584317938012792e-04
2.565399391942942402e-04
2.565693754061806452e-04
3.493399474030319234e-03
3.493393694127097399e-03
3.493238699480717344e-03
3.493544923837518541e-03
3.494324561111016199e-03
3.494469512552869552e-03
3.501023088984721744e-03
3.501171494620291744e-03
3.500438031334598358e-03
3.502525508831589966e-03
3.502498849329486238e-03
3.502624585474905725e-03
3.502364732329017304e-03
3.502319080693707190e-03
-1.267489024578602507e-03
-1.267549231682882707e-03
-1.267172046444833442e-03
-3.266541322115147916e-01
-3.266512210412512718e-01
-3.266471016434350227e-01
-3.266369238053732360e-01
-3.266233070665463534e-01
-3.266372229081552780e-01
-3.264375433005655691e-01
-3.263966258541610155e-01
-3.929394539944926559e-03
-3.930932581080904577e-03
-3.930621371408979554e-03
-3.930751531326884957e-03
-3.930739592101142356e-03
-3.940182046654676189e-03
-3.932835152283951918e-03
-1.737321109620072052e-02
-1.737048457354498782e-02
-1.737095867449907002e-02
-1.737130928867541488e-02
-1.737134805817731192e-02
-1.737090779470455010e-02
-1.737094791151501394e-02
8.215044394187078283e-03
7.948807785481805041e-03
7.948835348125819419e-03
7.952468722898148323e-03
7.954773826670643450e-03
7.953922885116496144e-03
7.953677172532534409e-03
7.954296685199573752e-03
7.954178613601517803e-03
7.956551410425640597e-03
7.956016809538859341e-03
7.948208445840558925e-03
7.948077456794459469e-03
4.641018255508453164e-03
-1.522765862208683499e-03
-1.522377365572785040e-03
-1.522219933413074917e-03
-1.522248107306288772e-03
-1.522231976021244052e-03
5.447130340758300597e-03
-5.623097102028255280e-03
-5.624439056427745463e-03
-5.583350329291194084e-03
-5.583294027577815830e-03
-5.583603998570615436e-03
-8.142962340871232399e-03
-8.138690761573566870e-03
-8.276538859752371677e-03
-8.276288933570186135e-03
-8.282380748955216199e-03
-8.282456813777165985e-03
-8.796236732238789380e-03
-8.796207460232064596e-03
-8.796322559144453476e-03
-8.796547080671296079e-03
-8.775129746674817030e-03
-8.775177321216695928e-03
-9.472059529422491644e-03
-9.473979901279242638e-03
-9.476154650965823434e-03
-9.476308477049381895e-03
-9.473976618593369509e-03
-8.875525699793045120e-03
-8.875833617890366983e-03
-8.875846751787519126e-03
-8.875906516470868923e-03
-8.875742427402778800e-03
-8.875766863900232811e-03
-8.870340927712053875e-03
-8.885489630549085055e-03
-8.885272251253134232e-03
-8.884369502906643012e-03
-8.884407014443212666e-03
-8.884425830465553578e-03
-8.882507854635145195e-03
-8.873027294785108127e-03
-4.791283331628594724e-03
-4.791624649408595879e-03
-4.791666217793455994e-03
-4.797760649816726342e-03
-4.817750115151806477e-03
-4.212238435863964806e-03
1.556237315846582120e-02
1.556254151473781752e-02
1.556289593406024255e-02
1.556613272501896662e-02
1.556564649703058925e-02
1.556622261285847859e-02
1.556728343985476666e-02
1.557299036088948159e-02
1.557211731601318427e-02
1.557204189453708677e-02
1.557367363661027460e-02
1.557363256443436254e-02
1.557313896530813403e-02
1.557312841680899215e-02
1.557325177572027597e-02
1.557381224640828205e-02
1.557340345923217441e-02
1.557506237893337489e-02
1.557482174896535412e-02
1.557460276933628728e-02
1.557431505695086420e-02
1.557157622102733549e-02
1.557195072890658026e-02
1.557264216352674188e-02
-2.100003796501642879e-03
-2.099982872060238061e-03
-2.100049777668290540e-03
-2.099911543460932818e-03
-2.101095957936924968e-03
-2.101027339484742070e-03
-6.654468350330878211e-03
-6.654379890761665146e-03
-6.653842019044020790e-03
-6.653085836754282605e-03
-6.653867411413049403e-03
-6.656462903924375597e-03
-6.656069665779128577e-03
-6.655414931987599196e-03
-6.654495283623796179e-03
-6.654536406369055551e-03
-6.655746533539732938e-03
-6.655833196481201856e-03
-6.889265638018307776e-03
-6.893177869568167804e-03
-8.932952811767947430e-04
-8.932098692760281726e-04
-8.932187428408191153e-04
-8.930836832405430548e-04
-8.931405074617823972e-04
-8.930052370801409931e-04
-8.929731883524703699e-04
-8.930200827406472447e-04
-8.929476137528609804e-04
-8.929013294730675163e-04
-8.934912667158365377e-04
-8.938162155883492242e-04
-8.887537439134155079e-04
-8.895849846954616844e-04
-8.931026471182603463e-04
-9.475447361517937454e-04
-4.970243565560670401e-03
-1.519549294640475459e-03
-1.523681874754443614e-03
-1.520464370566015607e-03
-1.520079653504402420e-03
-6.360534437416262218e-03
-6.360291394932780611e-03
-6.485187387483280601e-03
-6.485733368786017819e-03
-6.474689190369975478e-03
-6.476223713001540323e-03
-6.475421272181987320e-03
-6.475268316664607900e-03
-6.475839239854597716e-03
4.010838448156343883e-02
4.010957955270285508e-02
4.010963186746421133e-02
4.010973156734552042e-02
4.010924653728303174e-02
4.010867448150671338e-02
4.010961738154834172e-02
4.010977245239838451e-02
4.010716181876237268e-02
4.010701968684823870e-02
4.011002715398611501e-02
3.618320787475086397e-02
3.618220691615114948e-02
3.618916574401730146e-02
3.618775227083331075e-02
-6.253816734724805537e-02
-6.254120092249189355e-02
-6.254148892798618020e-02
-3.477980555450728688e-03
-3.481271710609138564e-03
4.975216783569270501e-05
-2.387450959703974005e-03
-2.386991359472868338e-03
9.632228874694420250e-04
9.626661817220509695e-04
9.626451166594999142e-04
9.626639790842559394e-04
9.626832448112464550e-04
9.625246109444393280e-04
9.625570029489335846e-04
9.633276222050575922e-04
9.634434110621332504e-04
9.616616572128145997e-04
9.617255503417080492e-04
9.626226034919793716e-04
9.626059072380652214e-04
9.632557180090747144e-04
9.617108744331369623e-04
9.629929406787018963e-04
9.649155159190663661e-04
9.648909105068269841e-04
1.655595699007974273e-03
7.946924324588996373e-05
9.599411785069639474e-05
9.600440551620351354e-05
9.577484097156245654e-05
9.577120918594283431e-05
9.522396585948696005e-05
9.579598321889830695e-05
9.515775385119671422e-05
9.511310313453099448e-05
9.671244084812935548e-05
9.655887178912972966e-05
9.653176198090551144e-05
4.000650881006478400e-03
3.997543301170513111e-03
3.997431595384347801e-03
3.998510471890360379e-03
3.998779513182553792e-03
3.998056001873932265e-03
3.998346400249389032e-03
3.998654678446204522e-03
3.998634287679631028e-03
3.999132060641171632e-03
3.998502986607870187e-03
-1.577460180688860505e-03
-1.577441729454997664e-03
-1.576577145570429205e-03
-1.576609370206122785e-03
-1.579108886390795038e-03
-1.581443464057412157e-03
-1.579906722431621748e-03
-1.579318031103947020e-03
-1.579296140229940072e-03
-1.579131884940080093e-03
-1.579266851397807900e-03
-2.088836783371915244e-03
-2.089313772124923221e-03
-2.089375533837574492e-03
-2.089313594874291080e-03
-2.096766784891140271e-03
-2.096813255535398286e-03
-2.093588625927150781e-03
-2.407760425440038776e-03
-2.408150090985335112e-03
-2.408027451846418004e-03
-2.407624071759954885e-03
-2.407651919139764535e-03
-2.409904505178730918e-03
-2.409892038488621862e-03
-2.409537203525966269e-03
-2.409592749223644827e-03
-2.410539018326991138e-03
-2.410339384953763368e-03
-2.410324950897054386e-03
-2.410330375039557160e-03
-2.410398434164301960e-03
-2.409388757532890737e-03
-2.409463729898528479e-03
-2.391095189063244860e-03
-2.292305456355989580e-03
-2.277399516860769291e-03
9.326229391598047508e-03
9.325948004494415827e-03
9.327878307651889592e-03
9.343665705796137810e-03
9.343553288264982298e-03
9.342778226476068301e-03
9.343277922943654321e-03
9.343009413383481301e-03
9.342846253255576369e-03
9.342069422181161278e-03
9.708718397535783667e-03
9.711235690235081250e-03
9.711922793440156895e-03
9.719399918904912325e-03
9.719544613881001688e-03
9.719636411787031804e-03
9.720434529980221186e-03
9.724080593597779834e-03
3.544932964674248673e-03
3.545041421844194202e-03
3.546676622259815632e-03
3.546613898789487389e-03
3.546709019057750923e-03
3.547055487324719553e-03
-1.491611048401292306e-04
-1.516513624826759709e-04
-1.516162468105569704e-04
-1.507228463659026534e-04
-1.515867750421160114e-04
-2.974997271294690330e-03
-1.576168558120777862e-03
-1.576263798871265854e-03
-1.576289044630665081e-03
-1.576391335163567159e-03
-1.575606475311501324e-03
-1.569763163469089888e-03
-1.569925927879328937e-03
-1.571102360683701658e-03
-1.570387673985627203e-03
-1.578261335648923876e-03
-1.577884823507587743e-03
-1.577159050475017464e-03
-1.577105411872408228e-03
-1.002882187817879817e-03
-1.002267584756073686e-03
-1.002040440524110945e-03
-1.002039956459543869e-03
-6.657767150451900269e-03
-6.657653189769133055e-03
-6.658188933003265572e-03
-5.892153616707701200e-03
-5.891616770842597779e-03
-5.890745666722227089e-03
-5.919970772599040393e-03
-5.918864147655071573e-03
-6.043450498341180512e-03
-6.044373939124376809e-03
-6.043971897738807317e-03
-6.043651078016406414e-03
-6.044767130160583202e-03
-6.084453228348969157e-03
-6.055952888744569988e-03
-6.055493297154669260e-03
-6.057536691960328963e-03
-6.052489420296736089e-03
-6.052145937924858533e-03
-6.051936176183878198e-03
-6.051994965959538696e-03
-6.051776881992554542e-03
-6.051960022114338464e-03
-6.052127728326152888e-03
-6.052802780836724628e-03
-6.053220102663420948e-03
-6.119544899060771342e-03
-6.119652816669584987e-03
1.744715223221818268e-02
1.744851152569100450e-02
1.744808142835549761e-02
1.745032703172080119e-02
1.744121469056056709e-02
1.744112099797488422e-02
7.955102950307782472e-03
7.955830795183100462e-03
7.892628683462993289e-03
7.892457419458567131e-03
7.892364730023910049e-03
7.891570458402503985e-03
9.188317868379109604e-03
9.188415139092446018e-03
9.188546239708057783e-03
9.189022951031421832e-03
9.191194403508433017e-03
9.190680538056651000e-03
9.191008577060601203e-03
9.190888420673204093e-03
9.190838229490289404e-03
9.188390609296617773e-03
9.187417062435736942e-03
9.187574593092872124e-03
9.187635035004958553e-03
9.189972973543262744e-03
9.178057290577133417e-03
9.237557251755953297e-03
9.238030882923051884e-03
-3.367979335726991349e-04
-3.370038592609247811e-04
-3.015822661350834807e-04
-3.106035740429490336e-04
-3.245945433739506414e-04
-3.244429967409103300e-04
-3.235989047854099252e-04
-3.352396285191824800e-04
-3.350964716350222743e-04
-3.321855591426833040e-04
-3.334648686059829342e-04
-3.334910716322451074e-04
-3.335620195794316927e-04
-3.335456418420277474e-04
-3.335201991169058707e-04
-3.335838335957651496e-04
-3.335462867250311362e-04
-3.335530353524129962e-04
-3.336383553134697607e-04
-3.336153462898976867e-04
-3.335304735993717558e-04
-3.336056994942862802e-04
5.128514773640749369e-03
5.130653007321623986e-03
5.194030594039624436e-03
5.185674170536521028e-03
7.195939659531369560e-04
7.075508500809781984e-04
7.069954032534094815e-04
7.088178464562135388e-04
6.818194230726636659e-04
6.728611883493511650e-04
6.729299784178749931e-04
6.728807390338085916e-04
6.729489038023088541e-04
6.729946547540586977e-04
6.855654350274505452e-04
6.851606288800418795e-04
6.857781333611848943e-04
6.853233420879209763e-04
6.850346457756676961e-04
6.849230121552371455e-04
6.849027655326570506e-04
7.177376590698847977e-04
7.186442264649119810e-04
7.187382635512918087e-04
-1.072723382612984192e-04
-1.057598778217484656e-04
-2.047894538509633343e-03
-2.048898389169525984e-03
-2.048891040302652008e-03
-2.048996348808265668e-03
-2.049033917204848548e-03
-2.049329047469069381e-03
-2.049198134832907765e-03
-4.348334047544378405e-04
-4.354574725742159130e-04
-2.723929428481348968e-04
-2.723157902952208368e-04
-2.723453190367321002e-04
-2.723920179914102722e-04
-2.722981203805118476e-04
-2.723166847086319555e-04
-2.723972886412969136e-04
-2.728864668068231385e-04
-2.724678658507249181e-04
-2.726128217011822871e-04
-2.725120220660127361e-04
-2.724495100454097903e-04
-2.724358517527360668e-04
-2.725481065615013290e-04
-2.716419156016299788e-04
-2.716579577295285684e-04
-2.716910996679215511e-04
-2.715511367103070586e-04
-2.715104955782965336e-04
-2.715051271495520194e-04
-2.714668496435435562e-04
-2.714963118110597508e-04
-3.913943243873680279e-05
-3.467333207647609056e-05
-3.728569975497558888e-05
-3.779297439356525077e-05
-3.840288824395192462e-05
-4.118169435565651311e-05
-4.116773961415255028e-05
-4.179387610129578327e-05
-2.081285594769805556e-04
-1.526443442534433084e-03
-1.526472872482703778e-03
-1.526338328014639886e-03
-1.526579036094583182e-03
-1.526700886722999473e-03
-1.526713338434386707e-03
-1.525726828380824691e-03
-1.525988297769121250e-03
-1.563221882734257707e-03
-1.558062009798457433e-03
-1.561061915744135558e-03
-1.560955869145577496e-03
-1.560912847728349560e-03
-1.561276893901255864e-03
-1.561097806345216081e-03
1.092729470105970914e-02
1.093037546773805921e-02
1.093244002652352977e-02
1.092978421112697149e-02
-7.440709967816637807e-03
-6.897921516210278950e-03
-6.896145651322178709e-03
-6.896675554842309798e-03
-6.892402963980057834e-03
-6.891950314301210911e-03
1.623930571425907885e-03
1.623777798793591895e-03
1.616916046769266771e-03
1.616990256376160976e-03
1.616850380854402891e-03
1.616803171912171988e-03
1.617018706654501856e-03
1.617547882350666268e-03
1.617814870243701074e-03
1.617799286197115329e-03
1.617871396475030000e-03
1.617839618454267438e-03
1.617876211752828676e-03
1.618095866363788169e-03
-7.175296915640866574e-04
3.311014004589909326e-02
3.310977959845525648e-02
3.311083323155548930e-02
3.311090939347960393e-02
3.311025463548143699e-02
3.311041771453990257e-02
3.311001473284626295e-02
3.311022863625372875e-02
3.310958428075432697e-02
3.310950674972155255e-02
-2.199031155247791608e-02
-2.166047690685235505e-02
-2.165884244912090820e-02
-6.663796733653358593e-04
-6.659457374751457650e-04
-6.661467205054743494e-04
-6.664827276912768444e-04
-6.583296425352098578e-04
-6.694098457495948565e-04
-1.986148329528358673e-03
-2.263747561827372475e-04
-2.275039830906456129e-04
-2.282110338887378997e-04
-2.283695659686416307e-04
-2.281438377186734969e-04
2.855750671778736587e-03
8.208337031080500598e-03
8.208345488967717582e-03
8.206443166626999422e-03
8.206485960394466553e-03
8.207780757781888911e-03
8.208498582232394078e-03
8.207802160973854191e-03
8.207711506276027524e-03
8.207718608244665703e-03
8.207899135260448079e-03
-3.851860560699608624e-03
-3.851736908639811531e-03
-3.851797067128869857e-03
-3.850888038675389074e-03
-3.906683579426672645e-03
-3.906797195825611850e-03
1.684995762177527367e-03
1.685013918962129011e-03
1.684941187095282322e-03
1.685047943599261074e-03
1.684947115054803799e-03
1.685228205282565672e-03
1.684674352302071567e-03
1.684670723583606318e-03
1.676836308363712945e-03
1.677090652663243333e-03
1.676968954820694116e-03
1.681394222911592731e-03
2.399037419412232940e-03
2.395423098352298785e-03
2.396562105009956978e-03
2.396937140702538188e-03
4.363021403023721947e-03
3.432943711614393646e-03
3.429539656562488950e-03
3.429770841728697114e-03
3.429852012294106432e-03
3.431021945234227072e-03
3.430802516914997508e-03
3.431056470183304220e-03
3.430965219555006350e-03
3.429128809759463079e-03
3.426989931923584819e-03
3.427554551295188944e-03
3.427663503130587604e-03
3.426839824226696977e-03
3.427037086631630220e-03
3.427279297757217843e-03
3.427171163024934821e-03
3.426961899448036086e-03
3.426859088677501955e-03
3.426887902930123454e-03
3.426318565538711159e-03
3.426315872689350128e-03
3.426312224899010373e-03
3.426200825701804144e-03
3.426115554293209398e-03
3.426222829595892017e-03
3.426251885156274615e-03
3.426242855488346745e-03
3.428135731067026917e-03
3.426618742610631606e-03
3.426463636354112885e-03
3.426605888813268313e-03
3.426367873781176795e-03
3.426402435252312757e-03
3.426527099209433595e-03
3.426125514988075538e-03
3.426146760550731474e-03
3.426613599471039443e-03
3.426378038507384670e-03
-9.167217847016415630e-04
-9.168796877279062002e-04
-9.189297229083823225e-04
-1.578357244264954251e-03
-1.584594903151673824e-03
-1.584447977798383823e-03
-1.600571729902201248e-03
-1.600579824243114494e-03
-1.599328548856214505e-03
-5.744498543305694496e-03
-5.745122739589340367e-03
-5.745284230584089824e-03
-5.744070875359501456e-03
-5.744059128803444617e-03
-5.743539872313740101e-03
-5.743709220579335667e-03
-5.743837407616384123e-03
-1.648665541424900035e-03
4.106281735170200578e-03
4.106183712206908261e-03
4.106125051122781755e-03
4.106275323816252834e-03
4.112036106677096313e-03
4.160229944864780698e-03
4.152691391535225270e-03
4.152557898977774463e-03
4.152220813447327595e-03
4.147498513298820445e-03
4.118418778607330077e-03
1.718531786918617646e-03
1.718395280838082555e-03
1.722753709463688363e-03
1.721307710580304278e-03
1.721053753422334669e-03
2.897415623731406775e-03
2.897230235959641787e-03
2.897297011930435005e-03
4.050593989798664915e-05
3.998161961527288340e-05
-2.356350669697625157e-04
-2.356792662425695266e-04
-2.354985265001882015e-04
-2.340136545274999183e-04
-2.343658916045480826e-04
-2.351627698280405571e-04
-2.351115285862273119e-04
-2.350973649878533383e-04
-2.350707721021459283e-04
-2.350379136007896177e-04
-2.354857659293181377e-04
-2.349438803792094650e-04
-2.345906510359000103e-04
-2.334165685157344242e-04
-2.353185862465528074e-04
-2.365212357630442404e-04
-2.364235832188413950e-04
-2.365577155642154439e-04
-2.398872850693850513e-04
-2.327977919509246531e-04
-2.343837271804955695e-04
-2.348140448530311659e-04
-3.568654577223136920e-02
-6.992890625125191065e-03
-7.931254105416327138e-03
-7.927919315197410124e-03
2.620400907652321084e-03
4.129316601294719807e-03
4.129160610325050690e-03
4.129205468106625018e-03
-1.579396002510740152e-02
1.795290713026878810e-03
1.795155533681635877e-03
1.795410689442397158e-03
1.795417192009629657e-03
1.795347775627744412e-03
1.795348627302352203e-03
4.236286182784935322e-03
4.236189010249795384e-03
3.496448301425831000e-03
3.495787229603613232e-03
3.495936499836795920e-03
-2.181766924455342486e-03
-2.181712515931460029e-03
-2.182433276538783308e-03
-2.182675656179608719e-03
-2.182233496251657825e-03
-2.216943300031203740e-03
-2.217064318043210618e-03
-2.202127885579056605e-03
-2.075519551988223420e-03
-1.967650920773964928e-03
-1.968055250432318784e-03
-1.967621839230642572e-03
-1.967403288505974700e-03
-1.940317366578835859e-03
-1.948524898494348456e-03
-1.943356135507422807e-03
-2.273987426859674661e-03
-2.274005653633044775e-03
-2.274027982565839968e-03
-2.274030516590778636e-03
-2.273940260666865165e-03
-2.273867403534541882e-03
-2.273882152054196564e-03
-2.273942992599327535e-03
-2.273862585135352256e-03
-2.273764179183992897e-03
-2.274142776756683110e-03
-2.274313171702386713e-03
-2.274505011076834345e-03
-2.275228967381329355e-03
-2.275362090139577183e-03
-2.273425428297683702e-03
-2.276018854650117915e-03
-2.276114085165547880e-03
-2.275841155122306295e-03
-2.275736810555973894e-03
-2.276368381821445522e-03
-2.276469721673105105e-03
-2.276846383941862582e-03
7.513317186847316741e-04
7.506271546799531125e-04
7.888047331987208585e-04
7.886949862193758532e-04
7.890376940427546110e-04
7.887945788081736961e-04
7.887211477358044244e-04
7.882800112940286817e-04
7.884481426332720254e-04
7.879447370387640624e-04
7.878599018947177830e-04
-1.378125503860691732e-04
-1.382425161581963256e-04
-1.381541342553542625e-04
-1.380516953930517187e-04
-1.575080089076256378e-04
-1.416112946078858128e-04
-1.468076757759494057e-04
-1.448281730550993608e-04
-2.744987495401613560e-04
-3.309417295459430404e-04
-3.310402335375866776e-04
-3.312723152962828116e-04
-3.311891518045322318e-04
-3.311989213195273385e-04
-3.313265101947248520e-04
-3.315961965509877534e-04
-3.318590493435010142e-04
-3.313688821945324483e-04
-3.312425097334162133e-04
-3.311735494898490574e-04
-3.313983769061165608e-04
-3.313913112970466785e-04
-3.284468451532216913e-04
-3.284336878561961467e-04
-3.283718096270399887e-04
-3.281948366219063240e-04
-3.281930116998305101e-04
-3.280864847773908672e-04
-3.283225769344559164e-04
-3.283484369108660011e-04
-3.287044461592578972e-04
-3.285433607214877701e-04
-3.285310399771682391e-04
-3.285282091153172621e-04
-3.285398847443616829e-04
-3.284388152820505989e-04
-3.284207329871075909e-04
-3.278458400093877886e-04
-3.280070617775755737e-04
-3.283543133340716277e-04
-3.280970326907509441e-04
-3.281943298826649354e-04
-1.786870320775602993e-04
-1.450543574617243212e-04
-2.228553527371770798e-04
-2.489421187341256023e-04
-4.426272343124202854e-03
-4.426142660585710362e-03
-4.424417381071796447e-03
-4.424378415538497353e-03
-4.439445235610999657e-03
-4.439863497144119764e-03
-4.439680696427828269e-03
-4.440248232927779433e-03
-4.439650913548735638e-03
5.439751576135599346e-04
5.462286937961210878e-04
5.444241056059742189e-04
5.453411562481472012e-04
3.635261910174642451e-04
3.631553849149575346e-04
3.633402515124739616e-04
2.614960164058782342e-04
2.621679828951205445e-04
2.621920146579332462e-04
2.620341106251526122e-04
2.620753912942858869e-04
2.600669603866616764e-04
2.600071800690949221e-04
1.700884408484572936e-03
1.700831553704883247e-03
1.701043842912259912e-03
1.700608885293030878e-03
1.701724573019520667e-03
1.704453479917124358e-03
2.828773853957501638e-03
2.828842732771460946e-03
2.828994574430892216e-03
2.828480421865063252e-03
2.828521871379365872e-03
2.828581417570131835e-03
2.828538180680302550e-03
2.828524803506309894e-03
2.828556715794309107e-03
2.828899655024333555e-03
2.827609168418843133e-03
2.827955597699306333e-03
2.827840684481218968e-03
2.854368834973748485e-03
2.853277978793183640e-03
2.852795676067504047e-03
2.852818284770671474e-03
2.772926824904015097e-03
2.773180207076356152e-03
2.770906779186513551e-03
2.773740053719428444e-03
2.773735153319709622e-03
2.757658500480509103e-03
2.760699459392703704e-03
2.817824403836995985e-03
2.820468858676491910e-03
2.823298430563155135e-03
2.819688617673346814e-03
2.820070145932622365e-03
2.819721621225364412e-03
2.821568193067637825e-03
2.818404573803422360e-03
2.818913322275977754e-03
2.807667582154666722e-03
2.807529810534999375e-03
2.807586282222621944e-03
2.808659714484312668e-03
2.811721481466429758e-03
2.811706348661179543e-03
2.811759145007126145e-03
2.811762397366476297e-03
2.811761680056013967e-03
2.811777377630646484e-03
2.811752049768513791e-03
2.811745802211042429e-03
2.811744295917714947e-03
2.811878568150671335e-03
2.811545238921960704e-03
2.811745099197732536e-03
2.797670697282938351e-03
2.814492757152807934e-03
2.814733225394324551e-03
2.815083658259686251e-03
2.815553670476713798e-03
2.807431066316373389e-03
2.807511166565199948e-03
2.805661384485526409e-03
2.806853607162460278e-03
2.803040926989905542e-03
3.645765743550400968e-03
3.644560851585958248e-03
3.653808845509043998e-03
3.653874676704612148e-03
3.654036373271309524e-03
3.653713515273813040e-03
3.651857919037764400e-03
4.679597846389760220e-04
4.679666974636512307e-04
4.680899097899829170e-04
4.679173104562216971e-04
4.681518007045272424e-04
4.673661143112776582e-04
4.492428966315220465e-04
1.124125604889675148e-03
1.125351375088962406e-03
2.185827309854474539e-03
2.185746487867952330e-03
2.185807355749358038e-03
2.185808593116643928e-03
2.188501331744167975e-03
2.184509952944003498e-03
2.186743179012656368e-03
2.186750902190021367e-03
2.187076679699764391e-03
2.187244225837661152e-03
2.288924591675204831e-03
2.289282261439559794e-03
2.288761891154578350e-03
2.288848974509369479e-03
2.289039217312375651e-03
2.288700509233979920e-03
2.288662793419542207e-03
2.286680799890959594e-03
2.284568880937989498e-03
2.284538468135973582e-03
2.284571031651006466e-03
2.284599655992106994e-03
2.284607251665130706e-03
2.284557959673748015e-03
2.284616362342675126e-03
-5.404551338609751843e-03
-5.405087267262078179e-03
-5.405084166144779462e-03
-5.405188910779042469e-03
-5.404325210987964700e-03
-5.404287379237782477e-03
-5.404743775304025888e-03
-5.404403210897099595e-03
-5.404033478346263568e-03
-5.405128283841488870e-03
-5.404962392165838132e-03
-5.405109574662736623e-03
-5.410187654049262128e-03
-5.402237979371905460e-03
-3.040040842958854125e-03
-3.039802851034301059e-03
-3.048062798674317040e-03
-3.048043983722830037e-03
-3.047783889941842531e-03
-3.055024624875991163e-03
-3.375959409919659406e-03
-3.375972867458513094e-03
-3.376065315345787386e-03
-3.376348296102231212e-03
-3.376033307931842857e-03
-3.456172812061309232e-03
-1.534472462252522333e-03
-1.523568973294185148e-03
-1.521392582316153730e-03
-1.520930440919391474e-03
-1.526146686586635779e-03
-1.525215437183850874e-03
-1.526727213311045769e-03
-3.011319608003918628e-03
-3.011418235553088400e-03
-3.011186191582958162e-03
-3.035701549409257696e-03
-3.034625200967030773e-03
4.113020010038888341e-03
-5.818732313086991299e-03
-5.269596239793703646e-03
-5.269760590796172470e-03
-5.269773298869876062e-03
-5.269924212135657614e-03
-5.269824149954384189e-03
-5.269839119395763362e-03
-5.269771634789553738e-03
-5.269747979357620148e-03
-3.775980727474102946e-04
-3.774022002583403358e-04
-3.773362239983477908e-04
-3.777489149802404616e-04
-3.777071103769838326e-04
-3.781774267772329058e-04
-3.780210237716709700e-04
-3.780191834491933908e-04
-3.783044517600349680e-04
-3.778849647447425782e-04
-3.780805235233600107e-04
-3.778543630201792970e-04
-3.779167102584840847e-04
-3.779318546522023861e-04
-3.780082507047702474e-04
-3.780101428879385902e-04
-3.780238744788455736e-04
-3.779724626329160450e-04
-3.743732510559218758e-04
3.385354237148130267e-03
3.385452174412901388e-03
3.385388641451515194e-03
3.385313772623803081e-03
3.374772164792053542e-03
3.374709549976945104e-03
3.374506752979527895e-03
3.374361127821826675e-03
3.415186290025826448e-03
3.414603407907610029e-03
3.414582802625355708e-03
3.414657490148110663e-03
3.415133023971686065e-03
3.372219863422055292e-03
3.371810221453391040e-03
3.367884210893957488e-03
3.367731723372334798e-03
3.367751437344545119e-03
3.374378265515047375e-03
3.373074640582947575e-03
3.374317864593752870e-03
3.373539917348876600e-03
3.398387315886625994e-03
3.398631304717419314e-03
3.398578404481798505e-03
3.398699441365582354e-03
3.398490389994826468e-03
3.398485898568721301e-03
3.398598458903774860e-03
3.398631446357603270e-03
3.398740396114718204e-03
3.398579274991255558e-03
3.398884170800725146e-03
3.398559628260871927e-03
3.398576939791491964e-03
3.398677061938945847e-03
3.398684809678342508e-03
3.398760929917663074e-03
3.385682612297934244e-03
4.911563972506214314e-03
4.911712292886732598e-03
4.912247007815335846e-03
4.912107353351175335e-03
4.911866579942038812e-03
4.911817468238348014e-03
4.913108761340655682e-03
1.031246061433920653e-03
1.031356752324792290e-03
1.031409605950355923e-03
1.031350576869715296e-03
1.031372547345863529e-03
1.031195009007372697e-03
1.031355687298843131e-03
1.031363748212924761e-03
1.031344899346459511e-03
1.031409640588445628e-03
1.031511975028014203e-03
1.025829607800966695e-03
1.028038881567537284e-03
3.988195038202202621e-03
3.987125929139211100e-03
3.958575418280466454e-03
4.006396424643062643e-03
4.005411882163980274e-03
4.005497006490259075e-03
4.005621608226238479e-03
4.005353073642962079e-03
4.005331492932486491e-03
4.052984860800416117e-03
4.052648588116323711e-03
4.052622259990090736e-03
4.052442417406836375e-03
4.052279787545857298e-03
4.052357063657761709e-03
4.051735302684833680e-03
4.051317478539183566e-03
3.642903832814811758e-03
3.642398980735661769e-03
3.642710000744716313e-03
3.642720746412365842e-03
3.642515473471831002e-03
3.636725079937904326e-03
1.531974141257269302e-03
1.531905983488901718e-03
1.514048667711311849e-03
1.514055074381277658e-03
1.514397122070298973e-03
1.662245458471134883e-03
3.871415997403068136e-04
3.871098736222160284e-04
-9.089852206670373351e-04
-9.062484908800102655e-04
-9.060239074541739197e-04
-9.058199243375326037e-04
-8.862840941461726154e-04
-1.316542635369130111e-03
-1.525710941217782446e-02
-2.066234984107603260e-04
-2.060433781212541620e-04
-2.071352593818772791e-04
-2.067426534754177871e-04
-2.061652950885042390e-04
3.690452494614745310e-02
3.690576425867588689e-02
3.705749909540695386e-02
3.705966293401467826e-02
3.705927558155123341e-02
3.706043835404687625e-02
3.706128861246896916e-02
-1.774736920554171639e-04
-1.775240441489676067e-04
-1.774408749847673208e-04
-1.776722819216851096e-04
-1.774510315745105493e-04
-1.848801801561960917e-04
-1.848702498060031234e-04
-1.848998450530175313e-04
-1.846775123566379178e-04
2.871454707836283791e-03
2.871524545070694174e-03
2.870999961442007552e-03
2.871545082723498277e-03
6.934118994353947671e-03
6.926611413120342675e-03
-3.620080197122680071e-03
-3.610855480907891255e-03
-3.627206350982356466e-03
-3.621529256028497516e-03
-5.739634907631399044e-04
-5.739758059955827815e-04
-5.767031267748900895e-04
-5.744595906078249449e-04
-5.763968820192504582e-04
-5.763713855018714203e-04
-5.760168883718048798e-04
-5.758865070141388522e-04
-5.762009878345627579e-04
-5.741633180227711337e-04
-5.748166710030580421e-04
-5.723530252134715560e-04
-5.723139211400464759e-04
-5.723500663296867590e-04
-4.824882102756377690e-04
-4.830984665098501745e-04
-4.819703969663341209e-04
-4.947079187872735224e-04
-4.946141454955051749e-04
-4.950342383135408753e-04
-4.839659791055282538e-04
-4.839535201287526421e-04
-4.833989719775695659e-04
-4.831439829886506609e-04
-4.831244065948236510e-04
-4.831109569094005959e-04
-4.831645305634055579e-04
-4.832056816267832344e-04
-4.839673601721463086e-04
-4.838012150287686742e-04
-4.836961217274617542e-04
-4.832098668432070385e-04
-4.866664230775854627e-04
-4.847096685799772396e-04
-4.852506369733043472e-04
-4.882433639551348229e-04
-4.882909270953007591e-04
-4.885308918120055775e-04
