5.789437289630276935e-03
5.789206475946384600e-03
5.788996126361706067e-03
5.789254550460422657e-03
5.759054559267649115e-03
5.761316094811732083e-03
5.770942157043230242e-03
5.770616934972844052e-03
5.770474986107162335e-03
5.770446425828627823e-03
5.770833390873190971e-03
5.770933626088171550e-03
4.081386618667131629e-03
4.076873068911885702e-03
4.076700409762251849e-03
4.077443162329288939e-03
4.077395442742371562e-03
4.077360231707193722e-03
4.143356313644936360e-03
4.142202849789975577e-03
4.199217134949157632e-03
4.165504375257446205e-03
4.165815585833126597e-03
4.163313798019391103e-03
4.163564585838766194e-03
4.242379204533396411e-03
4.240113937783136951e-03
4.253031146953893497e-03
4.210734749882352225e-03
4.210727992571756603e-03
4.193097136773277396e-03
-1.875859938668790125e-02
-1.906466012723042475e-02
-1.906346981706318403e-02
-1.906446623056767473e-02
-1.906448011042837648e-02
-1.906314751653265249e-02
-1.649696434841793277e-02
-1.650593697201880455e-02
-1.650138372293938685e-02
-1.651933398747431822e-02
-1.647310186907388965e-02
1.076887625161839944e-03
1.076640324068798291e-03
1.076548931902301725e-03
1.076449703171932512e-03
1.076456889474513082e-03
1.076422169747478933e-03
1.076335418463653364e-03
1.076365262437503504e-03
1.076465330298153602e-03
1.076491600007051372e-03
1.076476750494641081e-03
1.077206623474929277e-03
1.077765693810047018e-03
1.078203185067544423e-03
1.078061114506601633e-03
1.842172961360641695e-02
1.841983570146981525e-02
1.841864554317573441e-02
1.841409425840546260e-02
1.841720811439808564e-02
1.841725311264658105e-02
1.841567398712376860e-02
1.841646136352560748e-02
1.841648797460508635e-02
1.841639540660547358e-02
1.841645035641998121e-02
1.841637057877977199e-02
1.841852644668380903e-02
1.841862091088544706e-02
1.841834622065043059e-02
1.841832209515476340e-02
1.841833856969306987e-02
1.841849510697441197e-02
1.841587241607418532e-02
1.841562719509209564e-02
1.841279734884274794e-02
1.841252092492100256e-02
1.841357267635983924e-02
1.821912152991468983e-02
1.821903497108339626e-02
1.821897929090439405e-02
1.821887197026801630e-02
1.432991036223464111e-02
1.432977357283632749e-02
1.432967881533449284e-02
1.432968239032830077e-02
1.433649407446640177e-02
1.433149433185801173e-02
1.433569589831154047e-02
1.432860077184511943e-02
1.433048714072826003e-02
5.472813186788965355e-03
5.472313630464598413e-03
5.472245516029204324e-03
5.472309782068932038e-03
5.472153429975917284e-03
5.472079308410980267e-03
5.472008843172428139e-03
5.471987872702660342e-03
5.472031252808301667e-03
5.471904244237644523e-03
5.471977809225891422e-03
5.471676610312341434e-03
5.472942036871584516e-03
5.472969815951245209e-03
5.473180861011260785e-03
5.473163637950980744e-03
5.474399064738694025e-03
5.475313486828915603e-03
5.474960628554573910e-03
5.473942492127204310e-03
5.473994693553254146e-03
5.473345529174044981e-03
5.473668317117511180e-03
5.473992565050184167e-03
5.473453971673375093e-03
5.475549497006984741e-03
9.590359042541758000e-03
9.590316519071582363e-03
9.590301309247109551e-03
9.588268344127631390e-03
9.587901642365051144e-03
9.588062260840562318e-03
9.587913475852305467e-03
9.587981420456005710e-03
9.588019648372466536e-03
9.587957868169169617e-03
9.588037625723836235e-03
9.588016106876387501e-03
9.588063745161674520e-03
9.585658204805216562e-03
1.047015511352952788e-02
1.046776588966574426e-02
1.047851054077853471e-02
1.047848618241899524e-02
1.047854911688193662e-02
1.047836681462172188e-02
1.047450688810559402e-02
1.047631771738934299e-02
1.047797284589503490e-02
1.047781815639419953e-02
1.047774019123724407e-02
1.047782084035051194e-02
1.047775437806557422e-02
1.047775167217207190e-02
1.047737015392404512e-02
1.047746145329822923e-02
1.047701865011418931e-02
1.047635378005447142e-02
1.047680625150120871e-02
1.047370462166710876e-02
1.048854287421904091e-02
1.048828083129521235e-02
1.048743275953045034e-02
1.048746065222914969e-02
1.048750638022903289e-02
1.048752378856838280e-02
4.082297327592127392e-03
4.082279470752837175e-03
4.085556775833562929e-03
4.068919799896924573e-03
4.076269780738779602e-03
9.557421020571874037e-03
9.557447521641237315e-03
9.557534769270461042e-03
9.556890889661363853e-03
9.557481733237635155e-03
9.557431818416317268e-03
9.556803386628370811e-03
9.717193399665358805e-03
9.830641886325094253e-03
9.819926446007484072e-03
9.810866975167364945e-03
9.811351381724777929e-03
9.891594159803182920e-03
9.894602524494673992e-03
9.896114950048570322e-03
9.898512386068904212e-03
9.894085332151034487e-03
9.894282460499167348e-03
9.893798133234878514e-03
9.891888986879726967e-03
9.892973814773513633e-03
9.892506503045777472e-03
9.890932509325101041e-03
9.889496414858674547e-03
9.890316533591601150e-03
9.889088767362859758e-03
9.888201558585352560e-03
9.888098720855749771e-03
9.888106893540919012e-03
9.888255553732582664e-03
9.888083622837074219e-03
9.888480859149194335e-03
9.888504188801810341e-03
9.671111317086381054e-03
9.672556781890745414e-03
9.672554980477473391e-03
9.671139698546474608e-03
9.671456963181754990e-03
9.671475113484748198e-03
9.671503002260724291e-03
9.671415572548332576e-03
9.671037043015744128e-03
9.670865370634211533e-03
9.671208922073428610e-03
9.774717743112093168e-03
9.775051798169117484e-03
9.957475984303468947e-03
9.957082349004088562e-03
9.957062176790555316e-03
9.955020937259417835e-03
9.955186098058265917e-03
9.955237171542969526e-03
9.950876111345192607e-03
9.951902158978922358e-03
9.951654001031816008e-03
9.949993642385440706e-03
9.965982142659772849e-03
9.965965463918655468e-03
9.965714807501392658e-03
9.968296506788546646e-03
9.970537572381405964e-03
9.922706738509114860e-03
9.918871697696948070e-03
9.919329927194350111e-03
9.919254317780680855e-03
9.920206114352911678e-03
9.920493776845505304e-03
9.919778236212201464e-03
9.919658851343183051e-03
9.919683894782781175e-03
9.887073218036317862e-03
9.888374819657382020e-03
8.560744127854711533e-03
8.562360120900261787e-03
8.563002547948910317e-03
8.562721183491885449e-03
8.562926218243914478e-03
8.562563096867982851e-03
8.557753823067127882e-03
8.557785057918838173e-03
8.558168777801309149e-03
8.557954632083605503e-03
1.048532223153867370e-02
1.052712109343244794e-02
1.052719191248950407e-02
1.052866450632035378e-02
9.411257511109211507e-03
9.411238557868665047e-03
9.411219195936343720e-03
9.411102031105648622e-03
9.411091312107692022e-03
9.411366276000076095e-03
9.411354395840050222e-03
9.411243993074150382e-03
9.411327625188719084e-03
9.411262288190331074e-03
9.410469425661580067e-03
9.411317411689637882e-03
9.411161411714920322e-03
9.413828695499178167e-03
9.412218003925311438e-03
9.412431199691423736e-03
9.412245177006135083e-03
9.412277738187898105e-03
9.412227293141978146e-03
9.411004449923357842e-03
9.411636660027642917e-03
9.412100248758921081e-03
9.411092621557122853e-03
9.411153381298156470e-03
9.411578089545772144e-03
9.411929038806650036e-03
9.410822170167348205e-03
9.410840416629095984e-03
9.410832222218883103e-03
9.410831935285132038e-03
9.410830269730748390e-03
9.410965855019791382e-03
9.410938410870206550e-03
9.410914808198682716e-03
9.410367861880182885e-03
9.411292085832417484e-03
9.411239650262330156e-03
9.411198962009932611e-03
9.410893001825081788e-03
9.410691885119726319e-03
9.410193124184713584e-03
9.410065602552373024e-03
9.409993074061364857e-03
9.381951791639222410e-03
9.382009933887424172e-03
1.618042022890963175e-02
1.618145735269060914e-02
1.618113764874264462e-02
1.618116201302719284e-02
1.618101637197242107e-02
1.618111301035802738e-02
1.618146660883675730e-02
1.618138320798906751e-02
1.618140610863638348e-02
1.618080091668587517e-02
1.618084066654395733e-02
1.618077784810657144e-02
1.618083211179408357e-02
1.943444203849908902e-02
1.943685032721549286e-02
1.385605414861887895e-02
1.385635281198411423e-02
1.385574021203064138e-02
1.371958262949108873e-02
1.103328653074976511e-02
1.103422558533814768e-02
1.103324570090161334e-02
1.107114609921824172e-02
1.107400180598885724e-02
1.107378052911963187e-02
1.107276866137450050e-02
1.107261241208592172e-02
1.107240124586613729e-02
1.107247590393384273e-02
1.107247642646880421e-02
1.107373977632739558e-02
1.107392761630367206e-02
6.812841224751797937e-03
6.812419483798848319e-03
6.822446339957073148e-03
6.821853716727150838e-03
6.822466138032792782e-03
6.821035826750707423e-03
6.821105481573751413e-03
6.821387030145316735e-03
6.821139051026263445e-03
6.821339224791657559e-03
6.796857957541741976e-03
6.796772611086879419e-03
3.334020354156870102e-03
3.335764834925021658e-03
3.337182743397586714e-03
3.336706877412218882e-03
3.336698662751253104e-03
3.336362691614027168e-03
8.853310668548143580e-03
8.852766117810917032e-03
8.852739763701003572e-03
8.843002931634404151e-03
8.843550652981374202e-03
8.843717009055188094e-03
8.841520005987242234e-03
8.854938946382659437e-03
8.851642868416460114e-03
8.851347258769419815e-03
8.850519693209385128e-03
1.053301243316736614e-02
1.053252878237327488e-02
1.053249040227686312e-02
1.053243963091117334e-02
1.053297756946749812e-02
1.053298380066116507e-02
1.053280800704973694e-02
1.053273384507667429e-02
1.053218677249967775e-02
1.052963313089311410e-02
1.127874142052075722e-02
1.125505797012110558e-02
1.006215897988455184e-02
9.994013936528472336e-03
1.044338394622430256e-02
4.892465140544040303e-03
4.890308312495286053e-03
4.881011472210461041e-03
4.878464339082498949e-03
4.878845539782460626e-03
4.881827333966288693e-03
4.882022259182817320e-03
4.881983610579577679e-03
4.905506030118768172e-03
6.198780826913013846e-03
6.198863843429064206e-03
6.198721082960084033e-03
6.198833538066112446e-03
6.198778053917343087e-03
6.199196086694517584e-03
6.199136713769154948e-03
6.198738885686581011e-03
6.197840394643429514e-03
6.198214449160486215e-03
6.198388292060207604e-03
6.198006594215049389e-03
6.198307360895204468e-03
6.198030007579045236e-03
6.197707362026652796e-03
6.197505427375964333e-03
6.197540454321194027e-03
6.093443075775083727e-03
5.947394772476930457e-03
6.707996225998440372e-03
6.707322592133461124e-03
6.670505060622703222e-03
7.005920272565168902e-03
7.009422088157230175e-03
6.196170118720431899e-03
6.197845120924445374e-03
6.196469102644656252e-03
6.196609937923011451e-03
6.196587362745652021e-03
6.196428515862450331e-03
6.196344981393957750e-03
6.196400987690482698e-03
6.196267585411104235e-03
6.196270158728119440e-03
6.196716688418135548e-03
6.196626540402991670e-03
6.196778252686152393e-03
6.196532819585018163e-03
1.587063174396720344e-02
1.588624646455767675e-02
1.588629181477468205e-02
2.301320058601994192e-02
2.301542917528755922e-02
2.645505885460935902e-02
2.645559711839139475e-02
2.645723662444572979e-02
-3.112588420600218182e-03
-3.112533298806000135e-03
-3.113470280968332494e-03
-3.112785167328044073e-03
-3.110983055229639763e-03
-3.111719619705024045e-03
-3.111729326692348231e-03
-3.111618642763192520e-03
-3.110926739775672547e-03
-3.111352872655549339e-03
-3.252831470134628141e-03
-3.252831470134637682e-03
-3.253378443361110324e-03
-3.253094864193210260e-03
-3.252961913565308866e-03
1.752165211669107344e-03
1.752158486884537866e-03
1.752127585453241250e-03
1.763315349871953782e-03
1.771638306473375616e-03
1.770235208923910935e-03
1.751676035631110229e-03
1.750730737600427389e-03
-3.572626088074804039e-04
-3.498204536467415179e-04
-3.500881576065359218e-04
-3.497471396681714755e-04
1.375692268499507107e-03
1.637615508482116906e-03
1.724443164780499992e-03
1.723203051498499883e-03
1.723464701929681986e-03
1.722820688689456065e-03
1.721794781942138875e-03
1.721928187520179896e-03
1.723134507937592675e-03
1.721668409075549242e-03
1.721254955738235918e-03
1.724495901710918974e-03
1.723514921468739412e-03
1.723457860911889591e-03
1.723518092894442627e-03
1.723560540326618800e-03
1.723056944075210956e-03
1.722865323234581752e-03
1.722622232306095409e-03
-1.766124052952692137e-03
-3.437141055410906226e-03
-3.434977785190282233e-03
-3.434950289606798161e-03
-1.983752721165523217e-02
-1.983718146583656611e-02
-1.983713775539984459e-02
-1.983847563142752957e-02
-1.983738902527864070e-02
-1.983724736835685773e-02
-1.983733726353838211e-02
-1.983735568083113895e-02
-1.983737309798920198e-02
-1.983732900652277267e-02
-1.983664030869555436e-02
-1.983103283007495860e-02
-2.011839071089283754e-02
-2.011839756458302236e-02
-2.011826495206012547e-02
-2.012100359968396063e-02
-2.012110458306110711e-02
-2.011141802939965528e-02
-2.011123484096374522e-02
-3.064824816015845541e-02
-3.064595233121185716e-02
-3.064598500726757949e-02
-3.064799698381729873e-02
-3.064657327330939582e-02
-3.064644393807808634e-02
-3.064605096594254230e-02
-3.064618201252119686e-02
-3.064595447367515421e-02
-2.951977486389462807e-02
-5.506812310262553661e-02
-5.506755659052433444e-02
-5.506750095013784180e-02
-5.506851462075628562e-02
-5.119406928155095793e-02
-5.118691853247751139e-02
-4.253519143509688072e-01
-4.253505043561101040e-01
-4.253905415407446267e-01
-4.253770431397538299e-01
-4.253870032806573720e-01
-2.489445227910657907e-02
-2.489455464005633362e-02
-2.489464992452515568e-02
-2.489416889540985861e-02
-2.489595811014233898e-02
-2.489611577096422640e-02
-2.487844962260210221e-02
-2.488169788747276664e-02
-2.489634567446218430e-02
-2.470447992764999989e-02
-2.470457232508430773e-02
-2.466692399291354684e-02
-2.467946622913911453e-02
-2.467914796316774892e-02
-2.467919432429325349e-02
-2.467904379398686704e-02
-2.467932130622007073e-02
-2.467924579066959473e-02
-2.468692676091984589e-02
-2.467682858659007300e-02
-2.467767758932764080e-02
-1.447231379205897450e-02
