-3.826220290707112864e-03
-3.830781491057637378e-03
-3.839434297581314701e-03
-3.838997248343568175e-03
-3.836340542220859073e-03
-3.836222686933513353e-03
-3.812452445300539092e-03
-3.811871631241102888e-03
-3.842510055064720514e-03
-3.838184820786974538e-03
-3.839699037148635967e-03
-3.838005936615897055e-03
-2.980574519550421159e-02
8.714725955053506321e-03
-1.576578449136344139e-03
-1.574787801570263091e-03
-1.563579997072929049e-03
-1.561382799211572837e-03
-1.561431338992762090e-03
-1.564381337640841172e-03
-1.571737570645179681e-03
-1.571700668534048093e-03
-1.572090737862584346e-03
-1.571732596301431140e-03
2.575852392419696740e-02
-1.220095548534335869e-02
-1.220079773296912397e-02
-1.220506872698770735e-02
-1.220024314993480366e-02
1.533373332173758319e-03
1.534884804609608355e-03
1.540071312795490525e-03
1.538365434908595553e-03
1.538465962049205852e-03
1.540017472257945936e-03
1.539836944348523581e-03
1.540495801674621450e-03
1.542187305471757683e-03
1.541394051656043125e-03
-1.201281329740809534e-03
-1.210271791591091464e-03
-7.039076544104295270e-04
-5.988904552159080800e-04
1.857253739085006636e-03
1.856925096089685626e-03
8.511456949166693042e-02
8.512505128860065051e-02
4.933831510339535889e-03
4.933930448075560596e-03
5.058309281448779629e-03
1.316135233495437269e-02
1.316356177835831427e-02
1.316272987714242962e-02
1.315992907794164522e-02
1.316726372277558788e-02
6.746036711987965506e-03
3.039536241380404527e-02
3.041193075830373599e-02
3.029740983879904148e-02
3.029592197930247241e-02
3.030040329790801776e-02
3.058831785940694173e-02
3.064560180077463905e-02
3.064435308082527620e-02
3.070033985046143749e-02
3.068980300056314836e-02
3.068171513083858132e-02
3.068188798050541441e-02
3.068157860741661108e-02
2.927080142791615991e-02
2.927008641057796470e-02
2.927042742320040691e-02
2.926844566399345107e-02
2.921938181109034571e-04
6.419268701309655640e-04
6.419231203619647254e-04
6.422043069646984036e-04
6.382088252234282459e-04
6.379584048887422098e-04
6.379385736636024101e-04
6.380553398949689436e-04
6.382394983400723051e-04
6.788758293215191265e-04
-9.352545514308601218e-04
-9.413693153388865732e-04
-6.402418238130067746e-03
-6.416777496637451027e-03
-6.417186222195486907e-03
-6.413139181183718195e-03
6.024403692745411605e-03
6.024338558718536456e-03
6.100695532955299413e-03
6.091245794878965072e-03
6.029904028103098834e-03
6.029366241265398697e-03
6.069310799726528559e-03
6.053760806521704500e-03
6.049820739918577821e-03
5.971588540803106186e-03
5.970812678686912046e-03
5.989962493156388706e-03
5.989737128349434565e-03
6.042637985459478785e-03
6.041982407370481527e-03
6.042335234336202593e-03
6.053414144551516607e-03
6.052977826552946930e-03
6.054013831880786060e-03
6.053666381326819161e-03
6.053388139390532795e-03
2.300201892897837247e-03
2.188972907374872687e-03
2.188966969085152491e-03
2.189320271327365331e-03
1.409546263356417422e-03
1.408971627862664385e-03
1.415519318056770873e-03
3.267831100822757816e-03
3.259185422807057541e-03
3.260466589355142872e-03
3.259637566652701882e-03
3.260730132041657868e-03
3.260952106043627560e-03
3.178456775008738251e-03
3.124915968021612766e-03
3.129531618123355084e-03
2.681339715378282685e-03
2.681318410495138558e-03
2.681412795835418604e-03
2.681536319085200959e-03
2.692743822456967594e-03
2.693409145981114257e-03
4.448620501025798459e-03
4.418971236123470439e-03
4.447094497288586572e-03
4.447183544129797161e-03
4.451484373100250691e-03
4.450607155102456573e-03
4.718927680266797250e-03
-7.132116519235972771e-03
-7.133944118364932141e-03
-7.131064118950905008e-03
-7.135581604667945270e-03
-7.140656912981754000e-03
6.606286166634406203e-03
6.606208485134357732e-03
6.606247699794238169e-03
6.608166284610239409e-03
7.040535018056120510e-03
7.044137281754148452e-03
7.039989070664225308e-03
9.696407909279005158e-03
9.696505862424537395e-03
9.696188125703953872e-03
9.696255543176013694e-03
9.696211991320377935e-03
9.696206771670622115e-03
9.697160717922183315e-03
9.696937942252917275e-03
9.696863782032010340e-03
1.372809618636732128e-02
1.372774521274845380e-02
1.372874038966039392e-02
1.372822718006046043e-02
1.372833367931604147e-02
1.372030351315172564e-02
1.372000918793112902e-02
1.372051831253524694e-02
1.372034439352260056e-02
1.372052377589296802e-02
1.372068512295612080e-02
1.372046964816973566e-02
-7.775263142768209720e-03
8.589826474191226274e-03
8.591035345052903255e-03
8.590513103037116308e-03
8.764905063263097804e-03
8.773955677261873268e-03
8.774157340374367023e-03
8.597740247957525589e-03
8.600152859190076521e-03
8.609379386529090322e-03
8.609462364797688602e-03
8.609221490887601635e-03
8.619514203177044628e-03
8.932706083436348435e-03
8.932251332572868976e-03
8.932246479302886899e-03
8.933222762233156145e-03
8.930856344837168406e-03
8.930880984741863121e-03
8.924056523622244178e-03
8.923603369507069477e-03
8.098006873244866649e-03
8.103191867104090826e-03
-8.770029084175255674e-03
-8.768999741184075464e-03
-1.696228301399034175e-02
-1.706458915066534979e-02
-1.702654449309964901e-02
-1.702848885745005675e-02
-1.702719147911533129e-02
-1.702298168787799715e-02
-8.366874245839395555e-03
-8.366540806508986766e-03
-6.171041805157357826e-03
-6.172660365719657635e-03
-6.175777071818268696e-03
-6.175790493615456248e-03
1.958616053574723046e-03
1.957899837511749112e-03
1.957908879604484259e-03
1.957956812988219560e-03
2.016619695226389355e-03
2.017526905537130478e-03
2.014722605057286866e-03
2.006531241273725157e-03
1.988082210964014010e-03
2.008542833723143354e-03
2.605827554051574598e-04
2.342506810528653097e-04
2.681147807906373464e-04
2.676629116365512417e-04
2.599619986667080457e-04
2.749581389100505145e-04
2.739599388268546877e-04
2.780846682191921129e-04
2.779281715202640149e-04
2.779741266605240341e-04
-1.815839023867153179e-01
-1.839171993845171715e-01
-1.839216970032765963e-01
-3.768962797498574390e-03
1.278484241748728545e-02
1.278102283306845922e-02
1.278098193455309319e-02
1.278044522526114619e-02
1.278150278729708704e-02
1.310863999288437026e-02
1.310854321434984718e-02
1.310410569531917334e-02
1.244077988806193032e-02
1.239482017576657227e-02
1.239238254493847842e-02
1.239614919971693437e-02
1.697320589601846591e-02
1.697299559457875889e-02
1.698576480281235521e-02
1.042807475195960815e-02
1.066146521733588211e-02
9.650809095143746824e-03
9.260903440855377394e-03
9.246178440768939438e-03
3.939154094365320512e-03
3.939597133538912110e-03
3.938809853282847738e-03
3.940586944672610364e-03
3.940861660781791627e-03
8.197533819235396438e-03
7.919802535833190410e-03
8.489415742983532492e-03
8.483242611765140495e-03
9.462418545351377122e-03
9.465725022671308761e-03
9.465292487608410396e-03
9.465196890913513475e-03
9.463372959967729717e-03
-4.964251103024306389e-01
-4.964371242015402919e-01
-4.964137384777216333e-01
2.652165969690221514e-03
2.651396257826190827e-03
2.651722212113144343e-03
2.651037954131208255e-03
2.652229288186233429e-03
2.646794011670232545e-03
2.647038575626370783e-03
2.646715816943064851e-03
2.646613200308759514e-03
2.646771022849663587e-03
2.743012027485973534e-03
2.746491919322587884e-03
2.646536326478672336e-03
-2.009240575526462236e-03
-2.006665263438458038e-03
-3.492854264816202051e-03
-3.493944768055488696e-03
-3.484340510030387115e-03
-3.414438080792761912e-03
-3.416312188025592833e-03
-3.425950923317759144e-03
-3.498824121168380222e-03
-1.991075785442786468e-03
-1.991424827724573229e-03
-1.927244555851476875e-03
-2.047812216421667462e-03
-2.047668826225557473e-03
-2.084354919258457183e-03
-1.255784213411511143e-03
-1.290232237153778267e-03
-1.290721534387055105e-03
-1.289775952099036930e-03
-1.292501437814850065e-03
-2.704822587745201595e-02
-2.704797570962573505e-02
-2.704892309135564429e-02
-1.642363026857141667e-02
-1.642173269245429668e-02
-1.642172132314043478e-02
-1.641271836647175894e-02
-1.640697265688308842e-02
-1.640720120672657656e-02
-1.640473530757928164e-02
-1.639656288259421293e-02
-1.210257166160810804e-02
-9.916431858152925313e-03
-9.916274275321388179e-03
-9.916202673571085022e-03
-1.083418358995608816e-02
-1.083447909651948787e-02
-1.083449413243930959e-02
-1.080387184924876121e-02
-1.055876219291652582e-02
-1.055955890292182946e-02
-1.054779963259871133e-02
-1.057838316194274070e-02
-1.046366797762104082e-02
-3.849396562063788895e-03
2.644485431378453271e-04
-9.114974896419089645e-03
9.853274299233833865e-04
9.800994174601130367e-04
9.799523238305466594e-04
9.813448784690781759e-04
9.807445254513594800e-04
1.045164626449372530e-03
3.346972879027882309e-03
3.626104818666926136e-03
3.626216245490743000e-03
-1.989263916683050443e-03
-1.989019225084202869e-03
-1.991864323698314988e-03
-1.992002298353048526e-03
-1.982056849873879006e-03
-1.982111465026370652e-03
-1.982126949414785792e-03
-2.846345908361181103e-03
-2.765350597998380601e-03
-2.706307951461989301e-03
-2.570409658368663468e-03
-2.570534700172020810e-03
-2.570651294063528488e-03
-2.569018810819864111e-03
-7.913672316410925523e-04
-7.914089048183139789e-04
-7.912441310850914329e-04
-7.913705937200160839e-04
-7.927653679681793270e-04
-7.903349310930123280e-04
-7.903072359556748876e-04
1.042822852310801469e-03
1.065258630486437064e-03
1.065108869183646004e-03
1.065172352229657631e-03
1.062183061502309069e-03
1.065968666491751799e-03
1.082566680984996125e-03
1.082454337508806765e-03
1.080061275573146982e-03
1.725549410279628463e-03
1.725450535760397752e-03
1.725645291410171644e-03
-9.370075362281977266e-03
-9.370414960047215858e-03
-9.370363977487724053e-03
-9.369690551589605551e-03
-9.369707252633542247e-03
-9.369696448889098042e-03
-9.369705712209819640e-03
-9.366218912614994799e-03
-9.371794432554057808e-03
-9.376717819191852932e-03
-9.393855384650087390e-03
-9.393734250740989541e-03
-9.395474460831807623e-03
-9.392261803103572199e-03
-9.393543530198836949e-03
1.811581037402873158e-03
1.812219507453084874e-03
1.811448662316913994e-03
1.810275533364609285e-03
1.810033812073794665e-03
1.813245455816500217e-03
1.813349716938457727e-03
1.811886755921544943e-03
1.812135027164556286e-03
1.812039792480798096e-03
-2.352559938903620810e-03
-2.446349002424502879e-03
-2.446497730842843443e-03
-2.446402908362408594e-03
-2.447002665528357455e-03
-2.444826532798115726e-03
-2.447410855122378846e-03
-2.447500231860323932e-03
-2.447402389252661351e-03
-2.447211624304107894e-03
-2.447314486254907780e-03
-2.447314486254880458e-03
-2.447309370822752655e-03
-2.447343804977580948e-03
-2.447280553158936219e-03
-2.447269657332465549e-03
-2.447368317280004466e-03
-2.447665538752669557e-03
-2.447687803716310125e-03
-2.447738489445211441e-03
4.916074644234234847e-03
4.916042900689933035e-03
5.034081246617217245e-03
5.033460701840767812e-03
5.033335091527186764e-03
5.034339479049615602e-03
4.800730194844941845e-03
4.677486746431302848e-03
-2.159963929077366243e-03
-2.148581791188837638e-03
-2.244079135556942359e-03
-2.244292937075628193e-03
-2.243844651734055659e-03
-2.244946872546863155e-03
-2.248402695648510190e-03
-2.248644526740418374e-03
-2.249162380226617849e-03
-2.252061786203409313e-03
-2.252297666286301198e-03
-2.253957630441992457e-03
-2.253495556601742885e-03
-2.251062419016001872e-03
-2.250974320254841947e-03
-1.035662185297578190e-03
-1.036394068391977789e-03
-1.036928105523149141e-03
5.334636919737720251e-03
2.850030820034826860e-03
2.850281962504321118e-03
2.850454447823521417e-03
2.850447732981431070e-03
2.850442204912453665e-03
2.849319608384496758e-03
2.846942677183839695e-03
3.045847095160553446e-03
3.055424855885142434e-03
3.055501746514499919e-03
3.004751531422428148e-03
3.004993272078685610e-03
2.730109966868521972e-03
2.729879755811313001e-03
2.729051741428624792e-03
8.316232834119022125e-04
2.801749176477384001e-03
2.801778880636196772e-03
3.997456326509909313e-03
1.282886978628517728e-02
1.283401298989937135e-02
1.283384192409277140e-02
1.283364433400739461e-02
1.282372617187621175e-02
-1.699774458608403023e-03
-1.699694071201181527e-03
-1.699691809745839310e-03
-1.701161468335323293e-03
-1.700540983267656700e-03
-1.687964906468251286e-03
-1.687990489971757501e-03
-1.839578688660133826e-03
-1.840384259600468973e-03
-1.842443723790083239e-03
-1.842585580929195473e-03
-1.842101064644598336e-03
-1.837743707411606045e-03
-1.828110162900090747e-03
-1.828551090800569628e-03
-9.959809541425670813e-04
-9.954821198646011081e-04
-9.956659876507989969e-04
-1.022597873231101233e-03
-1.022390951922205098e-03
-1.021505658467207868e-03
2.218097376577082488e-03
-2.322467799076338886e-04
-2.816786822678106570e-04
-3.112174074285179782e-04
8.253749400171813549e-03
8.252558821712793410e-03
8.499323882351877252e-05
-4.495879657627686182e-03
-4.495844394656313414e-03
-4.496256015955649686e-03
-4.495895462720599436e-03
-4.495970400975376341e-03
-4.496653962946091550e-03
1.281652878752411774e-02
-3.328816622029062006e-03
-1.465690057396382964e-03
-1.465924319184477419e-03
-1.466524721284851156e-03
-9.881194914769915461e-03
-9.885072825990831244e-03
-7.303217807977094821e-03
-6.401751501969276921e-04
3.883952461948981106e-04
3.892939631881581664e-04
3.804369063337879149e-04
3.738621404085536322e-04
3.737184419120846593e-04
3.824921449799337215e-04
9.911047663524678430e-04
1.111971694361614440e-03
1.113107270453633996e-03
-1.178625906503542571e-03
-1.178706051137519417e-03
-1.108915804503128426e-03
1.129371754087630554e-03
1.129367893539179541e-03
1.129337129363047407e-03
1.129639062795252278e-03
1.132850261951083570e-03
1.132902604773115569e-03
1.272645331300967545e-03
1.271074711681477931e-03
1.270001459595025651e-03
1.269621296956035357e-03
1.269964039772741903e-03
1.269127064640725383e-03
1.272974969369178311e-03
3.317231037458109877e-03
3.315790241724514854e-03
8.534180356663102415e-03
8.541532944805250646e-03
8.541567303117511903e-03
1.026321717365260427e-02
1.026347765326923560e-02
1.031078204484796833e-02
1.031040845381691815e-02
1.031133121457877659e-02
1.031018309166263115e-02
1.029550823048661079e-02
1.029525866826709601e-02
1.029515178627627911e-02
1.029522370885102220e-02
1.029597617527192206e-02
1.030458579059024410e-02
1.022447660596959539e-02
1.022415651222383266e-02
2.420402483803419519e-03
2.426237328461909072e-03
2.627067280663124543e-03
3.863926195984474909e-03
3.864435036839459700e-03
3.864324664415521877e-03
3.864386218703527980e-03
3.864483195636958610e-03
3.864216627456786360e-03
3.863895751192788965e-03
3.864165825746716798e-03
5.130120051514584431e-03
1.153055514227758517e-03
1.153076409371082229e-03
1.152982400207916598e-03
1.153108227397505467e-03
1.152927528685992976e-03
4.634648146638179790e-03
4.634802581520458889e-03
4.492041436690186185e-03
4.491454870220440605e-03
4.492558677122431704e-03
4.475402023628269332e-03
5.468790424856932904e-03
5.361302558890249266e-03
1.345842739918711936e-02
1.345914462817073866e-02
1.345966427673810605e-02
1.345958116707430749e-02
-7.683688919567211156e-05
-8.820276527148260964e-03
-8.820726229276399169e-03
-8.824171233039215106e-03
-8.823649090965808919e-03
-8.827444453201197319e-03
-8.827888063079098249e-03
-8.825038221600115321e-03
-8.825000664044643436e-03
-8.831934861267723424e-03
-8.829274232692276708e-03
1.403200271634766610e-03
1.403896118361989877e-03
1.399407399382429770e-03
-2.175152285567390990e-03
-2.173106353039041313e-03
-2.173140551353337172e-03
1.683863093664156796e-03
1.689138273053048889e-03
1.723881350461858777e-03
9.105374286727248127e-04
9.158028374878796757e-04
9.154699534470759834e-04
9.148626537344393137e-04
2.853571122767271234e-03
2.861422687579534292e-03
2.830067393083699184e-03
2.467409237656200544e-04
2.487165615674651726e-04
2.477881483778763714e-04
2.487403029365227165e-04
2.489892440081978948e-04
2.342385874276681212e-02
2.350894257789618719e-02
-1.805522791785909090e-02
-1.805444292508106771e-02
-1.815092120126185829e-02
-1.815010844867884915e-02
-1.814620703353774997e-02
-1.814186325200153535e-02
-1.815280855867097351e-02
-1.815443153123886058e-02
-1.243075083013044091e-02
-1.245814839066185058e-02
-1.245733200989922011e-02
-1.245863035520369463e-02
-1.245998964153235619e-02
-1.246008539073421677e-02
-1.171561209816685337e-02
-1.171584861674919431e-02
-1.171419258177819681e-02
-1.321443159382984511e-02
-1.321425996157943143e-02
2.535774957104508162e-02
2.535882112752291598e-02
2.535917797741920471e-02
2.535069225321067571e-02
2.535103689081294118e-02
2.534260469521469258e-02
2.533399640677450743e-02
2.529890517320382975e-02
2.529554148178085257e-02
2.530488120366545385e-02
8.026069719232348243e-02
8.027556133411858919e-02
3.745291451536599675e-02
3.745273097733773510e-02
3.745239707546426516e-02
8.062359448457449840e-03
8.062311467257794045e-03
8.060122066214772674e-03
1.161932027420234902e-02
-2.445328765238858823e-02
-2.449252910543745637e-02
-2.447682635453279909e-02
-2.447681003920292031e-02
-9.897375744648799142e-03
-9.897688998791892914e-03
-9.899032103135649643e-03
-9.899004992646728146e-03
-9.895511916440965713e-03
-9.894832908699658161e-03
-9.890787789305579072e-03
-2.208724810060208599e-03
1.286915254940190212e-01
1.286905169542254534e-01
1.281328931475055333e-01
1.281476266457153013e-01
3.028777589475593543e-02
3.028876384565545518e-02
