1.367548620895892367e-02
1.374477022557712980e-02
1.355849005295328702e-02
1.357444323903866934e-02
1.354229251913052767e-02
1.354229251913022236e-02
1.361105452780733693e-02
1.361105452780742020e-02
1.361758427014088044e-02
1.356923760576913066e-02
1.354535638935110142e-02
1.360278451056554788e-02
1.360235645217103273e-02
1.360235645217103620e-02
1.396889477230150653e-02
1.396763730174509395e-02
1.396889477230150653e-02
1.396889477230151000e-02
1.397575095284233140e-02
1.397575095284233661e-02
1.397290275740859476e-02
1.396190569282305949e-02
1.396382701832605752e-02
1.396631244525382148e-02
1.396631244525382148e-02
1.396475379514740961e-02
1.395567641119483358e-02
1.395853045395090489e-02
1.395567641119483185e-02
1.396072480221042730e-02
1.402212733321942309e-02
1.402488384886555091e-02
1.402773596489887732e-02
1.400934278972022252e-02
1.400933679581446364e-02
1.401217933810775494e-02
1.400858705220061999e-02
1.400883250195682564e-02
1.400883008266232480e-02
1.400883008266233000e-02
1.400824270331136809e-02
1.400592149476918326e-02
1.400226816375622733e-02
1.401222833826922670e-02
1.401089473620399130e-02
1.400802482082139783e-02
1.400802482082140130e-02
1.400802482082139609e-02
1.400850680685553247e-02
1.400850680685553247e-02
1.400850680685553767e-02
1.400392347834595458e-02
1.400392347834595458e-02
1.400594313795301520e-02
1.400594313795301867e-02
1.400594313795301693e-02
1.400594453891871628e-02
1.400568188836409829e-02
1.400568188836410002e-02
1.400127671581731861e-02
1.400127671581731688e-02
1.400330913213890596e-02
1.400330913213890943e-02
1.400330913213891117e-02
1.400330913213890770e-02
1.400330913213890596e-02
1.400051422200876243e-02
1.400049758427805886e-02
1.400049758427806060e-02
1.401610548250745679e-02
1.401703037021815451e-02
1.401709016754386534e-02
1.401104756811592106e-02
1.401209043952157327e-02
1.400266399067199435e-02
1.400266399067199782e-02
1.400266399067199609e-02
1.400266399067199782e-02
1.401092506820501155e-02
1.401107812466472272e-02
1.401107812466472272e-02
1.400435218537729454e-02
1.399959027993265964e-02
1.400463643052822678e-02
1.400463643052822678e-02
1.400563842282959159e-02
1.400843268778384151e-02
1.401613994687269174e-02
1.401613994687269174e-02
1.401700177853164656e-02
1.401987123845935962e-02
1.401337290519281964e-02
1.401051809858765672e-02
1.401051809858765845e-02
1.398091097817143538e-02
1.399225952813890929e-02
1.397802902231543021e-02
1.397804454259546185e-02
1.397802902231543021e-02
1.397802902231543021e-02
1.397802902231542500e-02
1.397804480432556645e-02
1.398597987890226255e-02
1.400199164484686003e-02
1.402416913305919166e-02
1.402340912853912609e-02
1.402133340181004051e-02
1.402421113105992850e-02
1.402102604345161450e-02
1.402166987770528568e-02
1.402667123697571433e-02
1.401445717682536091e-02
1.402586113182611657e-02
1.402586113182611310e-02
1.402586113182610963e-02
1.402586113182611310e-02
1.402300213155077517e-02
1.402300213155076823e-02
1.397767498568263170e-02
1.398435467031833648e-02
1.398436134764394906e-02
1.398435467031833301e-02
1.398151738938475074e-02
1.398704917147252508e-02
1.396966786362109463e-02
1.396966786362109636e-02
1.396966544326212582e-02
1.396681126018282926e-02
1.396022873026982192e-02
1.396424337479658037e-02
1.398188112163008430e-02
1.398259055382924769e-02
1.397696606954007548e-02
1.397696606954007548e-02
1.401563847691565667e-02
1.402825785815955961e-02
1.402400360636598189e-02
1.403338728254778511e-02
1.402817012394559290e-02
1.402884351492992600e-02
1.404266611108105287e-02
1.402321850999365023e-02
1.402321850999365023e-02
1.402321850999364850e-02
1.402044248072820305e-02
1.402044248072819785e-02
1.401760209425312494e-02
1.401757917370955071e-02
1.402038098191198991e-02
1.402038623929101162e-02
1.401982115895755200e-02
1.401982115895755200e-02
1.401099951936283367e-02
1.402368213358179752e-02
1.401827602607379729e-02
1.401307416614832636e-02
1.401308807379408883e-02
1.404770928839802271e-02
1.405054337290979026e-02
1.405344668809660469e-02
1.405343643834426962e-02
1.405841337184103243e-02
1.405134036838445039e-02
1.404869411117862926e-02
1.404181819872485359e-02
1.404348322931771309e-02
1.404348322931770962e-02
1.404348322931771482e-02
1.404006393364122703e-02
1.404002659939322141e-02
1.404002659939322141e-02
1.404624373060514575e-02
1.404838969454846528e-02
1.404838969454846008e-02
1.404839038260214355e-02
1.405139331082021908e-02
1.405110787264595394e-02
1.405114801329489585e-02
1.405218784802639807e-02
1.404815023539940193e-02
1.404815023539940193e-02
1.404655862753771169e-02
1.400879641230906754e-02
1.403399928376621725e-02
1.402081850062230142e-02
1.401796527651530226e-02
1.401796527651529879e-02
1.402604158383195798e-02
1.402342279510951709e-02
1.402139595711362000e-02
1.402687206828226105e-02
1.402415105871898313e-02
1.400648577403300170e-02
1.401782169227163040e-02
1.401497057562044526e-02
1.400091888522682175e-02
1.399607422246707845e-02
1.399607422246707845e-02
1.400380533993193441e-02
1.400459308075540851e-02
1.400459308075540157e-02
1.399730148285957022e-02
1.400403789940536138e-02
1.400403789940535965e-02
1.399730148285957196e-02
1.400288187452628300e-02
1.400582352397368967e-02
1.400799605208699790e-02
1.400578538551962987e-02
1.400578538551962467e-02
1.400578538551962293e-02
1.400578538551962293e-02
1.400297176741707554e-02
1.400297176741706687e-02
1.400297176741707554e-02
1.400575251000208549e-02
1.401229052126731420e-02
1.400301728019021433e-02
1.400659283901894807e-02
1.400932838507028787e-02
1.400658268161033247e-02
1.400690304443491865e-02
1.400941319629898582e-02
1.401786147668165894e-02
1.401786147668166241e-02
1.401506734857328566e-02
1.401792410557085866e-02
1.401792410557085693e-02
1.401507778073723259e-02
1.401507778073723433e-02
1.401507778073723433e-02
1.401507778073722912e-02
1.401340496022420411e-02
1.401334844088612287e-02
1.403696719153279052e-02
1.403455572816709150e-02
1.404175946794531185e-02
1.404175946794530838e-02
1.404182729086330544e-02
1.404175946794531012e-02
1.403964611396619870e-02
1.403678730833323243e-02
1.403246420525940119e-02
1.402678162815123274e-02
1.402678162815123274e-02
1.402770548885963475e-02
1.402738142354517312e-02
1.402693629479920961e-02
1.403078538250917932e-02
1.402676546305075579e-02
1.402962506212875222e-02
1.402676546305076100e-02
1.402623471992156187e-02
1.402623471992155840e-02
1.401374250197711703e-02
1.400529721358489445e-02
1.401095855945000933e-02
1.401380312649068254e-02
1.401095855945000586e-02
1.401095855945000412e-02
1.401357855125645591e-02
1.401363281855866512e-02
1.401363281855866512e-02
1.401653177035720732e-02
1.401400962965888321e-02
1.401364815368625998e-02
1.401957355141751453e-02
1.401957355141751800e-02
1.401674510199667906e-02
1.401531993078980118e-02
1.401685047440893832e-02
1.401335788175772472e-02
1.401335788175772472e-02
1.401335788175772992e-02
1.401335788175772645e-02
1.401862743448984219e-02
1.401862743448984046e-02
1.401862743448984219e-02
1.401862743448984566e-02
1.400731342511541203e-02
1.400962501915231639e-02
1.400962501915231119e-02
1.401175843751782668e-02
1.401294913607644028e-02
1.400397566561861762e-02
1.400378838379866611e-02
1.400380542054096601e-02
1.400101925146835478e-02
1.400101925146835478e-02
1.400101925146835999e-02
1.404422773219447980e-02
1.404422773219447459e-02
1.404422773219448153e-02
1.404811661298386097e-02
1.404433618306094068e-02
1.402744168130795090e-02
1.403889225561703175e-02
1.402684659424042676e-02
1.402684659424043370e-02
1.402684659424043544e-02
1.403797180982248836e-02
1.403797180982248836e-02
1.404364995560645861e-02
1.404364995560646728e-02
1.404662719230030145e-02
1.404662719230029971e-02
1.405126185148320925e-02
1.405126185148320925e-02
1.405126185148321445e-02
1.404847250839399812e-02
1.405126185148321445e-02
1.405133790290410273e-02
1.405412570307154260e-02
1.405456042036406540e-02
1.404890805788619294e-02
1.404897991303027255e-02
1.404897991303027428e-02
1.404215718252866882e-02
1.404788222179902818e-02
1.405117061875562484e-02
1.405118065787625513e-02
1.404548774685802394e-02
1.405395810825942927e-02
1.405684205229561050e-02
1.400615667535269095e-02
1.400615667535268921e-02
1.400921903667855239e-02
1.400921903667855066e-02
1.400650449398769225e-02
1.400373480902350996e-02
1.400978334529955939e-02
1.400718156221372225e-02
1.400176848103796591e-02
1.400685997495555897e-02
1.400178095681045912e-02
1.400178095681046085e-02
1.400633096380493083e-02
1.400633096380493083e-02
1.400107713036849097e-02
1.400454487202057972e-02
1.399914355776993823e-02
1.399919008505999887e-02
1.402683778065610953e-02
1.402683778065611300e-02
1.402683778065611127e-02
1.402446263578527655e-02
1.401597331388620103e-02
1.399070578631316994e-02
1.400918317672779530e-02
1.401375419127379174e-02
1.401732687049950590e-02
1.402004635216931756e-02
1.401727880265470419e-02
1.400758547062621803e-02
1.400758547062621630e-02
1.400995617634627141e-02
1.401147536717180231e-02
1.401126568788947299e-02
1.401126568788947126e-02
1.401255003216158278e-02
1.400633406171138823e-02
1.399947847878015711e-02
1.399947847878015537e-02
1.399946225756232288e-02
1.401536330884191502e-02
1.401536330884191675e-02
1.400997548598647766e-02
1.402081259561392332e-02
1.402076876914866432e-02
1.402345920908971283e-02
1.402044467507206071e-02
1.402076876914866432e-02
1.402455700351264677e-02
1.402007525158366526e-02
1.402007525158366699e-02
1.402523315554303311e-02
1.401546722089634482e-02
1.401542482269153150e-02
1.401542482269153671e-02
1.401542482269153324e-02
1.401761543223691009e-02
1.401269658104148212e-02
1.401269658104148386e-02
1.401269658104148039e-02
1.401695468877753141e-02
1.401891423061985519e-02
1.402047242786746799e-02
1.402047610628814889e-02
1.401777619770857956e-02
1.401770656940834990e-02
1.400840006144078373e-02
1.401110801480627034e-02
1.400596126837468786e-02
1.400596126837468786e-02
1.400601610718061121e-02
1.400601610718061295e-02
1.401136715277487288e-02
1.400865626105952944e-02
1.401366854573429105e-02
1.400501543747321824e-02
1.401219934668135846e-02
1.400852670944425886e-02
1.400850657711129321e-02
1.400613485411905841e-02
1.399820340701689488e-02
1.400060374875893368e-02
1.400060374875893368e-02
1.399820866019757526e-02
1.399843234587501428e-02
1.399843234587501949e-02
1.399843234587501428e-02
1.401485925756815534e-02
1.399614774327827271e-02
1.399612232832570489e-02
1.399612232832570836e-02
1.400536892411820451e-02
1.400536892411820798e-02
1.400268753234722163e-02
1.400268753234721816e-02
1.400268753234721469e-02
1.400268753234721122e-02
1.400268753234721990e-02
1.400540331723808089e-02
1.399776751745108669e-02
1.399656749017295226e-02
1.399581918243726283e-02
1.399581227964168638e-02
1.399852696812980447e-02
1.399581227964168638e-02
1.400950734125711028e-02
1.400950734125711375e-02
1.400146106058004943e-02
1.400072512720546523e-02
1.400152084987262534e-02
1.399800593283123500e-02
1.399300577659180408e-02
1.398837514496662111e-02
1.399106629060647283e-02
1.399911909664725528e-02
1.399640851897221601e-02
1.399302163830919675e-02
1.399496913497062268e-02
1.401713840212342847e-02
1.400499447844336803e-02
1.400431847431207223e-02
1.400432732317028611e-02
1.400091032804463148e-02
1.400091032804463148e-02
1.401425384976391630e-02
1.401688492329106542e-02
1.399622970864568966e-02
1.399228827588079940e-02
1.399228827588079420e-02
1.399748919806905606e-02
1.399835977255803679e-02
1.400764765994495786e-02
1.400764765994495439e-02
1.400763483215848593e-02
1.401034974843820037e-02
1.400219250808516259e-02
1.400219250808515739e-02
1.400685151889915527e-02
1.400685151889915180e-02
1.401566342012770978e-02
1.401319023596831435e-02
1.401317542841567718e-02
1.396841802147312517e-02
1.396574823189986915e-02
1.396014789889919033e-02
1.396280507511049596e-02
1.396307671018643011e-02
1.396038459809633044e-02
1.396575282725369925e-02
1.396770745850115999e-02
1.396575282725369578e-02
1.396708883110008362e-02
1.396708883110008362e-02
1.397174813543058079e-02
1.396727461285028789e-02
1.396727986262441545e-02
1.396728024397516678e-02
1.396999593090424846e-02
1.396999593090425019e-02
1.397272066257672536e-02
1.396728344851860294e-02
1.396257305119440704e-02
1.396496961062757697e-02
1.396498200918206214e-02
1.395954782467726321e-02
1.397454000929983578e-02
1.397270881294528783e-02
1.397540759982811125e-02
1.397535550353508522e-02
1.398810380102423652e-02
1.398541791324124997e-02
1.398541791324125171e-02
1.398810380102423825e-02
1.399081307396306956e-02
1.397213783575970703e-02
1.397210914402421261e-02
1.397289185298116257e-02
1.397560833453403289e-02
1.397560833453403116e-02
1.398330356766229465e-02
1.397639042136239983e-02
1.399353403309896993e-02
1.399353403309896993e-02
1.398527367997382150e-02
1.398997794464097548e-02
1.398996782934979269e-02
1.398996782934979269e-02
1.398996782934979442e-02
1.398760849765751102e-02
1.397777863721293840e-02
1.397777863721293493e-02
1.397261158911490032e-02
1.397261158911490032e-02
1.397531106817381970e-02
1.397531106817382317e-02
1.397531106817382143e-02
1.397137284679238721e-02
1.396904073134303328e-02
1.396632895014907928e-02
1.396641918295508933e-02
1.396641918295508759e-02
1.396641918295508933e-02
1.397225074839902881e-02
1.397133509641679261e-02
1.396109302014454830e-02
1.397646869921008103e-02
1.397636086234613391e-02
1.398019072040984634e-02
1.398019072040984807e-02
1.398018742597395385e-02
1.398209703681707605e-02
1.397905161282619532e-02
1.398175961007959781e-02
1.398446700665198321e-02
1.398446700665197974e-02
1.397791812243564732e-02
1.397711218698455618e-02
1.398446243752534714e-02
1.398449366799625615e-02
1.398449366799625788e-02
1.398177211907914406e-02
1.398177211907913886e-02
1.398177211907914060e-02
1.398177211907914060e-02
1.398447086256289842e-02
1.401224707505179488e-02
1.401315227449497110e-02
1.401315227449497110e-02
1.400347764936953239e-02
1.399141920706755381e-02
1.400037749170425158e-02
1.399491675054437452e-02
1.399490355602213409e-02
1.400047816009704869e-02
1.399778576395544621e-02
1.400048341553853520e-02
1.398987009705147423e-02
1.398987009705147250e-02
1.399673358979885811e-02
1.398888956133556398e-02
1.399311828298483926e-02
1.399311828298484273e-02
1.399311828298483926e-02
1.398607240550292508e-02
1.398865635089365303e-02
1.398865635089365476e-02
1.399401548841524776e-02
1.398404822963915557e-02
1.398337914754719559e-02
1.398605294208718139e-02
1.398605294208717792e-02
1.398878476751311099e-02
1.398857572348390609e-02
1.398857572348390609e-02
1.399479510411749499e-02
1.399479510411748978e-02
1.399491565240450208e-02
1.399457262403532368e-02
1.399457262403532194e-02
1.399998377431513341e-02
1.400446556395521132e-02
1.400709126216739646e-02
1.400222286198212276e-02
1.398709629308341265e-02
1.398709629308341612e-02
1.398979420276357834e-02
1.398979420276357140e-02
1.398707490803127382e-02
1.398976772112565242e-02
1.398633517755422037e-02
1.398977930436371385e-02
1.398708783572789709e-02
1.398708783572789535e-02
1.399247068449278007e-02
1.399722477495624583e-02
1.399453983466798432e-02
1.399724889199416636e-02
1.399703137373295783e-02
1.399703137373295610e-02
1.399228909122279298e-02
1.399769291258189108e-02
1.399384102596433477e-02
1.399384102596434171e-02
1.401504343961719641e-02
1.402381178913977150e-02
1.400943257898889030e-02
1.400943257898888857e-02
1.400843568235280064e-02
1.400843568235279717e-02
1.401854928355000807e-02
1.401854928355000807e-02
1.401223827522455820e-02
1.398914251351902893e-02
1.399185203477250339e-02
1.398914251351902546e-02
1.399119391649583481e-02
1.398989366089484383e-02
1.398989366089484036e-02
1.398989366089484036e-02
1.398906699475980717e-02
1.400079094531237953e-02
1.401210781337913595e-02
1.401210781337913422e-02
1.400419210175934959e-02
1.401036185274101564e-02
1.400952762720566319e-02
1.400937322077075269e-02
1.400977968312878442e-02
1.400977894301457492e-02
1.400977894301457492e-02
1.400977894301456972e-02
1.400668332501888227e-02
1.400377216952095050e-02
1.400878270701896335e-02
1.400687381201852488e-02
1.400417913457885008e-02
1.400995494561338602e-02
1.401266579489644434e-02
1.401364098311376483e-02
1.400993487210110827e-02
1.400270518632030191e-02
1.400939730477650941e-02
1.400939189308317984e-02
1.400933803524630206e-02
1.400420068228982323e-02
1.401608044430185593e-02
1.401229119771653896e-02
1.401726006834690466e-02
1.401726006834690466e-02
1.401728464724862760e-02
1.401728464724862934e-02
1.401728464724863454e-02
1.401996716270964040e-02
1.401249150122360100e-02
1.401788519270884617e-02
1.401251303739243191e-02
1.402455148471392840e-02
1.403012801788630463e-02
1.403019653076439076e-02
1.403019653076438729e-02
1.402334735975402022e-02
1.402334735975402022e-02
1.402117839193533534e-02
1.402908185411813613e-02
1.402908185411813440e-02
1.402616514976505122e-02
1.402616514976504948e-02
1.403151921621194689e-02
1.402885344194107139e-02
1.402866261176257366e-02
1.402900612711500614e-02
1.402638661555367754e-02
1.403446683041109817e-02
1.403448826357138642e-02
1.402650172094840365e-02
1.402650172094840712e-02
1.403821537814093495e-02
1.403551144539003960e-02
1.403280535349222223e-02
1.404020341722924357e-02
1.403821110363394874e-02
1.403822053124775641e-02
1.403551144539003960e-02
1.403819749583911508e-02
1.404090485437697010e-02
1.404090485437697183e-02
1.403845085001842463e-02
1.403845085001842637e-02
1.404169986269195557e-02
1.404169986269195557e-02
1.403531450226483054e-02
1.403260869246284598e-02
1.403260869246283904e-02
1.403260869246284424e-02
1.403493099908380976e-02
1.402395352815563427e-02
1.401322165205545929e-02
1.401322165205545929e-02
1.401231444915653629e-02
1.401231444915653976e-02
1.400973421110030502e-02
1.400712073068607379e-02
1.400565029469099873e-02
1.400908239009921938e-02
1.400712073068607032e-02
1.400712073068607726e-02
1.399903392540521700e-02
1.400403771549856013e-02
1.400403771549855667e-02
1.400403771549856013e-02
1.400421801124826157e-02
1.401388930014130230e-02
1.401314891163538655e-02
1.400852146878076195e-02
1.400852146878075848e-02
1.400315689836791402e-02
1.400315689836791055e-02
1.401288529365245054e-02
1.400730349224659117e-02
1.400973098998167625e-02
1.400973098998167625e-02
1.400973098998167625e-02
1.401242395549713235e-02
1.400973098998167798e-02
1.401594471921129882e-02
1.401384574956999161e-02
1.401384574956999682e-02
1.401354775260392135e-02
1.400969815242075062e-02
1.400969815242075409e-02
1.400969815242075409e-02
1.400552782833993162e-02
1.401015788480068983e-02
1.398252567041858088e-02
1.398252567041858088e-02
1.398252567041858262e-02
1.398252567041857915e-02
1.399330166777184095e-02
1.399876501984849593e-02
1.399845844752042358e-02
1.399601026363119470e-02
1.399601026363118776e-02
1.399601026363119297e-02
1.399704747799658013e-02
1.399704747799657839e-02
1.399860105657574350e-02
1.399860105657574350e-02
1.400132209709432224e-02
1.400132209709432744e-02
1.398525074617354771e-02
1.398600491116722654e-02
1.398600491116722133e-02
1.398873306328272254e-02
1.398873499484404141e-02
1.398932110425847586e-02
1.398932110425848627e-02
1.398285904325288938e-02
1.398580709356856550e-02
1.398483373498547039e-02
1.398483373498547733e-02
1.398757530302594150e-02
1.398483373498547559e-02
1.398384314567191478e-02
1.398655083329984443e-02
1.398134945944135704e-02
1.398056994906424905e-02
1.397862736402087636e-02
1.397989496731576013e-02
1.397989496731575840e-02
1.398135469070832700e-02
1.397871659631878469e-02
1.397600031932915744e-02
1.397273067654525303e-02
1.398091595788096379e-02
1.397547039792716890e-02
1.397547039792717063e-02
1.397258716162352518e-02
1.397000728887105338e-02
1.397817536030875052e-02
1.397545665926554909e-02
1.397818006076695201e-02
1.400693016605369240e-02
1.400693016605369240e-02
1.400617953801246325e-02
1.400889757317349583e-02
1.400891156829790415e-02
1.400806257775586046e-02
1.400531641761905421e-02
1.400729528122562732e-02
1.400729528122563079e-02
1.400729528122562732e-02
1.400419693122517337e-02
1.399271887399374664e-02
1.398748055916856567e-02
1.399019797830514632e-02
1.399293042112773749e-02
1.399019797830514979e-02
1.399840009276412216e-02
1.400113228632690957e-02
1.400113228632690436e-02
1.395587468058414812e-02
1.395287639107530356e-02
1.395657100918789965e-02
1.396209566721055666e-02
1.397112599500471668e-02
1.396547504357523520e-02
1.396517382977815157e-02
1.398657653622353836e-02
1.398961358959476507e-02
1.398643983666135286e-02
1.398384671139433176e-02
1.400051079938209597e-02
1.399540377250169977e-02
1.395281890064354983e-02
1.395563749982503370e-02
1.395283705676927943e-02
1.395068746775140166e-02
1.395068746775140339e-02
1.397409618178034434e-02
1.397305144229923218e-02
1.397009340326946583e-02
1.397009140222230106e-02
1.397742819745114405e-02
1.398170710957330649e-02
1.397682495840614145e-02
1.396408225877753158e-02
1.396408225877753158e-02
1.396409355985558584e-02
1.396745151307106012e-02
1.396445859369033031e-02
1.397473798062450617e-02
1.396854282793564064e-02
1.396854282793564238e-02
1.396854282793564064e-02
1.396854282793564238e-02
1.396854282793564238e-02
1.396854282793563891e-02
1.397797371927152199e-02
1.398387098350340613e-02
1.397149003681730575e-02
1.397149003681730575e-02
1.396725236537824967e-02
1.396725236537824967e-02
1.396418985330175923e-02
1.396418985330175749e-02
1.396418868509817675e-02
1.396118315837788920e-02
1.397318270241192095e-02
1.397318270241192269e-02
1.397318270241192616e-02
1.397318574550386952e-02
1.397318574550387299e-02
1.397863952655178585e-02
1.397863952655178758e-02
1.397863952655178585e-02
1.397912610642843521e-02
1.397613346580284591e-02
1.395593162540025543e-02
1.395809710428817275e-02
1.395788516128662615e-02
1.395487506946583266e-02
1.395786730383273382e-02
1.395222829827938264e-02
1.395222829827938611e-02
1.395801934276633474e-02
1.395788516128663136e-02
1.395788516128663136e-02
1.395488290246161937e-02
1.395487448628801412e-02
1.397734558893924499e-02
1.398034489053836746e-02
1.398034489053836746e-02
1.397734558893924325e-02
1.397604455517138626e-02
1.397735393069981201e-02
1.397550352061124705e-02
1.397550509388549578e-02
1.398451480790068382e-02
1.397484958024898007e-02
1.396572062472603397e-02
1.396355812844529351e-02
1.396694439154866525e-02
1.396694439154866525e-02
1.396397196883002872e-02
1.396397196883002872e-02
1.396694439154866005e-02
1.398104691873399211e-02
1.397504543701823601e-02
1.398135428313071471e-02
1.397845677635706912e-02
1.397845677635707086e-02
1.397593540810495097e-02
1.397942060713718362e-02
1.397942060713718536e-02
1.397645691890896970e-02
1.397943058516186790e-02
1.397685965044152302e-02
1.395877287144924733e-02
1.395877287144924560e-02
1.395877287144924907e-02
1.394454930659088168e-02
1.394454930659088168e-02
1.394454930659088168e-02
1.394454930659088168e-02
1.394149368711674122e-02
1.394857769594397799e-02
1.394857769594397973e-02
1.395057637454861187e-02
1.394769715937165672e-02
1.394774995188044313e-02
1.394774995188044313e-02
1.394774995188044486e-02
1.395077385305688519e-02
1.395073204275543849e-02
1.395072399762888049e-02
1.395073204275543849e-02
1.394905733955711415e-02
1.395869263966247574e-02
1.395564766156681506e-02
1.395334170549999975e-02
1.394620967871152382e-02
1.398806407503421119e-02
1.398806407503420945e-02
1.398806407503421466e-02
1.398804966368587255e-02
1.401270950435577756e-02
1.400221239192491265e-02
1.400221239192491092e-02
1.400221239192490919e-02
1.400221239192490919e-02
1.399916548052362875e-02
1.400217587054051679e-02
1.399919385857455699e-02
1.400217321081775879e-02
1.400508942789522281e-02
1.399914989488578593e-02
1.399022404822734822e-02
1.399138688264250224e-02
1.398377887049982032e-02
1.398500344805569603e-02
1.398500344805569950e-02
1.399211286025875758e-02
1.399083008750189733e-02
1.398798137402098261e-02
1.399018718962077509e-02
1.398781307186995268e-02
1.398800213091806917e-02
1.398498542381108531e-02
1.399744303450610981e-02
1.399444006340242082e-02
1.399175374843044002e-02
1.399175374843044002e-02
1.398840690509459486e-02
1.399156367190678915e-02
1.399263819801952087e-02
1.396115915238173300e-02
1.397015392028250549e-02
1.396714403655468714e-02
1.396714403655468541e-02
1.396369848525835268e-02
1.396116021297966886e-02
1.396116021297966539e-02
1.396720699964890816e-02
1.394534365000664293e-02
1.394228143468224934e-02
1.395121897451593804e-02
1.395722373843893450e-02
1.396027544192233495e-02
1.394387395370443559e-02
1.395753661331110111e-02
1.395753661331110111e-02
1.396392142640823404e-02
1.395542678493292069e-02
1.395547091136065815e-02
1.394406108864177339e-02
1.394407125420618968e-02
1.394407125420618447e-02
1.396037610689578740e-02
1.396037610689579087e-02
1.392887519806772570e-02
1.393497870430445047e-02
1.393937756333436286e-02
1.393937756333436112e-02
1.393937756333436112e-02
1.392622468673273238e-02
1.393652466859385264e-02
1.393958771384296372e-02
1.393958771384296025e-02
1.393351564088865686e-02
1.393656348852010361e-02
1.393353891485626071e-02
1.393353891485626245e-02
1.399536039371394348e-02
1.399951363662701835e-02
1.399954201922364722e-02
1.400171087213295841e-02
1.399872334121111950e-02
1.399871903656232063e-02
1.399874141784241723e-02
1.399874029376110829e-02
1.399430996181288273e-02
1.400623065500174007e-02
1.399696574514998175e-02
1.400855525844029760e-02
1.400589489861456954e-02
1.399778220386142455e-02
1.400268713593956667e-02
1.398429550322752637e-02
1.398130730358250820e-02
1.398130022629160037e-02
1.398130022629160210e-02
1.397833897447946921e-02
1.397833897447946748e-02
1.397454059992312737e-02
1.397829601052063241e-02
1.398021339926626243e-02
1.398573616866495735e-02
1.397194746737545450e-02
1.397022646883582311e-02
1.396723831791397800e-02
1.395581821614417378e-02
1.396700426665096507e-02
1.397001512189679530e-02
1.396702698253481957e-02
1.397000411075828910e-02
1.396702623784309809e-02
1.396341425092333284e-02
1.396700243819591104e-02
1.396999285828714500e-02
1.396108222074730378e-02
1.396108222074730551e-02
1.396108222074730551e-02
1.396381969171126523e-02
1.396382202095096912e-02
1.396381948969568042e-02
1.396133036815781769e-02
1.396133036815781943e-02
1.397028016120524345e-02
1.396944731066637052e-02
1.395545439842852363e-02
1.397246456163311369e-02
1.397274544896836244e-02
1.397274544896835898e-02
1.396682004862094539e-02
1.396682474481223887e-02
1.396682412351273224e-02
1.396682412351273224e-02
1.396976209733292659e-02
1.400423859239883530e-02
1.400403394068817052e-02
1.400726943479993665e-02
1.400974855160744617e-02
1.400074777000373180e-02
1.400936406949965761e-02
1.400936400504175332e-02
1.400050688254563490e-02
1.400811495429809053e-02
1.399279732549666908e-02
1.398983590977612677e-02
1.398983590977612504e-02
1.398983590977612677e-02
1.398983590977612157e-02
1.399583951864114169e-02
1.399455356320217399e-02
1.399579269043134920e-02
1.399877183748227637e-02
1.399878838103865882e-02
1.399879240891151178e-02
1.399316641628746763e-02
1.400510586871651919e-02
1.399929904487283785e-02
1.401632296851389181e-02
1.401331498435555087e-02
1.402126012433902759e-02
1.400074466804361768e-02
1.400074466804361595e-02
1.400074466804361595e-02
1.400376653057383049e-02
1.399349814743179946e-02
1.399349814743179772e-02
1.399271017431081947e-02
1.400181878544858906e-02
1.400600093115030899e-02
1.400302874565343206e-02
1.399706470609912191e-02
1.399706470609912018e-02
1.400004150880778363e-02
1.400004150880778016e-02
1.400644709577023722e-02
1.391598102143278004e-02
1.391482683975587414e-02
1.391775995787668078e-02
1.391775995787668425e-02
1.391602503638706030e-02
1.392383958126911306e-02
1.393693327328766884e-02
1.393693327328767058e-02
1.393623925990876249e-02
1.394256516949347359e-02
1.395491825942839735e-02
1.395491825942839909e-02
1.395491825942840255e-02
1.395774978840563611e-02
1.393203681747010210e-02
1.394923559152926908e-02
1.394637411862748380e-02
1.393187354501891281e-02
1.393185604872269889e-02
1.393185604872269716e-02
1.393102278992773904e-02
1.395564041506218433e-02
1.395644240203829621e-02
1.395929025698321516e-02
1.395929025698322036e-02
1.395929025698322383e-02
1.395930772163823594e-02
1.396006860194432507e-02
1.395848193842825873e-02
1.396137535161851191e-02
1.396137601598495745e-02
1.396976014819078724e-02
1.396792479392669137e-02
1.396108216355725247e-02
1.396768000383168638e-02
1.396205319712738417e-02
1.396205319712738417e-02
1.398039933391192514e-02
1.398039933391192861e-02
1.397200920275283760e-02
1.397486588443103833e-02
1.397764300995869846e-02
1.397764300995869152e-02
1.397004579058198220e-02
1.396737784633827334e-02
1.396737896615193007e-02
1.396737896615192487e-02
1.396385719827556056e-02
1.396429629093647908e-02
1.397081796350682463e-02
1.396799560640196031e-02
1.397579613208693727e-02
1.396982258561970877e-02
1.396982258561970877e-02
1.395911203510782905e-02
1.395911203510782732e-02
1.395972175946367903e-02
1.395972175946367556e-02
1.396012519985948171e-02
1.396012033101211129e-02
1.396066056976301428e-02
1.396352644917672747e-02
1.396379689025740133e-02
1.396379689025739959e-02
1.396066598166220002e-02
1.396631614352310084e-02
1.396423581721820649e-02
1.396423581721820649e-02
1.396423581721820649e-02
1.396223689863012457e-02
1.396639465932307360e-02
1.396639465932307013e-02
1.396801176804520796e-02
1.396801176804521143e-02
1.396514137518727917e-02
1.396513877514239492e-02
1.396513877514239839e-02
1.396519097716688619e-02
1.396472845562038781e-02
1.396760246967626226e-02
1.396298260457878686e-02
1.396292419452979834e-02
1.396534402681329050e-02
1.396672261819020301e-02
1.397126650913266439e-02
1.394742196318161584e-02
1.395297897676102232e-02
1.397374121942870917e-02
1.397374121942871264e-02
1.395776385195156462e-02
1.395776385195156462e-02
1.396063870069176767e-02
1.396810644654557405e-02
1.396443076036265989e-02
1.396218649701476931e-02
1.396218649701476931e-02
1.396474589343516155e-02
1.397179648265762728e-02
1.396906800480089174e-02
1.396631962358198947e-02
1.397464558699901965e-02
1.397631294475012477e-02
1.397462218140172949e-02
1.397344873397867587e-02
1.396722859753036193e-02
1.397257523642065832e-02
1.397383401577608798e-02
1.397463282397456118e-02
1.396792114176967012e-02
1.397079540964952724e-02
1.397079540964952724e-02
1.397341286240564792e-02
1.396976882471071338e-02
1.396976882471071511e-02
1.396155579822503170e-02
1.397017307820576891e-02
1.396606315585886479e-02
1.397017042541279230e-02
1.397303577349639885e-02
1.396728470046900740e-02
1.397888377596717517e-02
1.397888482301296552e-02
1.396447628710962945e-02
1.396792063025708783e-02
1.396567847188732829e-02
1.395800304944280236e-02
1.395933876096172588e-02
1.395698864110199791e-02
1.395698864110199618e-02
1.395708709623215242e-02
1.395627008840236855e-02
1.395627008840236855e-02
1.395808652474885871e-02
1.396311957066541723e-02
1.386944268463792367e-02
1.386661801541126324e-02
1.386661801541126844e-02
1.388163411930607230e-02
1.388172100341594599e-02
1.387909504401721970e-02
1.387909504401721970e-02
1.387628921108387606e-02
1.387628921108388473e-02
1.388203017340615061e-02
1.388470457091846647e-02
1.388470457091847340e-02
1.388470457091846647e-02
1.388470457091847340e-02
1.386454865753570902e-02
1.387298696997908004e-02
1.387298696997907310e-02
1.387058670851323838e-02
1.386741621116558375e-02
1.387408751178923795e-02
1.387408484671428903e-02
1.385383346857475481e-02
1.385613414735736154e-02
1.385619187439778022e-02
1.387090510007511768e-02
1.388149784722338999e-02
1.387881761903184477e-02
1.386869411641940275e-02
1.387145626170449390e-02
1.387815164845249485e-02
1.387528171874008801e-02
1.387528171874009841e-02
1.388461048215455969e-02
1.388154738079965672e-02
1.388102704271104715e-02
1.388371015870904467e-02
1.387818689493357238e-02
1.387818689493357238e-02
1.387530115769599476e-02
1.388065477240467763e-02
1.388065477240467763e-02
1.387340460539026286e-02
1.388348864382110172e-02
1.388068822516480214e-02
1.388067742604329885e-02
1.388102646412116108e-02
1.388010275698182798e-02
1.385979311096649860e-02
1.385402321404839016e-02
1.386195799421374546e-02
1.385712104665715559e-02
1.385991096592307549e-02
1.386562736235253009e-02
1.386290423956441920e-02
1.386361562476097660e-02
1.386082068661180847e-02
1.386565413479312441e-02
1.386289964585176587e-02
1.386849192083521205e-02
1.386569196472252352e-02
1.386289964585177455e-02
1.386289964585176934e-02
1.386289964585175893e-02
1.386289964585176934e-02
1.386289964585176934e-02
1.394818456617861677e-02
1.394646649087383922e-02
1.394646649087383922e-02
1.394646649087383922e-02
1.394265330024576158e-02
1.394299503333972824e-02
1.394299503333972304e-02
1.394298421304951928e-02
1.395355426926804185e-02
1.394551269992053838e-02
1.394551266838656677e-02
1.394538235092258882e-02
1.394551783064353762e-02
1.396142305777318092e-02
1.396142305777318265e-02
1.396324659549115325e-02
1.396324659549115325e-02
1.395776535838590127e-02
1.395585256810418472e-02
1.394732559419415395e-02
1.394712274094013146e-02
1.394779952087545592e-02
1.395342958798719175e-02
1.395624524580367336e-02
1.395338071846515676e-02
1.394779104633506357e-02
1.393186023107762482e-02
1.394875735042156936e-02
1.394876180932639632e-02
1.394324788267349395e-02
1.394875659030574144e-02
1.394855492103268778e-02
1.394855492103268778e-02
1.392214935158001161e-02
1.392212425937334151e-02
1.393321056652821639e-02
1.393040596529903155e-02
1.392675069160298831e-02
1.392675069160298831e-02
1.393040596529903329e-02
1.392200594435511266e-02
1.392200594435511266e-02
1.392386259849797379e-02
1.392102238205850280e-02
1.392200594497793736e-02
1.392200594497793563e-02
1.392200594497793910e-02
1.393893814093503762e-02
1.394120989209132223e-02
1.394120989209132050e-02
1.394119013042346630e-02
1.393816105322731244e-02
1.393816105322731071e-02
1.393816105322731244e-02
1.394685022377389373e-02
1.394685022377389720e-02
1.394685022377389720e-02
1.395046051050339436e-02
1.394962522418244713e-02
1.394962522418244713e-02
1.395284921263117116e-02
1.394520381423998596e-02
1.394439156441092988e-02
1.394821299921635352e-02
1.395194578061726733e-02
1.395855774126340300e-02
1.395852895935562575e-02
1.396110051313115968e-02
1.395830697774903990e-02
1.396391425989011899e-02
1.396132544457081431e-02
1.396115741344623566e-02
1.396115741344623566e-02
1.395835229149483374e-02
1.395835229149483374e-02
1.395915049210826216e-02
1.396046652520359019e-02
1.396609058119047814e-02
1.396609058119048161e-02
1.395808767389417060e-02
1.396898202266697205e-02
1.397247776913362015e-02
1.397530309096999164e-02
1.396767510558378882e-02
1.396585070284715908e-02
1.396585070284715735e-02
1.396753938022733156e-02
1.396585070284715215e-02
1.396585070284715388e-02
1.396765655027425515e-02
1.396585388244502013e-02
1.396585388244502360e-02
1.394788925768825419e-02
1.394782277863813348e-02
1.394504921870486254e-02
1.394225296178035374e-02
1.398562922989044985e-02
1.398209065076323754e-02
1.398489091352319962e-02
1.398753048867989145e-02
1.399027350780028718e-02
1.398209065076324101e-02
1.397934306325696908e-02
1.398209065076324274e-02
1.398209065076323927e-02
1.396434949533759996e-02
1.396160125617238769e-02
1.396366118553554747e-02
1.396366118553554921e-02
1.396432014364767243e-02
1.396238205743340760e-02
1.396435772893212489e-02
1.396160365488295814e-02
1.396808873146600238e-02
1.395730569182725839e-02
1.395730569182725839e-02
1.395832152785696396e-02
1.395720446515249548e-02
1.395640884457811579e-02
1.395641265303779015e-02
1.395918045080348814e-02
1.396003428850982157e-02
1.396003428850981984e-02
1.396440079067137567e-02
1.396831494758906528e-02
1.393333517149301579e-02
1.393333517149301579e-02
1.393689371177370302e-02
1.393308535450514703e-02
1.393660708019510940e-02
1.393031273319752031e-02
1.393273655936944945e-02
1.393195780385305879e-02
1.392229945456529595e-02
1.393765190337574629e-02
1.393765190337575149e-02
1.393765442869478177e-02
1.394683369919379710e-02
1.394495260304658667e-02
1.394014479251725648e-02
1.394015762869897472e-02
1.393953110037070460e-02
1.394309605481713378e-02
1.392986818230770862e-02
1.395448980019912445e-02
1.395558630554149214e-02
1.394195118249916959e-02
1.390257397897184943e-02
1.390484721839271853e-02
1.390484721839272027e-02
1.388841022289471691e-02
1.388841022289471518e-02
1.389117946082209232e-02
1.388838892278114641e-02
1.388737462248521883e-02
1.389387195710961413e-02
1.388231165154449852e-02
1.388231165154449852e-02
1.388331910557100146e-02
1.388053237290177988e-02
1.388053237290177641e-02
1.388018770065593648e-02
1.388632727008863761e-02
1.388632727008863588e-02
1.388755429523649138e-02
1.388751487975748919e-02
1.389127709644323930e-02
1.388401119934706308e-02
1.388671780155804544e-02
1.388401119934706135e-02
1.388830998941636974e-02
1.389252938756230238e-02
1.389248983092743021e-02
1.391824435524299623e-02
1.391284021643106675e-02
1.391284021643107022e-02
1.391807405117950931e-02
1.391286258628653821e-02
1.391548915372376599e-02
1.391548915372376599e-02
1.390661687728822482e-02
1.389707095515462648e-02
1.389707095515462475e-02
1.388552646475484618e-02
1.388552646475484792e-02
1.389254990814995164e-02
1.389128905457000587e-02
1.388779213850962167e-02
1.393248847354633911e-02
1.393250604113054937e-02
1.393250604113055111e-02
1.393252566393710958e-02
1.393800728495600723e-02
1.392347608507230050e-02
1.392347608507229877e-02
1.392525305588192958e-02
1.392673234887593925e-02
1.392188072759364091e-02
1.391913300301293559e-02
1.392195101558861385e-02
1.392195101558861385e-02
1.392320518268531059e-02
1.392870997533645488e-02
1.392991222266050898e-02
1.392320518268530538e-02
1.392315858393885358e-02
1.392869473244848916e-02
1.392595192780863265e-02
1.392867578455952472e-02
1.392585319910309705e-02
1.393637883674227543e-02
1.392266378309776897e-02
1.392266378309776897e-02
1.392241137657815320e-02
1.392266378309776724e-02
1.392542461237399921e-02
1.390016039638731528e-02
1.389474760213229958e-02
1.389752867101850392e-02
1.390637284089435433e-02
1.390122498080645190e-02
1.390122498080645017e-02
1.390673147032290245e-02
1.390397824197311429e-02
1.389916086489182377e-02
1.389633016152649718e-02
1.394123026741871801e-02
1.391494024035627025e-02
1.390719118881824160e-02
1.390444198446675293e-02
1.390713602255296867e-02
1.390718211632398053e-02
1.391429643182269700e-02
1.392073417840601623e-02
1.391554789089130204e-02
1.391604431199247593e-02
1.391604431199247420e-02
1.391604431199247767e-02
1.391604431199247767e-02
1.391455000875992110e-02
1.391455000875991763e-02
1.391455000875991936e-02
1.392588111198250246e-02
1.392313453476977034e-02
1.392311363371387563e-02
1.392030850726714945e-02
1.393856848009447473e-02
1.393830830510142844e-02
1.393856848009447646e-02
1.393856848009447646e-02
1.394131836701872039e-02
1.392957860585579584e-02
1.392682965918859775e-02
1.392682965918859601e-02
1.392400275635821867e-02
1.392403940431060153e-02
1.392403940431059112e-02
1.392604599116843006e-02
1.392324635928112939e-02
1.390845816650381102e-02
1.391780184337725913e-02
1.391780184337725740e-02
1.391803018815714749e-02
1.391489022527275278e-02
1.391516022494918535e-02
1.392048934625559134e-02
1.392071840606404903e-02
1.392614401958369892e-02
1.392614401958370239e-02
1.392978486889726031e-02
1.392980234873004118e-02
1.392980234873004118e-02
1.392976466766951069e-02
1.392960183606032146e-02
1.392684631466567166e-02
1.392704020370848922e-02
1.392929362823515371e-02
1.391752453318922250e-02
1.391752453318922771e-02
1.391473510192841462e-02
1.391549769517576828e-02
1.391549769517576828e-02
1.391469974118433525e-02
1.391468514920550861e-02
1.391463790192622695e-02
1.391553921243880894e-02
1.391553921243881067e-02
1.392005953667232662e-02
1.392005953667232662e-02
1.392332675127106942e-02
1.392306808903842272e-02
1.392306808903843313e-02
1.392035006421222035e-02
1.392034441189307289e-02
1.392028632890626380e-02
1.391780498419021780e-02
1.391723643861921510e-02
1.391907582189553724e-02
1.391907582189553377e-02
1.392057457060265173e-02
1.392057457060264999e-02
1.392057457060265173e-02
1.392056714659718752e-02
1.392626125279308215e-02
1.392626125279308041e-02
1.392543481389805181e-02
1.392355100971606752e-02
1.392778598060772505e-02
1.392504965751903585e-02
1.392504965751903759e-02
1.392405656036316448e-02
1.391430186779862681e-02
1.391856909792544422e-02
1.391585434236462110e-02
1.390968796163388060e-02
1.391856288957017684e-02
1.392473273529159020e-02
1.392416610637340485e-02
1.392419044366604609e-02
1.392441114106766908e-02
1.392441114106766908e-02
1.392441114106767255e-02
1.392440972835068923e-02
1.391072573854112114e-02
1.391469503457197845e-02
1.393286308479339299e-02
1.393547697347210373e-02
1.393550888414726678e-02
1.393550888414726505e-02
1.393275059723877302e-02
1.393824777135631993e-02
1.394092877013868199e-02
1.393553951429803671e-02
1.393553951429803671e-02
1.391974157058769798e-02
1.392211702151808540e-02
1.391514539214509967e-02
1.391057911552966847e-02
1.391062523588222459e-02
1.391499548402289760e-02
1.391457539169775603e-02
1.391457539169775777e-02
1.398416661965779136e-02
1.398331752060154136e-02
1.398130634619411394e-02
1.398082683414789834e-02
1.397923138329889257e-02
1.397923138329888217e-02
1.397675036472502408e-02
1.398840325004455099e-02
1.398727091753926462e-02
1.398727091753926462e-02
1.398433148119252248e-02
1.398433148119251901e-02
1.397664789472076799e-02
1.397664789472076625e-02
1.397661939571827848e-02
1.397661939571828021e-02
1.398799033861184218e-02
1.399292495253442146e-02
1.399008847810618086e-02
1.399291167378983319e-02
1.397362699149354466e-02
1.397894294470028269e-02
1.397052819017659611e-02
1.397284978641809630e-02
1.397097142888475974e-02
1.397396950345070575e-02
1.397114521367096886e-02
1.397343076304291901e-02
1.397792952026454504e-02
1.397481681688103432e-02
1.397283374811684326e-02
1.397226918619117082e-02
1.397226918619116735e-02
1.397226918619116735e-02
1.397227312166106350e-02
1.397792097102221534e-02
1.397508763824099887e-02
1.398643535334887465e-02
1.398076675251165232e-02
1.398359184286593858e-02
1.396739276868326843e-02
1.396941606315818367e-02
1.396454390423578808e-02
1.397281378295901419e-02
1.397281378295901766e-02
1.398080491251885334e-02
1.399428096437959138e-02
1.399428096437958617e-02
1.399684592553369390e-02
1.400042217181867062e-02
1.400041225920148520e-02
1.399969554659461456e-02
1.399969554659460762e-02
1.399969554659461282e-02
1.399969554659461803e-02
1.399969554659461282e-02
1.400253621809979462e-02
1.399968953858185539e-02
1.399686863622217649e-02
1.399686863622217649e-02
1.399405134756819165e-02
1.399403689271465703e-02
1.399064980885566904e-02
1.398965913444513362e-02
1.398716370178057673e-02
1.399234303951932268e-02
1.399234303951931574e-02
1.399762707949954443e-02
1.399843579820816281e-02
1.399283915006731618e-02
1.399839675876880796e-02
1.399862835157097973e-02
1.399862835157096065e-02
1.399694641600635232e-02
1.399862862534961665e-02
1.399911125927933743e-02
1.400193798265268047e-02
1.399912604826016212e-02
1.400473322439036057e-02
1.400271881394998461e-02
1.400556157324753595e-02
1.400473322439036231e-02
1.400087838234089291e-02
1.400391970348140343e-02
1.400386511459122615e-02
1.400210194470978553e-02
1.398844340296190834e-02
1.398806644704489628e-02
1.398806644704489975e-02
1.399293625697698058e-02
1.399055223247977486e-02
1.399146940383817067e-02
1.399408669719316538e-02
1.398626397893052223e-02
1.398626397893052743e-02
1.398377001950678461e-02
1.398240880089164986e-02
1.398240880089164639e-02
1.398266006907674525e-02
1.398161287148103060e-02
1.398240552566740007e-02
1.398468495858197491e-02
1.398180710203138742e-02
1.398180710203138395e-02
1.398863255203310930e-02
1.398863255203311277e-02
1.399408956695960028e-02
1.398940325588634084e-02
1.399139720203696792e-02
1.399144132613645668e-02
1.399079088804957086e-02
1.399077634213957005e-02
1.399077634213956485e-02
1.399077634213956138e-02
1.399077634213955965e-02
1.399077634213955965e-02
1.398825600225631766e-02
1.398587979616396602e-02
1.398587979616396255e-02
1.398587979616396949e-02
1.398587979616395735e-02
1.399539552790261300e-02
1.399820127359562016e-02
1.399820127359561669e-02
1.399802671124445765e-02
1.399802671124445071e-02
1.399802671124445244e-02
1.399802671124445244e-02
1.401913213180316746e-02
1.401913213180316226e-02
1.401651475311830458e-02
1.401641863117371843e-02
1.399966180745851503e-02
1.401387482189659500e-02
1.401322717795172763e-02
1.401322717795172069e-02
1.400614991443170469e-02
1.400854771202128708e-02
1.400851005438654047e-02
1.401070710527935713e-02
1.401070710527935886e-02
1.401070710527937448e-02
1.401070710527936927e-02
1.400867180952382329e-02
1.400785157290840993e-02
1.400981244601344142e-02
1.400454318593980646e-02
1.400407164018634305e-02
1.399702917036325066e-02
1.399702917036325586e-02
1.399536745125601854e-02
1.399969716063232360e-02
1.399691104409251166e-02
1.396157432174121443e-02
1.396154769520850832e-02
1.396154769520849964e-02
1.396154769520850311e-02
1.396154769520850311e-02
1.396407064052736756e-02
1.396442704985686664e-02
1.396155307694608647e-02
1.395872088494111256e-02
1.395241012148575217e-02
1.393249879911929133e-02
1.393245996140310763e-02
1.393817731337932027e-02
1.393817731337932027e-02
1.394101120272152501e-02
1.393819311073231544e-02
1.394673231676432645e-02
1.394378051262952153e-02
1.396459566837870113e-02
1.394194152900548635e-02
1.394479147248273154e-02
1.393995296840698159e-02
1.394478053988687342e-02
1.394469143456358862e-02
1.394466662750524708e-02
1.390150405426666090e-02
1.390150405426666437e-02
1.390613156595368015e-02
1.392919236236204485e-02
1.392919995996220149e-02
1.392601607597522551e-02
1.392601607597523418e-02
1.392350935061319531e-02
1.392969556263787614e-02
1.392278640629465714e-02
1.391788404474326134e-02
1.391788404474326134e-02
1.391788404474326134e-02
1.392069530106545931e-02
1.393514102540248552e-02
1.393511634732612879e-02
1.393466468128854580e-02
1.392714569149079706e-02
1.393009749619899575e-02
1.393009749619899228e-02
1.394146975522908387e-02
1.393017750516723288e-02
1.363069396975944564e-02
1.361819629472108516e-02
1.361847202712110003e-02
1.361857176744801431e-02
1.362487641279611084e-02
1.362487641279610910e-02
1.360321024782397588e-02
1.359793031666001184e-02
1.360736629737005314e-02
1.360736629737004620e-02
1.360736629737004794e-02
1.360736629737004794e-02
1.360736629737004620e-02
1.360690923561363140e-02
1.361635970751316933e-02
1.361323654191652285e-02
1.361323654191652112e-02
1.360200760657716799e-02
1.362768628888915388e-02
1.364367606856420334e-02
1.364894502414878974e-02
1.364354599918571505e-02
1.364731537991201171e-02
1.364312351438676935e-02
1.364312351438677282e-02
1.358943213786429141e-02
1.358483167546647129e-02
1.358483167546646955e-02
1.358483167546646955e-02
1.358483167546647129e-02
1.358483167546647129e-02
1.357952373313155332e-02
1.360115211636713818e-02
1.360687159201254097e-02
1.360155864244283822e-02
1.360682778918961659e-02
1.360157007173951917e-02
1.359896466393674744e-02
1.359636733069437275e-02
1.357697383628781070e-02
1.357697383628781417e-02
1.357697383628781243e-02
1.357697383628781243e-02
1.357570569775668617e-02
1.361371670000717862e-02
1.358612541619248076e-02
1.359184672119903049e-02
1.359642372618025986e-02
1.359617003865357804e-02
1.359618309667885716e-02
1.357373750873869245e-02
1.356673918821746545e-02
1.357950296392421152e-02
1.358136996138080768e-02
1.358136996138080421e-02
1.358424358488064670e-02
1.358424358488064670e-02
1.358424358488064497e-02
1.358424358488064670e-02
-2.396207731192710050e-02
-2.396207731192710050e-02
-2.400962878515084525e-02
-2.402779014420976939e-02
-2.402680860632894211e-02
-2.402672029373961390e-02
-2.402266450169833131e-02
-2.401358575600797546e-02
-2.401358575600797199e-02
-2.402846215166906663e-02
-2.402088379734058574e-02
-2.401407841630298634e-02
-2.401407841630297940e-02
-2.402112617053150934e-02
-2.405033978784582721e-02
-2.405040946414521014e-02
-2.405792352955373956e-02
-2.405701892571100037e-02
-2.405033978784582027e-02
-2.405033978784582721e-02
-2.402086844544255861e-02
-2.402810798285247643e-02
-2.402810798285247643e-02
-2.402849088615756704e-02
-2.402810798285248337e-02
-2.402810798285248683e-02
-2.402799668449888057e-02
-2.403550549481826143e-02
-2.403550549481825796e-02
-2.403704673239338840e-02
-2.403704673239338493e-02
-2.400066496315296852e-02
-2.398148061507488632e-02
-2.398865122915037201e-02
-2.399686495120202656e-02
-2.398306474333330995e-02
-2.396108737009668144e-02
-2.396108737009668144e-02
-2.396112598600669968e-02
-2.396108737009668491e-02
-2.396108737009668491e-02
-2.396817237217335403e-02
-2.399323882271685651e-02
-2.399323882271685651e-02
-2.400075051568201223e-02
-2.391651924468901971e-02
-2.387997704741971067e-02
-2.388560516342881634e-02
-2.389450200580048658e-02
-2.388016998712029840e-02
-2.388644060778348510e-02
-2.388825016084275901e-02
-2.388825016084276595e-02
-2.388780908003748649e-02
-2.388073184385150829e-02
-2.389288669292744666e-02
-2.390031984370876231e-02
-2.389981383486091543e-02
-2.390724634606881949e-02
-2.390024371151536903e-02
-2.390024371151536903e-02
-2.388322366828647333e-02
-2.391182660930073201e-02
-2.391182652391798252e-02
-2.390322567542373447e-02
-2.389612233647428474e-02
-2.389612233647428127e-02
-2.389612233647428127e-02
-2.387399304705698291e-02
-2.386652781768041146e-02
-2.386652781768041492e-02
-2.386657704658795912e-02
-2.386655898614412769e-02
-2.387230534118094452e-02
-2.386206582665186329e-02
-2.386222011491856074e-02
-2.385684671262442921e-02
-2.386632354855240667e-02
-2.384550667144014202e-02
-2.384622463235967424e-02
-2.384710115826042809e-02
-2.384710115826042809e-02
-2.384710115826042115e-02
-2.384428647358081271e-02
-2.385175799073880124e-02
-2.387073595153543434e-02
-2.393496286260499151e-02
-2.393496286260499845e-02
-2.393496286260499845e-02
-2.394218082216224494e-02
-2.394191440027427023e-02
-2.394856503715688673e-02
-2.395473734421334211e-02
-2.395476834359685364e-02
-2.395489959393771323e-02
-2.395489959393770629e-02
-2.395489959393771670e-02
-2.394769380767121716e-02
-2.396139316871350594e-02
-2.396788050282251323e-02
-2.396093170726999386e-02
-2.395100930772239844e-02
-2.395100930772239844e-02
-2.396465956433115399e-02
-2.395789251334675893e-02
-2.397140733845566987e-02
-2.393092917501790304e-02
-2.391729794314011170e-02
-2.392367098730746947e-02
-2.391718673250213187e-02
-2.391038031377252723e-02
-2.391813286777415976e-02
-2.392421197180793352e-02
-2.392494825333234265e-02
-2.392491405432769017e-02
-2.392456186362947046e-02
-2.392365932368535272e-02
-2.391945498112113544e-02
-2.391661942789173600e-02
-2.391799206935636690e-02
-2.391012697237302614e-02
-2.391012697237302267e-02
-2.392246689069753990e-02
-2.390485005307672883e-02
-2.389817580325614629e-02
-2.389817580325614629e-02
-2.390289715699393455e-02
-2.390289715699393108e-02
-2.390902083642341622e-02
-2.390532783071035866e-02
-2.389863186885467575e-02
-2.394572556196766094e-02
-2.393866631727739960e-02
-2.393884468436294558e-02
-2.389232521144115523e-02
-2.389232521144115870e-02
-2.389926157694129832e-02
-2.389232521144115870e-02
-2.389024039877742783e-02
-2.387961734099927624e-02
-2.389718322782612842e-02
-2.393238587806167592e-02
-2.393238587806167245e-02
-2.391589319300573349e-02
-2.392666631534951655e-02
-2.392155806363065879e-02
-2.392155806363066226e-02
-2.395662176493957435e-02
-2.395039707697978887e-02
-2.395733779313522979e-02
-2.395733779313522632e-02
-2.395733779313522632e-02
-2.395736516677708997e-02
-2.395733779310694686e-02
-2.393844100581010714e-02
-2.395191733034213177e-02
-2.395191733034213524e-02
-2.395835573895657711e-02
-2.394521805041256723e-02
-2.395191906237816026e-02
-2.395191906237815679e-02
-2.395191906237815679e-02
-2.395706283026195066e-02
-2.398261023878514586e-02
-2.396567671860529505e-02
-2.396101938455630007e-02
-2.395105431602534071e-02
-2.391183001476687026e-02
-2.391707840008946290e-02
-2.391707840008946637e-02
-2.391765105421731624e-02
-2.393092037950409964e-02
-2.392402531389273279e-02
-2.393032491805596740e-02
-2.392402531389273973e-02
-2.390459385733120085e-02
-2.390459385733120085e-02
-2.391124331394842845e-02
-2.392403658069998731e-02
-2.392487700277737619e-02
-2.402520254524466436e-02
-2.402558275213956610e-02
-2.401940612585636362e-02
-2.402592007664808987e-02
-2.399821109526370858e-02
-2.400420743769816900e-02
-2.401063874733384146e-02
-2.400420743769817247e-02
-2.396614913568128127e-02
-2.400845144305650478e-02
-2.401520514901560321e-02
-2.400186861503027583e-02
-2.401050459362168155e-02
-2.401564445394760439e-02
-2.402192532082182350e-02
-2.403411356825841186e-02
-2.404109414370848158e-02
-2.402669550356697700e-02
-2.402669550356697700e-02
-2.400681112119882471e-02
-2.399987167499956567e-02
-2.400684824878349111e-02
-2.396296603273882775e-02
-2.397458723066169320e-02
-2.398748200496352359e-02
-2.398565054784327494e-02
-2.398052754844879481e-02
-2.398054010456806759e-02
-2.397359052355600012e-02
-2.398536111460440601e-02
-2.399209797723746845e-02
-2.397305925432358098e-02
-2.397687444122886119e-02
-2.398181235133955980e-02
-2.398181235133955633e-02
-2.398181235133955633e-02
-2.398181235133956327e-02
-2.398181235133955980e-02
-2.398181235133955980e-02
-2.398181235133955980e-02
-2.398056506197352236e-02
-2.386254286398877336e-02
-2.384950916853630781e-02
-2.385613772850175493e-02
-2.384911398856550888e-02
-2.386296429268361385e-02
-2.384961412903219974e-02
-2.384961412903219974e-02
-2.385543895514334947e-02
-2.379688262462112749e-02
-2.379671538503646058e-02
-2.383091786161203873e-02
-2.383091786161204567e-02
-2.388720055094251116e-02
-2.388468106653044223e-02
-2.389022296009810087e-02
-2.390481117024317176e-02
-2.391129659784725289e-02
-2.389721719568119532e-02
-2.389694005106075478e-02
-2.391146744753632619e-02
-2.391146744753633313e-02
-2.390154928026816394e-02
-2.390154928026816047e-02
-2.387697638594286215e-02
-2.387697638594286215e-02
-2.387074031193360535e-02
-2.389017884484965701e-02
-2.389758867539725287e-02
-2.389065969669422126e-02
-2.387664635538569793e-02
-2.387087624167555377e-02
-2.387071348429473105e-02
-2.389621201349786256e-02
-2.386989915858252209e-02
-2.387671618333239362e-02
-2.388386739383775714e-02
-2.387720661231526598e-02
-2.388255475474099915e-02
-2.389136350167605019e-02
-2.386907227007137658e-02
-2.386742769394417304e-02
-2.386780065974779610e-02
-2.386083879382374165e-02
-2.386530379956030429e-02
-2.386530379956030082e-02
-2.385241973677273281e-02
-2.386498557589166250e-02
-2.385241973677272587e-02
-2.387198925926446030e-02
-2.388938142202753911e-02
-2.389095217335347049e-02
-2.388222395981518670e-02
-2.384864585779822646e-02
-2.384344167198472822e-02
-2.385649605805511414e-02
-2.385654805382887017e-02
-2.385025211368042852e-02
-2.385678417869864856e-02
-2.386605119107928705e-02
-2.386971430732203955e-02
-2.387675091241129449e-02
-2.387675091241129102e-02
-2.386989506264687588e-02
-2.386383078884750375e-02
-2.385936024882984868e-02
-2.385285813914672301e-02
-2.385285813914671607e-02
-2.385285813914671954e-02
-2.387281256929843498e-02
-2.387281256929843845e-02
-2.386370509600307249e-02
-2.383558076882485305e-02
-2.382255930668475755e-02
-2.382846754315571386e-02
-2.383243104766292683e-02
-2.383645461672283250e-02
-2.383243104766292683e-02
-2.383923509707249616e-02
-2.383893245652901616e-02
-2.383893245652901963e-02
-2.385175865733499961e-02
-2.385856838534937754e-02
-2.384537663725759538e-02
-2.383850100482063500e-02
-2.383850100482063847e-02
-2.383822523804988991e-02
-2.384485435791892233e-02
-2.382500283233434865e-02
-2.383192027025186552e-02
-2.383192027025186205e-02
-2.381882099673404696e-02
-2.384386576094442087e-02
-2.384275834359927265e-02
-2.395192481537958967e-02
-2.395192481537958620e-02
-2.394419628170347397e-02
-2.395116437243748411e-02
-2.395116437243748758e-02
-2.395116437243748064e-02
-2.394419628170347397e-02
-2.397251597407656573e-02
-2.396028968079907603e-02
-2.400789584001756724e-02
-2.400789584001757071e-02
-2.399205788405904191e-02
-2.399831613217861745e-02
-2.399155598543833631e-02
-2.399204035073100247e-02
-2.394139988243915856e-02
-2.393660789473122871e-02
-2.394714000288614836e-02
-2.394714000288614836e-02
-2.394723203344352458e-02
-2.395422503186187338e-02
-2.395357018094797230e-02
-2.395426370616250342e-02
-2.397038477176029539e-02
-2.397742643532366560e-02
-2.397746880691987298e-02
-2.397038477176029539e-02
-2.397703336782375586e-02
-2.398253438422959585e-02
-2.398253438422959238e-02
-2.394341802662525512e-02
-2.397203017352480398e-02
-2.397203017352480398e-02
-2.389705229398185818e-02
-2.390354933558392139e-02
-2.390354933558392139e-02
-2.392123780968720068e-02
-2.392345255481949720e-02
-2.391758530039527278e-02
-2.391758530039527972e-02
-2.391758530039527972e-02
-2.392453360864702644e-02
-2.392453360864702644e-02
-2.392502890227070009e-02
-2.393851330353522280e-02
-2.393170722404852277e-02
-2.393091177606743863e-02
-2.385985208955701195e-02
-2.385985208955701195e-02
-2.385985208955701195e-02
-2.386234261878126747e-02
-2.391491081870401186e-02
-2.391454186917975691e-02
-2.382039217954478108e-02
-2.382688177509796959e-02
-2.381350944082119211e-02
-2.385409495693217863e-02
-2.385409495693217516e-02
-2.385409495693217863e-02
-2.383447855022529857e-02
-2.383447855022529163e-02
-2.384521552087588356e-02
-2.384121234774526019e-02
-2.382144903285640311e-02
-2.384006664891294078e-02
-2.384603079559522235e-02
-2.384603079559521541e-02
-2.381334240419351669e-02
-2.382119169223817501e-02
-2.381418210111736419e-02
-2.381367814597071253e-02
-2.381419300222700763e-02
-2.382050994757144852e-02
-2.382050994757145893e-02
-2.389162773745603929e-02
-2.388493430441356383e-02
-2.389181200577626674e-02
-2.386960897930854794e-02
-2.387727413400585891e-02
-2.388265566230612924e-02
-2.388377247090026079e-02
-2.387690946760527913e-02
-2.388390151770001038e-02
-2.386885795938101587e-02
-2.386885795938101934e-02
-2.385735773364853346e-02
-2.385735773364854040e-02
-2.381728752028405144e-02
-2.381728752028404797e-02
-2.381728752028404797e-02
-2.381728752028404797e-02
-2.382477711997407419e-02
-2.381915790057924712e-02
-2.381860532961787083e-02
-2.383150403567887293e-02
-2.388055837863877970e-02
-2.389523677646972558e-02
-2.389523677646972211e-02
-2.389523677646972211e-02
-2.390188719192566646e-02
-2.388782297052720327e-02
-2.386911806348214829e-02
-2.387603680381968768e-02
-2.385495561912113344e-02
-2.386863281116529539e-02
-2.386863281116529539e-02
-2.383878144683276162e-02
-2.385041242979454856e-02
-2.385754817029293873e-02
-2.385679280260320084e-02
-2.385064810667153132e-02
-2.385137126624524775e-02
-2.384264611653236568e-02
-2.385230048694816571e-02
-2.386970023345455841e-02
-2.385762372428856110e-02
-2.385762372428855763e-02
-2.385762372428856110e-02
-2.386451703493697868e-02
-2.387780767532492882e-02
-2.386893630718233197e-02
-2.386771591404741877e-02
-2.386849140060908273e-02
-2.386849140060908273e-02
-2.385017008218388856e-02
-2.386636394345500317e-02
-2.391067115475298266e-02
-2.390376117387033733e-02
-2.391723457837118677e-02
-2.388581164941380383e-02
-2.388374050579963534e-02
-2.388374050579963187e-02
-2.388564776503264778e-02
-2.388602340871925217e-02
-2.388602340871925911e-02
-2.389246762292280418e-02
-2.389390167512165514e-02
-2.389390319750062802e-02
-2.386439340761381186e-02
-2.385850406910450944e-02
-2.386494788606290107e-02
-2.386494788606290454e-02
-2.385850406910450944e-02
-2.386568546542453678e-02
-2.384591774391665170e-02
-2.390218364811399002e-02
-2.389054358628873304e-02
-2.389054358628873304e-02
-2.389278163374134595e-02
-2.388419007519443707e-02
-2.389054358628873304e-02
-2.389739699792439026e-02
-2.389054358628873651e-02
-2.389054358628873304e-02
-2.389067523817516719e-02
-2.389752155199065600e-02
-2.389650783182040508e-02
-2.390281742239880325e-02
-2.388962633713435230e-02
-2.388962633713435230e-02
-2.389139885745445238e-02
-2.389139885745445238e-02
-2.389754290327346029e-02
-2.389139885745445585e-02
-2.389139885745445585e-02
-2.388963550352108528e-02
-2.390317163879508017e-02
-2.388963550352108181e-02
-2.389625744485131265e-02
-2.390901319001268593e-02
-2.389687137677820941e-02
-2.392241574731142351e-02
-2.392241574731142351e-02
-2.391055497172538818e-02
-2.388025871361081423e-02
-2.388025871361081770e-02
-2.388711785502681956e-02
-2.389134870731120242e-02
-2.387570648954636179e-02
-2.386828905211534416e-02
-2.386184650243060659e-02
-2.386184650243061006e-02
-2.405528956272359742e-02
-2.405528956272359395e-02
-2.406896975431429414e-02
-2.406904345117487701e-02
-2.406219378926765379e-02
-2.406219378926764685e-02
-2.406219378926765379e-02
-2.405528956272359395e-02
-2.407538639547094142e-02
-2.408078903467134047e-02
-2.416209125814749656e-02
-2.418333121659565696e-02
-2.416154571744694515e-02
-2.416154571744694862e-02
-2.417544025569823632e-02
-2.411629763053876885e-02
-2.412207146020386994e-02
-2.412220581234370345e-02
-2.412207146020386647e-02
-2.411666191697725906e-02
-2.411795940578976075e-02
-2.411639504808139184e-02
-2.412349279769959373e-02
-2.408079551475830749e-02
-2.407414948097078011e-02
-2.408101575483525061e-02
-2.413785784428917197e-02
-2.412270947201098845e-02
-2.413568332371271094e-02
-2.412934797994356964e-02
-2.412934797994356964e-02
-2.410711870879789914e-02
-2.410065506928580140e-02
-2.410466703780994244e-02
-2.411913256029547467e-02
-2.411803326140490519e-02
-2.411165360968257551e-02
-2.411266729470519857e-02
-2.411076564601022376e-02
-2.411751842597007617e-02
-2.411054684190174976e-02
-2.411389101167942320e-02
-2.411399988812276338e-02
-2.411399988812276685e-02
-2.411389101167942320e-02
-2.411389101167942667e-02
-2.411389101167942667e-02
-2.409916148814277709e-02
-2.409916148814278056e-02
-2.410524915461184289e-02
-2.408278086829963513e-02
-2.414145862540021531e-02
-2.414145862540021531e-02
-2.408664431426577393e-02
-2.408664431426577740e-02
-2.411549749362100481e-02
-2.410246079333177444e-02
-2.411385092486943715e-02
-2.410044298195225532e-02
-2.410044298195225532e-02
-2.410044298195225532e-02
-2.410044298195225532e-02
-2.409408820254217709e-02
-2.410922606007654539e-02
-2.410021546297039241e-02
-2.407780984051750839e-02
-2.409759001413011581e-02
-2.409231138428316599e-02
-2.408872170429722862e-02
-2.411769815227831487e-02
-2.411920155203207614e-02
-2.411227731243573147e-02
-2.411919024133201903e-02
-2.411919024133201903e-02
-2.411855900358918572e-02
-2.411855900358918919e-02
-2.410594250336893160e-02
-2.410594250336893160e-02
-2.410593924739361585e-02
-2.413175760716256002e-02
-2.411225770863525270e-02
-2.413147851797476512e-02
-2.413306000043254074e-02
-2.413869042931663170e-02
-2.412429443565993273e-02
-2.417137291113991698e-02
-2.416494209506150209e-02
-2.412718583168810965e-02
-2.413027268246726448e-02
-2.414044846272588030e-02
-2.414044846272587336e-02
-2.414044846272587683e-02
-2.414044846272587683e-02
-2.414044846272588377e-02
-2.412682165523303071e-02
-2.413395917473110802e-02
-2.414155732296478785e-02
-2.414844938123297813e-02
-2.416436489134024534e-02
-2.415094922715962239e-02
-2.414437503251502110e-02
-2.413863357277198571e-02
-2.413863357277198571e-02
-2.414664619343160831e-02
-2.414681123926297121e-02
-2.413971806197688988e-02
-2.412759972379603657e-02
-2.413248442857513637e-02
-2.413248442857513984e-02
-2.413248442857514331e-02
-2.413932760594397764e-02
-2.413932760594397070e-02
-2.413255131029403908e-02
-2.416279098433390601e-02
-2.415666773675658949e-02
-2.412655050150840433e-02
-2.412655050150840433e-02
-2.412655050150840086e-02
-2.412655050150840433e-02
-2.413235087036657428e-02
-2.413235087036657081e-02
-2.413884010758357221e-02
-2.413701673719075014e-02
-2.411444424635486236e-02
-2.410773094770437414e-02
-2.410773094770437414e-02
-2.413634696395241391e-02
-2.411680829053811440e-02
-2.411680446838141215e-02
-2.411007060659787690e-02
-2.409777834679707048e-02
-2.411792269101893996e-02
-2.411148088436558881e-02
-2.411859143062646677e-02
-2.410529312283987355e-02
-2.409733429741174604e-02
-2.409764065767404026e-02
-2.409764065767404026e-02
-2.410485247167869216e-02
-2.410484412718124150e-02
-2.415388245922852478e-02
-2.416079532181317907e-02
-2.416077940270729141e-02
-2.414840471530914010e-02
-2.414840471530914356e-02
-2.414868178560437492e-02
-2.413508790805488774e-02
-2.413479071506507978e-02
-2.414759602221115339e-02
-2.414184552395591196e-02
-2.414653282311217397e-02
-2.414624540665055372e-02
-2.414727348587523276e-02
-2.414087691302597288e-02
-2.411396416250760968e-02
-2.411965075363912275e-02
-2.411965075363912275e-02
-2.414617984251319488e-02
-2.414617984251319488e-02
-2.414617984251318794e-02
-2.414656796761386129e-02
-2.415179712413820928e-02
-2.415067908017847279e-02
-2.410017705554439588e-02
-2.410022492175584521e-02
-2.410017705554439241e-02
-2.410017705554439588e-02
-2.410017705554439588e-02
-2.409348591489792607e-02
-2.409822825100784577e-02
-2.410037820475080528e-02
-2.412170050902431515e-02
-2.412170050902431515e-02
-2.413560367553592087e-02
-2.412704431674320138e-02
-2.412379821692974338e-02
-2.411864827205601261e-02
-2.411864827205600567e-02
-2.412533182408149041e-02
-2.414612804309742428e-02
-2.414612804309742428e-02
-2.414612804309742428e-02
-2.414612804309742428e-02
-2.398225205999578863e-02
-2.398225205999578516e-02
-2.397435199262138578e-02
-2.398121266757970854e-02
-2.398725315820624676e-02
-2.398781874826966601e-02
-2.398204691784336720e-02
-2.397523887547022350e-02
-2.397523887547022350e-02
-2.397781940206674192e-02
-2.397781940206674886e-02
-2.397813565128257413e-02
-2.397034175090020577e-02
-2.397225862920006681e-02
-2.399184284327522676e-02
-2.399188943677611763e-02
-2.399792185951974202e-02
-2.398576284551886054e-02
-2.396337618491877278e-02
-2.395683491244582006e-02
-2.394454188464901004e-02
-2.397980418151019963e-02
-2.398953951936340367e-02
-2.397674269044788517e-02
-2.397674269044788170e-02
-2.399015606168839951e-02
-2.397631465976715268e-02
-2.399837400558429631e-02
-2.399305546803199435e-02
-2.399269618700759776e-02
-2.399269618700759776e-02
-2.399514759163087416e-02
-2.399514759163087416e-02
-2.400284463747425628e-02
-2.400284463747425281e-02
-2.399391387180809659e-02
-2.399388524113087520e-02
-2.399009785731574806e-02
-2.399014152116403509e-02
-2.399014152116402468e-02
-2.399009785731574806e-02
-2.399229344276698414e-02
-2.399229344276698761e-02
-2.399229344276698761e-02
-2.399772337764112529e-02
-2.400471269592283768e-02
-2.399896419169681577e-02
-2.397934130753075904e-02
-2.397745032927126735e-02
-2.398306003412632378e-02
-2.397244075550683529e-02
-2.397930151573468213e-02
-2.397244075550683182e-02
-2.397244075550683529e-02
-2.398436284513889849e-02
-2.397885186503755789e-02
-2.396647292687379208e-02
-2.401917140566159348e-02
-2.405369419892233046e-02
-2.402015313685286826e-02
-2.402629123522164248e-02
-2.402629123522164248e-02
-2.403317623545689341e-02
-2.400678451288723939e-02
-2.401913739010126669e-02
-2.397923046010645015e-02
-2.397923046010644668e-02
-2.397916254126030572e-02
-2.398693324289371057e-02
-2.397352148894092705e-02
-2.398045991244736330e-02
-2.398045991244736677e-02
-2.397782119041939192e-02
-2.398450331435871691e-02
-2.396164314434862108e-02
-2.394800775930265579e-02
-2.396078422106473829e-02
-2.396534477992721610e-02
-2.395979820728149148e-02
-2.394725788042123202e-02
-2.392803077152750105e-02
-2.393419865039706634e-02
-2.392803077152750105e-02
-2.393451330109128486e-02
-2.392821093888726144e-02
-2.397402513382650494e-02
-2.397402513382651187e-02
-2.397402513382650147e-02
-2.409588656753696573e-02
-2.409588656753696573e-02
-2.405722662766957703e-02
-2.405734270796696175e-02
-2.405739537118046709e-02
-2.405739537118047403e-02
-2.405738437449449901e-02
-2.407540862401856899e-02
-2.407179053128954277e-02
-2.404594934996827013e-02
-2.404594934996827013e-02
-2.404594934996827013e-02
-2.407059714282043864e-02
-2.404693923447445009e-02
-2.405228601505303085e-02
-2.404523609763564718e-02
-2.407008683077692043e-02
-2.407008683077691696e-02
-2.403290098725790677e-02
-2.402804802196244205e-02
-2.403531753961500594e-02
-2.403406932381710673e-02
-2.402796103243799372e-02
-2.405485389719736258e-02
-2.404665053424514046e-02
-2.402318309134478941e-02
-2.403608668040003310e-02
-2.404868515122057099e-02
-2.406895054880167292e-02
-2.402881773121863865e-02
-2.403566601395753372e-02
-2.350515548856538933e-02
-2.351377011855424609e-02
-2.350566867266710297e-02
-2.350566867266709950e-02
-2.349706738856540203e-02
-2.351413947739420043e-02
-2.352164987525485335e-02
-2.352164987525485335e-02
-2.352088715249553777e-02
-2.352088715249554471e-02
-2.352088715249554471e-02
-2.352088715249554471e-02
-2.352923015713972998e-02
-2.352923015713972651e-02
-2.352923015713972651e-02
-2.353158597381844325e-02
-2.353158597381845366e-02
-2.353158597381845366e-02
-2.353176579727796203e-02
-2.354711564652972600e-02
-2.356772471510047012e-02
-2.357589016722308820e-02
-2.355755142371027816e-02
-2.355049601316297481e-02
-2.354563470523126506e-02
-2.354563470523126506e-02
-2.354563470523126159e-02
-2.354693140552161293e-02
-2.354693140552162334e-02
-2.355571786239744891e-02
-2.354564618823038608e-02
-2.354564618823039301e-02
-2.356547963646142552e-02
-2.355039005286973727e-02
-2.354116057107697585e-02
-2.354313354877386397e-02
-2.353520675964766717e-02
-2.354318526726309826e-02
-2.353490896113958480e-02
-2.354290114091309866e-02
-2.354594913533762657e-02
-2.353824555231486329e-02
-2.353824555231485982e-02
-2.355426340157065410e-02
-2.352972822861871052e-02
-2.353815139611317719e-02
-2.357981012522751205e-02
-2.359523483582153663e-02
-2.359523483582154357e-02
-2.358313356711906617e-02
-2.359159243757197322e-02
-2.361412411129604899e-02
-2.358538373144523567e-02
-2.359919845659293539e-02
-2.358711368027479466e-02
-2.359976838434058380e-02
-2.359618017023920600e-02
-2.358006603578164176e-02
-2.358006603578164176e-02
-2.358006603578163829e-02
-2.358006603578164176e-02
-2.358006603578163829e-02
-2.358006603578164176e-02
-2.358080307579491636e-02
-2.358817359043195380e-02
-2.358560236703311982e-02
-2.358560236703311636e-02
-2.358760924595170588e-02
-2.361189511841375183e-02
-2.361189511841374836e-02
-2.359767587699267491e-02
-2.359767587699267144e-02
-2.360586768714712305e-02
-2.369732208344817875e-02
-2.370783463439574482e-02
-2.359035348014473787e-02
-2.359035348014473094e-02
-2.360609783921099533e-02
-2.358157781036692921e-02
-2.359860876614599742e-02
-2.359034455025856361e-02
-2.361449459747696003e-02
-2.358217132037974950e-02
-2.363984472518291732e-02
-2.363984472518291385e-02
-2.363984472518291385e-02
-2.364812026641617895e-02
-2.363984472518291385e-02
-2.361615922888345848e-02
-2.359947333357097915e-02
-2.360716945239467804e-02
-2.364730627120436093e-02
-2.364730627120436787e-02
-2.364730627120436787e-02
-2.364730627120436440e-02
-2.364639525075780402e-02
-2.362146624895167246e-02
-2.362134661614792228e-02
-2.362134758216748870e-02
-2.362825219291362841e-02
-2.364492582493741418e-02
-2.362141135710208936e-02
-2.361343314808973803e-02
-2.364627865758901423e-02
-2.365445575021313945e-02
-2.364627865758901076e-02
-2.364627865758901076e-02
-2.365401535155963603e-02
-2.365401535155963950e-02
-2.364218575163856001e-02
-2.363685650531661270e-02
-2.363685650531660923e-02
-2.363685650531661270e-02
-2.363685650531660923e-02
-2.364807364951683130e-02
-2.363520323741343312e-02
-2.363158498135079291e-02
-2.363158498135079985e-02
-2.363083365101702540e-02
-2.362250812212072712e-02
-2.363073481004675583e-02
-2.358984562622960107e-02
-2.358275775009004149e-02
-2.360592076018818569e-02
-2.359106578088597875e-02
-2.359106578088597875e-02
-2.358329620958017972e-02
-2.358329620958017625e-02
-2.358329620958016931e-02
-2.359106578088597528e-02
-2.359061046487003974e-02
-2.359050120823571670e-02
-2.359050120823572363e-02
-2.359858614739668292e-02
-2.363129270916660210e-02
-2.360847883309146605e-02
-2.362304828193493786e-02
-2.361405788621495985e-02
-2.360638136685153446e-02
-2.360638136685153446e-02
-2.361187204466895853e-02
-2.360351736533596381e-02
-2.355258146391904853e-02
-2.354438830283898595e-02
-2.354438830283898942e-02
-2.355935542595484142e-02
-2.356117445407729730e-02
-2.356090142362052275e-02
-2.355274340625630736e-02
-2.355319436404216399e-02
-2.354778819767738840e-02
-2.355114575099203494e-02
-2.354612988750306307e-02
-2.355409819567041985e-02
-2.355409819567041985e-02
-2.354656018264043513e-02
-2.357917579333747640e-02
-2.357917579333747640e-02
-2.357917579333748334e-02
-2.356661069116636545e-02
-2.355520024907655288e-02
-2.355520024907655635e-02
-2.356333430170584262e-02
-2.355564795358444652e-02
-2.355564795358444652e-02
-2.355593688132720520e-02
-2.354405676068118194e-02
-2.355650012672402122e-02
-2.356883324460912893e-02
-2.356883324460913587e-02
-2.359325468824955210e-02
-2.355397801273454578e-02
-2.355374870734942144e-02
-2.356022846225742234e-02
-2.353501659527558118e-02
-2.375509227399343060e-02
-2.376538085022209326e-02
-2.376538085022209326e-02
-2.374884761549882900e-02
-2.378081265381924714e-02
-2.378081265381924020e-02
-2.378081265381924367e-02
-2.378943610782589119e-02
-2.378039636225388886e-02
-2.380657687018716828e-02
-2.380657687018717175e-02
-2.380657687018716828e-02
-2.380657687018717175e-02
-2.380932153018705533e-02
-2.380932153018705880e-02
-2.381844917755965296e-02
-2.381844917755965990e-02
-2.366024021820126860e-02
-2.366024021820127554e-02
-2.364392333908580182e-02
-2.364492335987425711e-02
-2.364492364857562895e-02
-2.366775130575176148e-02
-2.367597221695065188e-02
-2.367597221695065535e-02
-2.367597221695065188e-02
-2.364228459820907555e-02
-2.365039626349307519e-02
-2.362091220441986730e-02
-2.364289744414074107e-02
-2.364757462142768468e-02
-2.376627671755375884e-02
-2.375777774926493557e-02
-2.376801349724268209e-02
-2.377468285318902474e-02
-2.379409596599667276e-02
-2.377332182826289234e-02
-2.376650182539364470e-02
-2.374259529099876503e-02
-2.375846115576511416e-02
-2.377243135316766537e-02
-2.377514428945023267e-02
-2.375863370399255992e-02
-2.361825433021839948e-02
-2.361864701608072312e-02
-2.363143673516160739e-02
-2.360263999166319418e-02
-2.360276926026979444e-02
-2.361032051391638228e-02
-2.361032051391638575e-02
-2.361032051391638575e-02
-2.362659930828532595e-02
-2.361045581012429645e-02
-2.361857328353083804e-02
-2.361618070906632005e-02
-2.361997844404856856e-02
-2.361167904503576678e-02
-2.359913275462174886e-02
-2.360996600682594218e-02
-2.361760645066615302e-02
-2.361805150260156208e-02
-2.359407439677729118e-02
-2.360255967756219944e-02
-2.359407439677729465e-02
-2.360954209683041941e-02
-2.360954209683041941e-02
-2.360947760648883856e-02
-2.363377304740407747e-02
-2.363377304740407747e-02
-2.360608834694707600e-02
-2.360714428443866711e-02
-2.360519863755395145e-02
-2.356797963043964772e-02
-2.358145712468976904e-02
-2.358165000154101298e-02
-2.358997443028353069e-02
-2.360562621597675839e-02
-2.359717802278155085e-02
-2.364828404578899271e-02
-2.364828404578899271e-02
-2.361914329711937641e-02
-2.361922011047216940e-02
-2.361922011047217634e-02
-2.367718536243473143e-02
-2.368566836708521986e-02
-2.366153846945007536e-02
-2.366171134339482146e-02
-2.367602735674775166e-02
-2.369134985850675917e-02
-2.367824086062454356e-02
-2.364407697632882679e-02
-2.363658044407095440e-02
-2.363660312220029064e-02
-2.361290740071748939e-02
-2.361290740071748592e-02
-2.361290740071748245e-02
-2.362040190024272332e-02
-2.362874316538152858e-02
-2.362874316538152511e-02
-2.364258087248054946e-02
-2.362915855424033498e-02
-2.362915855424033498e-02
-2.363801688220963301e-02
-2.362989978630319898e-02
-2.363797605254027573e-02
-2.363797605254028267e-02
-2.366138762704643114e-02
-2.364502576126702865e-02
-2.365281900192888614e-02
-2.363664422012203697e-02
-2.366743752424950095e-02
-2.367596114529145132e-02
-2.365218819138221670e-02
-2.365208362670959477e-02
-2.364992080283787393e-02
-2.364321537091695902e-02
-2.364321537091696249e-02
-2.364321537091695555e-02
-2.367139424920333690e-02
-2.367469134324841351e-02
-2.367469134324841351e-02
-2.364982142395059134e-02
-2.365754971551982389e-02
-2.366637525243133269e-02
-2.364993586400237699e-02
-2.365828796629114092e-02
-2.367669237117501352e-02
-2.364126203910008744e-02
-2.364126203910009091e-02
-2.363845440285529745e-02
-2.365045520018626418e-02
-2.366195090243018023e-02
-2.367030491098779180e-02
-2.366195090243018023e-02
