1.042095182318816815e-02
1.042095182318769631e-02
1.042108204143837868e-02
1.042110604106194494e-02
1.040171722660143683e-02
1.038930726572023788e-02
1.038930726572018237e-02
1.040329962371154202e-02
1.040329962371154202e-02
1.040333497646969869e-02
1.040333497646971257e-02
1.040804992994065481e-02
1.041282192484980877e-02
1.040321345074967513e-02
1.040260447482685598e-02
1.039759420450514504e-02
1.040737999142212281e-02
1.040260447482682996e-02
1.040260447482682128e-02
1.040756769709375723e-02
1.040756769709377631e-02
1.040756769709377458e-02
1.041210687032124126e-02
1.040357915966961394e-02
1.040357915966962088e-02
1.040552173993855231e-02
1.040552173993853843e-02
1.040095736937948767e-02
1.039606994642917892e-02
1.038817911707128408e-02
1.040570625619447256e-02
1.040090384434281916e-02
1.039609811705620446e-02
1.039609811705619578e-02
1.039609811705619578e-02
1.039602374951703254e-02
1.039607073764683108e-02
1.040098356023964887e-02
1.040066683971279347e-02
1.040066683971278480e-02
1.040066683971277613e-02
1.040066683971278133e-02
1.040067966701523419e-02
1.040067966701523593e-02
1.040067966701522899e-02
1.040046906857282870e-02
1.039601864283896254e-02
1.039601864283895907e-02
1.039599318689228731e-02
1.040366593076823103e-02
1.040844125327628454e-02
1.041363745619040826e-02
1.040866826306727569e-02
1.040866826306727569e-02
1.040866826306726875e-02
1.040866826306725834e-02
1.040376259985509137e-02
1.040350719860805989e-02
1.038907020227758556e-02
1.039382714559163208e-02
1.039382714559164596e-02
1.039425978954557767e-02
1.039425978954556899e-02
1.038930362100977216e-02
1.040379256560627734e-02
1.040877851436084085e-02
1.040391167868177057e-02
1.039904241067560881e-02
1.038560209682135894e-02
1.038560278934526869e-02
1.038560278934525655e-02
1.038084899568309481e-02
1.038523758533516778e-02
1.037545626096714885e-02
1.038507325561409747e-02
1.040434732235919098e-02
1.036977446970213483e-02
1.038489738105449409e-02
1.038002368707068544e-02
1.038002368707069412e-02
1.038002368707068718e-02
1.038002368707068024e-02
1.038086137984533218e-02
1.038086137984533738e-02
1.038086137984533912e-02
1.037595412707043377e-02
1.037595412707043724e-02
1.037595412707043377e-02
1.038091313333675859e-02
1.038091313333677074e-02
1.042221965210105017e-02
1.042221965210104496e-02
1.041756407340310372e-02
1.043017471878784561e-02
1.039352003911139626e-02
1.039352003911139452e-02
1.039352003911139799e-02
1.039352003911138758e-02
1.039352003911138932e-02
1.039352003911137717e-02
1.041722447004148414e-02
1.041269024315370599e-02
1.041269024315371813e-02
1.041749634231876713e-02
1.041749634231877233e-02
1.042212550674592036e-02
1.041748012956573641e-02
1.041745794352167027e-02
1.042157499618064954e-02
1.042654485395201440e-02
1.042157499618065301e-02
1.041299323283965787e-02
1.040414011818831079e-02
1.040414011818830906e-02
1.041307629582389517e-02
1.042290554415158804e-02
1.042332749336978386e-02
1.041852753793704248e-02
1.044676695288097000e-02
1.045152186275238870e-02
1.045152186275240605e-02
1.045152186275241125e-02
1.045122768399435985e-02
1.046576523458982687e-02
1.046035577615541529e-02
1.046035577615540661e-02
1.046035476261694859e-02
1.045611851070900496e-02
1.045611851070900669e-02
1.046093222566034375e-02
1.045611851070901016e-02
1.046392428728422364e-02
1.046882939077048436e-02
1.047784813301215479e-02
1.047543511336416697e-02
1.048201347312575568e-02
1.047763439488487436e-02
1.047763439488487783e-02
1.048763464923455763e-02
1.048254468966974481e-02
1.048761603556292929e-02
1.048761603556292756e-02
1.048761603556292929e-02
1.049093352943940814e-02
1.049093352943941855e-02
1.049093352943940988e-02
1.049093352943941508e-02
1.048268163355980942e-02
1.047286027912791399e-02
1.047286027912792787e-02
1.047286027912791399e-02
1.047286027912791573e-02
1.047616688502397281e-02
1.048273344330459371e-02
1.048273344330461106e-02
1.048272023155228695e-02
1.048257757265625909e-02
1.048744409998153895e-02
1.047786201427987514e-02
1.044607198212104543e-02
1.044607198212103676e-02
1.044082342077233376e-02
1.044082342077233376e-02
1.044082342077232682e-02
1.044144921666665012e-02
1.043650917418829926e-02
1.044446338094219030e-02
1.045630081943662790e-02
1.045630081943662790e-02
1.045630081943662790e-02
1.048397899502234720e-02
1.048397899502233506e-02
1.046758544064361682e-02
1.049701085516671108e-02
1.049214428883939003e-02
1.049214428883938829e-02
1.040841781424916256e-02
1.041450597829263539e-02
1.041021172480904866e-02
1.041019808727187447e-02
1.041021172480904172e-02
1.041021172480904346e-02
1.041021172480904519e-02
1.041897604921195042e-02
1.041520844291681999e-02
1.040147802489632851e-02
1.040177102514366556e-02
1.042560369479598494e-02
1.042560369479597279e-02
1.042560369479597800e-02
1.042909305810211899e-02
1.043506197496478320e-02
1.043506197496478320e-02
1.043032701973402136e-02
1.043032701973402310e-02
1.043032701973401963e-02
1.043032701973401963e-02
1.041448084431398705e-02
1.041457597039411632e-02
1.041457597039411979e-02
1.041500679796903209e-02
1.041457597039411286e-02
1.040938953533892056e-02
1.041495317001272895e-02
1.040976977271684985e-02
1.041971773480127039e-02
1.041971773480126345e-02
1.042154444257547066e-02
1.042154444257547413e-02
1.041495317001272895e-02
1.042426538336239418e-02
1.042927201827033128e-02
1.041886260853878803e-02
1.041886260853879496e-02
1.041867567095166973e-02
1.041886260853878803e-02
1.042376604935074669e-02
1.041884718329454985e-02
1.041884718329454985e-02
1.041977133651102866e-02
1.042249657688211137e-02
1.042249657688211484e-02
1.042249657688211657e-02
1.041203241397710248e-02
1.042701495842133889e-02
1.042701495842134063e-02
1.043176411653999776e-02
1.042701495842133889e-02
1.042165496568625213e-02
1.041722426183397734e-02
1.041722426183397908e-02
1.041722426183397561e-02
1.041722426183397908e-02
1.040823479779886228e-02
1.040823479779886922e-02
1.040823479779886575e-02
1.041966264338524233e-02
1.044761121742668677e-02
1.044282463129375671e-02
1.043802431207375633e-02
1.044280664068533877e-02
1.042386585710129189e-02
1.042327456759041537e-02
1.041842576531304757e-02
1.041842576531304930e-02
1.042315925058764914e-02
1.042315925058765781e-02
1.042315925058764567e-02
1.042808195533566698e-02
1.042808195533566698e-02
1.043719392897245191e-02
1.044207591448753289e-02
1.041827517747552674e-02
1.041979228840139889e-02
1.041979228840140236e-02
1.041979228840140236e-02
1.041979228840140236e-02
1.041529604843133804e-02
1.041510722976164705e-02
1.041529604843133110e-02
1.041529604843132936e-02
1.041529604843132936e-02
1.042016544146162974e-02
1.042471907385478236e-02
1.041542269392588434e-02
1.041542269392587913e-02
1.042476973566218955e-02
1.041542269392589301e-02
1.041542269392588954e-02
1.039244313782358188e-02
1.039732476814090104e-02
1.038767189853078560e-02
1.039240273840301432e-02
1.039223356708285188e-02
1.039243462690981300e-02
1.039259148082869594e-02
1.038766357449119604e-02
1.039619757323716892e-02
1.039615354123589464e-02
1.039619757323716719e-02
1.039619757323717239e-02
1.040538854550580178e-02
1.039021115774829696e-02
1.039486667315419645e-02
1.039486667315419992e-02
1.039486667315419298e-02
1.039486667315419298e-02
1.039677589417657873e-02
1.039677589417658046e-02
1.040602471992531711e-02
1.040602471992531537e-02
1.040602471992531537e-02
1.040602471992531364e-02
1.040108603606631522e-02
1.040108603606632043e-02
1.040108603606632043e-02
1.040108603606632910e-02
1.040068574433013204e-02
1.040114338952971215e-02
1.040096636754567899e-02
1.041083055281709704e-02
1.040108603606632390e-02
1.040108603606632216e-02
1.040108603606632216e-02
1.041098068452186998e-02
1.040628320408888870e-02
1.040628320408888176e-02
1.039415642554143877e-02
1.039415642554143877e-02
1.039415642554143704e-02
1.040356129798661496e-02
1.040356129798661496e-02
1.041837187664967218e-02
1.041357538067858371e-02
1.041837187664967392e-02
1.044121327687275169e-02
1.044605489315896668e-02
1.044121327687274996e-02
1.043654351427589916e-02
1.043662653492097130e-02
1.043171117814040670e-02
1.043618720853388068e-02
1.043135098480212422e-02
1.043618720361338958e-02
1.043097114551113334e-02
1.043576055515528858e-02
1.043576055515528858e-02
1.043576055515528338e-02
1.043576055515528338e-02
1.043576055515527991e-02
1.043576055515527817e-02
1.043558682716475526e-02
1.043558682716475006e-02
1.042914390195113887e-02
1.042920113724591681e-02
1.042996598719684968e-02
1.042996598719684448e-02
1.042996598719684968e-02
1.043901155742747548e-02
1.043901155742747722e-02
1.044800363972988623e-02
1.045282835805751154e-02
1.044333418565143896e-02
1.043852509478705726e-02
1.043852509478705899e-02
1.044333474436409670e-02
1.043852509478704858e-02
1.044333474436409497e-02
1.043852509478705552e-02
1.043330713038373957e-02
1.043330713038374651e-02
1.043330713038374651e-02
1.043826852743822559e-02
1.043330713038374651e-02
1.043763522045066186e-02
1.043763522045066706e-02
1.043248821270286245e-02
1.043248821270286245e-02
1.043763522045066186e-02
1.043763522045066533e-02
1.043763522045066706e-02
1.044246016427194564e-02
1.044246016427194737e-02
1.044246016427195431e-02
1.043839862775481145e-02
1.043839862775480624e-02
1.043839862775481145e-02
1.042033767974084521e-02
1.042887582711013797e-02
1.040567070632020773e-02
1.040567070632020599e-02
1.041052003203428791e-02
1.041537304361815804e-02
1.041548566614472482e-02
1.041548566614473349e-02
1.040584458705643388e-02
1.040165504957745769e-02
1.040077385932405667e-02
1.040077385932406014e-02
1.040077385932406534e-02
1.042011408913496966e-02
1.040576598320709645e-02
1.041048016837558578e-02
1.041048016837558404e-02
1.041048016837558578e-02
1.039571185386638404e-02
1.039094884632552757e-02
1.039115298713905004e-02
1.039587150816770507e-02
1.039587150816770680e-02
1.040354178836019883e-02
1.040836266099105789e-02
1.039406551750992995e-02
1.040031751051609561e-02
1.040031751051609388e-02
1.043877947566413701e-02
1.043877947566413875e-02
1.043877947566414569e-02
1.043398426715980848e-02
1.043398426715980848e-02
1.043407221183619699e-02
1.043394580008368162e-02
1.041038043500813574e-02
1.041553059099068444e-02
1.038674122808290815e-02
1.039182615085406346e-02
1.039182615085406172e-02
1.039439013752973401e-02
1.039439013752973054e-02
1.038236998694209295e-02
1.038172855259939138e-02
1.040071224765293234e-02
1.040071224765293061e-02
1.039617446098350766e-02
1.039144047018998422e-02
1.039144047018997902e-02
1.039144047018997902e-02
1.039144047018997902e-02
1.039144047018997902e-02
1.039590911880506827e-02
1.040495997174822364e-02
1.040495997174821843e-02
1.040495997174822364e-02
1.041517433299352785e-02
1.041989471684505800e-02
1.041970969136082545e-02
1.041989471684505626e-02
1.041989471684505626e-02
1.042474636213875858e-02
1.041989471684505800e-02
1.039095822150078521e-02
1.039095822150078521e-02
1.039107555979594706e-02
1.039097965456285515e-02
1.041978539233674207e-02
1.041978591398707264e-02
1.041502869084351239e-02
1.041502869084351066e-02
1.041502869084351586e-02
1.042428499005742908e-02
1.042428499005742561e-02
1.041958349843207648e-02
1.033890970713499495e-02
1.033409802327988312e-02
1.034321843272939349e-02
1.034321843272939696e-02
1.033430732956360475e-02
1.032949182098476422e-02
1.032949182098476422e-02
1.032949182098476422e-02
1.032949182098476422e-02
1.032949182098476422e-02
1.032949182098476075e-02
1.032949182098476248e-02
1.033432901653463278e-02
1.033432901653462757e-02
1.033432901653463278e-02
1.033396671779228740e-02
1.032447116274511252e-02
1.032920238521289197e-02
1.032452786597909573e-02
1.032452786597909573e-02
1.032945841658917951e-02
1.033898498643345647e-02
1.033429936970031021e-02
1.032962021874677880e-02
1.032962021874678053e-02
1.032962021874678053e-02
1.040059942119317578e-02
1.040059942119317404e-02
1.039959048896254602e-02
1.039959048896254602e-02
1.039959048896254255e-02
1.044456251022060286e-02
1.044456251022059939e-02
1.043501168913703488e-02
1.043501168913703314e-02
1.043501168913703488e-02
1.043503694457480029e-02
1.043494108951461413e-02
1.043951623546976806e-02
1.043951623546976633e-02
1.042557916077967335e-02
1.042555729801757092e-02
1.042555729801756745e-02
1.043028811604948362e-02
1.041574462285248595e-02
1.041574462285249116e-02
1.041574462285248942e-02
1.042528419106798429e-02
1.042554392234323890e-02
1.043027375034700534e-02
1.043027375034700534e-02
1.041576240516758727e-02
1.041573829857992718e-02
1.042564834388523889e-02
1.042564834388524236e-02
1.042564834388523369e-02
1.042564834388523716e-02
1.045395485472418173e-02
1.045395485472418694e-02
1.044911059380863351e-02
1.042525876006278503e-02
1.042525876006278503e-02
1.042525876006278503e-02
1.042525876006278156e-02
1.041557997570803119e-02
1.042539952665990331e-02
1.042067312173045393e-02
1.041595250369864965e-02
1.043959405203287623e-02
1.043959405203287449e-02
1.043951948677458372e-02
1.046104532257774271e-02
1.046089181119694636e-02
1.046589001452545749e-02
1.046473299196176189e-02
1.046473299196176016e-02
1.046104532257773230e-02
1.046104532257773403e-02
1.047081505811576357e-02
1.047081505811576704e-02
1.047066642132477368e-02
1.044186292883317324e-02
1.044186292883317671e-02
1.044186292883317498e-02
1.044186292883317498e-02
1.044186292883317324e-02
1.044186292883316977e-02
1.044670782643476216e-02
1.044679195450671019e-02
1.044679195450671540e-02
1.044679195450671713e-02
1.047518944645651692e-02
1.047517966361405720e-02
1.046568661232549942e-02
1.046569216573446648e-02
1.046625687622901313e-02
1.047058031437781561e-02
1.047058031437781561e-02
1.047552215383331514e-02
1.047074507677651922e-02
1.047566669537649056e-02
1.047552215383331688e-02
1.046595256438278589e-02
1.043042396891988473e-02
1.043042396891988126e-02
1.043042396891987952e-02
1.043042396891988299e-02
1.042560844633368469e-02
1.042560844633368643e-02
1.042559624540824806e-02
1.042085856618998711e-02
1.043078604451597342e-02
1.043095266420507664e-02
1.042621569090568766e-02
1.042621569090569286e-02
1.043565767289964669e-02
1.043139325880730779e-02
1.042589626229053872e-02
1.042116857855176007e-02
1.041662070062300202e-02
1.042132586298859069e-02
1.042132586298859590e-02
1.042508369933461097e-02
1.042109657632504273e-02
1.042109657632504273e-02
1.042150562487504685e-02
1.042150562487504512e-02
1.041658592250972737e-02
1.041658592250972216e-02
1.042141644845167442e-02
1.041838708069021437e-02
1.041838708069022477e-02
1.041838708069021437e-02
1.041838708069021957e-02
1.041838708069021957e-02
1.041838708069022131e-02
1.041838708069021957e-02
1.041838708069021957e-02
1.042805579458671444e-02
1.040474231314464718e-02
1.040002369100982704e-02
1.039966757813525627e-02
1.039966757813526148e-02
1.041571347955875040e-02
1.040621459490115308e-02
1.041570809679175091e-02
1.041570809679175265e-02
1.041078949014920957e-02
1.041552284876515709e-02
1.041079295219565250e-02
1.041079295219564903e-02
1.041079295219565597e-02
1.041009791137916841e-02
1.041009791137917015e-02
1.041009791137917015e-02
1.041009791137916668e-02
1.039021290206592653e-02
1.039011643925491155e-02
1.038582673372895511e-02
1.039810399638123849e-02
1.039810399638123675e-02
1.039810399638122981e-02
1.039810399638123155e-02
1.039810399638123155e-02
1.039810004972917430e-02
1.040289007431946001e-02
1.040289007431945655e-02
1.039810004972916910e-02
1.039810004972916910e-02
1.039812603821645837e-02
1.039812603821646184e-02
1.040756062204316497e-02
1.040756233419873160e-02
1.040284758383717284e-02
1.041710393386452611e-02
1.041710393386453479e-02
1.042267935631271611e-02
1.042205458355492491e-02
1.042205458355492491e-02
1.041242670496474870e-02
1.040789363150806078e-02
1.040789363150806078e-02
1.040789363150806078e-02
1.041261484872792881e-02
1.041261484872792360e-02
1.040958814058312414e-02
1.040633690950914028e-02
1.042509692535980616e-02
1.042536882064048175e-02
1.042536882064047654e-02
1.042514481284015707e-02
1.043493284584244563e-02
1.043493284584244736e-02
1.043493284584244389e-02
1.042063461158917320e-02
1.040119819415269431e-02
1.041407574473070773e-02
1.042826335799704879e-02
1.042826335799704705e-02
1.042826335799704879e-02
1.042344398739329138e-02
1.042344398739329832e-02
1.042344398739329311e-02
1.041880164022954657e-02
1.036950661276505800e-02
1.036950661276505974e-02
1.037469206144203161e-02
1.036022265139338421e-02
1.036830524054357418e-02
1.036379394487043151e-02
1.036379394487043325e-02
1.036252418610339107e-02
1.035418600511705048e-02
1.035418600511705221e-02
1.035418600511705568e-02
1.035418600511705915e-02
1.035418600511705915e-02
1.035851442644412923e-02
1.035843384856883174e-02
1.035843384856883001e-02
1.051097071653455707e-02
1.051097071653455013e-02
1.051097071653455013e-02
1.051097071653455881e-02
1.050124548746278301e-02
1.050591857326068496e-02
1.051038584748813752e-02
1.051038584748813058e-02
1.050579794051463393e-02
1.050579794051463740e-02
1.051076515935701026e-02
1.051076515935700853e-02
1.049912855528873853e-02
1.049912855528873680e-02
1.049454089556717956e-02
1.052213841771131725e-02
1.050282761330289909e-02
1.050282761330289735e-02
1.047393426667976232e-02
1.047393426667975885e-02
1.048346677653336396e-02
1.047870273483300814e-02
1.048354255657105508e-02
1.049309453122088120e-02
1.048824520552453336e-02
1.048824520552452989e-02
1.046926553300624521e-02
1.046926553300624868e-02
1.046926553300624695e-02
1.048834663338483325e-02
1.048834663338483845e-02
1.048819063905281901e-02
1.048819063905281554e-02
1.048819063905281901e-02
1.050258842734391566e-02
1.049774737034105294e-02
1.049774737034104947e-02
1.048819085553938553e-02
1.048819085553938379e-02
1.048819085553938206e-02
1.048819085553938553e-02
1.048819085553938553e-02
1.048819085553938206e-02
1.048819085553937165e-02
1.048819085553937686e-02
1.048819085553937686e-02
1.049304546874282873e-02
1.049304546874282353e-02
1.048819085553937859e-02
1.048819085553937686e-02
1.048819085553937859e-02
1.048819085553937859e-02
1.048846029368221029e-02
1.048846029368221376e-02
1.049473347023455010e-02
1.049098153024154677e-02
1.049098153024155371e-02
1.049110767532972915e-02
1.049110767532973089e-02
1.048598816797192620e-02
1.048612482248329099e-02
1.051551696005756549e-02
1.051551696005756376e-02
1.050401377868569706e-02
1.053750764565206458e-02
1.053165971628686713e-02
1.052563588554199757e-02
1.052563588554199236e-02
1.052081012630573346e-02
1.052563638386595432e-02
1.052081012630572306e-02
1.052081012630572653e-02
1.052069436162293876e-02
1.052563598435339760e-02
1.052995243303458082e-02
1.054975018803040732e-02
1.054975018803040905e-02
1.052877592309588335e-02
1.053383249236668380e-02
1.054073686002664038e-02
1.053585907851572676e-02
1.053120766198603446e-02
1.053120766198603099e-02
1.053603334528741692e-02
1.053603334528741692e-02
1.056504390930807641e-02
1.056504390930808161e-02
1.056504390930808508e-02
1.056504390930808335e-02
1.056504390930808508e-02
1.056504390930809029e-02
1.056504390930807641e-02
1.056024094533876932e-02
1.056024094533877279e-02
1.056024094533876585e-02
1.056024094533877106e-02
1.056023377812945023e-02
1.056023377812944503e-02
1.055524718102169961e-02
1.056023377812944676e-02
1.056023377812944850e-02
1.056023377812945543e-02
1.056023377812945370e-02
1.056023377812944676e-02
1.057345635587582378e-02
1.054911021351519901e-02
1.054911021351519727e-02
1.054911021351520248e-02
1.053906146281731807e-02
1.054848325180134279e-02
1.054848325180134799e-02
1.054848325180133585e-02
1.054848325180134105e-02
1.054848325180134799e-02
1.054417626245282742e-02
1.054911071688007136e-02
1.054909308440943154e-02
1.053946182316713685e-02
1.053942522712710168e-02
1.053942522712710168e-02
1.053942522712709995e-02
1.053452749055573505e-02
1.052975675737524361e-02
1.052975675737525228e-02
1.052975675737525228e-02
1.052588217738304951e-02
1.052588217738305298e-02
1.052588217738305298e-02
1.054619768924497034e-02
1.054126565371325472e-02
1.053652239139922682e-02
1.054618943259330761e-02
1.054618943259330935e-02
1.054159488834611157e-02
1.054159488834610463e-02
1.053667327555172194e-02
1.053667327555172020e-02
1.054159704504382088e-02
1.052561188552630575e-02
1.053886818646786877e-02
1.053886818646786530e-02
1.053892576942047979e-02
1.052943388543211949e-02
1.052943388543212296e-02
1.054384036935412418e-02
1.055337100843263369e-02
1.054864634687700808e-02
1.054864634687700461e-02
1.054864634687700808e-02
1.054864634687700461e-02
1.053434315000133757e-02
1.053434315000133063e-02
1.053434315000133237e-02
1.056289845752136740e-02
1.055794981525841163e-02
1.055794981525840642e-02
1.055794981525840295e-02
1.055786044978261444e-02
1.057558565744417048e-02
1.056965018707362557e-02
1.057632224577942891e-02
1.056000159538504103e-02
1.056784109619631276e-02
1.056302969677183103e-02
1.056302969677183623e-02
1.056302969677183796e-02
1.057268796375887207e-02
1.056290145708608900e-02
1.057653533737922154e-02
1.057162855789664166e-02
1.055222250420587669e-02
1.055222250420586802e-02
1.055222250420587149e-02
1.055222250420587149e-02
1.055225594305424924e-02
1.054727107568837613e-02
1.055703389374461169e-02
1.056184651891397056e-02
1.055228730256376271e-02
1.054752499891682856e-02
1.054752499891683550e-02
1.054270867819692356e-02
1.054270867819692530e-02
1.053791976909572090e-02
1.053314104236269776e-02
1.053791976909572436e-02
1.053795573908651757e-02
1.055417869225328681e-02
1.055408787094302275e-02
1.055411198909200939e-02
1.055894298825751400e-02
1.055877244848061822e-02
1.055877244848062169e-02
1.056356893310265305e-02
1.056357195267178771e-02
1.056356893310264784e-02
1.056356893310264437e-02
1.054387022253511740e-02
1.054387022253511219e-02
1.054387022253511393e-02
1.054390663477022295e-02
1.053908280250548390e-02
1.055370447278405725e-02
1.058267318671348919e-02
1.058267318671348919e-02
1.050244006587857520e-02
1.050243722165604410e-02
1.050745778121522749e-02
1.051246364848930359e-02
1.051715044967548203e-02
1.051118219520331097e-02
1.052294378217451254e-02
1.052547028029371910e-02
1.052069837137396824e-02
1.052069837137396477e-02
1.052743583177776984e-02
1.051810790349561910e-02
1.051810790349561563e-02
1.052280305008689194e-02
1.052280305008688674e-02
1.052754427970555018e-02
1.052754427970555191e-02
1.052243905576078463e-02
1.052106854216139364e-02
1.051807489368431284e-02
1.051819007117918425e-02
1.052776446344629198e-02
1.052297560694747010e-02
1.052297560694748051e-02
1.050370366634283993e-02
1.050383081277803284e-02
1.050383081277803284e-02
1.050383081277803457e-02
1.050383081277803630e-02
1.050383081277803284e-02
1.050383081277803284e-02
1.050773596980343269e-02
1.050773596980343269e-02
1.050881055711261336e-02
1.050881055711261509e-02
1.051362296486394593e-02
1.051362296486394766e-02
1.051362296486394940e-02
1.051362296486394593e-02
1.051359672435153887e-02
1.051359672435153020e-02
1.051359672435153714e-02
1.051359672435154234e-02
1.051359672435153193e-02
1.050255141523485231e-02
1.047886533994928787e-02
1.047947156458328699e-02
1.046962741789424743e-02
1.047438954877099627e-02
1.048394655951917845e-02
1.048402752003464028e-02
1.048402752003464548e-02
1.048402752003464548e-02
1.048403180393632332e-02
1.048410668122317334e-02
1.049701615619604012e-02
1.051680915920977233e-02
1.049326641848176596e-02
1.049326641848176596e-02
1.050325883148708894e-02
1.051370808670637480e-02
1.050892108392144017e-02
1.050678105204008207e-02
1.051364369890188215e-02
1.051364369890187521e-02
1.051364369890187521e-02
1.051093206250140570e-02
1.050587336901111397e-02
1.050850151647679878e-02
1.050764087375817557e-02
1.049885684036877716e-02
1.049885684036878236e-02
1.054195891671895653e-02
1.054195891671895480e-02
1.054678847418919971e-02
1.053201919335333865e-02
1.053201919335333692e-02
1.053201919335334386e-02
1.053668414774239920e-02
1.053668414774240093e-02
1.053198686207032324e-02
1.053202014004477917e-02
1.053202014004478611e-02
1.053202014004477917e-02
1.053202014004478611e-02
1.053202014004478784e-02
1.053682646910947610e-02
1.048432351515080248e-02
1.048915911788229210e-02
1.047489376864339967e-02
1.047629051229586640e-02
1.046541812294168178e-02
1.046551256314717272e-02
1.047005173382832381e-02
1.046557171018538089e-02
1.048478418182053826e-02
1.048478418182054520e-02
1.047984694770915520e-02
1.047984694770915694e-02
1.048841153300786311e-02
1.048363019914519065e-02
1.048363019914518718e-02
1.048432000694054372e-02
1.049407686128694603e-02
1.049407686128693909e-02
1.047489464550775164e-02
1.047967345780379499e-02
1.049430613741007302e-02
1.048951722321660347e-02
1.048951722321660347e-02
1.049438612231322863e-02
1.048951722321660521e-02
1.048854937063072902e-02
1.048854937063072208e-02
1.047998216636667791e-02
1.048947720040571165e-02
1.048923490352218248e-02
1.048923490352218595e-02
1.046596573194350475e-02
1.046596573194349955e-02
1.046596573194350302e-02
1.046596573194350475e-02
1.046095563643199312e-02
1.046095563643199659e-02
1.047073689251507358e-02
1.047088521330244090e-02
1.047565912082189417e-02
1.048044030689728248e-02
1.047088755533732811e-02
1.046611476449214699e-02
1.048365383519751261e-02
1.048839231738466458e-02
1.047003164703504824e-02
1.046982230600893883e-02
1.050794236345366575e-02
1.050794236345366575e-02
1.050794236345366749e-02
1.051738134202339151e-02
1.049986942454046376e-02
1.050415461367972154e-02
1.048954482591423452e-02
1.049482127421063997e-02
1.049482127421064517e-02
1.049958678712071408e-02
1.053451106677106945e-02
1.053451106677105904e-02
1.053451106677106251e-02
1.053941092381142572e-02
1.053278312843947996e-02
1.053278312843947649e-02
1.053758342393046679e-02
1.053760917340989742e-02
1.053288176002381560e-02
1.053288176002381213e-02
1.052792427359364354e-02
1.052792427359364007e-02
1.053274433606430846e-02
1.052788673961595721e-02
1.053740317598244464e-02
1.053271240267649074e-02
1.053283119702229029e-02
1.052800568689080465e-02
1.053289240396725231e-02
1.053772079241042242e-02
1.051055024996265866e-02
1.050557563765032280e-02
1.050557563765032454e-02
1.051043883603382939e-02
1.052025979164341978e-02
1.052025979164341804e-02
1.052505251858595198e-02
1.049604336910513538e-02
1.051536852797095058e-02
1.051536852797094711e-02
1.051536852797094884e-02
1.051536826299009561e-02
1.051536826299009908e-02
1.051536826299009388e-02
1.052029277405580263e-02
1.051058537480185559e-02
1.051058537480185386e-02
1.049126732664591201e-02
1.048671471490628289e-02
1.048671471490627595e-02
1.048671471490628636e-02
1.051534744652173753e-02
1.052013483263989670e-02
1.052013584562404985e-02
1.040176472856832977e-02
1.041220973574058864e-02
1.039843876544702117e-02
1.039658162429390846e-02
1.039658162429391020e-02
1.039658162429390846e-02
1.040187072631673128e-02
1.040187072631673648e-02
1.040187072631674516e-02
1.040187072631673822e-02
1.046946125023560763e-02
1.046946125023560589e-02
1.047998628160387927e-02
1.047468144136860270e-02
1.047468144136859056e-02
1.047468144136859576e-02
1.046946125023561457e-02
1.048497730357720280e-02
1.049031860286380770e-02
1.049030201915556251e-02
1.049030201915555557e-02
1.049030201915555904e-02
1.049030201915555384e-02
1.046384063663969612e-02
1.048433868185247655e-02
1.048952228528657847e-02
1.048952228528658021e-02
1.130720260858595824e-02
1.129988711343679966e-02
1.129218595509229664e-02
1.129898770664527520e-02
1.129898770664527693e-02
1.129898770664527520e-02
1.138141429732078373e-02
1.135939339176880378e-02
1.137538693476527335e-02
1.137538693476527508e-02
1.127922092425528468e-02
1.127922092425528121e-02
1.127922092425528468e-02
1.127922092425528815e-02
1.095079808957375583e-02
1.094590402792177709e-02
1.095237349233328314e-02
1.093487270408241910e-02
1.093472315522047746e-02
1.094584490605226765e-02
1.094584490605226591e-02
1.094018637440274597e-02
1.094018637440274770e-02
1.094018637440274944e-02
1.095391654181156367e-02
1.094831271571668034e-02
1.096501435361537172e-02
1.096501435361538213e-02
1.095526486985752904e-02
1.095526486985752904e-02
1.094978280710398946e-02
1.094973552052392642e-02
1.094404272523904174e-02
1.093294709686216254e-02
1.092728336457140376e-02
1.092728336457140549e-02
1.092728336457140376e-02
1.093861611733814437e-02
1.093862040802998092e-02
1.093294710273826076e-02
1.092173129515128238e-02
1.092173129515128585e-02
1.091633412129526526e-02
1.091633412129526699e-02
1.092211860255674037e-02
1.093337875803500510e-02
1.093337875803500336e-02
1.093337875803501204e-02
1.091625902418291716e-02
1.091625902418291542e-02
1.091625902418291369e-02
1.091615745583549880e-02
1.097304507462524420e-02
1.097304507462524593e-02
1.097304507462524767e-02
1.097304507462524593e-02
1.097870424561338612e-02
1.096748975148355287e-02
1.099024755797698566e-02
1.097881658534167158e-02
1.093892420762962447e-02
1.093905120813677169e-02
1.092793358004431892e-02
1.093894230930745823e-02
1.095042078160405642e-02
1.094473171188220691e-02
1.094959033696024653e-02
1.094959033696024826e-02
1.094959033696024132e-02
1.094959033696024132e-02
1.094419462833398117e-02
1.094993152431986659e-02
1.095509868313893943e-02
1.096078805218252822e-02
1.095559181638997188e-02
1.096122666324473791e-02
1.096118028413525618e-02
1.096118028413525444e-02
1.096118028413525097e-02
1.097824247325362643e-02
1.096697197055380470e-02
1.096679457745798614e-02
1.097822340508454973e-02
1.097822340508454973e-02
1.096679457745798093e-02
1.096679457745798267e-02
1.096679457745798093e-02
1.096679457745798267e-02
1.096679457745798267e-02
1.098420238519182829e-02
1.094565196850300418e-02
1.095103604024627759e-02
1.095130929766379921e-02
1.097293853835963964e-02
1.097854282441101774e-02
1.097533070155238405e-02
1.095619211521637118e-02
1.095619211521636771e-02
1.095619211521636598e-02
1.095619211521636771e-02
1.095619211521637291e-02
1.096155349152534014e-02
1.096155349152533667e-02
1.096155349152533841e-02
1.095200433266217167e-02
1.095769620370849393e-02
1.095741332280885522e-02
1.095741332280884828e-02
1.095741332280884828e-02
1.095741332280885348e-02
1.095738485374983182e-02
1.095738485374984049e-02
1.096323692837146771e-02
1.096323692837146251e-02
1.095738207380432885e-02
1.095738207380433059e-02
1.095738207380433753e-02
1.095738207380433579e-02
1.096304514392138114e-02
1.096306510899589838e-02
1.096306510899589318e-02
1.096306510899589318e-02
1.096306510899589318e-02
1.096306510899589318e-02
1.096306510899589318e-02
1.096306510899589318e-02
1.096306510899589318e-02
1.096306510899588797e-02
1.095724259200019091e-02
1.095786449404317041e-02
1.096324889348898775e-02
1.096324889348897907e-02
1.096324889348898948e-02
1.096324889348898775e-02
1.094652755433171178e-02
1.094644726203738982e-02
1.094644726203738982e-02
1.095620589469982822e-02
1.096743614258544920e-02
1.096170714055540001e-02
1.096170714055539827e-02
1.096188749377826829e-02
1.097327301261632852e-02
1.098468457597367477e-02
1.097327301261632679e-02
1.097327301261631811e-02
1.097327301261632852e-02
1.097327301261632852e-02
1.094611231375345640e-02
1.094621906126325671e-02
1.099834932070338500e-02
1.099825727130315789e-02
1.099262137030804221e-02
1.099262137030803874e-02
1.099262137030804741e-02
1.098684419739903717e-02
1.093548033614220351e-02
1.094115705286911530e-02
1.092981087245714113e-02
1.093541165272793672e-02
1.093541165272793325e-02
1.097200968421280752e-02
1.097200968421280926e-02
1.097200968421280926e-02
1.096638321704120414e-02
1.095095747350294767e-02
1.096222961378373779e-02
1.097360980543187967e-02
1.096793174821154154e-02
1.096793174821153807e-02
1.093524035832914819e-02
1.095049762396844810e-02
1.094916474423095025e-02
1.094916474423094678e-02
1.094357218328556418e-02
1.094357218328557285e-02
1.095487646889993505e-02
1.096055325585025206e-02
1.093226973287145937e-02
1.097208574890244995e-02
1.098355961490911706e-02
1.097758250154043033e-02
1.096046203793352679e-02
1.095456312808036625e-02
1.094340702781814584e-02
1.094897842044329980e-02
1.094889813583998020e-02
1.096602931078937380e-02
1.097171511197126553e-02
1.096619459065115328e-02
1.096619459065115501e-02
1.096619459065115328e-02
1.097175870008052119e-02
1.097746812076516240e-02
1.097746812076515720e-02
1.097177581146124674e-02
1.098323210607083864e-02
1.097754844681336078e-02
1.097754844681335558e-02
1.098312910486158589e-02
1.097754844681335905e-02
1.097754844681335384e-02
1.097754844681335558e-02
1.097754844681335384e-02
1.097754844681335211e-02
1.097754844681335558e-02
1.097754844681335558e-02
1.097120739226361240e-02
1.095475392693607067e-02
1.095478921348333988e-02
1.098563092072861631e-02
1.098563092072861458e-02
1.093809821310350386e-02
1.091584854434862056e-02
1.091584854434862403e-02
1.091584854434862056e-02
1.092139507280083174e-02
1.092549374994960382e-02
1.091577612680711892e-02
1.091577612680711719e-02
1.091577612680712066e-02
1.091013720653045971e-02
1.091023478455260994e-02
1.091575657562772819e-02
1.091575657562772993e-02
1.096662981167048634e-02
1.097803215900757835e-02
1.097803400130027522e-02
1.097803400130027869e-02
1.097803215900758182e-02
1.097803215900758182e-02
1.097803215900757835e-02
1.096682124873424487e-02
1.096682124873424313e-02
1.097803215900374114e-02
1.097614566761347978e-02
1.097232735739579051e-02
1.095563604285549296e-02
1.096150710892204554e-02
1.096151152897436101e-02
1.097834824706342416e-02
1.097834824706342069e-02
1.097750349311224678e-02
1.097750349311225025e-02
1.097750349311225025e-02
1.097174789834377134e-02
1.097758289246669912e-02
1.097203169428362206e-02
1.097182209012441574e-02
1.097182209012441574e-02
1.096865897668144151e-02
1.096865897668144671e-02
1.097042304969449676e-02
1.097052728102688481e-02
1.097042304969450023e-02
1.096426606152213663e-02
1.095298749868573764e-02
1.095884279078717521e-02
1.095871479404299763e-02
1.095871479404299936e-02
1.096431054264306905e-02
1.096444936036486580e-02
1.095870928296479099e-02
1.095870928296478579e-02
1.095881219746981140e-02
1.095871479404299936e-02
1.095871479404299763e-02
1.095871479404299589e-02
1.095868382261405184e-02
1.096444646914447769e-02
1.097617495058141913e-02
1.097041642929804175e-02
1.097621147746638375e-02
1.097624801237899288e-02
1.097062342348855898e-02
1.098888058490929062e-02
1.094933138669822170e-02
1.096061876072777080e-02
1.097180057879009601e-02
1.096614519555168948e-02
1.095474948338439475e-02
1.094921951034257684e-02
1.094921951034257684e-02
1.097199996211732295e-02
1.097199996211732122e-02
1.096057667073281443e-02
1.096057667073281443e-02
1.096071583114118994e-02
1.094335708158447780e-02
1.097182857482017874e-02
1.095483351110784591e-02
1.095474118939591783e-02
1.095474118939591610e-02
1.094335708158448300e-02
1.094335708158447433e-02
1.094884203119784669e-02
1.094423318750653226e-02
1.094877215107348256e-02
1.094806115980305299e-02
1.094806115980305472e-02
1.096033149442087427e-02
1.095468984967646123e-02
1.095468984967646817e-02
1.095468984967646817e-02
1.096039510865277379e-02
1.097126720252749633e-02
1.097126720252749633e-02
1.093728020974395546e-02
1.093728020974396066e-02
1.094895178131385406e-02
1.095450384027252949e-02
1.093760427712090789e-02
1.096509676270826690e-02
1.094865486854195054e-02
1.094865486854194360e-02
1.093777199285444687e-02
1.093758635252911789e-02
1.093758635252911789e-02
1.094315456101421433e-02
1.093088230572245197e-02
1.093088230572245023e-02
1.093088230572245544e-02
1.094327892474125478e-02
1.094327892474125652e-02
1.094303154145304102e-02
1.094340643713933268e-02
1.092638030431517145e-02
1.093085593700002939e-02
1.093085593700002765e-02
1.093751494384108403e-02
1.092607142356181484e-02
1.093747934723642186e-02
1.092080287147691176e-02
1.092080287147691176e-02
1.092662901300406678e-02
1.093196592616900616e-02
1.094715027841659458e-02
1.094715027841659631e-02
1.094892669834253082e-02
1.094901709540981212e-02
1.094892669834253429e-02
1.094892669834253082e-02
1.094892669834253256e-02
1.094892669834253603e-02
1.094337560434685552e-02
1.094274145899625482e-02
1.094266307363508592e-02
1.094266307363507724e-02
1.095388100654099729e-02
1.095943184219109502e-02
1.095943184219108808e-02
1.095388100654099035e-02
1.095388100654099903e-02
1.094820161044926694e-02
1.095363126231466665e-02
1.094820161044926868e-02
1.094820161044927562e-02
1.095363825111188641e-02
1.095363825111188294e-02
1.094818110280313707e-02
1.094818110280313186e-02
1.094818110280313360e-02
1.095376797622791415e-02
1.095376797622791241e-02
1.096500857780155144e-02
1.096500857780155318e-02
1.095931813207015951e-02
1.094832971113856787e-02
1.094832971113857134e-02
1.095962471058301371e-02
1.094832971113857828e-02
1.094832971113857134e-02
1.094832971113857134e-02
1.094261255049610443e-02
1.094261255049610616e-02
1.093738517529369361e-02
1.094305558866349830e-02
1.094305969356786611e-02
1.094305969356786437e-02
1.093738517529369708e-02
1.093738517529370055e-02
1.093738517529369708e-02
1.094306174847896329e-02
1.093738517529369882e-02
1.093738517529369535e-02
1.094305969356786437e-02
1.093738517529370055e-02
1.093738517529370055e-02
1.094301656758393804e-02
1.094869765429492582e-02
1.094869765429492929e-02
1.094869765429492929e-02
1.094301656758393110e-02
1.093738502289819288e-02
1.094326141184354118e-02
1.094326141184354118e-02
1.094310003120202782e-02
1.094309085428916452e-02
1.094309085428915931e-02
1.094309085428916105e-02
1.094309085428916625e-02
1.094875287134523464e-02
1.093158978000780511e-02
1.093158978000780511e-02
1.093158978000780858e-02
1.093158978000780684e-02
1.093158978000781031e-02
1.093158978000780858e-02
1.095924890165327070e-02
1.096496244143098722e-02
1.096551124686656088e-02
1.096551193050627170e-02
1.095455610070753504e-02
1.096005606007580992e-02
1.096579037060194974e-02
1.096578870867145547e-02
1.096514405156101719e-02
1.095337220265420013e-02
1.095904999128781941e-02
1.094741682403987774e-02
1.094741682403987601e-02
1.094737234527103607e-02
1.097003768004582193e-02
1.094894630063467100e-02
1.094344705627629984e-02
1.094344705627629984e-02
1.093758471885511972e-02
1.093824797506175520e-02
1.092702263318425827e-02
1.092127151567856211e-02
1.092127151567856558e-02
1.092127151567856905e-02
1.092127151567856558e-02
1.092127151567856211e-02
1.092133875241113085e-02
1.093520461612125690e-02
1.098286656750211907e-02
1.098853821610824150e-02
1.098853821610824323e-02
1.098853821610823976e-02
1.098300701051828712e-02
1.099421897772503466e-02
1.099411326070769482e-02
1.100558395058272992e-02
1.097026974737553597e-02
1.097601208462310046e-02
1.098584068759980541e-02
1.098584068759980541e-02
1.098010577986887823e-02
1.098010577986887996e-02
1.097446877416319820e-02
1.097446877416319820e-02
1.098019692368425691e-02
1.098019692368425691e-02
1.098019692368425691e-02
1.098584097078773338e-02
1.098584097078773684e-02
1.097446877416319647e-02
1.097412074833809502e-02
1.096435533761231512e-02
1.099296031621327038e-02
1.097023135779245234e-02
1.098194231659972535e-02
1.098194231659972188e-02
1.098194231659972014e-02
1.098194231659972361e-02
1.098194231659971667e-02
1.098773241670097933e-02
1.098199179944484884e-02
1.098199179944484884e-02
1.098199179944485404e-02
1.098199179944485578e-02
1.099353223013753086e-02
1.098189552064992094e-02
1.098189552064991747e-02
1.096866074845740703e-02
1.096849052344624383e-02
1.099660473138253103e-02
1.099669457541445350e-02
1.099669457541445350e-02
1.098485692442855051e-02
1.098485692442855571e-02
1.098485692442855224e-02
1.099054417924841785e-02
1.099054417924842132e-02
1.098532235127733236e-02
1.098532235127733757e-02
1.098523040634129949e-02
1.096411515706710756e-02
1.096846354157614625e-02
1.097382871180844870e-02
1.096834071795707230e-02
1.097327914307339065e-02
1.096834071795707924e-02
1.094611443422790695e-02
1.094611443422790001e-02
1.094611443422790001e-02
1.094162204013678780e-02
1.094162175647331661e-02
1.094160978618942230e-02
1.093613176454955038e-02
1.094698236838149638e-02
1.094135393194099054e-02
1.095252606897660456e-02
1.095252606897660630e-02
1.095252606897660630e-02
1.095787491277600868e-02
1.094661584405933613e-02
1.094661584405932919e-02
1.094660791224878055e-02
1.096376047279137671e-02
1.096376047279138191e-02
1.096376047279137497e-02
1.096376047279137671e-02
1.096944360913357230e-02
1.094643919643209333e-02
1.095539028411110678e-02
1.094408765165735993e-02
1.094408765165735993e-02
1.103247784174559397e-02
1.103208276829484823e-02
1.102659632269185550e-02
1.102659632269185029e-02
1.100964779402256559e-02
1.100964779402256559e-02
1.100964779402256732e-02
1.100964779402257253e-02
1.100964779402256732e-02
1.100871263635208423e-02
1.100424101238218523e-02
1.100424101238218523e-02
1.100422749834603295e-02
1.100422749834603295e-02
1.100422749834602948e-02
1.100422749834603295e-02
1.104401574366984350e-02
1.104401574366984870e-02
1.099826647336754268e-02
1.099826647336754441e-02
1.099826647336754094e-02
1.099826647336753574e-02
1.098682205065603344e-02
1.099252217271037141e-02
1.098682205065603171e-02
1.099252217271037835e-02
1.103234776754390307e-02
1.103234776754390307e-02
1.103220664076578518e-02
1.103220664076578345e-02
1.101537130964598890e-02
1.101537130964598717e-02
1.101537130964598890e-02
1.101537130964598890e-02
1.100365462847073192e-02
1.100924683530921100e-02
1.100365462847072845e-02
1.100922842802630822e-02
1.100922842802630822e-02
1.101494766499621150e-02
1.102038361165024946e-02
1.100377163441505941e-02
1.100377163441505941e-02
1.100922842802630822e-02
1.101313627146730152e-02
1.101496869614085501e-02
1.099220538412903209e-02
1.099220538412904076e-02
1.102636560047702032e-02
1.100934832923235358e-02
1.100934832923234491e-02
1.100378800216256399e-02
1.101506015420356498e-02
1.101491741620642777e-02
1.100424663399779228e-02
1.099854272845050655e-02
1.101455022786365992e-02
1.100882919700326562e-02
1.100878348624941862e-02
1.101000967721740310e-02
1.101000967721740657e-02
1.100423310524552625e-02
1.099315445589019863e-02
1.099885481951299801e-02
1.099913936424028356e-02
1.100455642378296919e-02
1.100455642378296399e-02
1.100455642378296919e-02
1.102146296144600711e-02
1.099362732999298667e-02
1.100480692805827325e-02
1.099342098834437537e-02
1.098705985438765825e-02
1.098151976887437424e-02
1.098151976887437251e-02
1.100350680441979090e-02
1.099994082584673794e-02
1.100350680441978569e-02
1.100350680441978569e-02
1.100350680441978569e-02
1.100350680441978396e-02
1.100925371599622074e-02
1.100350680441978396e-02
1.099883621222323520e-02
1.101031382341550839e-02
1.099313665965132372e-02
1.100755984383315102e-02
1.100755984383314755e-02
1.100755984383314928e-02
1.100417030448307652e-02
1.099873270064456038e-02
1.099873270064456385e-02
1.099873270064456558e-02
1.099873270064456211e-02
1.100444105486774599e-02
1.100961399177729713e-02
1.100961399177729019e-02
1.100961399177729019e-02
1.100934861818181169e-02
1.103225356823619302e-02
1.102651995114391735e-02
1.103224318890620899e-02
1.099363228580849464e-02
1.100387508880759299e-02
1.099249384527386901e-02
1.100301886163562205e-02
1.100301886163561685e-02
1.100301886163561511e-02
1.100301886163561511e-02
1.100301886163561685e-02
1.100301886163561511e-02
1.100301886163561511e-02
1.099282192320251428e-02
1.099282192320251775e-02
1.099841305862688488e-02
1.099295683541405555e-02
1.099865471756919511e-02
1.098704156028429413e-02
1.098704156028429586e-02
1.098704156028429239e-02
1.099275829687994081e-02
1.099294937107647523e-02
1.098155267986625043e-02
1.100484588534019620e-02
1.100484588534019967e-02
1.098731095941828627e-02
1.098731095941828627e-02
1.098146481769323758e-02
1.098146481769323932e-02
1.098146481769323758e-02
1.098715209456906268e-02
1.099285508987710332e-02
1.098146749348092796e-02
1.100241851091477222e-02
1.100861627050790832e-02
1.100900524213547713e-02
1.098789543095675218e-02
1.098789543095675565e-02
1.098122407534051284e-02
1.098122407534051284e-02
1.098122407534051111e-02
1.098679353884768860e-02
1.098695934679649183e-02
1.099235199946726679e-02
1.098663162655474229e-02
1.099242165959235344e-02
1.098663162655474056e-02
1.099224801380236163e-02
1.099694532506106069e-02
1.099694532506106416e-02
1.099224801380235816e-02
1.099224801380235816e-02
1.094132466179143642e-02
1.094128957985020072e-02
1.094117512528717390e-02
1.093433789394363670e-02
1.093433789394363670e-02
1.093433789394364190e-02
1.094012410707249569e-02
1.096365569114558271e-02
1.096375527382461960e-02
1.096375527382461440e-02
1.096375527382461960e-02
1.096375527382461267e-02
1.096375527382461093e-02
1.096375527382461787e-02
1.096377942625038904e-02
1.096368052440771339e-02
1.097465789862447916e-02
1.098744481810007105e-02
1.098744481810007105e-02
1.098717610779201097e-02
1.098717610779201617e-02
1.098189211221683483e-02
1.098189211221683483e-02
1.098189211221682962e-02
1.098196061240258072e-02
1.097614639314088182e-02
1.097614639314088009e-02
1.098183861647060271e-02
1.098752956613612865e-02
1.098752956613612518e-02
1.098769902360365210e-02
1.098191643805364152e-02
1.098183265727941532e-02
1.098191643805363979e-02
1.097617345115663515e-02
1.099318778600218670e-02
1.098189987681338214e-02
1.098765280596023311e-02
1.097934712276013407e-02
1.096484048025368578e-02
1.096611224096495467e-02
1.096611224096495467e-02
1.096610668176536789e-02
1.097216550938343027e-02
1.097216550938342680e-02
1.097216550938343027e-02
1.097216550938342333e-02
1.096611224096495987e-02
1.096023694741812653e-02
1.096023694741812826e-02
1.096023694741812479e-02
1.096013674427261629e-02
1.097201779194720977e-02
1.096607329181707724e-02
1.096604703159065677e-02
1.096595529294712955e-02
1.096595529294712261e-02
1.097781224195858510e-02
1.096018987596497629e-02
1.096018987596497803e-02
1.096018987596497629e-02
1.096052371948886064e-02
1.095458641932570837e-02
1.095458641932571010e-02
1.095458641932571184e-02
1.095458641932570837e-02
1.095458641932571357e-02
1.097815822835159806e-02
1.095433528812695886e-02
1.095433528812695886e-02
1.095433528812696060e-02
1.095439162010239907e-02
1.097846426644701404e-02
1.097846426644700536e-02
1.101025974632350961e-02
1.100754805247840078e-02
1.101357406484319498e-02
1.100142407894163024e-02
1.100142407894163198e-02
1.100798726816840448e-02
1.097316083522480688e-02
1.096996976347799219e-02
1.097591470148784679e-02
1.140607372716918866e-02
1.140803475439050065e-02
1.144325600786637136e-02
1.144325600786636962e-02
1.147842014703043083e-02
1.146887958249566755e-02
1.146887958249566929e-02
1.146887958249566929e-02
1.147800210722952144e-02
1.147826673241912274e-02
1.146887958249566755e-02
1.146887958249566929e-02
1.146944600974403317e-02
1.146887958249567102e-02
1.146885414668328759e-02
1.146885414668328586e-02
1.146885414668328412e-02
1.146885414668328239e-02
1.146885414668328412e-02
1.148870806346964646e-02
1.147927691776560143e-02
1.147927691776559969e-02
1.146097918176480421e-02
1.146041409531091751e-02
1.146041409531091404e-02
1.146973262837138602e-02
1.146973262837139122e-02
1.146887825599005734e-02
1.148645520471110008e-02
1.147841889920538094e-02
1.147841889920538268e-02
1.146893242075391200e-02
1.145451144422018376e-02
1.145451144422018029e-02
1.146405368488013707e-02
1.145235478741253761e-02
1.145235478741254108e-02
1.145235478741254108e-02
1.143715502033851306e-02
1.143715502033851306e-02
1.143661438390780431e-02
1.146147993260615214e-02
1.143635702885956694e-02
1.143652064009271184e-02
1.143635702885956694e-02
1.144261449038388827e-02
1.144261449038389347e-02
1.150744212497664849e-02
1.149803053311763273e-02
1.149803053311763273e-02
1.148849943565771574e-02
1.148849943565771574e-02
1.148849943565771053e-02
1.148849943565770880e-02
1.140805894800953936e-02
1.141743204782635392e-02
1.141743204782635392e-02
1.141730612337673971e-02
1.142682429453782157e-02
1.140777701313976274e-02
1.140772816508302950e-02
1.140772816508302256e-02
1.137744780847127837e-02
1.137792284860418383e-02
1.136921059940022502e-02
1.140502813839199860e-02
1.139657134958769850e-02
1.139657134958770371e-02
1.138483646862774486e-02
1.139406524000246591e-02
1.140303017472293207e-02
1.141305927291376941e-02
1.142242876160478801e-02
1.140395247137443967e-02
1.141327531138625583e-02
1.140395247137444661e-02
1.140395247137444314e-02
1.139463134735533255e-02
1.139463134735533255e-02
1.139409610355456189e-02
1.137557815092947629e-02
1.138486983201432434e-02
1.140334638514244742e-02
1.143802705464021241e-02
1.144738260586787050e-02
1.143801179397981906e-02
1.142878742796967287e-02
1.142878742796967113e-02
1.142878742796967460e-02
1.143812543486303832e-02
1.141652912255507364e-02
1.141652912255507017e-02
1.143406164089529747e-02
1.142601663470165299e-02
1.144378306791830197e-02
1.146177939979287422e-02
1.144336433752599427e-02
1.143413382866545827e-02
1.142509669563136071e-02
1.142509669563136245e-02
1.142509669563135898e-02
1.142509669563135204e-02
1.143437634776123431e-02
1.144369212362097814e-02
1.142512055431932870e-02
1.145313986196854449e-02
1.145316976940030131e-02
1.144379344838518560e-02
1.144379344838518560e-02
1.147039636933751966e-02
1.145270797035335790e-02
1.145270797035335270e-02
1.147259468172658232e-02
1.146226871616735053e-02
1.145286061245305922e-02
1.145286061245305055e-02
1.146210997154185028e-02
1.146210997154185375e-02
1.144293186017155892e-02
1.144293186017155892e-02
1.144365474736275777e-02
1.144365474736275951e-02
1.147152072796767640e-02
1.147152072796767813e-02
1.147152072796767640e-02
1.146274553928905253e-02
1.145288097740424123e-02
1.144531570355090781e-02
1.144531570355090608e-02
1.145050635151876467e-02
1.144596355804555245e-02
1.144531570355089914e-02
1.144531570355090261e-02
1.145470686735814564e-02
1.144533526835032899e-02
1.144531570355090955e-02
1.144531570355090781e-02
1.144531570355091128e-02
1.145444248609282442e-02
1.144531570355091128e-02
1.145150849923862353e-02
1.145150849923862527e-02
1.144241783238116039e-02
1.144240453005815339e-02
1.144241783238116039e-02
1.144241783238116386e-02
1.144311679677439443e-02
1.145248235479463111e-02
1.145248235479463632e-02
1.144433018406741664e-02
1.143437793486757649e-02
1.144331956447553270e-02
1.144332530825829287e-02
1.144388615984683402e-02
1.145216059524495865e-02
1.145216059524495865e-02
1.146153589090331479e-02
1.144379888785095056e-02
1.144073562194543661e-02
1.144073562194543488e-02
1.136307033264085005e-02
1.138177766869415651e-02
1.141874969876587737e-02
1.145640860101770735e-02
1.145640860101770735e-02
1.146587234619979474e-02
1.146587234619979301e-02
1.145640863228573024e-02
1.145640863228573024e-02
1.145640863228572504e-02
1.145640863228573197e-02
1.145640863228573371e-02
1.145640863228573371e-02
1.145640863228573197e-02
1.143345681699033632e-02
1.143345681699033632e-02
1.143345681699032765e-02
1.143089124579874626e-02
1.147482650623119632e-02
1.147482650623119459e-02
1.147482650623119632e-02
1.147482650623119285e-02
1.148432241382157937e-02
1.147482650623119459e-02
1.147482650623119632e-02
1.147482650623119459e-02
1.147482650623119979e-02
1.142754882001329776e-02
1.141816222425140297e-02
1.143691874556071117e-02
1.143691874556070423e-02
1.143691874556070423e-02
1.151487572816345395e-02
1.151487572816345742e-02
1.151487572816345568e-02
1.146219656647484882e-02
1.146219656647484882e-02
1.147247973749253303e-02
1.149064391411675629e-02
1.150009179481166315e-02
1.149041329920390958e-02
1.149064392999948371e-02
1.149064392999948545e-02
1.150014918533749653e-02
1.150014918533750000e-02
1.138750330360427734e-02
1.137816427137812621e-02
1.142523904146075693e-02
1.142523904146076560e-02
1.141657206862934162e-02
1.141657206862934509e-02
1.142503356528016233e-02
1.141573914656518647e-02
1.141575114701392016e-02
1.141575114701392536e-02
1.141558388304937666e-02
1.141558388304936972e-02
1.141558388304937145e-02
1.142534540041062474e-02
1.142534540041062648e-02
1.141724037129593014e-02
1.141729258183992769e-02
1.142573391863995272e-02
1.140131575826893069e-02
1.139052759484230314e-02
1.139971382024949388e-02
1.134578959769380439e-02
1.134578959769380439e-02
1.137367102733977120e-02
1.137367102733977467e-02
1.138295499862759103e-02
1.135597551058976050e-02
1.135597551058976570e-02
1.136435833662588317e-02
1.139541825749910108e-02
1.137711920865067464e-02
1.136778307408473250e-02
1.134607472869634918e-02
1.130121440785043264e-02
1.130050001539076310e-02
1.130050001539076657e-02
1.130938225565481133e-02
1.130050001539076483e-02
1.130050001539076310e-02
1.130047569342555909e-02
1.130050001539076483e-02
1.130969785149634789e-02
1.130969785149634789e-02
1.129162718413016624e-02
1.130024146461254715e-02
1.127326720695695332e-02
1.129126999119497293e-02
1.130958486752818570e-02
1.130958486752818744e-02
1.130969984663354570e-02
1.129126999119497120e-02
1.129126999119497120e-02
1.129922657725739715e-02
1.129925961440353746e-02
1.129772057522883746e-02
1.127936131204106650e-02
1.127936131204106650e-02
1.127936131204106650e-02
1.134244995801109331e-02
1.131841282819030445e-02
1.131887096071169940e-02
1.132483950430283014e-02
1.133440350715665332e-02
1.133406666398510676e-02
1.130667826856156070e-02
1.130667826856155724e-02
1.130667826856155550e-02
1.130667826856155724e-02
1.132486658628732018e-02
1.131566464707872526e-02
1.130676028764403783e-02
1.130676028764403783e-02
1.130676028764404477e-02
1.130676028764404477e-02
1.130676028764404477e-02
1.133480737047422304e-02
1.133480737047422304e-02
1.132553494630744555e-02
1.132553494630744208e-02
1.132553494630744555e-02
1.132553494630744034e-02
1.132553494630744208e-02
1.127783076329520566e-02
1.126861751374304103e-02
1.127760608935077929e-02
1.135420600925105515e-02
1.135134098719240564e-02
1.135134098719240564e-02
1.135057397062603189e-02
1.135057397062604057e-02
1.135442316312743928e-02
1.135057397062603016e-02
1.135057758980553486e-02
1.133206736473492057e-02
1.137855935398146209e-02
1.137855935398146903e-02
1.137855935398146036e-02
1.137855935398146036e-02
1.137855935398146383e-02
1.136925094801071422e-02
1.136669012496029085e-02
1.132900651700515307e-02
1.132863681258338556e-02
1.133746586470987805e-02
1.132824609970287111e-02
1.132824609970287458e-02
1.132824609970288152e-02
1.132867480068277914e-02
1.132867480068277741e-02
1.133760978674185765e-02
1.131904379125363465e-02
1.131904379125363465e-02
1.131904379125363812e-02
1.132827395183991226e-02
1.132061511654998583e-02
1.132061511654998236e-02
1.131150853419316850e-02
1.129099174107331405e-02
1.127445226416065940e-02
1.132034847273805100e-02
1.133094266158077464e-02
1.131971961526129049e-02
1.132186942932714852e-02
1.132186942932714678e-02
1.120376920166980990e-02
1.119473042732276220e-02
1.119473042732276394e-02
1.118585326683576436e-02
1.118585326683576089e-02
1.118850614698078255e-02
1.122035433552071547e-02
1.122035433552071373e-02
1.122035433552071720e-02
1.122049624090217836e-02
1.122944421444971481e-02
1.122899317327832186e-02
1.121149077492793189e-02
1.121149077492793363e-02
1.122022383154235199e-02
1.122022383154234679e-02
1.122022383154235546e-02
1.123834872069233437e-02
1.123839184791204995e-02
1.122868674005834608e-02
1.123823512423412566e-02
1.123791183634594189e-02
1.122882150822983836e-02
1.125582587817519110e-02
1.122860403088500950e-02
1.126419516295961570e-02
1.126419516295961917e-02
1.124597661136469452e-02
1.125507910594606212e-02
1.124597661136469105e-02
1.125508104480458377e-02
1.127326283217455934e-02
1.125508104480458724e-02
1.125508104480458724e-02
1.125508104480458897e-02
1.125508104480459244e-02
1.125508104480459071e-02
1.125386492314882705e-02
1.124598399691447911e-02
1.126417298179363015e-02
1.124771456741565680e-02
1.124771456741565506e-02
1.124771456741566027e-02
1.122963432174698198e-02
1.122931141423987034e-02
1.122025592410165126e-02
1.122025592410165300e-02
1.121345879531207568e-02
1.122250864140342426e-02
1.122250864140342252e-02
1.122694439541036329e-02
1.122849044612705439e-02
1.122849044612705786e-02
1.126459987055862706e-02
1.125547357091846723e-02
1.126202930071322147e-02
1.126252899051000643e-02
1.126219822667562723e-02
-3.043829070466600936e-02
-3.039645636921295413e-02
-3.030351402858588727e-02
-3.110738366720358986e-02
-3.112952355430862600e-02
-3.110738366720355516e-02
-3.103041639495004306e-02
-3.103041639495003959e-02
-3.095455123244618065e-02
-3.095455123244618759e-02
-3.095455123244618412e-02
-3.096886264621936252e-02
-3.093272676129910775e-02
-3.093275373354534286e-02
-3.098235453330668368e-02
-3.100149311211819123e-02
-3.100149311211819123e-02
-3.100143022071999779e-02
-3.102341019320827356e-02
-3.106888624676827984e-02
-3.101313455556234736e-02
-3.101313455556234042e-02
-3.105712549695989130e-02
-3.101313455556234736e-02
-3.101313455556234042e-02
-3.101313455556233695e-02
-3.101313455556234389e-02
-3.100938843127249919e-02
-3.100938843127250266e-02
-3.097637141195347388e-02
-3.097637141195347041e-02
-3.097637141195346000e-02
-3.099852747893108718e-02
-3.097650940380550222e-02
-3.095800702174026850e-02
-3.095800702174026503e-02
-3.098864996839270983e-02
-3.088021285123305690e-02
-3.088021285123304996e-02
-3.088021285123306037e-02
-3.085106277998418342e-02
-3.085106277998417995e-02
-3.085106277998418342e-02
-3.085106277998417648e-02
-3.085106277998418342e-02
-3.085106277998417648e-02
-3.085845620721302737e-02
-3.085845620721302390e-02
-3.085845620721302737e-02
-3.085845620721302737e-02
-3.085845620721303084e-02
-3.082913286938295319e-02
-3.082913286938296360e-02
-3.082913286938295666e-02
-3.083660868492141272e-02
-3.084815081528800157e-02
-3.086244164152424085e-02
-3.084815081528799463e-02
-3.091353979461577972e-02
-3.091353979461575197e-02
-3.089195180686805930e-02
-3.089195180686806277e-02
-3.085032075406692401e-02
-3.087209702865299429e-02
-3.085032075406691707e-02
-3.085032075406691360e-02
-3.084727773962468028e-02
-3.090495967737257738e-02
-3.090495967737256350e-02
-3.090495967737255656e-02
-3.082541116171858692e-02
-3.091010895951013318e-02
-3.091327093626250119e-02
-3.091327093626252548e-02
-3.091327093626250119e-02
-3.091327093626250466e-02
-3.091327093626250813e-02
-3.093472576879735536e-02
-3.093472576879735536e-02
-3.093291361137428391e-02
-3.087698190872040921e-02
-3.087698190872040574e-02
-3.081981882366332040e-02
-3.081981882366332734e-02
-3.084692214943902250e-02
-3.081187314233005403e-02
-3.081190926406311356e-02
-3.081190926406311703e-02
-3.079003488292046675e-02
-3.081101637177024316e-02
-3.080383608431127088e-02
-3.079003488292046675e-02
-3.078312073231218374e-02
-3.078312073231218374e-02
-3.078312073231218027e-02
-3.080999167848871845e-02
-3.087835928998704585e-02
-3.089970579095805553e-02
-3.091752504609363711e-02
-3.091752504609364058e-02
-3.091752504609363364e-02
-3.093263555370250051e-02
-3.095420538899461976e-02
-3.093260589066200786e-02
-3.091106080427512282e-02
-3.091106080427511588e-02
-3.091106080427511935e-02
-3.091106080427512628e-02
-3.091106080427512282e-02
-3.088964131410009556e-02
-3.090731269654594868e-02
-3.088951101277528574e-02
-3.088951101277527880e-02
-3.088951101277527533e-02
-3.093184115685206764e-02
-3.093184115685206417e-02
-3.093184115685206764e-02
-3.091824175353140997e-02
-3.091824175353141343e-02
-3.091824175353141343e-02
-3.093983212397755436e-02
-3.091824175353140997e-02
-3.091824175353141343e-02
-3.088036742947979432e-02
-3.088036653506284063e-02
-3.095400053983149435e-02
-3.095400053983148742e-02
-3.095424556278422376e-02
-3.097529431266635158e-02
-3.097563288381492003e-02
-3.097560381262590146e-02
-3.095400053983148742e-02
-3.095400053983148395e-02
-3.089320257735602565e-02
-3.091825914983431858e-02
-3.093243207464459535e-02
-3.093243207464460229e-02
-3.091101691077893787e-02
-3.091100198323959089e-02
-3.103830864684123392e-02
-3.103830864684122698e-02
-3.104610767167042401e-02
-3.108532375801487113e-02
-3.108532375801486072e-02
-3.112613858279766541e-02
-3.112613858279766194e-02
-3.112613858279766194e-02
-3.112614767533205054e-02
-3.111208137718030758e-02
-3.107439755691639507e-02
-3.107439755691639507e-02
-3.109986421232356635e-02
-3.109303757541907742e-02
-3.104114592285010105e-02
-3.104502058895554362e-02
-3.102329625022512763e-02
-3.102329625022512416e-02
-3.102329625022511722e-02
-3.102329625022511722e-02
-3.102329625022511722e-02
-3.102336732664964791e-02
-3.103268323567443671e-02
-3.112176294238500410e-02
-3.112176294238499716e-02
-3.112176294238500063e-02
-3.114702105533758564e-02
-3.114702105533758217e-02
-3.115541928822633186e-02
-3.115541928822633533e-02
-3.112513870837707586e-02
-3.112513870837708280e-02
-3.112513870837708627e-02
-3.112513870837708627e-02
-3.114702704808230624e-02
-3.110327549022548488e-02
-3.110327549022549182e-02
-3.110327549022548835e-02
-3.110327549022548488e-02
-3.107454672056506745e-02
-3.117314067023221544e-02
-3.115203958621710900e-02
-3.115203958621709859e-02
-3.117383531847862585e-02
-3.115203958621710553e-02
-3.115203958621709165e-02
-3.119976175091966272e-02
-3.122177417647577224e-02
-3.119976175091965578e-02
-3.119976175091964885e-02
-3.119976175091965925e-02
-3.131651290495768986e-02
-3.134875895558848075e-02
-3.134875895558848075e-02
-3.113760049985531825e-02
-3.117542003873466361e-02
-3.113760049985531825e-02
-3.114875172098479847e-02
-3.118148863199170923e-02
-3.117030794496596438e-02
-3.112177158149267639e-02
-3.112177158149267292e-02
-3.110135534125550369e-02
-3.112334927510492996e-02
-3.112719759694132851e-02
-3.116545787514017271e-02
-3.116545787514016924e-02
-3.112316547406403927e-02
-3.114520601693803598e-02
-3.114520601693802210e-02
-3.111626804115465161e-02
-3.113797791854268707e-02
-3.111644852870056044e-02
-3.111677716400126220e-02
-3.111677716400126567e-02
-3.111583790666098970e-02
-3.111583790666098970e-02
-3.111583790666098970e-02
-3.111583790666098276e-02
-3.111583790666098276e-02
-3.116310111907395763e-02
-3.122496410235325176e-02
-3.122496410235325176e-02
-3.123902367932491347e-02
-3.129690698397667031e-02
-3.115181763004119461e-02
-3.117381717894843890e-02
-3.115181763004119461e-02
-3.120666883168317710e-02
-3.118461154676743438e-02
-3.115183505146548043e-02
-3.112987084535204230e-02
-3.115180553042028871e-02
-3.112987084535203883e-02
-3.114852927099668808e-02
-3.114852927099668808e-02
-3.112987084535203189e-02
-3.116206718766297359e-02
-3.116206718766297359e-02
-3.116206718766297359e-02
-3.119477353924215990e-02
-3.122434115711771041e-02
-3.122434115711771735e-02
-3.122814113148204493e-02
-3.122814113148204840e-02
-3.120918762006840222e-02
-3.111164095789160228e-02
-3.117799268316106057e-02
-3.115619384425546978e-02
-3.115619384425545937e-02
-3.115619384425546978e-02
-3.115619384425546978e-02
-3.111958680998759899e-02
-3.111958680998759205e-02
-3.111958680998759899e-02
-3.112296997872168389e-02
-3.112296997872168389e-02
-3.113751594941557149e-02
-3.111580311350196915e-02
-3.111580311350197262e-02
-3.111580311350196568e-02
-3.110766408174791067e-02
-3.112951121770790933e-02
-3.118809166147305800e-02
-3.114128313833689279e-02
-3.114114776638706589e-02
-3.114114776638705895e-02
-3.116303736417100345e-02
-3.117499356679170538e-02
-3.110794757681769468e-02
-3.115101698481755055e-02
-3.115101698481755749e-02
-3.115060504330860111e-02
-3.117871745913384368e-02
-3.106380510912546550e-02
-3.107844986843961987e-02
-3.105762603762018959e-02
-3.109124885624655818e-02
-3.106956945247224197e-02
-3.106956945247223503e-02
-3.109144524166708098e-02
-3.106956945247224544e-02
-3.106956066786890555e-02
-3.106956066786890902e-02
-3.116306144405026068e-02
-3.112724861538409410e-02
-3.112724861538409410e-02
-3.112736489055410033e-02
-3.102463778718834303e-02
-3.102463778718833956e-02
-3.098850424365894377e-02
-3.098850424365894377e-02
-3.098850424365895070e-02
-3.101022039927307447e-02
-3.101022039927308488e-02
-3.098824485932490796e-02
-3.094150619474215005e-02
-3.094150619474215352e-02
-3.094150619474215352e-02
-3.094150619474215699e-02
-3.095633722626186732e-02
-3.095633722626187079e-02
-3.095633722626186385e-02
-3.097809264126131015e-02
-3.095633722626186732e-02
-3.096726778795739002e-02
-3.096726778795739696e-02
-3.094776856035549514e-02
-3.094776856035549861e-02
-3.092924306729404049e-02
-3.095100142065848950e-02
-3.095100142065848603e-02
-3.095100142065848950e-02
-3.094924516662916555e-02
-3.092924306729403702e-02
-3.092924306729405090e-02
-3.092924306729405090e-02
-3.095096648859188906e-02
-3.106648731219319517e-02
-3.102064782012821723e-02
-3.104538068623604458e-02
-3.104538068623603764e-02
-3.104545953282823040e-02
-3.102364976678824091e-02
-3.090393034369002395e-02
-3.090393034369002048e-02
-3.091685912302606989e-02
-3.097764024842502087e-02
-3.088416255300706348e-02
-3.088416255300706695e-02
-3.088416255300706695e-02
-3.088416255300707042e-02
-3.088416255300706695e-02
-3.088416255300707389e-02
-3.088416255300707042e-02
-3.092727706040765759e-02
-3.090571188367188804e-02
-3.092481759202192482e-02
-3.092481759202193176e-02
-3.092481759202193869e-02
-3.091034351567757341e-02
-3.091034351567756647e-02
-3.091034351567756994e-02
-3.086748377321938894e-02
-3.088910150921038086e-02
-3.084590949447246766e-02
-3.084590949447246419e-02
-3.086750353457118345e-02
-3.088952922153045261e-02
-3.091123758697553181e-02
-3.088965727103944528e-02
-3.084616378414368337e-02
-3.088895250895938582e-02
-3.088895250895938582e-02
-3.089718668744839691e-02
-3.087559243856625654e-02
-3.106117867278431616e-02
-3.103934073704586738e-02
-3.103934073704586738e-02
-3.105719327073675970e-02
-3.105719327073674929e-02
-3.102142604314345881e-02
-3.103237318692756222e-02
-3.099709694805592719e-02
-3.099709694805592719e-02
-3.099709694805592719e-02
-3.100472185325353278e-02
-3.100472185325353972e-02
-3.100472185325354318e-02
-3.092013452610582053e-02
-3.095619715916451964e-02
-3.096064978767230219e-02
-3.094182979508853029e-02
-3.094182979508851988e-02
-3.096280573147521323e-02
-3.098455158321361536e-02
-3.096353709541486629e-02
-3.098200519764792923e-02
-3.098897039573580633e-02
-3.098897039573580633e-02
-3.100376397813852172e-02
-3.100376397813851825e-02
-3.094383366752602449e-02
-3.094383366752602102e-02
-3.094383366752602449e-02
-3.094383366752602796e-02
-3.095511417414750430e-02
-3.097684223764835681e-02
-3.097685228600996488e-02
-3.095511417414750430e-02
-3.097681046486484152e-02
-3.097681046486484499e-02
-3.095511417414751124e-02
-3.095511417414750777e-02
-3.095511417414750430e-02
-3.089950280973881303e-02
-3.084212678067173655e-02
-3.084212678067173308e-02
-3.084212678067173655e-02
-3.084212678067174002e-02
-3.084212678067173655e-02
-3.089933225897388905e-02
-3.089931695045262938e-02
-3.095376509218731448e-02
-3.091779492199543330e-02
-3.095375680608006969e-02
-3.093944119853121386e-02
-3.091779492199544371e-02
-3.093928377798144808e-02
-3.092955415193610752e-02
-3.089183450873451281e-02
-3.095258591652644622e-02
-3.100564975187691807e-02
-3.093836820906969640e-02
-3.092383264889395425e-02
-3.094464761567739322e-02
-3.094464761567738281e-02
-3.094464761567738281e-02
-3.096640956404974124e-02
-3.096640956404973777e-02
-3.093064615071879422e-02
-3.093064615071879769e-02
-3.096389248230981342e-02
-3.092394552925045378e-02
-3.092394552925046072e-02
-3.103577579091027980e-02
-3.105761919075963884e-02
-3.103577579091027633e-02
-3.103591406662863095e-02
-3.105758016747356409e-02
-3.106122817734300809e-02
-3.103577579091027980e-02
-3.103577579091027633e-02
-3.103577579091027633e-02
-3.103577579091026245e-02
-3.103577579091026939e-02
-3.105749147808717706e-02
-3.099274014105508207e-02
-3.095683441714129278e-02
-3.095683441714129278e-02
-3.088672598926450047e-02
-3.088672598926450047e-02
-3.088672598926450394e-02
-3.088672598926450047e-02
-3.105094340081558657e-02
-3.107552082926181430e-02
-3.105094340081557616e-02
-3.102215808254012858e-02
-3.104921882585014517e-02
-3.102550253483869064e-02
-3.106157442452895170e-02
-3.103260984210836834e-02
-3.099699847109197923e-02
-3.101876997797553895e-02
-3.101876997797553201e-02
-3.101876997797552507e-02
-3.108490664402065520e-02
-3.109920879552530160e-02
-3.098998031259543942e-02
-3.101175889708295344e-02
-3.101175889708293956e-02
-3.101175889708294997e-02
-3.105505652378992912e-02
-3.101175889708294997e-02
-3.103343913259340794e-02
-3.103299987063794230e-02
-3.103343913259340447e-02
-3.103343913259340447e-02
-3.105138770250525163e-02
-3.105367775687372864e-02
-3.105367775687373558e-02
-3.096344662784644014e-02
-3.099580070490358386e-02
-3.097447028998420032e-02
-3.098449826668572479e-02
-3.098449826668573173e-02
-3.072551571377721280e-02
-3.072551571377721974e-02
-3.072551571377720933e-02
-3.077088779204513805e-02
-3.077088779204514152e-02
-3.077227169595827747e-02
-3.078519366594521800e-02
-3.078505590091171196e-02
-3.051310700339384188e-02
-3.051310700339384882e-02
-3.051310700339384535e-02
-3.053546093325410285e-02
-3.046518615914554570e-02
-3.046518615914553876e-02
-3.046518615914553529e-02
-3.044299108147754604e-02
-3.043748701582814353e-02
-3.049951728393414385e-02
-3.052287878154377743e-02
-3.041869373123484363e-02
-3.051824992888982346e-02
-3.050355117165448257e-02
-3.046815634050178620e-02
-3.051275068847423069e-02
-3.051275068847423416e-02
-3.051275068847423416e-02
-3.051275068847423416e-02
-3.055778141635139694e-02
-3.053540297069361198e-02
-3.049076153334497746e-02
-3.049076153334497746e-02
-3.049076153334498440e-02
-3.044204018311683080e-02
-3.047528922001477292e-02
-3.047507912736137012e-02
-3.046042596080734965e-02
-3.046042596080735312e-02
-3.046042596080734965e-02
-3.047246135393846811e-02
-3.047245354279311258e-02
-3.047246135393846464e-02
-3.080069239353916757e-02
-3.080069239353917451e-02
-3.077810527799339571e-02
-3.077810527799340612e-02
-3.077810527799339918e-02
-3.094634752641305456e-02
-3.094634752641305109e-02
-3.094634752641305803e-02
-3.094634752641305456e-02
-3.094634752641305803e-02
-3.094634752641305803e-02
-3.082814772196489431e-02
-3.087689779338257876e-02
-3.085598911003088751e-02
-3.088469530905746038e-02
-3.088331077041207504e-02
-3.084231293399488164e-02
-3.088782149439953453e-02
-3.081979246398054706e-02
-3.080168039437536712e-02
-3.082413688446658181e-02
-3.080168039437536018e-02
-3.080168039437535324e-02
-3.080168039437536712e-02
-3.080168039437535671e-02
-3.080168039437536712e-02
-3.080168039437536018e-02
-3.080168039437536018e-02
-3.080168039437536712e-02
-3.080168039437535324e-02
-3.086806636514480631e-02
-3.084540172935802335e-02
-3.083433897318659314e-02
-3.085698991750718614e-02
-3.083433897318658620e-02
-3.083433897318658620e-02
-3.083433897318657926e-02
-3.083433897318659661e-02
-3.083060869556047620e-02
-3.083433897318658273e-02
-3.081179894874376546e-02
-3.081179894874375852e-02
-3.081179894874375852e-02
-3.081179894874376546e-02
-3.081179894874375505e-02
-3.085392908296475875e-02
-3.085392908296475875e-02
-3.085392908296476222e-02
-3.085395973334051356e-02
-3.086846896806084983e-02
-3.086846896806085330e-02
-3.083129169560390112e-02
-3.083129169560390112e-02
-3.083129169560389765e-02
-3.078922373809788934e-02
-3.078922373809788934e-02
-3.078922373809789281e-02
-3.078922373809788934e-02
-3.081787080126802830e-02
-3.086317726545916018e-02
-3.084053574925556263e-02
-3.087545591223670241e-02
-3.087545591223670241e-02
-3.085285095699889096e-02
-3.085285095699889096e-02
-3.085285095699888055e-02
-3.087504702512841939e-02
-3.085285095699888402e-02
-3.085285095699889096e-02
-3.083022235024196131e-02
-3.083022235024195784e-02
-3.083022235024195437e-02
-3.083022235024195090e-02
-3.083022235024194396e-02
-3.083022235024195090e-02
-3.083022235024195090e-02
-3.083022235024194743e-02
-3.090871821306073047e-02
-3.088649486627980181e-02
-3.088649486627979487e-02
-3.073507136946906568e-02
-3.073507136946906568e-02
-3.064294461944970516e-02
-3.064294461944970516e-02
-3.060201374299133595e-02
-3.061566959740759375e-02
-3.060187202331142789e-02
-3.060201374299133942e-02
-3.057959437916853845e-02
-3.070920683660415332e-02
-3.073175575228960510e-02
-3.075494308202523022e-02
-3.059609917463074202e-02
-3.059597736317008765e-02
-3.057327514990063055e-02
-3.057327514990063402e-02
-3.057358798916725087e-02
-3.062934357211848091e-02
-3.065178297594712761e-02
-3.067407550090143348e-02
-3.065130636738741879e-02
-3.067407550090143348e-02
-3.067407550090142654e-02
-3.067407550090143348e-02
-3.062241179512788583e-02
-3.062241179512787542e-02
-3.068483312963575863e-02
-3.068483312963576209e-02
-3.068483312963575516e-02
-3.070757142774854093e-02
-3.070757142774853746e-02
-3.072537212353870437e-02
-3.072537212353871131e-02
-3.069535226273731668e-02
-3.069535226273732362e-02
-3.063219785166023876e-02
-3.063219785166024917e-02
-3.063215705788517249e-02
-3.063215705788517595e-02
-3.063215705788517249e-02
-3.060324771294213250e-02
-3.060324771294212903e-02
-3.058951874209975275e-02
-3.056725541508219582e-02
-3.060097796712890617e-02
-3.060097796712890963e-02
-3.058949183433850444e-02
-3.060442234521975821e-02
-3.058556628612426123e-02
-3.056336954332969716e-02
-3.060551825589996958e-02
-3.063911287921450635e-02
-3.058293426421701197e-02
-3.060563619714682521e-02
-3.060945087236104437e-02
-3.060935006350249538e-02
-3.059824496252911211e-02
-3.059824496252910864e-02
-3.059668690987000020e-02
-3.060426750305608734e-02
-3.056175493667671189e-02
-3.056175493667671536e-02
-3.056175493667672230e-02
-3.074626456803569025e-02
-3.075059088463028695e-02
-3.075059088463028348e-02
-3.075059088463028348e-02
-3.075059088463028001e-02
-3.075059088463028695e-02
-3.076575299235820293e-02
-3.067098578279360555e-02
-3.067098578279361248e-02
-3.067098578279360901e-02
-3.067098578279361248e-02
-3.067098578279361595e-02
-3.067098578279360555e-02
-3.074487567520196168e-02
-3.070875136158088617e-02
-3.075016106157247436e-02
-3.075016106157247436e-02
-3.079024444036871852e-02
-3.079024444036872893e-02
-3.080659698713547959e-02
-3.080659698713547265e-02
-3.077623267604907842e-02
-3.077623267604908189e-02
-3.080390929557876370e-02
-3.079541131527479408e-02
-3.073677765098846090e-02
-3.071418145031372046e-02
-3.071418145031372046e-02
-3.071418145031372393e-02
-3.075957555236252458e-02
-3.056595151151859577e-02
-3.053216407114927450e-02
-3.054388721607208257e-02
-3.050015102734112207e-02
-3.050015102734111860e-02
-3.050801102258914044e-02
-3.052253433679202529e-02
-3.048720371789963648e-02
-3.048720371789963648e-02
-3.048720371789962608e-02
-3.048720371789962955e-02
-3.048052888691677939e-02
-3.054689192207674098e-02
-3.042390824943014271e-02
-3.044615575114755640e-02
-3.041932473391441294e-02
-3.040178980780463419e-02
-3.058960629579517837e-02
-3.058960629579518184e-02
-3.053635060823151059e-02
-3.056989109321259918e-02
-3.054743152921109151e-02
-3.054743152921108804e-02
-3.054743152921108804e-02
-3.054743152921108110e-02
-3.054743152921108457e-02
-3.054743152921109151e-02
-3.048625665366188134e-02
-3.046419042905994592e-02
-3.046419042905995633e-02
-3.046419042905995633e-02
-3.046419042905995286e-02
-3.054349541911360530e-02
-3.052502537944326577e-02
-3.046419042905995286e-02
-3.046419042905995980e-02
-3.051942564117957404e-02
-3.052761463907269907e-02
-3.050492344395712083e-02
-3.045961697911867688e-02
-3.045961697911868035e-02
-3.045961697911868382e-02
-3.045961697911868382e-02
-3.059761462898178200e-02
-3.055319460084217342e-02
-3.055319460084218036e-02
-3.045723712533051492e-02
-3.045723712533052185e-02
-3.053836758893027289e-02
-3.054080193684845929e-02
-3.051860208657125942e-02
-3.051860208657125248e-02
-3.051860208657124901e-02
-3.055288706946350519e-02
-3.054822951063326103e-02
-3.054822951063326103e-02
-3.054910345572073652e-02
-3.054910345572074692e-02
-3.054910345572073999e-02
-3.048048073875486361e-02
-3.048048073875486361e-02
-3.048048073875486361e-02
-3.048048073875487401e-02
-3.048048073875486361e-02
-3.050966517249652926e-02
-3.051049579084560634e-02
-3.047963448431477082e-02
-3.045773379005405068e-02
-3.047596313788940650e-02
-3.046004212966334918e-02
-3.046004212966333877e-02
-3.046004212966334571e-02
-3.048800331698152399e-02
-3.048800331698153787e-02
-3.048800331698152746e-02
-3.048800331698152052e-02
-3.050164374744295318e-02
-3.050164374744296011e-02
-3.139812794486525338e-02
-3.141038324145206673e-02
-3.146753802932556604e-02
-3.146753802932556604e-02
-3.148765472941610077e-02
-3.148765472941610077e-02
-3.151219536784945208e-02
-3.149370139997016010e-02
-3.151019508267370595e-02
-3.150936654715628948e-02
