-5.610199399539923457e-03
-5.610198275067729279e-03
-5.610190305591334498e-03
-5.610191220553173430e-03
-5.609356776722695948e-03
-5.609356776722973503e-03
-5.623073989744733353e-03
-5.623074160195254238e-03
-5.626847890407723173e-03
-5.627685606701505333e-03
-5.630675255249881044e-03
-5.629842453942155919e-03
-5.622176651858519850e-03
-5.623842601883528684e-03
-5.623006585036519935e-03
-5.623006585036519067e-03
-5.623844412979715768e-03
-5.622168003718702733e-03
-5.619885076130193106e-03
-5.617957629358807936e-03
-5.622162103590849433e-03
-5.622165276718092165e-03
-5.620499812924686055e-03
-5.621226661890310790e-03
-5.621226661890312525e-03
-5.619664832450055846e-03
-5.619664832450056713e-03
-5.621297948485790702e-03
-5.621323637689782174e-03
-5.619657140502846461e-03
-5.623873268071941101e-03
-5.623036666146502202e-03
-5.613997351457966807e-03
-5.613997351457965072e-03
-5.618391476663367121e-03
-5.619225112263727222e-03
-5.619222137698407470e-03
-5.619950214718589555e-03
-5.618431595000128280e-03
-5.618147646468458177e-03
-5.618147646468455575e-03
-5.618919825325727896e-03
-5.618919825325728763e-03
-5.606978895315323057e-03
-5.606978895315328261e-03
-5.607610614063703383e-03
-5.607610614063711189e-03
-5.607794084266762118e-03
-5.608624226361193232e-03
-5.610548788942645512e-03
-5.610548788942644645e-03
-5.611392951694930964e-03
-5.611392951694927494e-03
-5.611392951694928362e-03
-5.613054352356509555e-03
-5.612218024277290662e-03
-5.612207162074977704e-03
-5.611487146841598848e-03
-5.611487146841599716e-03
-5.611480177623509071e-03
-5.611480177623509071e-03
-5.611484109282446724e-03
-5.611495967327627052e-03
-5.610656141782984115e-03
-5.613140667285699756e-03
-5.612311075032405672e-03
-5.612311075032410876e-03
-5.610623422829563375e-03
-5.607752615553339773e-03
-5.607743955441913189e-03
-5.607752615553339773e-03
-5.611011256139926927e-03
-5.608527631129345270e-03
-5.609334103438981881e-03
-5.611010164071934467e-03
-5.608543600375893654e-03
-5.606923030915536392e-03
-5.604296161196932469e-03
-5.608576173978611565e-03
-5.608576173978611565e-03
-5.607735950177120121e-03
-5.610256117200560118e-03
-5.610243578204677714e-03
-5.610243578204677714e-03
-5.609412927177715065e-03
-5.609412927177714198e-03
-5.608585542850010736e-03
-5.607757041460910766e-03
-5.608585207048582405e-03
-5.610199572013177885e-03
-5.609371001013367490e-03
-5.605291292497041437e-03
-5.606671252468969913e-03
-5.607704504825048765e-03
-5.607710462238638983e-03
-5.607314928711681738e-03
-5.609605228019640642e-03
-5.606048850739616535e-03
-5.605195684386634486e-03
-5.605185727355161719e-03
-5.606842642639885653e-03
-5.606009479757146675e-03
-5.605988975343689611e-03
-5.606825520782943856e-03
-5.606822740654583692e-03
-5.606010604930859557e-03
-5.607668652391331610e-03
-5.621095670663194682e-03
-5.611122911916745747e-03
-5.614509270952882693e-03
-5.616189160037678152e-03
-5.612842053041703673e-03
-5.615346527466302633e-03
-5.615447682573619127e-03
-5.616282442959882534e-03
-5.617012112048465344e-03
-5.617870898884854206e-03
-5.616203143450121740e-03
-5.615368372007982500e-03
-5.613658153369671666e-03
-5.613658019080361092e-03
-5.601661637131725817e-03
-5.602518708294654606e-03
-5.599173530881963214e-03
-5.598331072332421963e-03
-5.598331072332422831e-03
-5.598317084407768325e-03
-5.600763358486049795e-03
-5.600763358486051530e-03
-5.601594219113674791e-03
-5.599063756032244231e-03
-5.602283969095364288e-03
-5.602254022197536432e-03
-5.600608164993746939e-03
-5.605661366611201964e-03
-5.605638692276602823e-03
-5.600508674294213916e-03
-5.601614315962920310e-03
-5.604204917234002076e-03
-5.605916346650179766e-03
-5.605916346650181500e-03
-5.605930550203776057e-03
-5.605078193790077185e-03
-5.603159122242658621e-03
-5.603159122242658621e-03
-5.604320286006367335e-03
-5.606037555124813651e-03
-5.606047267750567664e-03
-5.606045622216908678e-03
-5.605212493776598644e-03
-5.606045867666514630e-03
-5.609549158640696198e-03
-5.607110934466392506e-03
-5.604672396413456527e-03
-5.602919717228706589e-03
-5.603777398091355777e-03
-5.603037048584834888e-03
-5.605479734043063329e-03
-5.611307773470126763e-03
-5.611514057976436758e-03
-5.610605634629802982e-03
-5.611535325935898023e-03
-5.611530102842579061e-03
-5.609883021963860822e-03
-5.608922634641614127e-03
-5.610880236382945717e-03
-5.611709155432229035e-03
-5.613354553310918003e-03
-5.614176855713788258e-03
-5.613361367729627870e-03
-5.608437968977870135e-03
-5.609253998169295291e-03
-5.609266237971975363e-03
-5.609266237971975363e-03
-5.609258529694570103e-03
-5.611723662103326044e-03
-5.610915622358332577e-03
-5.609266237971974496e-03
-5.610832138516702941e-03
-5.611643129807423851e-03
-5.611643129807419514e-03
-5.612117301737083903e-03
-5.612082549296113811e-03
-5.612917853287679483e-03
-5.614573239348313177e-03
-5.611270999997444893e-03
-5.611277608329869569e-03
-5.612934154716791441e-03
-5.613744215054332354e-03
-5.615406084120641746e-03
-5.612932367008474123e-03
-5.611099120502625708e-03
-5.610380683080434111e-03
-5.616692525214646466e-03
-5.618354585964270911e-03
-5.618354585964271779e-03
-5.619178381371621629e-03
-5.620809722459202754e-03
-5.611659635044143751e-03
-5.610833375642206543e-03
-5.609179220454155526e-03
-5.609179220454157261e-03
-5.610010155544347711e-03
-5.610004140594817071e-03
-5.609180980383278968e-03
-5.610143309428012454e-03
-5.607632105309775204e-03
-5.612602105079915644e-03
-5.612602105079914777e-03
-5.612602105079913910e-03
-5.610938452190915131e-03
-5.611776934780019627e-03
-5.606872034202723711e-03
-5.606872034202724578e-03
-5.616713947447007742e-03
-5.611780174772987122e-03
-5.611776332014686321e-03
-5.609298945447345822e-03
-5.610945050453263958e-03
-5.609299000050277373e-03
-5.610127665850213850e-03
-5.613425921622021766e-03
-5.617923548037858511e-03
-5.616275385286596464e-03
-5.615063097329117854e-03
-5.613427526364551598e-03
-5.613422121408796935e-03
-5.615172238997405939e-03
-5.615167839973600125e-03
-5.615172238997405071e-03
-5.611068202271481120e-03
-5.611063299559597081e-03
-5.612733957483339968e-03
-5.612733957483339968e-03
-5.611085690342513220e-03
-5.611883639306845112e-03
-5.611883639306845112e-03
-5.610801673357655554e-03
-5.610390257285434966e-03
-5.610390257285434966e-03
-5.611226346897425256e-03
-5.611211330732518258e-03
-5.611205913373928759e-03
-5.612903387938855335e-03
-5.615352636935490999e-03
-5.613121875911551185e-03
-5.613121875911550318e-03
-5.613946633357776682e-03
-5.613124787982958983e-03
-5.613945555031312103e-03
-5.613633710982154044e-03
-5.613633710982154044e-03
-5.615299885478239154e-03
-5.615299885478236552e-03
-5.607028451364403331e-03
-5.607028079617572963e-03
-5.607854496543284578e-03
-5.608701957221887482e-03
-5.606663507152863553e-03
-5.606967429499144610e-03
-5.607809228469456085e-03
-5.610628564692373040e-03
-5.611434703037173830e-03
-5.608943572765958709e-03
-5.608943572765957841e-03
-5.607595856159957974e-03
-5.603462216353351927e-03
-5.604292826907225286e-03
-5.605121365313769921e-03
-5.602633740504337628e-03
-5.602633740504337628e-03
-5.602633740504337628e-03
-5.603640736607460801e-03
-5.603444867510555538e-03
-5.603444867510556406e-03
-5.603444867510556406e-03
-5.605089523000941765e-03
-5.602407473099890213e-03
-5.603253100662913648e-03
-5.603253100662915383e-03
-5.603253100662918852e-03
-5.606813896443741708e-03
-5.606820589108711672e-03
-5.606834771406247683e-03
-5.605275039131888543e-03
-5.602044196117301686e-03
-5.602047301157861425e-03
-5.602873846846817898e-03
-5.603700532524179788e-03
-5.602852466067027165e-03
-5.602862746487128308e-03
-5.610683265944619615e-03
-5.610683265944617880e-03
-5.609160323482839661e-03
-5.610016122949487184e-03
-5.611568052192424799e-03
-5.613174935610022905e-03
-5.612392082655771886e-03
-5.612378865060261603e-03
-5.611555780338358876e-03
-5.610730405872649262e-03
-5.609906260155906807e-03
-5.609906260155908542e-03
-5.610737105842475599e-03
-5.609114605472930587e-03
-5.609884989441101845e-03
-5.607435511066290873e-03
-5.608258991119679029e-03
-5.608258991119672091e-03
-5.603370828314894851e-03
-5.605067724322165650e-03
-5.602027877341753809e-03
-5.602027877341756411e-03
-5.604466167226978580e-03
-5.604466167226980315e-03
-5.604462123445148360e-03
-5.603661219125017842e-03
-5.601163065101959562e-03
-5.601163065101959562e-03
-5.601998764369509921e-03
-5.602842227032906602e-03
-5.605302942682317997e-03
-5.607357826802876477e-03
-5.608321989696912410e-03
-5.609971166204735793e-03
-5.605808816208852560e-03
-5.606619235061720274e-03
-5.606619235061719407e-03
-5.609947705531132325e-03
-5.605003052207966144e-03
-5.605003052207962674e-03
-5.608083472579186539e-03
-5.608083472579190008e-03
-5.605059788935504508e-03
-5.612880680166263368e-03
-5.612056722641809922e-03
-5.612061103295550718e-03
-5.615352724748529090e-03
-5.614529129596717086e-03
-5.614519886936920716e-03
-5.612879614612734276e-03
-5.612885664220331264e-03
-5.608805823487711742e-03
-5.612969382574091969e-03
-5.612969382574091969e-03
-5.613803716110374667e-03
-5.602179974596051965e-03
-5.603045520035928456e-03
-5.603855681048628551e-03
-5.601334572369110788e-03
-5.599675242648176864e-03
-5.599675242648176864e-03
-5.602173757854731449e-03
-5.602996530747808394e-03
-5.602996530747809262e-03
-5.602984575571247870e-03
-5.608845465322486595e-03
-5.608845465322487463e-03
-5.603074229956571568e-03
-5.603085002109825172e-03
-5.603103979984742564e-03
-5.603114106085741071e-03
-5.603114106085741938e-03
-5.598940526541825065e-03
-5.603884582721070130e-03
-5.604693243150342744e-03
-5.603879869817487980e-03
-5.604277806351890164e-03
-5.603879869817486245e-03
-5.640755759323248276e-03
-5.639998712192200413e-03
-5.643796402811600450e-03
-5.643796402811602185e-03
-5.643796402811597848e-03
-5.642210550885763155e-03
-5.643727287008506663e-03
-5.643727287008510132e-03
-5.643732040117114754e-03
-5.645232467946911283e-03
-5.645264314165962874e-03
-5.647316374597502638e-03
-5.647323190308967469e-03
-5.639256847654226801e-03
-5.638899311823090954e-03
-5.638899784647029810e-03
-5.636618188129644165e-03
-5.636618208459860842e-03
-5.637390291566514791e-03
-5.641221580647842390e-03
-5.640453148515795281e-03
-5.637365369139471678e-03
-5.638127907632015275e-03
-5.637368887809071291e-03
-5.637368887809070424e-03
-5.638868002769438330e-03
-5.638868002769437462e-03
-5.635830377959318883e-03
-5.635048141924234658e-03
-5.635816624723545554e-03
-5.635049493393005753e-03
-5.634289875753209324e-03
-5.635812328063902893e-03
-5.635812328063902893e-03
-5.636579972644029622e-03
-5.636610796739322318e-03
-5.636610796739322318e-03
-5.638033875653652646e-03
-5.638034515763881357e-03
-5.638033875653650911e-03
-5.638033875653652646e-03
-5.639726825780460792e-03
-5.640502113829342148e-03
-5.638579067952605682e-03
-5.639905721338959663e-03
-5.631098041648496463e-03
-5.631854530430690196e-03
-5.631854530430686727e-03
-5.629571990691293638e-03
-5.629571990691293638e-03
-5.630327868206672429e-03
-5.627159214585815764e-03
-5.627157291316486377e-03
-5.627912444857919270e-03
-5.627918156632124788e-03
-5.625654878450298511e-03
-5.636958178611170198e-03
-5.635541178364373606e-03
-5.637049410822487019e-03
-5.642867632480856946e-03
-5.642126229833746565e-03
-5.642126229833746565e-03
-5.638307018725365397e-03
-5.636032185665662553e-03
-5.636032185665660818e-03
-5.636037304245474291e-03
-5.636785303186833337e-03
-5.638301161823723769e-03
-5.637544790987289098e-03
-5.635327972411766431e-03
-5.637574397797118393e-03
-5.641461569105478413e-03
-5.639830350914873738e-03
-5.642751682731032836e-03
-5.639301809101398069e-03
-5.638516979961641883e-03
-5.639272151133881313e-03
-5.640023213941742011e-03
-5.639535540118202107e-03
-5.640045860478607419e-03
-5.639273717298965219e-03
-5.639273717298968688e-03
-5.639278478150204499e-03
-5.646310007126484169e-03
-5.640744632522781167e-03
-5.640008790441566541e-03
-5.639252369780508277e-03
-5.639252369780511746e-03
-5.639600634483544518e-03
-5.637722651944802356e-03
-5.638474845348037320e-03
-5.626122060709220531e-03
-5.626868738596891260e-03
-5.626124123811086959e-03
-5.626124123811086959e-03
-5.626125697560413995e-03
-5.630599565662670371e-03
-5.628363658837648442e-03
-5.624637896412453854e-03
-5.626131089416452902e-03
-5.625385516289550282e-03
-5.625385516289548547e-03
-5.623895168350471867e-03
-5.624643544034936375e-03
-5.625386466328781594e-03
-5.627594325600379643e-03
-5.625718645016953082e-03
-5.627623097740675796e-03
-5.628366363902384019e-03
-5.629568766259293588e-03
-5.627616260501011602e-03
-5.627616260501013337e-03
-5.627616260501012470e-03
-5.627616260501009000e-03
-5.626874694962169000e-03
-5.626133890638415624e-03
-5.626129089301829499e-03
-5.626131900764900530e-03
-5.626130966538952193e-03
-5.625387158717567657e-03
-5.626132739857914351e-03
-5.632854904808422269e-03
-5.632096048082596562e-03
-5.627622164807677581e-03
-5.632847114768664912e-03
-5.626872311053809222e-03
-5.630606878068336596e-03
-5.629105908572801763e-03
-5.631254356919326159e-03
-5.631254356919325292e-03
-5.629105481343092687e-03
-5.629850567332275388e-03
-5.629103454933122308e-03
-5.628357863603390687e-03
-5.628358838634287854e-03
-5.628358838634289589e-03
-5.629112476573851914e-03
-5.629853143517651523e-03
-5.630610911087290116e-03
-5.625378240795843657e-03
-5.626865341521399694e-03
-5.626123501852257035e-03
-5.624902868330493647e-03
-5.624902868330492779e-03
-5.626124707442869619e-03
-5.626868578375329548e-03
-5.625378315925673098e-03
-5.625378315925671363e-03
-5.626121558757146007e-03
-5.625378212545268167e-03
-5.626121558757143405e-03
-5.626117370459595216e-03
-5.625380896169667258e-03
-5.626863754665892454e-03
-5.626864521947748561e-03
-5.629099254323578945e-03
-5.631453889035074531e-03
-5.629255635501421995e-03
-5.629255916811582924e-03
-5.630734341789477883e-03
-5.634708443711436074e-03
-5.633962185495199233e-03
-5.634704925594274764e-03
-5.633962829792758982e-03
-5.632479595324713269e-03
-5.633217931708320997e-03
-5.632476856554766327e-03
-5.633229755104656768e-03
-5.632484990378106883e-03
-5.632489827494245940e-03
-5.629576340691529526e-03
-5.629577365004126942e-03
-5.627345129318067282e-03
-5.627822157890228875e-03
-5.630432693631430389e-03
-5.627635475970724395e-03
-5.633614540085958924e-03
-5.631350246679924128e-03
-5.630609678099788955e-03
-5.630609678099788087e-03
-5.628459527137644018e-03
-5.626885593288928275e-03
-5.627635365094122225e-03
-5.626887572633913065e-03
-5.626131341463632037e-03
-5.628066779808987494e-03
-5.628066779808985759e-03
-5.627468380069612121e-03
-5.625842657068743854e-03
-5.627333255913194270e-03
-5.626523760033341412e-03
-5.626523760033343147e-03
-5.627329802777754353e-03
-5.627331588899214289e-03
-5.628652088477394295e-03
-5.629393762549830468e-03
-5.629394596579530806e-03
-5.628647328900787325e-03
-5.628644179446834483e-03
-5.629390648796517987e-03
-5.629390648796517120e-03
-5.626518908261916689e-03
-5.626525955865670746e-03
-5.625782584558927484e-03
-5.625035120167970644e-03
-5.622882372417223849e-03
-5.622882372417220380e-03
-5.622882372417222982e-03
-5.623623903868966989e-03
-5.622133730924512400e-03
-5.625118493353987136e-03
-5.625121783841798180e-03
-5.628106427010783411e-03
-5.627356431129684061e-03
-5.627356431129684061e-03
-5.627350561312752068e-03
-5.627357236592590503e-03
-5.627357236592587901e-03
-5.624368090483268696e-03
-5.624368090483271299e-03
-5.624949028935391157e-03
-5.625696848524642385e-03
-5.625698581037355539e-03
-5.629279324485108107e-03
-5.630782977262216438e-03
-5.630316048035626485e-03
-5.629567357458818005e-03
-5.630319261538150460e-03
-5.631082328646438984e-03
-5.630348714000570770e-03
-5.630348714000573372e-03
-5.628850105646268122e-03
-5.628103714652174863e-03
-5.629594034479981288e-03
-5.628103714652178333e-03
-5.627358133298653205e-03
-5.628104316265267540e-03
-5.625117447376456851e-03
-5.636292857334062462e-03
-5.631040555262176867e-03
-5.627999738980018520e-03
-5.625943689628196999e-03
-5.625198035698277324e-03
-5.625198035698276457e-03
-5.623706468482298111e-03
-5.625939577361334896e-03
-5.624452556868339038e-03
-5.624445187787078908e-03
-5.625190536698159403e-03
-5.627375745392486882e-03
-5.626627653628079977e-03
-5.627373307322050371e-03
-5.631497226497796278e-03
-5.631681833398077472e-03
-5.633760014382606027e-03
-5.633007616939876561e-03
-5.626803292967616846e-03
-5.626801094923148186e-03
-5.626800695326152069e-03
-5.627556139357846147e-03
-5.626800692350051800e-03
-5.626045637279536958e-03
-5.626045637279535223e-03
-5.627934266572524706e-03
-5.630789040912194399e-03
-5.627031485040935588e-03
-5.627031485040935588e-03
-5.627218051764022559e-03
-5.627218051764019957e-03
-5.627409213514280792e-03
-5.629278253759223416e-03
-5.627024701107589955e-03
-5.627024701107587352e-03
-5.627024701107590822e-03
-5.627773385519233701e-03
-5.627773385519231966e-03
-5.628465271429666100e-03
-5.629272876530287857e-03
-5.630791184943104676e-03
-5.627778524210164807e-03
-5.633485944566146361e-03
-5.633485944566144626e-03
-5.627574705361882389e-03
-5.626823916037448567e-03
-5.626832253482167562e-03
-5.626077570131404922e-03
-5.629774623299403993e-03
-5.629774623299402259e-03
-5.631730362768734045e-03
-5.631730362768734913e-03
-5.631730362768734913e-03
-5.631730362768737515e-03
-5.633495631440206194e-03
-5.631247149577506446e-03
-5.630501429514352466e-03
-5.633497200520417442e-03
-5.632002114811597397e-03
-5.631247149577506446e-03
-5.638244823844199179e-03
-5.640574850292788198e-03
-5.638959000286368831e-03
-5.638959000286368831e-03
-5.638959000286368831e-03
-5.642757805173486026e-03
-5.642757805173485158e-03
-5.639866908381243812e-03
-5.638336894345291270e-03
-5.642057402743188427e-03
-5.636066541465408440e-03
-5.635326058999726509e-03
-5.634587170697075327e-03
-5.634587170697071858e-03
-5.634596304000650570e-03
-5.634587243706475936e-03
-5.636074393637737455e-03
-5.635323122188820068e-03
-5.641958641634864900e-03
-5.641964927652077730e-03
-5.641950944368763488e-03
-5.641950944368763488e-03
-5.641950944368766957e-03
-5.644583906504592637e-03
-5.642721761369772632e-03
-5.643469702789710891e-03
-5.644869004994090486e-03
-5.644870998809403857e-03
-5.641969543147972062e-03
-5.644957397335053674e-03
-5.646472182454973475e-03
-5.646690726722442856e-03
-5.641913188284606792e-03
-5.644145868027286052e-03
-5.644114377268555360e-03
-5.644124524504862649e-03
-5.638936425944618760e-03
-5.639667323248271150e-03
-5.640409940931299763e-03
-5.640413537608411285e-03
-5.644748106104944922e-03
-5.643255447239992235e-03
-5.643246205076913984e-03
-5.643956056449834710e-03
-5.643204494574604116e-03
-5.642522550916561144e-03
-5.642522550916557675e-03
-5.646139918032129154e-03
-5.647607733279296459e-03
-5.646139489118029604e-03
-5.647627824206244603e-03
-5.646865996803971006e-03
-5.646855255864973409e-03
-5.646817705557963772e-03
-5.646817705557963772e-03
-5.634672777911549704e-03
-5.635414470722141002e-03
-5.634665272520844939e-03
-5.635925137017736529e-03
-5.632765439542109821e-03
-5.636926491329163555e-03
-5.637671971934122943e-03
-5.636923038591530426e-03
-5.639190502755829677e-03
-5.639195295616545624e-03
-5.637696927337487382e-03
-5.635466931723514747e-03
-5.633982197236871853e-03
-5.636279859491037485e-03
-5.636279859491040087e-03
-5.637037190940120610e-03
-5.637777085580809866e-03
-5.637764880396122294e-03
-5.636296104008313088e-03
-5.636296104008313955e-03
-5.636296104008314822e-03
-5.627949729366922907e-03
-5.627949729366925509e-03
-5.628696829158584547e-03
-5.628696829158583680e-03
-5.627305557192351267e-03
-5.628054394594666360e-03
-5.628049887287630941e-03
-5.625808860264663695e-03
-5.626556389082908692e-03
-5.625815349143293426e-03
-5.625815529372482637e-03
-5.625816730753482528e-03
-5.625816730753482528e-03
-5.625069660813305020e-03
-5.625069660813308489e-03
-5.625069660813305887e-03
-5.630304552305493045e-03
-5.630197454906273220e-03
-5.628798170600014111e-03
-5.627299153826778241e-03
-5.630275579118080437e-03
-5.628412223784695807e-03
-5.625712626056217879e-03
-5.631032299517361658e-03
-5.630275631181519067e-03
-5.631037216790593485e-03
-5.630281984681489993e-03
-5.630281984681492595e-03
-5.630281984681494330e-03
-5.630281984681496064e-03
-5.630282697265363845e-03
-5.631032941184402341e-03
-5.630288804463072332e-03
-5.628792993850308124e-03
-5.629527632854181875e-03
-5.630281530458644025e-03
-5.630533816655598246e-03
-5.630534932470847471e-03
-5.630535625760177063e-03
-5.630535625760177063e-03
-5.643118343065838677e-03
-5.643118343065839544e-03
-5.642360107087063086e-03
-5.641628278418109842e-03
-5.641628278418109842e-03
-5.642364142367121971e-03
-5.642366861019382750e-03
-5.641617092817350840e-03
-5.641617092817350840e-03
-5.640920787886378324e-03
-5.641577421140841868e-03
-5.640833493117066756e-03
-5.643695159455569196e-03
-5.642211943313243765e-03
-5.642133914261052846e-03
-5.642133914261054581e-03
-5.642133914261053713e-03
-5.642137857801160158e-03
-5.642137857801160158e-03
-5.642115492823834323e-03
-5.642141922166187852e-03
-5.642141922166188719e-03
-5.642141922166187852e-03
-5.643630308232910724e-03
-5.643630308232911591e-03
-5.642926261379461843e-03
-5.642178737246344999e-03
-5.643670400661082373e-03
-5.642178737246344999e-03
-5.641448285487205352e-03
-5.645114019461984663e-03
-5.644715968931026361e-03
-5.646101587330644780e-03
-5.644706933675634405e-03
-5.645250843318648515e-03
-5.646013192784923515e-03
-5.645241541366985590e-03
-5.646012188826320631e-03
-5.646012188826320631e-03
-5.644482323788416363e-03
-5.646015145282057973e-03
-5.645260469769912241e-03
-5.646781248435194314e-03
-5.645242845061662108e-03
-5.645242845061666445e-03
-5.645261012883071722e-03
-5.643914781795877043e-03
-5.647369440336953705e-03
-5.642714715436016916e-03
-5.641942947039344132e-03
-5.642648568457269212e-03
-5.644161063329667868e-03
-5.644954583919957296e-03
-5.644164012100545517e-03
-5.644255835399349455e-03
-5.645810557703618768e-03
-5.645039848156352576e-03
-5.645782552276277025e-03
-5.646544407726182546e-03
-5.648107536417432475e-03
-5.646183169854245183e-03
-5.646093325478021736e-03
-5.646077740272464202e-03
-5.646077740272465069e-03
-5.646070036037348881e-03
-5.645311255459433200e-03
-5.643813977012032169e-03
-5.645336003490059734e-03
-5.646100553172071768e-03
-5.646089351119147615e-03
-5.646089351119147615e-03
-5.645325852740568778e-03
-5.644567620614157795e-03
-5.646123778731027866e-03
-5.642033298485843104e-03
-5.641265250543343358e-03
-5.640495004404898031e-03
-5.641692033176187726e-03
-5.641692033176187726e-03
-5.643982753987127586e-03
-5.639005628242454472e-03
-5.639761596296362194e-03
-5.642779241471090196e-03
-5.643541671650952052e-03
-5.642779241471089328e-03
-5.639747977744298361e-03
-5.638978491476118703e-03
-5.638978491476117835e-03
-5.638978491476122172e-03
-5.638219641289659266e-03
-5.637469158386762026e-03
-5.637473957618059119e-03
-5.638235648132068970e-03
-5.637473957618064323e-03
-5.638299665025066527e-03
-5.639782194148095472e-03
-5.638040873225555645e-03
-5.640507443021566814e-03
-5.640504555468273985e-03
-5.636746349918177537e-03
-5.638299500661797005e-03
-5.638299500661799607e-03
-5.639059656375482697e-03
-5.638299500661799607e-03
-5.639774366099086118e-03
-5.644856049817297168e-03
-5.645628130255484108e-03
-5.646413532430689247e-03
-5.647177434750952005e-03
-5.646413532430685778e-03
-5.646184368416521521e-03
-5.645624363083732479e-03
-5.646000187657285521e-03
-5.646038480291739464e-03
-5.645290322776100843e-03
-5.640709496520485144e-03
-5.640709496520487747e-03
-5.640709496520487747e-03
-5.645271979310149783e-03
-5.640180941595972046e-03
-5.640180941595971179e-03
-5.642458205443089993e-03
-5.642926120723293706e-03
-5.642927432046801819e-03
-5.642927432046797483e-03
-5.643672225583014693e-03
-5.645989835129393286e-03
-5.645221403433257033e-03
-5.645221403433254431e-03
-5.642238045940937627e-03
-5.646768560965459774e-03
-5.644473352098357960e-03
-5.644473136415075962e-03
-5.643021393075257908e-03
-5.644509311945712995e-03
-5.640900333393709248e-03
-5.640900333393711850e-03
-5.637860445663230025e-03
-5.638627476326464605e-03
-5.637860445663233494e-03
-5.631450701560038012e-03
-5.631450701560044951e-03
-5.632249757668181429e-03
-5.630637592368118935e-03
-5.630637592368122404e-03
-5.630637592368122404e-03
-5.630648022439348373e-03
-5.631453834717596064e-03
-5.631393595814680741e-03
-5.629805231510251820e-03
-5.633787994184351507e-03
-5.635368298290482567e-03
-5.635368298290481699e-03
-5.635409781705992549e-03
-5.635409781705989947e-03
-5.640745673791820042e-03
-5.642042489929106723e-03
-5.641240258270077690e-03
-5.637773850303724570e-03
-5.635413705064846492e-03
-5.635413705064847359e-03
-5.637793040684330355e-03
-5.637007104999803425e-03
-5.637007104999799956e-03
-5.637797790445754804e-03
-5.637002349646311368e-03
-5.636222582796070711e-03
-5.635436534913087527e-03
-5.629892817563061577e-03
-5.636022136948793532e-03
-5.635394350047026255e-03
-5.636179979995130894e-03
-5.636185900635718934e-03
-5.632878097289923530e-03
-5.634450177857483130e-03
-5.613914364094940192e-03
-5.615528612021017905e-03
-5.617141185870825650e-03
-5.616398813131388487e-03
-5.616406258634703066e-03
-5.614630769556334250e-03
-5.616241574373659860e-03
-5.616236592962403282e-03
-5.614219851357082208e-03
-5.615440380753997096e-03
-5.616210377114525323e-03
-5.616210377114519252e-03
-5.617820537362983903e-03
-5.618318413923227041e-03
-5.618314711853844221e-03
-5.613831809613246786e-03
-5.614636753407377390e-03
-5.613831809613251123e-03
-5.614629617418718903e-03
-5.633578625895951583e-03
-5.632767666029736900e-03
-5.635200574290123200e-03
-5.635200574290122333e-03
-5.635200574290120598e-03
-5.635200574290123200e-03
-5.636744479554435180e-03
-5.636744479554436048e-03
-5.635920276346902819e-03
-5.635106288720097278e-03
-5.630979512572995699e-03
-5.629654271423673029e-03
-5.630266902683369983e-03
-5.630259334899666464e-03
-5.631075046872678624e-03
-5.630254575971349942e-03
-5.630280650488194219e-03
-5.634336592365102488e-03
-5.623823212500271736e-03
-5.623825017513689982e-03
-5.620615728033765898e-03
-5.620613470677653101e-03
-5.620615864696657839e-03
-5.622211308364444445e-03
-5.621409404830165872e-03
-5.621415206944009937e-03
-5.622213783019400224e-03
-5.621414868870370542e-03
-5.621421687019160021e-03
-5.622980503863867809e-03
-5.621421687019160889e-03
-5.621421687019161756e-03
-5.630190571772044836e-03
-5.629389430534022763e-03
-5.629389430534022763e-03
-5.629389430534021029e-03
-5.630191840065022421e-03
-5.627012398886421969e-03
-5.623814997830438485e-03
-5.623814997830438485e-03
-5.623011512447305751e-03
-5.623814997830436750e-03
-5.624615878851308912e-03
-5.621420852961177619e-03
-5.624615506650082475e-03
-5.625415361217322475e-03
-5.623013043833318542e-03
-5.621405418278696726e-03
-5.623007041324667825e-03
-5.623018110736264369e-03
-5.623710272863412934e-03
-5.623016214718717411e-03
-5.623017849779705056e-03
-5.614184501009415740e-03
-5.614184501009416607e-03
-5.614184501009414872e-03
-5.614184501009414872e-03
-5.616559422497834596e-03
-5.616566635324133500e-03
-5.617359452696852815e-03
-5.618166780636184125e-03
-5.616564441277859844e-03
-5.616275128939004005e-03
-5.616266937946638726e-03
-5.615477447520131858e-03
-5.615473170170100399e-03
-5.615485788443240305e-03
-5.615774819870958043e-03
-5.617377229873096040e-03
-5.620355920408133879e-03
-5.618750009467164512e-03
-5.620353114078369822e-03
-5.617886044061565914e-03
-5.616458470971291000e-03
-5.616469177811342708e-03
-5.616469602744999547e-03
-5.616469177811346178e-03
-5.614906932201826385e-03
-5.614906932201826385e-03
-5.614905444190552292e-03
-5.614905444190552292e-03
-5.619801388599666991e-03
-5.618983229889296105e-03
-5.617415088881612742e-03
-5.617415088881617079e-03
-5.618211032946339792e-03
-5.617416907107203664e-03
-5.618089326832075014e-03
-5.618089326832079351e-03
-5.618890949970739741e-03
-5.618091974774717945e-03
-5.586238918096029203e-03
-5.586238918096029203e-03
-5.588229409852913873e-03
-5.589216252068662100e-03
-5.589216252068667304e-03
-5.587280709482743413e-03
-5.589256083813482975e-03
-5.589256083813484710e-03
-5.588257999579052462e-03
-5.588250026235748284e-03
-5.588239327173408211e-03
-5.587238159542893233e-03
-5.588034382669502392e-03
-5.586243578184235149e-03
-5.590391869101459313e-03
-5.590391869101461048e-03
-5.591390717054009821e-03
-5.589736339943879133e-03
-5.586682323278425663e-03
-5.589172410236370805e-03
-5.589172410236370805e-03
-5.589172410236371673e-03
-5.586167341726581449e-03
-5.586167341726575378e-03
-5.586165960557496098e-03
-5.586165960557493496e-03
-5.586165960557496965e-03
-5.588794747721904585e-03
-5.591215638293928203e-03
-5.591215638293927336e-03
-5.592231468131918237e-03
-5.594279700270236508e-03
-5.593279134067401757e-03
-5.593088523919113354e-03
-5.594123036898920875e-03
-5.594123036898922610e-03
-5.599159013113646707e-03
-5.598141093786659049e-03
-5.598161401550906177e-03
-5.597144205547614597e-03
-5.598155695275301366e-03
-5.597147868537288330e-03
-5.592117246862641187e-03
-5.592117246862637718e-03
-5.592117246862638585e-03
-5.592117246862640320e-03
-5.592111544363398412e-03
-5.592111544363400147e-03
-5.560500823149148140e-03
-5.561526601663181746e-03
-5.561437101947131964e-03
-5.559394918286404003e-03
-5.558402833012990665e-03
-5.559469233324640033e-03
-5.560474137457570645e-03
-5.559393377662262721e-03
-5.561394364214772811e-03
-5.558329497330339111e-03
-5.558457132137224060e-03
-5.560323095096950108e-03
-5.559422126157139050e-03
-5.560445597506787768e-03
-5.558426727107490528e-03
-5.559388656641552941e-03
-5.559388656641552941e-03
-5.559423424036881098e-03
-5.561456539455746778e-03
-5.561456686777323591e-03
-5.561456686777323591e-03
-5.561494318814043034e-03
-5.559392823114026397e-03
-5.561900637538808034e-03
-5.557456341222196013e-03
-5.564448773365183142e-03
-5.564448773365181407e-03
-5.561409628762076923e-03
-5.562478415119907239e-03
-5.563471712452707461e-03
-5.562551572096751697e-03
-5.562551572096756901e-03
-5.560403310180727678e-03
-5.562310322403220438e-03
-5.560889798009515522e-03
-5.563561239629663188e-03
-5.563561239629662321e-03
-5.566541733677726582e-03
-5.565549204416278539e-03
-5.558393917822778731e-03
-5.557473305357359464e-03
-5.557473305357357729e-03
-5.558321866835516309e-03
-5.559410848642846840e-03
-5.559410848642846840e-03
-5.561418394868036970e-03
-5.561397678611640881e-03
-5.558472336595720979e-03
-5.559395645846239298e-03
-5.566548439076047378e-03
-5.562673596348072236e-03
-5.563242789917824220e-03
-5.563242789917827689e-03
-5.564922440025129105e-03
-5.564956135444092816e-03
-5.564956135444091949e-03
-5.564956135444090214e-03
-5.564956135444097153e-03
-5.564932382077733032e-03
-5.564932382077733899e-03
-5.564932382077735634e-03
-5.563931583269437348e-03
-5.563898134433593878e-03
-5.564674979644888136e-03
-5.564674979644888136e-03
-5.565025223761127168e-03
-5.572339621215499986e-03
-5.564147635470568717e-03
-5.564147635470570452e-03
-5.564147635470568717e-03
-5.564147635470569585e-03
-5.564147635470565248e-03
-5.564240466363734768e-03
-5.566365291720132627e-03
-5.567253651220831906e-03
-5.558410896991616140e-03
-5.558338856192470562e-03
-5.557368258685348346e-03
-5.559314621672265845e-03
-5.559315534405720634e-03
-5.556285715834791833e-03
-5.564395999428473766e-03
-5.564381800856230478e-03
-5.564365140653698694e-03
-5.564365140653699561e-03
-5.563333235658224005e-03
-5.563366286582988388e-03
-5.564355454388318634e-03
-5.564290289394323991e-03
-5.570240016361089307e-03
-5.571234415687116234e-03
-5.567335016543720032e-03
-5.565260977633806200e-03
-5.568228962569450949e-03
-5.567424215701886545e-03
-5.567393947184164776e-03
-5.568341059750592584e-03
-5.568503290060144995e-03
-5.567341927289679894e-03
-5.566457907100579028e-03
-5.569332505435302741e-03
-5.568342152950117412e-03
-5.569435321293502404e-03
-5.568381960456783401e-03
-5.564235661436909425e-03
-5.564235661436910292e-03
-5.566891578520571753e-03
-5.566891578520568283e-03
-5.564847872427874237e-03
-5.564815095983939412e-03
-5.564815095983942882e-03
-5.564833738512635526e-03
-5.564833738512635526e-03
-5.564847872427876839e-03
-5.563825638675488905e-03
-5.567362608039143519e-03
-5.565328089988635929e-03
-5.566321435709274158e-03
-5.566373994080336604e-03
-5.566373994080335737e-03
-5.567359527553022991e-03
-5.565374383571376586e-03
-5.567416347985959003e-03
-5.566677485857199868e-03
-5.568937356937624789e-03
-5.568937356937628258e-03
-5.563353439062846024e-03
-5.563353439062842555e-03
-5.566431845196707917e-03
-5.566431845196710519e-03
-5.566447095578137827e-03
-5.592865006124912025e-03
-5.592844292362883496e-03
-5.593850251931703835e-03
-5.592860652537810090e-03
-5.592860652537808355e-03
-5.586710042720504157e-03
-5.586710042720507627e-03
-5.586729131949812535e-03
-5.591845555625478588e-03
-5.587769583972355091e-03
-5.587769583972358560e-03
-5.581503990962506309e-03
-5.582497415160893144e-03
-5.581509992845181192e-03
-5.581509869080054573e-03
-5.581491018244026138e-03
-5.581476422795452440e-03
-5.585708270182320086e-03
-5.605770627908919675e-03
-5.598721923842255380e-03
-5.598741070339080875e-03
-5.598741070339081742e-03
-5.601455348291839789e-03
-5.601455348291840657e-03
-5.600417076842492334e-03
-5.600417076842492334e-03
-5.601444484687372397e-03
-5.603486790380267715e-03
-5.593338502903904066e-03
-5.593338502903904934e-03
-5.593338502903906669e-03
-5.599488912383793204e-03
-5.599488912383791470e-03
-5.600493966480505660e-03
-5.600493966480508262e-03
-5.600493966480509997e-03
-5.600493966480509130e-03
-5.600493966480509130e-03
-5.600498789316931021e-03
-5.598441139558743909e-03
-5.598414816547315348e-03
-5.598397106705509628e-03
-5.598397106705507893e-03
-5.599414549316491206e-03
-5.599663554890305095e-03
-5.599663554890306830e-03
-5.599428181737823619e-03
-5.599430711672312086e-03
-5.600435259211183729e-03
-5.599430711672309484e-03
-5.598085035811683520e-03
-5.596312105587713040e-03
-5.597296832985422695e-03
-5.598897784589452684e-03
-5.607073235129675891e-03
-5.608092281336448347e-03
-5.609113012235752982e-03
-5.608093006291943287e-03
-5.606083873037466525e-03
-5.606083873037463923e-03
-5.606083873037461321e-03
-5.592815541346503327e-03
-5.592815541346504195e-03
-5.601094344777498256e-03
-5.608234788032516981e-03
-5.608234788032516981e-03
-5.608234788032516113e-03
-5.608226869027535706e-03
-5.608234788032516981e-03
-5.610281933801252417e-03
-5.600994029368677393e-03
-5.600988823155154603e-03
-5.598013259204320975e-03
-5.589976958999137019e-03
-5.589976958999138754e-03
-5.589972890941197030e-03
-5.589972890941197897e-03
-5.589972890941196162e-03
-5.589975510461404548e-03
-5.590974229250950979e-03
-5.588970361989182949e-03
-5.587940606154977348e-03
-5.594981185342191854e-03
-5.586880362026609009e-03
-5.588898244593333564e-03
-5.590956378061879770e-03
-5.590460737549656119e-03
-5.584791965143817705e-03
-5.584814004529739008e-03
-5.584814004529742477e-03
-5.584899655338291385e-03
-5.584914662599340697e-03
-5.598547400035258984e-03
-5.598573180089995785e-03
-5.598573180089991448e-03
-5.597534134235963854e-03
-5.600573463242373463e-03
-5.598555370174807325e-03
-5.600583141940484663e-03
-5.598536512479598999e-03
-5.598536512479597264e-03
-5.600646161031918625e-03
-5.601654607436073845e-03
-5.600644651418881619e-03
-5.594366196474501521e-03
-5.595404839793938385e-03
-5.597452118860123289e-03
-5.597452118860125891e-03
-5.597452118860123289e-03
-5.597446684915349108e-03
-5.597448345091370937e-03
-5.603973260370260015e-03
-5.603973260370259148e-03
-5.603973260370260882e-03
-5.604974213656655282e-03
-5.605974373574858227e-03
-5.605965073117256253e-03
-5.605965073117257988e-03
-5.605965073117259723e-03
-5.604971400708021710e-03
-5.601940821966426044e-03
-5.600867060785957689e-03
-5.601400086349351583e-03
-5.601400086349350715e-03
-5.599842555856969668e-03
-5.601491480061124642e-03
-5.599851262582352003e-03
-5.599851262582353738e-03
-5.599092854143352359e-03
-5.602134964438571473e-03
-5.597450409375492181e-03
-5.592612943180359612e-03
-5.602079038873688382e-03
-5.602080588815289662e-03
-5.597002326456173085e-03
-5.597002326456175687e-03
-5.600061361478259579e-03
-5.598032866746663339e-03
-5.597017274280237549e-03
-5.597017274280241018e-03
-5.599038063544113306e-03
-5.595972025465469415e-03
-5.600070522866333958e-03
-5.601058837977134636e-03
-5.602105993584171988e-03
-5.593480341379751357e-03
-5.594481608034054636e-03
-5.594475243781021206e-03
-5.595472669249017088e-03
-5.596480515472589123e-03
-5.592453249520595859e-03
-5.593459227068907358e-03
-5.593463396540035090e-03
-5.594484086330150756e-03
-5.596479593132906195e-03
-5.594365223475931785e-03
-5.595372512728550955e-03
-5.595372138600824760e-03
-5.595356460285028088e-03
-5.595356460285032425e-03
-5.596368365520000554e-03
-5.596354712827308897e-03
-5.594205322611540444e-03
-5.593222921859914050e-03
-5.593222921859914917e-03
-5.593222921859913183e-03
-5.593193139792016280e-03
-5.593222921859918387e-03
-5.593222921859916652e-03
-5.592182694826581917e-03
-5.592182395633043916e-03
-5.593991530980020783e-03
-5.594235323459806168e-03
-5.625470513773040207e-03
-5.625470513773041074e-03
-5.627578073699121726e-03
-5.625486330245771556e-03
-5.625486330245772423e-03
-5.625486330245772423e-03
-5.623389725439910738e-03
-5.623389725439909871e-03
-5.622340976400140404e-03
-5.622340976400143873e-03
-5.622382812409500337e-03
-5.619360899074723852e-03
-5.617123171716432647e-03
-5.616073736371326834e-03
-5.616073736371325967e-03
-5.615262217757280294e-03
-5.618316461156658802e-03
-5.618316461156657934e-03
-5.621331002012308099e-03
-5.621330570965068531e-03
-5.619226988329740699e-03
-5.620278523700999486e-03
-5.620276917362501505e-03
-5.617171740030711853e-03
-5.616798993116772949e-03
-5.617855142666291698e-03
-5.617855142666292566e-03
-5.615934710993714801e-03
-5.612780557645985317e-03
-5.612782460435777367e-03
-5.616255312142636076e-03
-5.616255312142631739e-03
-5.615217577106858433e-03
-5.615164692998213247e-03
-5.614160986502035426e-03
-5.615992167224435026e-03
-5.615990026683662616e-03
-5.615992167224435026e-03
-5.616609898820340042e-03
-5.616609898820340910e-03
-5.611896520032078062e-03
-5.615058741235261566e-03
-5.614009198737896465e-03
-5.615060672946601932e-03
-5.613231066669468333e-03
-5.614165193452317487e-03
-5.619406420061840747e-03
-5.619406420061838145e-03
-5.619406420061838145e-03
-5.618355984867681556e-03
-5.618347846151662724e-03
-5.616165540268826424e-03
-5.617213005960643678e-03
-5.626332427268061591e-03
-5.626329746451766943e-03
-5.625272987009924050e-03
-5.628450927171873251e-03
-5.630573081856635881e-03
-5.627383656613142889e-03
-5.627383656613142021e-03
-5.627220404445986736e-03
-5.622857995506548925e-03
-5.627358638919688696e-03
-5.627358505321033988e-03
-5.625236545180129812e-03
-5.624173861394969783e-03
-5.624173861394968915e-03
-5.625103152953786143e-03
-5.629328041027125556e-03
-5.630386875418117582e-03
-5.630386875418117582e-03
-5.624054179867212996e-03
-5.626162651102745160e-03
-5.618069018912224058e-03
-5.619116438332913757e-03
-5.622269271857957204e-03
-5.617076091966428757e-03
-5.620167374857701001e-03
-5.620167374857706205e-03
-5.618931702795680778e-03
-5.668556784157013570e-03
-5.672839640622502795e-03
-5.669631320990691989e-03
-5.669631320990692856e-03
-5.670672509658893079e-03
-5.670614337703321940e-03
-5.670596876492720387e-03
-5.670688065756749122e-03
-5.668860327212674882e-03
-5.669903313677671954e-03
-5.669966745886973955e-03
-5.669966745886976557e-03
-5.667787200471638941e-03
-5.667763047664914691e-03
-5.667297306487109089e-03
-5.667282657158115300e-03
-5.669343247236573527e-03
-5.667763047664915559e-03
-5.667700879959396490e-03
-5.667700879959391286e-03
-5.670879282976772420e-03
-5.671953322520414432e-03
-5.668693956787906538e-03
-5.669754051138668760e-03
-5.668693956787904803e-03
-5.668693956787908272e-03
-5.647581412822758225e-03
-5.653677207685488780e-03
-5.655753382935819681e-03
-5.653695340439151944e-03
-5.655686387893989545e-03
-5.654921379445394629e-03
-5.653870675400906286e-03
-5.648907518063336040e-03
-5.648921337137514410e-03
-5.654971468366761130e-03
-5.652845678711824681e-03
-5.653886012358912833e-03
-5.652845678711822079e-03
-5.652846393896819241e-03
-5.648773328385956610e-03
-5.655943053131685765e-03
-5.652933196385278442e-03
-5.655994388113978581e-03
-5.653991063410647964e-03
-5.656083750796709643e-03
-5.657108268343638210e-03
-5.657109534425118318e-03
-5.654930972576271975e-03
-5.653899247102628714e-03
-5.653824368718522730e-03
-5.658754110722360314e-03
-5.646015970903342854e-03
-5.644987387527665955e-03
-5.646020557614061554e-03
-5.647268829136745799e-03
-5.647268829136745799e-03
-5.649311534471790353e-03
-5.651243838203387146e-03
-5.651395531320886623e-03
-5.647189687480153909e-03
-5.648377987672308954e-03
-5.651297100337800139e-03
-5.655490050842424017e-03
-5.656536732665048625e-03
-5.656536732665048625e-03
-5.655490050842425752e-03
-5.648086054893472659e-03
-5.650368849597115113e-03
-5.647301910573730536e-03
-5.649363896591056734e-03
-5.649354037684159273e-03
-5.649354037684162742e-03
-5.649322289315323459e-03
-5.649322289315323459e-03
-5.649322289315326928e-03
-5.649322289315326061e-03
-5.652461762349469260e-03
-5.643763242827053161e-03
-5.650987446974012167e-03
-5.652032301726040396e-03
-5.644734426135379797e-03
-5.644734426135381532e-03
-5.645765925125939035e-03
-5.646806373337549118e-03
-5.646806548423667464e-03
-5.646806548423668332e-03
-5.645765925125939902e-03
-5.644765340572616488e-03
-5.640616901401619351e-03
-5.641645297543735130e-03
-5.650419497591929741e-03
-5.647833228070518741e-03
-5.648854753424834702e-03
-5.648854697969726314e-03
-5.648854697969721110e-03
-5.648854697969723712e-03
-5.647841223095901794e-03
-5.647817218838308874e-03
-5.647817218838310609e-03
-5.651975632901618321e-03
-5.651975632901617454e-03
-5.646806199492022602e-03
-5.646778362175497792e-03
-5.645752687199365530e-03
-5.645763974501625919e-03
-5.645779250992518511e-03
-5.648886898792595569e-03
-5.650966840784028659e-03
-5.650966840784030394e-03
-5.649888094359577922e-03
-5.644731665272906262e-03
-5.644731665272905395e-03
-5.644731665272908865e-03
-5.644731665272905395e-03
-5.646786947513069733e-03
-5.647826116039489537e-03
-5.646785475630046285e-03
-5.645759662560948140e-03
-5.648851806505798649e-03
-5.642663865615200197e-03
-5.645717791135543978e-03
-5.644678995431462280e-03
-5.644678995431459678e-03
-5.646832659106656473e-03
-5.642621654166034284e-03
-5.689215715814310674e-03
-5.694596719539600331e-03
-5.694550836351546658e-03
-5.655100490272920929e-03
-5.659836582529359506e-03
-5.659836582529360373e-03
-5.659836582529361240e-03
-5.665917201929465685e-03
-5.665913915063863944e-03
-5.665913915063862209e-03
-5.667010041941637766e-03
-5.663710746652223307e-03
-5.669055356795763174e-03
-5.669055356795764909e-03
-5.668306536391195041e-03
-5.665921647448429917e-03
-5.665964504408916441e-03
-5.665946299878920137e-03
-5.665946299878918402e-03
-5.671109640345209715e-03
-5.671116289567946361e-03
-5.669966091917261371e-03
-5.670309726738710990e-03
-5.670081373672479670e-03
-5.671116917187826040e-03
-5.671116917187826040e-03
-5.667758800691099531e-03
-5.669996003835518772e-03
-5.677987778134893117e-03
-5.677222752393994328e-03
-5.677251045270652156e-03
-5.672590053686529105e-03
-5.671437749243037063e-03
-5.671437749243034461e-03
-5.671437749243034461e-03
-5.673688542440167952e-03
-5.671410333394061483e-03
-5.664989445059674493e-03
-5.666079459144015423e-03
-5.670119690032892311e-03
-5.670119690032896648e-03
-5.665085760316288487e-03
-5.662882229774165131e-03
-5.663931892937142283e-03
-5.667233395757718950e-03
-5.667258641533518687e-03
-5.664046977177304189e-03
-5.664046977177306791e-03
-5.666191428752589097e-03
-5.668434255808848035e-03
-5.666270578514895004e-03
-5.667369862269958786e-03
-5.666120625004204825e-03
-5.666131690308513075e-03
-5.668359261114869728e-03
-5.668377043146053187e-03
-5.667273284940918532e-03
-5.666204439679851761e-03
-5.669579930468077698e-03
-5.670690860342214069e-03
-5.670690860342215804e-03
-5.663930800242317036e-03
-5.666064780292245917e-03
-5.665940683620244132e-03
-5.668295787126994070e-03
-5.668281932838163326e-03
-5.666113007953814222e-03
-5.663810129642211054e-03
-5.667149092701009860e-03
-5.667149092701010728e-03
-5.682778360933619238e-03
-5.682778360933618371e-03
-5.681649879801157696e-03
-5.660614893197421851e-03
-5.660670885295073819e-03
-5.657342133049416202e-03
-5.657342133049420539e-03
-5.658452368135225008e-03
-5.658452368135222406e-03
-5.658509674993087400e-03
-5.658509674993088268e-03
-5.658469791465616308e-03
-5.678627442155269323e-03
-5.678553136683959536e-03
-5.673045572225227096e-03
-5.680749477299530323e-03
-5.679236656045151196e-03
-5.680975927487083230e-03
-5.683190940963896501e-03
-5.681003425179595966e-03
-5.681003425179595966e-03
-5.680969813080561336e-03
-5.680969813080560468e-03
-5.682079235158158173e-03
-5.680969813080561336e-03
-5.680969813080562203e-03
-5.682082950964316599e-03
-5.679864702891170361e-03
-5.679963965487899377e-03
-5.680976599759343659e-03
-5.682084676266820761e-03
-5.682086278036097872e-03
-5.680991248090612976e-03
-5.680991248090616445e-03
-5.679912818852606883e-03
-5.681367569809419801e-03
-5.678037224488452495e-03
-5.681380319765380604e-03
-5.681380319765382339e-03
-5.679202416564724937e-03
-5.679351875481836349e-03
-5.679009025456606928e-03
-5.658590880601444863e-03
-5.656442623241907108e-03
-5.657501729708514643e-03
-5.656439673108048551e-03
-5.657501026861796317e-03
-5.661772928232734411e-03
-5.650437706125929771e-03
-5.660751211346635829e-03
-5.659673700087698364e-03
-5.662111387529308176e-03
-5.662111387529309911e-03
-5.662111387529308176e-03
-5.664283431300299286e-03
-5.665379408032080247e-03
-5.665411614349291462e-03
-5.664286269428376458e-03
-5.664286269428379060e-03
-5.663205946620492211e-03
-5.668805634606380317e-03
-5.673157433076777417e-03
-5.668855220201661146e-03
-5.667772420691248939e-03
-5.666733785280271551e-03
-5.666805648695916013e-03
-5.667758806852582314e-03
-5.669905567577021230e-03
-5.669265742997453214e-03
-5.669265742997453214e-03
-5.669281405547297106e-03
-5.669281405547297106e-03
-5.667480931756276215e-03
-5.667480931756273613e-03
-5.666380785445991608e-03
-5.666426013975676967e-03
-5.664291564501976531e-03
-5.663209367458404628e-03
-5.663209367458399424e-03
-5.666384155828831613e-03
-5.668525432171393937e-03
-5.654632922977311481e-03
-5.654650147993277136e-03
-5.653575241043698116e-03
-5.655696419194914011e-03
-5.655695501324834590e-03
-5.656789462208138691e-03
-5.656790302491083479e-03
-5.658925392100596329e-03
-5.658925392100598931e-03
-5.657696818579614935e-03
-5.657696818579614935e-03
-5.657696818579614935e-03
-5.658872451114248942e-03
-5.658871997144271880e-03
-5.658872451114244605e-03
-5.658872451114244605e-03
-5.656727447662693656e-03
-5.656763741331528698e-03
-5.656744063275967807e-03
-5.659905217270452295e-03
-5.654659738626155278e-03
-5.656823689584385313e-03
-5.655748235383694679e-03
-5.654680252470673310e-03
-5.655740518380663294e-03
-5.655811463206149824e-03
-5.655811463206148956e-03
-5.655755682467208771e-03
-5.652523635627234450e-03
-5.658979677736562797e-03
-5.660057759975399040e-03
-5.658979677736561929e-03
-5.658924428893290746e-03
-5.657926816234073140e-03
-5.661083539615838905e-03
-5.657843921285377053e-03
-5.657843921285376186e-03
-5.658921032856299195e-03
-5.663237334422742755e-03
-5.654555923179497602e-03
-5.654555923179497602e-03
-5.654572066244287036e-03
-5.662217940491993083e-03
-5.662217940491990481e-03
-5.662217940491988746e-03
-5.663060021060695864e-03
-5.663345852552525289e-03
-5.652615160730684561e-03
-5.652630479812459363e-03
-5.651553536827383026e-03
-5.650417686596910863e-03
-5.649367229837615710e-03
-5.652590141429785289e-03
-5.649402707184150198e-03
-5.656832555682369569e-03
-5.654725773582908004e-03
-5.654402732046321343e-03
-5.655452466556161809e-03
-5.655465076191253972e-03
-5.655464722209243601e-03
-5.656176586486953359e-03
-5.656574942096167721e-03
-5.656444134226132001e-03
-5.656444134226132001e-03
-5.655455627927016143e-03
-5.655455627927013541e-03
-5.655528769007796622e-03
-5.637630684509436357e-03
-5.639772352926080215e-03
-5.638700450577103368e-03
-5.638700450577099899e-03
-5.638700450577098164e-03
-5.638854122099367511e-03
-5.638854122099370113e-03
-5.638864828084060032e-03
-5.635499424921056218e-03
-5.638839614694079148e-03
-5.638696919279873043e-03
-5.638696919279875645e-03
-5.636573500539074355e-03
-5.635498488599907131e-03
-5.636567755716896493e-03
-5.635500655969485212e-03
-5.636567755716896493e-03
-5.636567755716893023e-03
-5.637623651400449666e-03
-5.635498192792854667e-03
-5.637641220069318330e-03
-5.639777585070535754e-03
-5.640728012081931177e-03
-5.639653579767808095e-03
-5.638586559032873063e-03
-5.637666340175867888e-03
-5.638724025315312686e-03
-5.633383440882761342e-03
-5.634431273525425908e-03
-5.670830219979299501e-03
-5.671925595598029633e-03
-5.670818270486668866e-03
-5.668644325328759184e-03
-5.671878275982421801e-03
-5.669644760807101072e-03
-5.665369946666346836e-03
-5.665336141044118208e-03
8.956343861604400269e-02
8.962688479144480247e-02
8.962720635492298082e-02
8.958490675570263129e-02
8.969477548022858349e-02
8.969477548022858349e-02
8.911156505784421922e-02
8.901473722443410674e-02
8.911861469650400602e-02
8.926282100441330913e-02
8.922482422080720010e-02
8.885951935777806898e-02
8.895677098327298138e-02
8.900345467676672173e-02
8.906280588494831785e-02
8.907928603606543594e-02
8.897630784660247316e-02
8.897630784660247316e-02
8.902334311904964992e-02
8.900205000352534590e-02
8.988572567798486235e-02
8.988587361249696095e-02
9.002665359425129910e-02
8.969465909513442414e-02
8.969465909513442414e-02
8.971106476699686194e-02
8.986988649682949026e-02
8.978905085877678105e-02
8.949844707368125041e-02
8.991567808196775091e-02
8.991567808196775091e-02
8.991567808196782030e-02
8.969324690140589862e-02
8.976008748003380666e-02
8.930943474816772920e-02
8.940031531545065968e-02
8.940031531545065968e-02
8.948700704024065145e-02
8.961359329248402839e-02
8.961359329248407002e-02
8.984160531786079817e-02
8.984160531786071491e-02
8.959958906401783996e-02
8.956703348912287144e-02
8.956400874854392180e-02
8.948536747629295962e-02
8.966936486779865378e-02
8.966328660958242103e-02
8.929272459653674054e-02
8.929272459653675442e-02
8.929283867549002440e-02
8.929420608206040111e-02
8.940668460257164551e-02
8.830802196089107547e-02
8.834905992622428539e-02
8.816222513108837311e-02
8.844099130846383439e-02
8.844099130846383439e-02
8.853528847832241311e-02
8.844490008177972873e-02
8.884143926235046895e-02
8.884143926235046895e-02
8.884143926235046895e-02
8.859722968175529068e-02
8.862568341228913016e-02
8.873187818045161213e-02
8.873175318079543072e-02
8.857112792262317180e-02
8.835002311702427891e-02
8.854369095840701476e-02
8.857410763557924116e-02
8.876375153859893119e-02
8.876256602833805520e-02
8.885641464003074530e-02
8.850623912230282109e-02
8.861112739718002285e-02
8.814313475688201338e-02
8.812831316912347890e-02
8.820926588299995985e-02
8.837966685040477000e-02
8.834390102733738481e-02
8.813844145880009306e-02
8.832527451162039411e-02
8.841700542275890418e-02
8.862747509349179487e-02
8.863381189728067322e-02
8.852336697872445481e-02
8.858942175420070342e-02
8.876010720241211960e-02
8.889158341350122949e-02
8.873777580878081106e-02
8.873777580878085269e-02
8.794837239226140080e-02
8.830669018589680508e-02
8.870724102122878874e-02
8.882897403212441922e-02
8.802452655072033616e-02
8.791344383179902633e-02
8.804532262301109635e-02
8.809050049041441954e-02
8.809050049041441954e-02
8.819411588800075974e-02
8.799171805164154869e-02
8.829646070294960847e-02
8.829646070294960847e-02
8.829646070294958071e-02
8.838122573695066098e-02
8.821367752768147219e-02
8.821367752768154158e-02
8.849712035976865787e-02
8.835652324758691556e-02
8.841558282947732661e-02
8.831221971441245711e-02
8.830639422747030287e-02
8.821322248681008615e-02
8.831737468900095755e-02
8.838644528710698500e-02
8.833762351233628851e-02
8.861894305985786036e-02
