6.451385965806030222e-03
6.451377177768474747e-03
6.475030008685378480e-03
6.460761498840145167e-03
6.465082704150471038e-03
6.489468072350845773e-03
6.489468072349249828e-03
6.489468072348701655e-03
6.489468072348649613e-03
6.489468072348664358e-03
6.484669020384817295e-03
6.494100830528691873e-03
6.498805963200389967e-03
6.484669071738413150e-03
6.487093122627905425e-03
6.479916067835144247e-03
6.479916067835144247e-03
6.479916067835165064e-03
6.484655796417525438e-03
6.505066498018480942e-03
6.497729552997071577e-03
6.496952081711071351e-03
6.487355988589328659e-03
6.467217447082868921e-03
6.467453285948483385e-03
6.476733598022739111e-03
6.471960242750503418e-03
6.476419348803102473e-03
6.481503602085433163e-03
6.462450772710677353e-03
6.462450772710666078e-03
6.462450772710643526e-03
6.461938012680028438e-03
6.461938012680023234e-03
6.487437178189512169e-03
6.487437178189511301e-03
6.490185144612683685e-03
6.481516350044933678e-03
6.473662760324842835e-03
6.500438617907412613e-03
6.514341912337163164e-03
6.495574280632282656e-03
6.495574280632273982e-03
6.495574280632273115e-03
6.495574280632286993e-03
6.504274957936111504e-03
6.477698951805097895e-03
6.488668547625927631e-03
6.481073498194531157e-03
6.481073498194526820e-03
6.481073498194525953e-03
6.481073498194528555e-03
6.481073498194525086e-03
6.481073498194526820e-03
6.490062659233013231e-03
6.485479576797166176e-03
6.513146913876351370e-03
6.508457545983007547e-03
6.511969109598450371e-03
6.511969109598438228e-03
6.511969109598438228e-03
6.507230970199871962e-03
6.511873610028344299e-03
6.511873610028348636e-03
6.507230058410490119e-03
6.511913759801322803e-03
6.526014047127849486e-03
6.521306082881547263e-03
6.504963689558023419e-03
6.531944883165762342e-03
6.512971257040776896e-03
6.512971257040777763e-03
6.519640491664615428e-03
6.524335444790000868e-03
6.524531340538953020e-03
6.519876349413067027e-03
6.515203451267871822e-03
6.519855620830690424e-03
6.524549829653612451e-03
6.511721604951630285e-03
6.479315843434475287e-03
6.483927652979973484e-03
6.483927652979974351e-03
6.479315843434469216e-03
6.479315843434464012e-03
6.490280398261966122e-03
6.490280398261969591e-03
6.483903193974153642e-03
6.488481910445272928e-03
6.489675613074149044e-03
6.488350496640376761e-03
6.488350496640369822e-03
6.485124848266153597e-03
6.483932834935431967e-03
6.492358125976097766e-03
6.492358125976095164e-03
6.493046205539840937e-03
6.488419638350518756e-03
6.479322502749446273e-03
6.495298218926501103e-03
6.495298218926498501e-03
6.495298218926497634e-03
6.514339804890119899e-03
6.508548033817351981e-03
6.508545659499307724e-03
6.508545659499307724e-03
6.513207353244612405e-03
6.515953019592958875e-03
6.511282836068980721e-03
6.510229239786353289e-03
6.510229239786358493e-03
6.472150255640405844e-03
6.472150255640407579e-03
6.461955440241768517e-03
6.484280722981400694e-03
6.479688062051304140e-03
6.479688062051302405e-03
6.479688062051302405e-03
6.483804945672675714e-03
6.502721306282112888e-03
6.498085201271563451e-03
6.488898557214480174e-03
6.488943773469151195e-03
6.489928241826680051e-03
6.477459825108309449e-03
6.477459825108308582e-03
6.482064795364179087e-03
6.477459825108308582e-03
6.490604861133147073e-03
6.495231692851582278e-03
6.490604861133152277e-03
6.490604861133149675e-03
6.482065003512432928e-03
6.486680725111261710e-03
6.480875757062899006e-03
6.480875757062900741e-03
6.490077859555944996e-03
6.489943074720680785e-03
6.497898533376934849e-03
6.497898533376935716e-03
6.497898533376938318e-03
6.497898533376936583e-03
6.494186205297285130e-03
6.484290216015534646e-03
6.484290216015526839e-03
6.484290216015531176e-03
6.479688062051302405e-03
6.480969047685046502e-03
6.484285103951545511e-03
6.488894661839645847e-03
6.488894661839650184e-03
6.506751568816170235e-03
6.497972488495151744e-03
6.497972488495156081e-03
6.494431852469150987e-03
6.492811814053609486e-03
6.492811814053608618e-03
6.497445728749166177e-03
6.492811814053602547e-03
6.495114073669651725e-03
6.495212573379068391e-03
6.490588395004441742e-03
6.490588395004445212e-03
6.502580393432034339e-03
6.434730194337803279e-03
6.434730194337806748e-03
6.433680754471947372e-03
6.435668625290569614e-03
6.438156671100088262e-03
6.424975640980315136e-03
6.424975640980313402e-03
6.424975640980312534e-03
6.426011821956219804e-03
6.429456159898715856e-03
6.424975640980311667e-03
6.424975640980313402e-03
6.424975572090803853e-03
6.424975640980314269e-03
6.433821935578340652e-03
6.429556929574612931e-03
6.429556929574619002e-03
6.431568841905271547e-03
6.431568841905270680e-03
6.431560826040232971e-03
6.448966485546305839e-03
6.448966485546306707e-03
6.460966977873999068e-03
6.452257973778105331e-03
6.455253639561179396e-03
6.458045033322546043e-03
6.452266379465915191e-03
6.456873886941224584e-03
6.456873886941225452e-03
6.456873886941223717e-03
6.456873886941224584e-03
6.454463604929208849e-03
6.454463604929211451e-03
6.469229362008753655e-03
6.469229362008756257e-03
6.441189539647170642e-03
6.443468430893137949e-03
6.455236556479654504e-03
6.455757150685371634e-03
6.462654666890415255e-03
6.490289785211920438e-03
6.464164474386303351e-03
6.492243638591897216e-03
6.480198424331521691e-03
6.479000830820850869e-03
6.479000830820852604e-03
6.479000830820850869e-03
6.479006332761975788e-03
6.479006332761976655e-03
6.479006332761977523e-03
6.479026739014447436e-03
6.479026739014449171e-03
6.479024687835274743e-03
6.482307150737966900e-03
6.518900161762789143e-03
6.519769481710547231e-03
6.514267466671026276e-03
6.499316463941546412e-03
6.499316463941547280e-03
6.501538470040694150e-03
6.501538470040696752e-03
6.511970987925914424e-03
6.505492356921474886e-03
6.506744554893762085e-03
6.502168025970135774e-03
6.481389451884320488e-03
6.481389451884323957e-03
6.490663758185198466e-03
6.486022589597806483e-03
6.485956124851696876e-03
6.481329555036252285e-03
6.484700995141133920e-03
6.486848761256813582e-03
6.462876587003613463e-03
6.470909225203327723e-03
6.466313704885029261e-03
6.466256980583923175e-03
6.470889114257841537e-03
6.464176967863264657e-03
6.464176967863261188e-03
6.464176967863262055e-03
6.452211266930909031e-03
6.456779372279096603e-03
6.447643439458047507e-03
6.455381884030120428e-03
6.455381884030122162e-03
6.455381884030118693e-03
6.454955118159436296e-03
6.454955118159435429e-03
6.454955118159434561e-03
6.455652774385435208e-03
6.455675385260923986e-03
6.455675385260920517e-03
6.451097913478764240e-03
6.486254434009379975e-03
6.486254434009380843e-03
6.449958734413515672e-03
6.459112153747716308e-03
6.454540096674861623e-03
6.449952886037268844e-03
6.449952886037268844e-03
6.445375978759840252e-03
6.457489131718651895e-03
6.462072138688134022e-03
6.452921081833120492e-03
6.472768294900989317e-03
6.471685296366901964e-03
6.471685296366904566e-03
6.471685294798079635e-03
6.471685294798077033e-03
6.476300282305171366e-03
6.476098307855704048e-03
6.476098307855700578e-03
6.476098307855704048e-03
6.476300282305173101e-03
6.476300282305165294e-03
6.471679587843587322e-03
6.462578589731511960e-03
6.472653503411461041e-03
6.468044316578421514e-03
6.483074586289563901e-03
6.482942186311083099e-03
6.484285378436103857e-03
6.479743227999729821e-03
6.473991471388657395e-03
6.469474589474003695e-03
6.471732907658170851e-03
6.476348317723792415e-03
6.476674499029605805e-03
6.467421371770638687e-03
6.524668858658082098e-03
6.515227384112042691e-03
6.506488549836087626e-03
6.506488549836074615e-03
6.497063458642238741e-03
6.497063458642237006e-03
6.497063458642231802e-03
6.521805244143676072e-03
6.521805244143676072e-03
6.517048983563321178e-03
6.526396081100919663e-03
6.512302678078728778e-03
6.517037640065009504e-03
6.517037640065018178e-03
6.517053512475828349e-03
6.513807432417822833e-03
6.513216015420973150e-03
6.551026023992307865e-03
6.551026023992306997e-03
6.551026023992309599e-03
6.550752158765296880e-03
6.550752158765297747e-03
6.550752158765297747e-03
6.552896375740877542e-03
6.562276205360258012e-03
6.562276205360258012e-03
6.577291975876955500e-03
6.562760841424106553e-03
6.562760841424116094e-03
6.562760841424115227e-03
6.541352164007413830e-03
6.541352164007444188e-03
6.541352164007431177e-03
6.558984834083368687e-03
6.556674323387142768e-03
6.566339753602103493e-03
6.558025672584691379e-03
6.558025672584682705e-03
6.543680129148860512e-03
6.543680129148852706e-03
6.550549595167250681e-03
6.550549595167260222e-03
6.550633512596506190e-03
6.567240636933375196e-03
6.547732744540147101e-03
6.562817079979334223e-03
6.567655474430488319e-03
6.567655474430486584e-03
6.567655249752082230e-03
6.567655249752085700e-03
6.571177732096132075e-03
6.558030982377447901e-03
6.555798133532350809e-03
6.557987150763668407e-03
6.557987150763655397e-03
6.557987150763655397e-03
6.557987150763656264e-03
6.557987150763668407e-03
6.561889267596330080e-03
6.557332400526251839e-03
6.599996873672402987e-03
6.546395116339404248e-03
6.527997269072603401e-03
6.523231593372831767e-03
6.528002842417456736e-03
6.499052308051810577e-03
6.503777469507810750e-03
6.508510704558061535e-03
6.509638572161483873e-03
6.514385348750938859e-03
6.499006208225441977e-03
6.513091130204227107e-03
6.511960116409396676e-03
6.511960116409389737e-03
6.492401643083086857e-03
6.492410459179477102e-03
6.492410459179481438e-03
6.437693479259723461e-03
6.437693479259722594e-03
6.437740361305302472e-03
6.437740361305305074e-03
6.437740361305304207e-03
6.429969713969069418e-03
6.443718301036312386e-03
6.434480859399541348e-03
6.419672921031987188e-03
6.426523830942556040e-03
6.440750039588073565e-03
6.436156593959061790e-03
6.431766015583307433e-03
6.431766015583310903e-03
6.431766015583311770e-03
6.431766015583313505e-03
6.426538593012559065e-03
6.434541132765107287e-03
6.429942537682012751e-03
6.433427053506855439e-03
6.468236302236109875e-03
6.461119373196009229e-03
6.465674586778670171e-03
6.465754627112157114e-03
6.465754627112157982e-03
6.465804726227482140e-03
6.495770932554274790e-03
6.509839969638234192e-03
6.505146167307089035e-03
6.481843899264727940e-03
6.495847213264458082e-03
6.371828219544277243e-03
6.368565352865220193e-03
6.367546612817426115e-03
6.364966286539220849e-03
6.364025503783092216e-03
6.442930214830102850e-03
6.442930214830101115e-03
6.447508632809985200e-03
6.441773418092304297e-03
6.448043597591972091e-03
6.443435964294272865e-03
6.456033848400459171e-03
6.438895079020562698e-03
6.438895079020561830e-03
6.443445029730614573e-03
6.446107213520589629e-03
6.446107213520595701e-03
6.446107213520594834e-03
6.446107213520588762e-03
6.441730381747048581e-03
6.450728960047872121e-03
6.441724041190559878e-03
6.441724041190568552e-03
6.441724041190565950e-03
6.441724041190571154e-03
6.441724041190565950e-03
6.445183084355422982e-03
6.431935167865938767e-03
6.436023971641351496e-03
6.440236582095429374e-03
6.440236582095424170e-03
6.440236582095425905e-03
6.449385588844263467e-03
6.449385588844262600e-03
6.421669823880313439e-03
6.425912336546621070e-03
6.428434566647900708e-03
6.412537239305923439e-03
6.408945229394446240e-03
6.412537239305918235e-03
6.420577510635240050e-03
6.417130591128299144e-03
6.422421174038313481e-03
6.436415822527595532e-03
6.418657681848071415e-03
6.424585021884595716e-03
6.427253798151510121e-03
6.427851311032553930e-03
6.418112139555108044e-03
6.422512714888906765e-03
6.432895256540204117e-03
6.431202131528225389e-03
6.435790587130615220e-03
6.431202131528224522e-03
6.435790587130618690e-03
6.431202131528223655e-03
6.431202131528228859e-03
6.431202131528225389e-03
6.431197948032436884e-03
6.426298946857332550e-03
6.426298946857332550e-03
6.430799981156164191e-03
6.426298946857336020e-03
6.483962525526331018e-03
6.483962525526325814e-03
6.483962525526331018e-03
6.504403957877314540e-03
6.490529589957037306e-03
6.490529589957043377e-03
6.489575052209787739e-03
6.487197934104755453e-03
6.493705005053449636e-03
6.487197934104757188e-03
6.497973177585856380e-03
6.495307330596544575e-03
6.495443832283179925e-03
6.495443832283185996e-03
6.495443832283180792e-03
6.494292317595168514e-03
6.498980401598546640e-03
6.506891009839360120e-03
6.497607738391194404e-03
6.493660895407040237e-03
6.511548156960547673e-03
6.498987021709168657e-03
6.501865927990751852e-03
6.501865927990749250e-03
6.505268090268223266e-03
6.503869581258129098e-03
6.509243907482110784e-03
6.509214334481425342e-03
6.508060439230586337e-03
6.508060439230582868e-03
6.512753925809374941e-03
6.504534323333391495e-03
6.501081016757264547e-03
6.504534323333381954e-03
6.504534323333375015e-03
6.504534323333384556e-03
6.504534323333381954e-03
6.509264217654885283e-03
6.485637909949842732e-03
6.491512806941083027e-03
6.499810513358183182e-03
6.495121991885505555e-03
6.495121991885511627e-03
6.499810827460321579e-03
6.499147215449751179e-03
6.503848560460529990e-03
6.462076850841624344e-03
6.462076850841627813e-03
6.497764752977779577e-03
6.502473010169236046e-03
6.493064389005109155e-03
6.488501759603519659e-03
6.502442236587522781e-03
6.497764746045604257e-03
6.391466087262698964e-03
6.387463524960160753e-03
6.387463524960159886e-03
6.382939026268167997e-03
6.382939026268169731e-03
6.393289249771670277e-03
6.379873253543104361e-03
6.386854212074578353e-03
6.386854212074576619e-03
6.375638096781872759e-03
6.375638096781871024e-03
6.371129487148121003e-03
6.384657898303018088e-03
6.384661981890969382e-03
6.384661981890963310e-03
6.389044575166614830e-03
6.388113420450220598e-03
6.388113420450221465e-03
6.391309722744434145e-03
6.391309722744435012e-03
6.399305257252223961e-03
6.399305257252223961e-03
6.385813714985288589e-03
6.413612029383541566e-03
6.413612029383537229e-03
6.413612029383541566e-03
6.408156302838352407e-03
6.411522434423622303e-03
6.403679468619973350e-03
6.403679468619975952e-03
6.403679468619975952e-03
6.417274701718492062e-03
6.412688849532620187e-03
6.439678469970212815e-03
6.431882663882934614e-03
6.431875639632706268e-03
6.436503110434530113e-03
6.445731903798249465e-03
6.441099271877363981e-03
6.441099271877365716e-03
6.445765493213905482e-03
6.438754355526937409e-03
6.438754355526945215e-03
6.443381470258671175e-03
6.443381470258670307e-03
6.452497882885929910e-03
6.452497882885931645e-03
6.456764935831362309e-03
6.452497882885927308e-03
6.457165659093537513e-03
6.457165659093542717e-03
6.457165659093536646e-03
6.421542800349890230e-03
6.421542800349879822e-03
6.423823601261210471e-03
6.428393614564605930e-03
6.423823594601995625e-03
6.423806647418324467e-03
6.423806647418318395e-03
6.428417608771785224e-03
6.423806647418320130e-03
6.428434242338223505e-03
6.428434242338221770e-03
6.435327926288012673e-03
6.435327926288017877e-03
6.431641990409475880e-03
6.422656490190762658e-03
6.422656490190768730e-03
6.422677744918873881e-03
6.426588602032668948e-03
6.426588602032668948e-03
6.426588602032663744e-03
6.426588602032668081e-03
6.426588602032668948e-03
6.438456955109889135e-03
6.438456955109904747e-03
6.429296569543498444e-03
6.423494966556540613e-03
6.419951751756269344e-03
6.428113428762071910e-03
6.424594113993107106e-03
6.431035146899832453e-03
6.413406746061015018e-03
6.408743358000373001e-03
6.408743358000378205e-03
6.408743358000373869e-03
6.453128031846278034e-03
6.457847685147643547e-03
6.457847685147652221e-03
6.457849089334260356e-03
6.457849089334263826e-03
6.452973198964554770e-03
6.452973198964553035e-03
6.452973198964553035e-03
6.450604207148408209e-03
6.405962866647595989e-03
6.410353840287805194e-03
6.415240029986030157e-03
6.410629082918582744e-03
6.414694245673380375e-03
6.418201187959173513e-03
6.418201187959173513e-03
6.410674907530698047e-03
6.401324448801004943e-03
6.401324448801009280e-03
6.406020921193393385e-03
6.406020921193401191e-03
6.410681826905067528e-03
6.410694971824422786e-03
6.414195872390756996e-03
6.417700215608809593e-03
6.431222993056848018e-03
6.459835715378408998e-03
6.462636380624595979e-03
6.458083419419627380e-03
6.463401920801396631e-03
6.463388018872509924e-03
6.438814436202188254e-03
6.438448039490433754e-03
6.443131423993718986e-03
6.438446232748647191e-03
6.443127194218254208e-03
6.438443399451703776e-03
6.438457292716187955e-03
6.438457292716194894e-03
6.447280050580326063e-03
6.458061231877186038e-03
6.437411920156892176e-03
6.441852933366200816e-03
6.446589305740167523e-03
6.445418317429107806e-03
6.446569140770131746e-03
6.451261851006402301e-03
6.431104013952025286e-03
6.431104013952027021e-03
6.431104013952032225e-03
6.431104013952029623e-03
6.435796268876282054e-03
6.435796268876277718e-03
6.436964742158773553e-03
6.436964742158775288e-03
6.448330618636157439e-03
6.443631995796231943e-03
6.425632619238542953e-03
6.425632619238542086e-03
6.425632619238548157e-03
6.430297982559020874e-03
6.426494107083668798e-03
6.434827525766387626e-03
6.430154025683216396e-03
6.430154025683212059e-03
6.430154025683205120e-03
6.434825813786655170e-03
6.430154025683213793e-03
6.430154025683215528e-03
6.431572229812015755e-03
6.430154025683214661e-03
6.430154025683218130e-03
6.434718527533643366e-03
6.440558686564834372e-03
6.437045626443450679e-03
6.427741240870353881e-03
6.427741215651851248e-03
6.424278439225503470e-03
6.433615045191760223e-03
6.450030779060104448e-03
6.450030779060112254e-03
6.436617841211469786e-03
6.450332452819340645e-03
6.429137353277873668e-03
6.421212779578315891e-03
6.418371791629380943e-03
6.418371791629383545e-03
6.418371791629380943e-03
6.422417160891486475e-03
6.409113770123010638e-03
6.417860290538133540e-03
6.417864739616015689e-03
6.417864739616015689e-03
6.419939966814120456e-03
6.417614358633460907e-03
6.413218379916776901e-03
6.446448564835383782e-03
6.446451941464084387e-03
6.436662436139594171e-03
6.436662436139592436e-03
6.436662436139596773e-03
6.426332247742836540e-03
6.438061609212301396e-03
6.438061609212300529e-03
6.437208506158488205e-03
6.431648895182932868e-03
6.461504016564704328e-03
6.461504016564708665e-03
6.459829934006598891e-03
6.465243543455781970e-03
6.456054978381375181e-03
6.456377274549546415e-03
6.467198134254881908e-03
6.456378822483352722e-03
6.456378822483358794e-03
6.456378822483353590e-03
6.461663602269806378e-03
6.468499617831629557e-03
6.473951840373060561e-03
6.434303896409056082e-03
6.439053413499543771e-03
6.449094514988413726e-03
6.478937626859710558e-03
6.478939098691235271e-03
6.473494352727001029e-03
6.434860126823569587e-03
6.436201058903649221e-03
6.436201058903644016e-03
6.434860126823567852e-03
6.440252705961877974e-03
6.450967656074775396e-03
6.456376974870247677e-03
6.436261093658389616e-03
6.436261093658400025e-03
6.436261093658401759e-03
6.436261093658398290e-03
6.485155679395962491e-03
6.491540277295421504e-03
6.486017092013253958e-03
6.486017092013256560e-03
6.486017092013257428e-03
6.485568420268440423e-03
6.484753829826789967e-03
6.485568429900108282e-03
6.491138419511165852e-03
6.485568429900103946e-03
6.473665669461178308e-03
6.473665669461170502e-03
6.473515440136505365e-03
6.473515440136499294e-03
6.468114146592800900e-03
6.468114146592799166e-03
6.484309251631467999e-03
6.473351953086230182e-03
6.484083096680686754e-03
6.486041158583440332e-03
6.486041158583436862e-03
6.486041158583436862e-03
6.486041158583440332e-03
6.481880775175271822e-03
6.477495009356037427e-03
6.492741085785286650e-03
6.487225050311119963e-03
6.485641352022617975e-03
6.484803775199092339e-03
6.479857095086753033e-03
6.479857095086753033e-03
6.482240998339105185e-03
6.482240998339102583e-03
6.482240998339107788e-03
6.446360253454122211e-03
6.425575828878277856e-03
6.419772637319068852e-03
6.419772637319073189e-03
6.429762251478800782e-03
6.415265962489397934e-03
6.415265962489392730e-03
6.415265962489377985e-03
6.421034496496082038e-03
6.410954690266579964e-03
6.410954690266579964e-03
6.416737039232084210e-03
6.410954690266564351e-03
6.410954690266578229e-03
6.410954690266561749e-03
6.410954690266569556e-03
6.435715163461554027e-03
6.435715163461551425e-03
6.441519968928742512e-03
6.440079480239207371e-03
6.425439192535123932e-03
6.447782100608309870e-03
6.447782100608307268e-03
6.442268247095555948e-03
6.448029678431575762e-03
6.448029678431569690e-03
6.442299846053061232e-03
6.440853200096365548e-03
6.440857980309190080e-03
6.440857980309187478e-03
6.426379519481781669e-03
6.426379519481779934e-03
6.436489179735998753e-03
6.442299855178632191e-03
6.452907468611018826e-03
6.452907468611011020e-03
6.457298636070426569e-03
6.452907460537067597e-03
6.452631801852573394e-03
6.452945323214423837e-03
6.469781185273572495e-03
6.469776051613043699e-03
6.461506344929047671e-03
6.337793002589488939e-03
6.358014662587607550e-03
6.369419104709990974e-03
6.363052354975163097e-03
6.363052354975157025e-03
6.361756419523888380e-03
6.357836177928991375e-03
6.357795631601152742e-03
6.357845309438996118e-03
6.357836177928989640e-03
6.357836177928997447e-03
6.363049386194320409e-03
6.352631280228205300e-03
6.357837588544918393e-03
6.352631280228207035e-03
6.352631280228208770e-03
6.362821913526387624e-03
6.352631280228207035e-03
6.356550376755149522e-03
6.370913014120860481e-03
6.343583432249609230e-03
6.348649751371903543e-03
6.349937603129270428e-03
6.349937603129268693e-03
6.352514066642804200e-03
6.352579224257865441e-03
6.342243523574793776e-03
6.255069846777141715e-03
6.243852871953266791e-03
6.243852871953259852e-03
6.243852871953263321e-03
6.243852871953259852e-03
6.248718301185868240e-03
6.248718301185866505e-03
6.243852871953255515e-03
6.243852871953258117e-03
6.333316032143002094e-03
6.333316032143002962e-03
6.338282472961309644e-03
6.322168871655767068e-03
6.336449397517479078e-03
6.322168871655770538e-03
6.337669635089054031e-03
6.341216839219318384e-03
6.334940274352956861e-03
6.336148566328466541e-03
6.352937358013434344e-03
6.355522973529115563e-03
6.340058215693302607e-03
6.345697821058303781e-03
6.330681568885267348e-03
6.330681568885270817e-03
6.335898469469217371e-03
6.341095299078432744e-03
6.340547467070896046e-03
6.338081584778590752e-03
6.340735912362665573e-03
6.342979947422501888e-03
6.342979947422503623e-03
6.356475984259337547e-03
6.356475984259341884e-03
6.350937162532741681e-03
6.354566284422012712e-03
6.354836407893894000e-03
6.350670171843529957e-03
6.350667168139281955e-03
6.355817112466051813e-03
6.361086208641044716e-03
6.366364046422308062e-03
6.354505901331878800e-03
6.331545257934494998e-03
6.331545257934495866e-03
6.331545257934494998e-03
6.336758360725292145e-03
6.339447933234686368e-03
6.334229314327708207e-03
6.330828467596910127e-03
6.334229314327705605e-03
6.340949924306474479e-03
6.353343254667526661e-03
6.363886232393467339e-03
6.363886232393468206e-03
6.367855159951136060e-03
6.360668994030088154e-03
6.355343627379421260e-03
6.370101860873817953e-03
6.364826741392110541e-03
6.364826741392113144e-03
6.364826741392107072e-03
6.360856452799218061e-03
6.374073802371037732e-03
6.374073802371028191e-03
6.374073802371028191e-03
6.376598182240142063e-03
6.381518506178059623e-03
6.385876897045390625e-03
6.368870881374318581e-03
6.363493483068957679e-03
6.373270905164419436e-03
6.347051116962585705e-03
6.348559624246513135e-03
6.343329967830700113e-03
6.362702579729517458e-03
6.353422058177114230e-03
6.353422058177113363e-03
6.358684651415746729e-03
6.358684651415755403e-03
6.357277162744387998e-03
6.340228178549550848e-03
6.341369033090741431e-03
6.305627534041687021e-03
6.313651887684389521e-03
6.308443801347716866e-03
6.313543186169561124e-03
6.313543186169558522e-03
6.308443801347724672e-03
6.308443801347724672e-03
6.313617016233064906e-03
6.313617016233053630e-03
6.308919604970305260e-03
6.316865780126320815e-03
6.318411687710028153e-03
6.318411687710031623e-03
6.323889091908007319e-03
6.318695344849455456e-03
6.318695344849456323e-03
6.321321495082783334e-03
6.311560437606858649e-03
6.326984949879967991e-03
6.317846497040102011e-03
6.317846497040102011e-03
6.328952676051318761e-03
6.325789629997902001e-03
6.320617463304127430e-03
6.327070436440152858e-03
6.321891187676658558e-03
6.321891187676662027e-03
6.306229693197000670e-03
6.306229693197005874e-03
6.306229693197002405e-03
6.306410301330600369e-03
6.306410301330603839e-03
6.302378798583360003e-03
6.281216514631332397e-03
6.264771898877968294e-03
6.264771898877968294e-03
6.269859470732117371e-03
6.269859470732129514e-03
6.263646864488880105e-03
6.262352329999555135e-03
6.262352329999556870e-03
6.272243083738319493e-03
6.267171270350048971e-03
6.275975200499280850e-03
6.275975200499280850e-03
6.245873855863530097e-03
6.245873855863532699e-03
6.245873855863538771e-03
6.250881479183664768e-03
6.246176733475146924e-03
6.246176733475144321e-03
6.246200013565526669e-03
6.246200013565525802e-03
6.246200013565523200e-03
6.262613361129037472e-03
6.241178196020528805e-03
6.241178196020524468e-03
6.255838815414114379e-03
6.251184694868560168e-03
6.251184694868567107e-03
6.248372990748395084e-03
6.246176769014090240e-03
6.272397784423314367e-03
6.267350639996892812e-03
6.269978294672273397e-03
6.269978294672273397e-03
6.269978294672271663e-03
6.297107121849370576e-03
6.286949038396407591e-03
6.282924892038599732e-03
6.286949038396413662e-03
6.269570949499329339e-03
6.269570949499331074e-03
6.269570949499332808e-03
6.273391753481637016e-03
6.263250971737057728e-03
6.268299809551942589e-03
6.263250971737058595e-03
6.306186826504359827e-03
6.306186826504358092e-03
6.311381406645917916e-03
6.301047573583437415e-03
6.285041040598495811e-03
6.318205980133645601e-03
6.305816282725471185e-03
6.305816282725467715e-03
6.299439960069554666e-03
6.299439960069572880e-03
6.295724627800051466e-03
6.291691209212759393e-03
6.289885276656328322e-03
6.289885276656328322e-03
6.289633037755200211e-03
6.289633037755200211e-03
6.280123425075600889e-03
6.283356561136640116e-03
6.283356561136644453e-03
6.283356561136643585e-03
6.288436041046948505e-03
6.283356561136641850e-03
6.283356561136640116e-03
6.283356561136635779e-03
6.286552154512274442e-03
6.286552154512274442e-03
6.283963324817377037e-03
6.280087515971727319e-03
6.276984704364844438e-03
6.271902807278329460e-03
6.276971510300338557e-03
6.273062128062317083e-03
6.274194734005269190e-03
6.271756674214354343e-03
6.271756674214358680e-03
6.271756674214358680e-03
6.271864855045078402e-03
6.271885376003778940e-03
6.276963396565351724e-03
6.276963396565345653e-03
6.276963396565338714e-03
6.272911422949895531e-03
6.289014344091207673e-03
6.289014344091217214e-03
6.274045364118685519e-03
6.274045364118682917e-03
6.278493338412309034e-03
6.278493338412314238e-03
6.274045364118688121e-03
6.274045364118683785e-03
6.281357007166327860e-03
6.266171151983527393e-03
6.266171151983531730e-03
6.266171151983526526e-03
6.271224073741563793e-03
6.279638481454479296e-03
6.275265787690258862e-03
2.569641767293408610e-03
2.562595207060811616e-03
2.564698867980500646e-03
2.564698867980501080e-03
2.564551438177569732e-03
2.567169186578695424e-03
2.569643328615134163e-03
2.567196135578113728e-03
2.573736253828010339e-03
2.573627878957106523e-03
2.579344341630282565e-03
2.573770479218682062e-03
2.572620626877678528e-03
2.570592654498697009e-03
2.568108054849132984e-03
2.568108054849132550e-03
2.570697609735551371e-03
2.568108054849141657e-03
2.572601249393363914e-03
2.574764223490950792e-03
2.582283820781730230e-03
2.582245903436828759e-03
2.579749440128042623e-03
2.579749440128048694e-03
2.573056685087043299e-03
2.582357791447310869e-03
2.565747696364150971e-03
2.570930915834190086e-03
2.569402599451558415e-03
2.569402599451555812e-03
2.569993679127860302e-03
2.569993679127867674e-03
2.566665772435499770e-03
2.581064099615063695e-03
2.559894876522949766e-03
2.575843713279460639e-03
2.580345942262639823e-03
2.580345942262637221e-03
2.564342654718280295e-03
2.563581734634049012e-03
2.566323638610587283e-03
2.553561885369101583e-03
2.553561885369109389e-03
2.556003977960502778e-03
2.553561885369104185e-03
2.548583667668561595e-03
2.546143150337012648e-03
2.548565252414726739e-03
2.548193284141775893e-03
2.548193284141777194e-03
2.550848932795517134e-03
2.548562932818748770e-03
2.539862497095291081e-03
2.539862497095291081e-03
2.590165903990267800e-03
2.598069587564685434e-03
2.598069587564679796e-03
2.592632829987453428e-03
2.588574298857834917e-03
2.588574298857831014e-03
2.590961092616644521e-03
2.591321090146863227e-03
2.590866867432900077e-03
2.593352084169208219e-03
2.593817866862536611e-03
2.593817866862534443e-03
2.598269792937769971e-03
2.574342609958027092e-03
2.577506878704477478e-03
2.575067772589688733e-03
2.581078737306735302e-03
2.576982720562852672e-03
2.576983675017931880e-03
2.576983675017940120e-03
2.576983675017939686e-03
2.579462023487939272e-03
2.587435020617943459e-03
2.582792936783644567e-03
2.576886630292518719e-03
2.574442985082020866e-03
2.593155863035369931e-03
2.568451632374361016e-03
2.570157706122497276e-03
2.581875250788233898e-03
2.581875250788233465e-03
2.581875250788242138e-03
2.584328229302515229e-03
2.562632808168800996e-03
2.562632808168802297e-03
2.561795168098037617e-03
2.564363949629379098e-03
2.562611882064813346e-03
2.559830001093184489e-03
2.573754664454678924e-03
2.573754664454681526e-03
2.587196298403461169e-03
2.578181567031245878e-03
2.585475651806363497e-03
2.583454820182259568e-03
2.580986289445271527e-03
2.577559188269886326e-03
2.579583851020147891e-03
2.579583851020147457e-03
2.579583851020145722e-03
2.582128153342324890e-03
2.582128153342323155e-03
2.582128153342325323e-03
2.582128153342326191e-03
2.585168010343550770e-03
2.570784403838319125e-03
2.570784403838316957e-03
2.587995304204144132e-03
2.587995304204143265e-03
2.576886146744120781e-03
2.573330396053947425e-03
2.576886146744129021e-03
2.581590519811938211e-03
2.581590519811942982e-03
2.575920985620669488e-03
2.575920985620669054e-03
2.576023468587114625e-03
2.576023468587113324e-03
2.576023468587108987e-03
2.574258436699866648e-03
2.574258436699865780e-03
2.573465188617118492e-03
2.573465188617121962e-03
2.569736338366514043e-03
2.569146373722344320e-03
2.569146373722340417e-03
2.561383891837561242e-03
2.555677718434412344e-03
2.560890051989851788e-03
2.560890051989850921e-03
2.563332958278603368e-03
2.560931628630998182e-03
2.560931628631001218e-03
2.558452389997855313e-03
2.580512133808580619e-03
2.583327578067117890e-03
2.580015258054298155e-03
2.570634799883027028e-03
2.570634799883021824e-03
2.570634799883026161e-03
2.570923351166746855e-03
2.570923351166743819e-03
2.567610619116812622e-03
2.567610619116811321e-03
2.567610619116809153e-03
2.561900539279286793e-03
2.571201470958476600e-03
2.570839664969361369e-03
2.570839664969353563e-03
2.575254777333835666e-03
2.568768932777647142e-03
2.568768932777639770e-03
2.573275987235956047e-03
2.573275987235957348e-03
2.573275987235963420e-03
2.573574870179283578e-03
2.573574870179280542e-03
2.566880352103381724e-03
2.566880352103368280e-03
2.566880352103369581e-03
2.566880352103373050e-03
2.573728406374314361e-03
2.568321479158246212e-03
2.571762185314459530e-03
2.574208238819126505e-03
2.579578465675229620e-03
2.576673349650138514e-03
2.561455861906518187e-03
2.561950822203620196e-03
2.561950822203615859e-03
2.561950822203614125e-03
2.561720074198539209e-03
2.563336891711529095e-03
2.563336891711531264e-03
2.561866126820022248e-03
2.561866126820017912e-03
2.561866126820020514e-03
2.559567980908608684e-03
2.559567980908614756e-03
2.561451693732571134e-03
2.559567980908615190e-03
2.559567980908608251e-03
2.572484022497505910e-03
2.554648715349615989e-03
2.571339226964635197e-03
2.568750980025105192e-03
2.571470318827681015e-03
2.569310894586188110e-03
2.569037051990813707e-03
2.563634274159056967e-03
2.561456334577760612e-03
2.556982166236279261e-03
2.565978157144579910e-03
2.563527677359347338e-03
2.568953795107787024e-03
2.566351784727010504e-03
2.566357402537152062e-03
2.570969632652043806e-03
2.572741448895671419e-03
2.570891213783030402e-03
2.570891213783034739e-03
2.570891213783031704e-03
2.601810222974290047e-03
2.601810222974291348e-03
2.599780619038647052e-03
2.592014223550774803e-03
2.593652338233633486e-03
2.593652338233633052e-03
2.591182861734312413e-03
2.598360442293978865e-03
2.600842964800961256e-03
2.596138442228668620e-03
2.586192485007987509e-03
2.586192485007984040e-03
2.583108115938366738e-03
2.583108115938367172e-03
2.583108115938368039e-03
2.563054124386890051e-03
2.563054124386893087e-03
2.565579006331724764e-03
2.565683046396025069e-03
2.565683046396024201e-03
2.565579006331725198e-03
2.574362807863146783e-03
2.574706041350981623e-03
2.571085713915046735e-03
2.579524927032172087e-03
2.663994930165441023e-03
2.735792955619628913e-03
2.724677256612092254e-03
2.727519148477172261e-03
2.733366606997242494e-03
2.733366606997243795e-03
2.736047941573001557e-03
2.733213558434724206e-03
2.736026749269396870e-03
2.738850231861664122e-03
2.736026749269395136e-03
2.726401927770997439e-03
2.723914698052821732e-03
2.736430881072869376e-03
2.731452425029988300e-03
2.728644200572471080e-03
2.728644200572468911e-03
2.731488364460477221e-03
2.724093256998971931e-03
2.724093256998968895e-03
2.728531165451608329e-03
2.721298268313313874e-03
2.721298268313311706e-03
2.686695126690110021e-03
2.693512360018709192e-03
2.693512360018707023e-03
2.693048928290417161e-03
2.693048928290406752e-03
2.693048928290413258e-03
2.693048928290408921e-03
2.693435166663270090e-03
2.690735142935828626e-03
2.689971478362165620e-03
2.688022773832904420e-03
2.688022773832903986e-03
2.681166096816393462e-03
2.681166096816398232e-03
2.681166096816399100e-03
2.688052139821977150e-03
2.685309323326781454e-03
2.685309323326777117e-03
2.685309323326774515e-03
2.675024981944415341e-03
2.676342869129274583e-03
2.669636350198832577e-03
2.672749356989527220e-03
2.669636350198828674e-03
2.669636350198833444e-03
2.674324791956615363e-03
2.669636350198833011e-03
2.669636350198832577e-03
2.674321005418923893e-03
2.679113181172032999e-03
2.678786173862155850e-03
2.676115055136407336e-03
2.676115055136402132e-03
2.674063923804326399e-03
2.674063923804323797e-03
2.676115055136405168e-03
2.676115055136397362e-03
2.676115055136398663e-03
2.677319206357308464e-03
2.677319206357315403e-03
2.677319206357310199e-03
2.663736563193744994e-03
2.678017868662508662e-03
2.674607571119316188e-03
2.661604594100634279e-03
2.678903014208324027e-03
2.670064246880782081e-03
2.670058382429297758e-03
2.667402750677920140e-03
2.672779246179735578e-03
2.672777393651445520e-03
2.672777393651446388e-03
2.672777393651439883e-03
2.672777393651442051e-03
2.672777393651439015e-03
2.670491356520999886e-03
2.670491356520990345e-03
2.670491356520991646e-03
2.673626821352053772e-03
2.670728395687637421e-03
2.696968506901508290e-03
2.696968506901512627e-03
2.694272995534351296e-03
2.683345104236701043e-03
2.680661675186863865e-03
2.683364037028392653e-03
2.717385611210979945e-03
2.688824286509162130e-03
2.719218464480469086e-03
2.712101767553456739e-03
2.690684235354230073e-03
2.691378655670538175e-03
2.723317297207123767e-03
2.723230534683787358e-03
2.701385669338378717e-03
2.704796847883829316e-03
2.704523271824778741e-03
2.704523271824783946e-03
2.695100708459948879e-03
2.691015404742084192e-03
2.695643497709543455e-03
2.708854167825851863e-03
2.709337986347423038e-03
2.708735817159696555e-03
2.710041637491022917e-03
2.716012723465668303e-03
2.711146612619679593e-03
2.722514598639297519e-03
2.722514598639292748e-03
2.722514598639292748e-03
2.716876386906904965e-03
2.719692933519000932e-03
2.722432502733647570e-03
2.707643923909134991e-03
2.707643923909131955e-03
2.707643923909130220e-03
2.710381623405415386e-03
2.708490730766017172e-03
2.715288143089268462e-03
2.709326353299316634e-03
2.712600379364456856e-03
2.716670597612966514e-03
2.721012244763559330e-03
2.721012244763563234e-03
2.721012244763563667e-03
2.721012244763562800e-03
2.726702621918391471e-03
2.721048379976038697e-03
2.723766275553048122e-03
2.721016071586199354e-03
2.718241449594970341e-03
2.718272013483376184e-03
2.706746783413722674e-03
2.699286976882339737e-03
2.702002985602610166e-03
2.699286976882342339e-03
2.696398101549838441e-03
2.701999791879213311e-03
2.711491240001688129e-03
2.711491240001683359e-03
2.711491240001685961e-03
2.711491240001684226e-03
2.711491240001687696e-03
2.711491240001688129e-03
2.712200225514467024e-03
2.700607121053859912e-03
2.707221255699410970e-03
2.708361886515852322e-03
2.708482264104009399e-03
2.708482264104005496e-03
2.707567974657599554e-03
2.709792439355429572e-03
2.706936147769671130e-03
2.748183233747666151e-03
2.753177266195009926e-03
2.746343618684160374e-03
2.758883081864038720e-03
2.759030800523247940e-03
2.748762381617448226e-03
2.757703540794282423e-03
2.760534763994542794e-03
2.760534763994543228e-03
2.760536685095715034e-03
2.757703540794286326e-03
2.757703540794284591e-03
2.757703540794289362e-03
2.757703540794296301e-03
2.836387423319745252e-03
2.839925324582133828e-03
2.839925324582144237e-03
2.835437464403206109e-03
2.835437464403210012e-03
2.835437464403207410e-03
2.836241715980170313e-03
2.836241715980170313e-03
2.836241715980173782e-03
2.836241715980171180e-03
2.836823480883974603e-03
2.839572939292218066e-03
2.839572939292221536e-03
2.836823480883972001e-03
2.836823480883968098e-03
2.839572959077935835e-03
2.839566063037467138e-03
2.842321649118025040e-03
2.836823480883966363e-03
2.841110334531323205e-03
2.843601796509906496e-03
2.843601796509909099e-03
2.843907989973737654e-03
2.833326482079892225e-03
2.839984374602486875e-03
2.842708952354900450e-03
2.839962447385757476e-03
2.835371156850741321e-03
2.846313287561433054e-03
2.841475515688740832e-03
2.841475515688745169e-03
2.841475515688741699e-03
2.844502653555599451e-03
2.844237900979377804e-03
2.845794071777768639e-03
2.845794071777762134e-03
2.845794071777763001e-03
2.844266556319059638e-03
2.847034396516015357e-03
2.854502891057522120e-03
2.852492529699645132e-03
2.852595034159079949e-03
2.855306656827589010e-03
2.851538165769517720e-03
2.851538165769519888e-03
2.854237408327987228e-03
2.854237408327993733e-03
2.854237408327995034e-03
2.854237408327991565e-03
2.854237408327993299e-03
2.854237408327990264e-03
2.842603432272526338e-03
2.845495277012905638e-03
2.840153374866169565e-03
2.848650991590165760e-03
2.829044671703936573e-03
2.825494301396371845e-03
2.832528982254856834e-03
2.830004199553985429e-03
2.858092966922017291e-03
2.863587099914140233e-03
2.846145959591564641e-03
2.855223193932090921e-03
2.847762739475994103e-03
2.850701374807433977e-03
2.844509789569151653e-03
2.841630980240198411e-03
2.841630980240192339e-03
2.852192488058736142e-03
2.852180074083199377e-03
2.857050282208925800e-03
2.852462174725291146e-03
2.864357381269888158e-03
2.840445163271957188e-03
2.846365928157820139e-03
2.846365928157818404e-03
2.846365928157813200e-03
2.843163599241182830e-03
2.845989689367237931e-03
2.843163599241186300e-03
2.843163599241183698e-03
2.844656547416183658e-03
2.851160539292878302e-03
2.851160539292880904e-03
2.851160539292873532e-03
2.849493305506813241e-03
2.852242666363074153e-03
2.852453655846760600e-03
2.787479661097188102e-03
2.786659237556737227e-03
2.786659237556735058e-03
2.792599681774040211e-03
2.792599681774037175e-03
2.794446348720668570e-03
2.784877156446894340e-03
2.780344485023977710e-03
2.771150202827841330e-03
2.798037863421673314e-03
2.798037863421672881e-03
2.809966034313143152e-03
2.811074750677424513e-03
2.811074750677421043e-03
2.811074750677426248e-03
2.811074750677423646e-03
2.813803466253329919e-03
2.807941702690231085e-03
2.802491881944241866e-03
2.802491881944236662e-03
2.802491881944236662e-03
2.802491881944237529e-03
2.795307441328217374e-03
2.787926750050791474e-03
2.796947911158112216e-03
2.796947911158109614e-03
2.796947911158105277e-03
2.805529746323809359e-03
2.805529746323812829e-03
2.808263568112935246e-03
2.809510954845831614e-03
2.800183811727931325e-03
2.802006675364800223e-03
2.812713377185113110e-03
2.812713377185114411e-03
2.805128938820990181e-03
2.811753525485120430e-03
2.819237830686485789e-03
2.807528265455030460e-03
2.805128938820991916e-03
2.805128938820988880e-03
2.805128938820983676e-03
2.805128938820985844e-03
2.808746116373218339e-03
2.804783130527031820e-03
2.804783130527030953e-03
2.790782382505695419e-03
2.827345253916406335e-03
2.827345253916408070e-03
2.830083999795103642e-03
2.827475987022461459e-03
2.827291036300248403e-03
2.824559733060776501e-03
2.824558135181838830e-03
2.816368974111688097e-03
2.818521484584253414e-03
2.822458630255818800e-03
2.822458630255821836e-03
2.825193294755814957e-03
2.821482348327482032e-03
2.818763068345804448e-03
2.818763068345800978e-03
2.824207620964280883e-03
2.824207620964276980e-03
2.824207620964282184e-03
2.830355300379948889e-03
2.827625958106694086e-03
2.827625958106691050e-03
2.815992528239071643e-03
2.829517810660868871e-03
2.829664744803501823e-03
2.829600618855176997e-03
2.829600618855173094e-03
2.830751370370960304e-03
2.836278032564164709e-03
2.826730037216861492e-03
2.826730037216869731e-03
2.829454020010258117e-03
2.832171681639324926e-03
2.823902347241750641e-03
2.832180879980429784e-03
2.818541702289757960e-03
2.809093209582431624e-03
2.809093209582432926e-03
2.814440371676543359e-03
2.809071674856932713e-03
2.811808309692699712e-03
2.804075665924523047e-03
2.809100904486514904e-03
2.785899860477081616e-03
2.785899860477075544e-03
2.785169395780984040e-03
2.782370845669632567e-03
2.785062558937582023e-03
2.785062558937583324e-03
2.767260390642371868e-03
2.769934925952428819e-03
2.775913900943598016e-03
2.775913900943591944e-03
2.773254212173178069e-03
2.772971347124680939e-03
2.779175357332243270e-03
2.777061116536748940e-03
2.773254212173193681e-03
2.773254212173188044e-03
2.775275099515115557e-03
2.778018152607179218e-03
2.775275099515104281e-03
2.771437150035224988e-03
2.771437150035229759e-03
2.774100959614770288e-03
2.764035479290393154e-03
2.771437150035225856e-03
2.771437150035226289e-03
2.771437150035223687e-03
2.776893759491934951e-03
2.779568907017674565e-03
2.779568907017667626e-03
2.782059860638463628e-03
2.779384745269134361e-03
2.783955157173210061e-03
2.778533324096387012e-03
2.780841770696787681e-03
2.790162487220439018e-03
2.780987971836771603e-03
2.780987971836769435e-03
2.778994785197622108e-03
2.789787558865122318e-03
2.789787558865124053e-03
2.789787558865128823e-03
2.775542728325879841e-03
2.775542728325881576e-03
2.775542728325891117e-03
2.775542728325889382e-03
2.780879624746968991e-03
2.783564272636397056e-03
2.783564272636397489e-03
2.780879624746967690e-03
2.750654755328936496e-03
2.750654755328933027e-03
2.775576763796527412e-03
2.775576763796529147e-03
2.775576763796530882e-03
2.748607596588813207e-03
2.743958738601377009e-03
2.750943543352545734e-03
2.750304220763933900e-03
2.753008636979656885e-03
2.748245153985695577e-03
2.747478440545769382e-03
2.747478440545766346e-03
2.750191939855231756e-03
2.750191939855239128e-03
2.747478440545770249e-03
2.764567716785056115e-03
2.761827984101248093e-03
2.803313319736587452e-03
2.797894116572937923e-03
2.797894116572935755e-03
2.798798148393311005e-03
2.807525562574578453e-03
2.800132999130041170e-03
2.805684389276056831e-03
2.805684389276049458e-03
2.805055699880145033e-03
2.800069101301078719e-03
2.802854970682471924e-03
2.805633075636540085e-03
2.805633075636535315e-03
2.805633075636543988e-03
2.802836781571128085e-03
2.800069101301083056e-03
2.800069101301079152e-03
2.800069101301080454e-03
2.808604243807982185e-03
2.808604243807984787e-03
2.805706978413247382e-03
2.801362939378944372e-03
2.802133753814728574e-03
2.798466481002688955e-03
2.798466481002692425e-03
2.793126975982299261e-03
2.793126975982296659e-03
2.808109501488658365e-03
2.808109501488654895e-03
2.808109501488661834e-03
2.802399720376394510e-03
2.799578990966980832e-03
2.799578990966985169e-03
2.799578990966982133e-03
2.802349812508869633e-03
2.802349812508877439e-03
2.799578990966981699e-03
2.793523247192653079e-03
2.796167538104386580e-03
2.763997514274616624e-03
2.768914196803248101e-03
2.765899635934062836e-03
2.784096106288567150e-03
2.782187760943528008e-03
2.782187760943522371e-03
2.779772330630906133e-03
2.780233217533902360e-03
2.780233217533902360e-03
2.780329892887868897e-03
2.777558689915599760e-03
2.785923209781967450e-03
2.780243814923027013e-03
2.780243814923029182e-03
2.788008170860568555e-03
2.785237594096922568e-03
2.788004434702158561e-03
2.788004434702157260e-03
2.788004434702156826e-03
2.798713250837907285e-03
2.795714112998984226e-03
2.800478699706050820e-03
2.798518931401319625e-03
2.798518931401319625e-03
2.795306541434021321e-03
2.795306541434018285e-03
2.803296283121894245e-03
2.776099075487247717e-03
2.776099075487245983e-03
2.794729338380158665e-03
2.794729338380159533e-03
2.749746936452631112e-03
2.749746936452635883e-03
2.753426768646446629e-03
2.744836155175336620e-03
2.740180484065916303e-03
2.755931800161853101e-03
2.756010780438713798e-03
2.755932228558117311e-03
2.764234837739247726e-03
2.763291569663593825e-03
2.703181916017810896e-03
2.708117051920666020e-03
2.703466687901545044e-03
2.703466687901547646e-03
2.698213431993428963e-03
2.713229772380541631e-03
2.713229772380540330e-03
2.706513122119811026e-03
2.699463200831756209e-03
2.696863165082082417e-03
2.696863165082080249e-03
2.701177021374611634e-03
2.697901522871447473e-03
2.699403490881166837e-03
2.702581577177317999e-03
2.702581577177311494e-03
2.702581577177314530e-03
2.736759900757400159e-03
2.738678612705250284e-03
2.738678612705244212e-03
2.741339208651038042e-03
2.741339208651043680e-03
2.728201650911143972e-03
2.727522373820998481e-03
2.733348540610057616e-03
2.732725564799292489e-03
2.735366949557737921e-03
2.730274389826016935e-03
2.725640946044992005e-03
2.724743875855483149e-03
2.726250769762125509e-03
2.726296109918083764e-03
2.728933026312920385e-03
2.728933026312928625e-03
2.727447657072019221e-03
2.727447657072022691e-03
2.727447657072021390e-03
2.727447657072020956e-03
2.727447657072020956e-03
2.730081688232527913e-03
2.730138298900545817e-03
2.727447657072017487e-03
2.727447657072016619e-03
2.719739033523179122e-03
2.728150186189556327e-03
2.725514833198246136e-03
2.715665932658153751e-03
2.727009575795746443e-03
2.728924593964193995e-03
2.728924593964200934e-03
2.728924593964203536e-03
2.728924593964199632e-03
2.728936298534578083e-03
2.728936298534583287e-03
2.728936298534580685e-03
2.720093902048818704e-03
2.720093902048815234e-03
2.724720498468153392e-03
2.722080136430635438e-03
2.722080136430634137e-03
2.719443732313683425e-03
2.727121698063385193e-03
2.729404867871563622e-03
2.724183916814662629e-03
2.724183916814662629e-03
2.724183916814660895e-03
2.727057210177748214e-03
2.724417605542691755e-03
2.738581822093169929e-03
2.738581822093169929e-03
2.724607191533323040e-03
2.729931861756984893e-03
2.729931861756982291e-03
2.729931861756988796e-03
2.716062054799048969e-03
2.716062054799048969e-03
2.731567362778588703e-03
2.731567362778587402e-03
2.727925730743792701e-03
2.728120080121528446e-03
2.728120080121525844e-03
2.723383486709789018e-03
2.723383486709781212e-03
2.701453987218267131e-03
2.699519003293659666e-03
2.699504241578765378e-03
2.699504241578768414e-03
2.699504241578770582e-03
2.707203187544860758e-03
2.683538027866587579e-03
2.684039672805797229e-03
2.684220352984633892e-03
2.684139942501158598e-03
2.686720826760613610e-03
2.691821059696473950e-03
2.679007536074792372e-03
2.701732586848045077e-03
2.704371380365505704e-03
2.701839263895936503e-03
2.782764204469031187e-03
2.782764204469025983e-03
2.785678349078850660e-03
2.785678349078850227e-03
2.783781266660751135e-03
2.785678349078853696e-03
2.787391379146450521e-03
2.788275961367896964e-03
2.788275961367895229e-03
2.788275961367898698e-03
2.788190295994416763e-03
2.788157367612269059e-03
2.785874171405824246e-03
2.770827985267432323e-03
2.770827985267435793e-03
2.762592529756899718e-03
2.762592529756891045e-03
2.770664265042268020e-03
2.777432848157951242e-03
2.770664265042271923e-03
2.773396235873468781e-03
2.769043772194560143e-03
2.762012972593107935e-03
2.767321163248686374e-03
2.758634377458462749e-03
-1.098637355155156620e-01
-1.106253053804843317e-01
-1.089502752023379512e-01
-1.089502752023374516e-01
-1.089502752023375626e-01
-1.089502752023378263e-01
-1.084363637405773295e-01
-1.084363637405774683e-01
-1.011291104633682547e-01
-9.912506867104838026e-02
-9.992285273041713600e-02
-9.790010563869870619e-02
-9.852477718359911596e-02
-9.790010563869872007e-02
-9.789644752850948373e-02
-9.987224477712382253e-02
-9.859973687006405585e-02
-9.859973687006415299e-02
-1.050309115319572051e-01
-1.042080378021747328e-01
-1.042080378021748854e-01
-1.097169961496070323e-01
-1.105681278915475046e-01
-1.096560853802781149e-01
-1.076564757184658438e-01
-1.068485819322716607e-01
-1.083614835970089230e-01
-1.076573213730488421e-01
-1.068485819322715219e-01
-1.072078541665760776e-01
-1.039249056574323288e-01
-1.048798169728956675e-01
-1.056032895803237365e-01
-1.056032895803236393e-01
-1.093473394717392605e-01
-1.061882582435919598e-01
-1.061882582435920430e-01
-1.037572125152166902e-01
-1.038112604531903210e-01
-1.052859190356311703e-01
-1.067649631932646864e-01
-1.109025356540670471e-01
-1.082940233204053027e-01
-1.017417109761295096e-01
-1.017417109761295652e-01
-1.020961733132224741e-01
-1.027926891944163507e-01
-1.028642093639734884e-01
-1.035199126064617475e-01
-1.040641125008508749e-01
-1.039213142321952082e-01
-1.039317524589255110e-01
-1.039317524589255248e-01
-1.056987184098800853e-01
-1.046915990433003735e-01
-1.008633015968910113e-01
-1.038656839108524493e-01
-1.038656839108526575e-01
-1.038656839108526575e-01
-1.038656839108525326e-01
-1.007967207050218805e-01
-1.007967207050221442e-01
-1.007967207050219360e-01
-1.007967207050221164e-01
-1.013571000092621799e-01
-1.007967207050219083e-01
-1.007967207050218389e-01
-1.030069495307422422e-01
-1.036787487840709898e-01
-1.034914097511446529e-01
-1.036928142353784055e-01
-1.036928142353785443e-01
-1.036928142353787524e-01
-1.018758392209003633e-01
-1.013507106327003471e-01
-1.023953195959373119e-01
-1.019942614283993743e-01
-1.016552034327958542e-01
-1.024034629253054440e-01
-1.024034629253057493e-01
-1.024034629253055967e-01
-1.024034629253057077e-01
-1.095424218542925543e-01
-9.770979617186077715e-02
-9.857204721268944536e-02
-9.856639300127378878e-02
-9.900279433287562103e-02
-9.890634211620664973e-02
