2.807183166321803106e-03
2.806705443343996548e-03
2.808074697595219250e-03
2.807547190351177176e-03
2.807520604158013095e-03
2.807372369368369477e-03
2.807447963186264495e-03
2.807465872274796104e-03
2.807635369220021042e-03
2.808819619873408405e-03
2.808391023941648069e-03
2.809050719223663700e-03
2.808964930937386806e-03
2.808798397306892184e-03
2.808584857196301174e-03
2.808645511060587317e-03
2.808876539408361808e-03
2.807979236438210967e-03
2.807934196795328075e-03
2.519068386020218570e-03
2.517394713004107200e-03
2.607828740982901308e-03
2.607804164868483040e-03
2.607871067800107863e-03
2.607809688897976853e-03
2.607800457905106589e-03
2.607615596752425012e-03
2.607972280737376556e-03
2.607963386962018019e-03
2.606971239038858613e-03
2.606971777556504454e-03
2.607016766995243554e-03
2.606976180279134067e-03
2.606953525549384788e-03
2.606697371927319939e-03
2.606732184208046445e-03
-2.483739003605619274e-03
-2.484225100338375691e-03
-2.484304206390705420e-03
-2.484289470128314952e-03
-2.484339466040968308e-03
-2.484355225511812072e-03
-2.484354930501815172e-03
-2.484305609120384360e-03
-2.484357042731776422e-03
-2.484351229891134435e-03
-2.484337456279043718e-03
-2.484335001781521387e-03
-2.484396151272603645e-03
-2.484439511974528923e-03
-2.484418502218907476e-03
-2.484441927601432724e-03
-2.484446113504483553e-03
-2.484438758064268747e-03
-2.484426105783394713e-03
-2.484429891647293998e-03
-2.484401238836817741e-03
-2.484419610410022305e-03
-2.484420662018455885e-03
-2.484404663453602773e-03
-2.484381405846954483e-03
-2.469771669028700007e-03
-2.469197422584377445e-03
-2.469298818487476125e-03
-2.469294729533355083e-03
-2.459516978620429183e-03
-2.459924676040269823e-03
-2.997438739339736407e-03
-2.997434758506159567e-03
-2.997495623565556589e-03
-2.996855329150527238e-03
-3.008656058154267170e-03
-3.008615381147371551e-03
-3.009765989148904895e-03
-3.009465764977710314e-03
-3.009447704719284827e-03
-3.009269668889242785e-03
-3.009141052240674793e-03
-3.009364652439851327e-03
-3.009161928938268969e-03
-3.009011824767879231e-03
-3.013568771575209863e-03
-3.013419946094915772e-03
-3.013460372725802836e-03
-3.013488115312846875e-03
1.464602880194949656e-03
1.464764794977290504e-03
1.465399186392548573e-03
1.465033650165635873e-03
1.465087850232636582e-03
1.465126500530591121e-03
1.464773170219856166e-03
1.464768689337822257e-03
1.464823998664332516e-03
1.464660706604279002e-03
1.464742766509018147e-03
1.464808654193234475e-03
1.439465086858842183e-03
1.438770986158048474e-03
1.440412554497858726e-03
1.420171504101170766e-03
1.420921977507772545e-03
1.420856624991161761e-03
5.455440115713702928e-04
5.455289015788206998e-04
5.414024206375163189e-04
5.411860145159687547e-04
2.280278331031935102e-03
2.280387615679107128e-03
2.280469948060971988e-03
2.280515352503801642e-03
2.280481361955323354e-03
2.278563772538036523e-03
2.278576194799581452e-03
2.279187423167572824e-03
2.278872253692324455e-03
2.278813995045864474e-03
2.278708148273854948e-03
2.278600605932488629e-03
2.278633334678001419e-03
2.278616479262590786e-03
2.278626995021062248e-03
2.278623949389996326e-03
2.278575332770782415e-03
2.277789412491282566e-03
2.277540664161972588e-03
2.277861544727270617e-03
2.277811784376145010e-03
2.277818524125865569e-03
2.277782880047417215e-03
2.277841537506066633e-03
2.277934895793545366e-03
2.277926997335596917e-03
2.277703104072211632e-03
2.277668814556062845e-03
2.277719744924853670e-03
2.277908630593296260e-03
2.277912268992779866e-03
2.277925177697433679e-03
2.277895176641474718e-03
2.334800052698438651e-03
2.334833865681164907e-03
2.335041822549603456e-03
2.335048564889027206e-03
2.335042627012724140e-03
2.334883385923390738e-03
2.347871177280482034e-03
2.344933596459829878e-03
2.357932144683885182e-03
2.347042107933203746e-03
2.346886897762410704e-03
2.346514649126836549e-03
2.346476256843043045e-03
2.345870269934221576e-03
5.065564702915234530e-03
5.066512355581947145e-03
5.066550481501052965e-03
4.380166229950569444e-03
4.380543691023210638e-03
4.380997538117842142e-03
4.381126013954097370e-03
4.380961173754237617e-03
4.380927296190407008e-03
4.381072563080332972e-03
4.380639045511060606e-03
4.380666576772477075e-03
4.380670455984333328e-03
4.380633801687164666e-03
4.380627456886079969e-03
4.380720892110769212e-03
-2.899760512934614520e-04
-2.892803888463194506e-04
-2.894296889359051876e-04
-2.893807565475050875e-04
-2.893246353621161467e-04
-2.892754327015473062e-04
-2.905469484670766670e-04
-2.910598462796454072e-04
-2.903985697856795016e-04
-2.904435106593079006e-04
-2.905518999619971271e-04
-2.904939144438362575e-04
-2.920011993982273360e-03
-3.048567305535055012e-03
-3.047518229187008276e-03
-3.049234398925646048e-03
-3.030620743220927005e-03
-3.030722944628444927e-03
-3.030725799437850292e-03
-3.032839816193383560e-03
-3.032117219530985810e-03
-2.934949525547706980e-03
-2.934148321569396249e-03
-2.934162869650423864e-03
-2.934181921290794203e-03
4.119614901820789227e-04
2.625888554661511432e-03
2.625956368243726781e-03
2.625556895786421412e-03
2.625496124451170022e-03
2.625834711369789531e-03
2.625621896073296151e-03
2.626134450257157967e-03
2.625464151731513301e-03
2.625974898504386881e-03
1.318537618948068847e-03
1.318745733687860973e-03
1.318804797757676351e-03
1.318872037986552285e-03
1.318839763705878737e-03
1.318346816552212969e-03
1.318361285524843451e-03
1.318362144841133668e-03
1.318350236263281109e-03
1.317997987228003345e-03
1.350224874954994003e-03
1.350185477372586613e-03
1.350031698718276614e-03
1.350044226057365649e-03
1.355896070258364545e-03
1.358342251271657574e-03
1.346224351247957184e-03
7.189897765672025346e-04
7.189362484486634328e-04
7.190055655403016464e-04
7.189844890236186774e-04
7.189914248758943289e-04
7.189839346497402771e-04
7.187067096890035816e-04
7.189824166065327546e-04
2.916093550546960261e-03
1.103052565616929361e-03
1.103180465817727102e-03
1.103272553684098113e-03
1.103345099049776127e-03
1.103263623003168312e-03
1.103319310481614768e-03
1.103332836905555328e-03
1.103318268092763317e-03
1.103174042576203799e-03
1.103133582768375288e-03
1.103195687027725466e-03
1.103235922642682677e-03
1.102823208557509758e-03
1.102990426336489423e-03
-1.681291553814125324e-04
-4.623726884898959785e-05
-4.629149477797104336e-05
-4.632167090269883984e-05
3.204423528286735184e-03
3.204183846885274786e-03
3.204268376531810639e-03
3.204315667238056154e-03
3.204367467803641376e-03
3.204236414838877722e-03
3.204226073137081150e-03
3.204292109100331711e-03
3.204523837344121912e-03
3.205746790678621304e-03
3.205725535856323704e-03
3.205945587393743430e-03
3.205955634810347000e-03
3.205861899548605697e-03
3.205840111989430481e-03
3.205995353613985428e-03
3.161594102501448077e-03
3.161546820645420430e-03
3.161650684475665607e-03
3.161790110434090518e-03
3.161864346997970629e-03
3.161056197808369272e-03
3.161094137290040591e-03
3.160741860425799951e-03
3.160690736394077514e-03
3.160748178474448444e-03
3.160752374609288647e-03
2.013694830824034904e-03
9.949646147795082954e-03
9.951477963761964571e-03
9.954962051337128484e-03
9.954344855335594405e-03
9.954404596468437172e-03
9.954509506330446594e-03
1.040704639777617754e-03
1.040694611410516611e-03
1.040310940197607288e-03
1.040596673590141749e-03
1.041002371540856097e-03
1.041006160659252531e-03
1.218865599781587209e-03
1.218841189366563467e-03
1.568132826314396541e-03
1.568201829351536201e-03
1.568162577308083181e-03
1.568154337541852097e-03
1.568803811562209053e-03
1.569814390981075095e-03
1.569357174832294215e-03
1.569533719846531684e-03
1.569245315224968886e-03
1.569406236877720316e-03
1.568602027653010411e-03
1.568534033567984013e-03
1.568610240358440412e-03
1.568790497112074406e-03
1.547819439457655136e-03
1.547851921737424061e-03
1.547837975579833322e-03
1.547859470269040243e-03
1.547827059144319317e-03
1.547825927395432653e-03
1.547807324541688664e-03
1.547856158181442135e-03
-8.924989809705490733e-04
-8.925790245848593289e-04
-8.926155214693063528e-04
6.018328369949022677e-04
6.020988746241486261e-04
-2.053373986209384116e-04
-2.053692954180164434e-04
-2.051840904849464595e-04
-2.054986920366071949e-04
4.902934914411623095e-03
4.903401908986687943e-03
4.904070489540350922e-03
4.904051115067851498e-03
4.905012316485291360e-03
4.905117291756726054e-03
2.077762721780861566e-03
2.077754647504027191e-03
2.077812231638902132e-03
2.078118681213649184e-03
2.077944620825190707e-03
2.078466176448361298e-03
2.077666980455355073e-03
2.076942314436383639e-03
2.077059316000651450e-03
2.077103594682088578e-03
1.318078818899417332e-03
1.317971118953187607e-03
1.317860153535488918e-03
2.323384177949974587e-03
2.323065653428731722e-03
2.323291103321057337e-03
2.324352089053658126e-03
2.324598969337637270e-03
-7.248084143377449794e-03
-7.241372708940279138e-03
-7.241067313294146171e-03
-7.265256416305009880e-03
-7.265264808492524241e-03
-7.269348875878578128e-03
-7.608473287430607239e-03
-7.615927228326576162e-03
-7.614977222516365780e-03
-7.618959892932680722e-03
-7.621917381252486801e-03
-7.621568805087514456e-03
-7.623078943052710721e-03
-7.625549258467367864e-03
-7.614587824680283182e-03
-7.614854705526586699e-03
-7.615052734754296226e-03
-7.614715045457661272e-03
-7.614182305385909857e-03
-7.614121363853444506e-03
-7.614225098085547136e-03
-7.614125672117102658e-03
-7.614131440915124401e-03
-7.614082625711105640e-03
-7.614017053995297650e-03
-7.614006752857883226e-03
-7.613968400178828047e-03
-7.614016904524584066e-03
4.822599450467068491e-03
4.821576474183803494e-03
4.821464227279459273e-03
4.821522161458457675e-03
4.846871488463703505e-03
4.846981621929568815e-03
4.847253153428507898e-03
4.847427272638713328e-03
4.850593004931703749e-03
4.850246947622916666e-03
4.850271319215893918e-03
4.840659760991647062e-03
7.230035007846594033e-05
7.186745784839525914e-05
7.180068748621816510e-05
7.233097939830264575e-05
7.215497449757089560e-05
7.285323392045536838e-05
7.305968478231468076e-05
7.317956915430095795e-05
1.169889558835468480e-03
1.169817416697597947e-03
1.169809581247756910e-03
1.810541822767829925e-03
1.810524995216924050e-03
1.810575533038701534e-03
1.810374745248435674e-03
1.810492764698887680e-03
1.810573204877462651e-03
1.810517724919560130e-03
1.810602685169428920e-03
1.810586195434214047e-03
1.810761842816336177e-03
1.810585807725557852e-03
1.810594092377697945e-03
1.810758673574339736e-03
1.810885030139868391e-03
3.047396720174322480e-03
3.047856997068029532e-03
3.047814292739375527e-03
3.047250788696272833e-03
3.047810534099590699e-03
3.047821775854291874e-03
3.047687991078141742e-03
3.047674450307644254e-03
3.047631477405068033e-03
3.047214733121125351e-03
3.046609544097473709e-03
3.046605931038341448e-03
-8.260763499814412908e-03
-8.260600626796558987e-03
-8.261122401698076795e-03
-8.261464942162630512e-03
-8.261166744111763868e-03
-8.246741718924940553e-03
-9.775504335277844081e-04
-9.774959226805375427e-04
-9.775212537440239151e-04
-1.688873884904323018e-03
-1.688901068310978432e-03
-1.688890563143234701e-03
-1.688879921054563032e-03
-1.689106301447426163e-03
-1.689119522268817163e-03
-1.689077280134453161e-03
-1.689134257863257995e-03
-1.688939135787716770e-03
-1.688805323351904317e-03
-1.690792388585431183e-03
-1.691388171765187409e-03
-1.691100248186182611e-03
-1.691036189159132079e-03
-1.691710565347792584e-03
-1.691096793311013240e-03
-1.691096075531508354e-03
-1.691124069549825980e-03
-1.691130333205613382e-03
-1.691080048903352909e-03
-1.691109309415500051e-03
-1.691102093993034593e-03
-1.691142124273280981e-03
-1.507188991363688207e-03
-1.507446858096526737e-03
-1.507076069916404902e-03
-1.500595506282452344e-03
-9.895369718680466775e-01
8.568361328876893850e-04
8.570589054389831816e-04
8.570456991654344962e-04
8.570451715642788066e-04
8.570451536414220315e-04
8.574562239252767970e-04
8.574301558425684051e-04
8.547449232377455318e-04
8.227646840950608980e-04
8.129782153405332818e-04
8.127462301763983821e-04
8.127360289576700215e-04
8.129702960767217238e-04
8.116401768324018858e-04
9.512764135162491601e-04
9.511474456156648709e-04
9.507805888812380715e-04
9.507502305906556086e-04
9.505061500692149178e-04
9.506067290891578609e-04
9.500964779273601141e-04
9.500833735137068385e-04
9.504943408041755405e-04
9.503884080405216542e-04
9.503909674848485959e-04
9.503886568459547247e-04
1.483697907537149564e-03
1.483705190558992941e-03
1.483654891114963553e-03
1.483699706616808901e-03
1.483835114838903549e-03
1.483843273323366208e-03
1.483710963131657174e-03
1.483686799712861156e-03
1.483846782406773087e-03
1.483873399365843700e-03
1.487991071176419065e-03
1.487807981796698256e-03
1.487902488130093568e-03
1.487874914911990277e-03
1.487878982060831731e-03
1.487893804629980381e-03
1.487908445316977763e-03
1.487916263753186110e-03
1.487896384754333699e-03
1.487853403891514770e-03
1.487863264777674038e-03
1.488306982564546440e-03
1.488019034254526229e-03
1.487919346817350537e-03
1.488067601508209162e-03
1.488205521394366741e-03
1.486480514187666279e-03
1.486502754135529637e-03
1.486550181653485334e-03
1.486494027623050862e-03
1.486471354345629504e-03
1.486522797407416460e-03
1.486489326631140230e-03
1.486525873447003135e-03
1.486554963079326531e-03
1.486578398780171329e-03
1.488007275071189526e-03
1.488177245645202779e-03
1.488067565770056925e-03
1.488839578343368036e-03
1.487343352221240150e-03
1.484244567880887511e-03
1.484080637423784146e-03
1.484140651846732953e-03
1.485042981331393969e-03
1.485024276509361351e-03
1.485053704003408805e-03
1.484941213516195648e-03
1.484932173149040467e-03
1.484898990204560829e-03
1.485294985760462691e-03
1.477450447786086366e-03
1.477450777799773751e-03
1.476270509031381295e-03
1.476277248528454775e-03
1.476342475574569588e-03
1.476331167056660820e-03
1.476334650916486446e-03
1.476305675335762378e-03
1.181003295275161223e-03
1.181033923870752423e-03
1.180601884829891304e-03
1.187360021361068014e-03
1.187322419347251138e-03
1.187144946050943967e-03
1.187239948191003017e-03
1.187271902942313960e-03
1.191735211185353032e-03
1.192034780559007422e-03
1.191772416872152697e-03
1.191903336634649643e-03
6.811558776025088049e-04
6.710162328829920525e-04
6.709816016405639391e-04
5.984390881238934711e-04
5.985177154598170582e-04
5.984539044327948087e-04
5.821475889384803218e-04
5.821547712428096167e-04
5.822074143963285086e-04
5.822068862285094577e-04
5.821025014940124729e-04
5.820993235686828995e-04
5.822619135935021067e-04
5.818409631026420434e-04
5.822102591435154547e-04
5.822273519599178559e-04
5.822323265878077058e-04
5.822214295978680836e-04
5.819920239612034986e-04
5.821144263756354315e-04
5.816263395850258073e-04
5.821739734811648848e-04
5.820597025750720186e-04
6.014813632609307317e-04
6.018688121570360452e-04
6.025144517424798609e-04
6.027769368657371870e-04
6.027382627417362604e-04
6.028092021036631724e-04
6.180698995108575714e-04
6.181229805385555446e-04
6.181008616726203081e-04
6.180958343017806935e-04
6.180814853636314816e-04
6.181001339952244293e-04
6.180813726453533025e-04
6.181366214522060259e-04
6.181272151028012387e-04
6.180685861772789629e-04
6.158672029584204462e-04
6.158775687198985663e-04
6.160198905117302047e-04
6.159299051735247620e-04
6.159957412424917978e-04
6.159882044087092905e-04
6.159747479454520279e-04
6.160415069623296526e-04
6.158453621830556378e-04
6.158515642128007707e-04
6.158562751962584885e-04
6.158001069171366087e-04
6.157987193886029159e-04
6.157799917871185783e-04
6.158088406675890593e-04
6.277991047422528054e-04
6.276222200418165708e-04
6.276274473758252552e-04
6.274629617964896369e-04
6.274389164942168005e-04
6.282378582651488609e-04
6.280738268688367898e-04
-5.182258084472884767e-04
-5.182854235105319304e-04
-5.183302424941044467e-04
-5.181785068056964745e-04
-1.945142157810563139e-04
-1.945224422117910080e-04
-1.944971755913751715e-04
-1.945084022888826820e-04
-1.824808546896259048e-04
-1.825269979967882581e-04
-1.824727262222111484e-04
-1.817821119470147434e-04
-1.894833271095209496e-04
-1.894505501538257860e-04
-1.870447563593109915e-04
-1.872469868354626735e-04
-1.873106888029186135e-04
-1.896207777776395386e-04
-1.899613339579864744e-04
-1.900275844106023241e-04
-1.900377945681204158e-04
-1.885648504374588504e-04
-1.885827138508647770e-04
-1.885860216746682722e-04
-1.887885223163157775e-04
-1.887729657219265275e-04
-1.887353344737282429e-04
-1.887561445796416277e-04
-1.887427630848838723e-04
-1.887297679843154394e-04
-1.887547221666971452e-04
-1.887440765212033760e-04
-1.886047650383023333e-04
-1.886116881119485661e-04
-1.889116651582052836e-04
-1.884542355759553445e-04
-1.885403078610593255e-04
-1.885248164638345016e-04
-1.885944319709388541e-04
-1.884877390017167134e-04
-1.884919191429735598e-04
-1.885062688341184465e-04
3.256092345481976288e-03
3.255896624656836984e-03
3.256728028019736237e-03
3.256648139912621861e-03
3.256673677895064161e-03
3.256387970702685243e-03
3.256627891884677009e-03
3.256420046145791936e-03
3.254327924100657542e-03
3.254349586758307870e-03
3.254345469536484847e-03
-4.474526795837884788e-04
-4.474529266515059464e-04
-4.476222119739191080e-04
-4.476167590083741823e-04
-4.501478883012327266e-04
-4.504839984435935938e-04
-4.503831103629921291e-04
-4.486977506463933683e-04
-4.487113802829216015e-04
-4.480856540956416130e-04
-4.481674306271802026e-04
-4.481084940653690877e-04
-4.481094364535614721e-04
-4.481221463164027498e-04
-4.481214806657664675e-04
-4.481337525351155216e-04
-4.481478324498649308e-04
-4.481191334397831728e-04
-4.481225944882107916e-04
-4.481523327108736642e-04
-4.481498974969424414e-04
-4.481411078518983556e-04
-4.478538679476309317e-04
-4.472384876101439697e-04
-4.473036945111856185e-04
-4.495153380063902871e-04
-4.494998470058875336e-04
1.657030526576540493e-03
1.657109521585793796e-03
1.657065426553272405e-03
1.657158730854421842e-03
1.657084400107009230e-03
1.657013485594188056e-03
1.656941637846836646e-03
1.657515838638391184e-03
1.657694716214484993e-03
1.657851804573341878e-03
1.657705215179961075e-03
1.657537374559910808e-03
1.657578890447091108e-03
2.776089553757512748e-03
2.775257231377396567e-03
2.775490628572342428e-03
1.844962387680470746e-03
1.844902699931883763e-03
1.845295633936989109e-03
1.845338712718064874e-03
1.845353402968238519e-03
1.845337607852417117e-03
1.845318811110226382e-03
1.845135349693797491e-03
1.845156330159469782e-03
2.833386584776456229e-03
2.833506009382869874e-03
2.834119998203939172e-03
2.834220192094390450e-03
2.128025029810720267e-03
-9.642238044512794082e-04
-9.652444008629530508e-04
-9.652375746705505952e-04
-9.652590967828317443e-04
-9.652468265152569591e-04
-9.652676403447086944e-04
-9.658725618431702933e-04
-9.657264915381820946e-04
-9.648140019629155434e-04
-8.868191381330672212e-04
-8.862776303360372573e-04
-8.862755630564690245e-04
-8.864585283643512019e-04
-6.126501709448551464e-03
-6.126266180128004529e-03
-6.126037848083311886e-03
-6.126101626378861222e-03
-6.125937200208303630e-03
-1.034954844824572100e-03
-5.210756334944709319e-04
-5.211345776183407734e-04
-5.213046413147024013e-04
-5.213345512939787088e-04
-1.795411142462716766e-03
-2.897589054601128634e-03
-2.897707151085516727e-03
-2.897688412814139903e-03
-2.897764470206823286e-03
-2.897763685490474962e-03
-2.897660538228027070e-03
-2.897730376321193662e-03
-2.897678492268551762e-03
3.769884207558627984e-04
3.767241141434473457e-04
-1.614144166538300810e-03
-1.614167167958131246e-03
-1.614154233994294883e-03
-1.614179648786129729e-03
-1.614187815244210030e-03
-1.614111058385028470e-03
-1.614104729721430737e-03
-1.614103272773377866e-03
-1.614051282629184840e-03
6.892722185664422853e-04
6.892460508345924159e-04
6.892407946911217539e-04
6.892468427626484255e-04
6.887513498793278004e-04
6.871346201616131957e-04
6.868901280004714466e-04
6.874136619609683531e-04
6.876035619159054715e-04
6.886986373592778347e-04
3.936448846179606796e-03
4.683865981594976906e-03
1.264824500435916778e-03
1.264749156545571769e-03
7.026883790587436273e-04
7.027313715270088693e-04
7.025900815676136731e-04
7.005279213484234954e-04
1.251990006260776320e-03
1.251959470825125820e-03
-6.337444579809952457e-04
1.814401154941862879e-04
1.814143582886335656e-04
1.814074059428763118e-04
1.815127825848317016e-04
1.243962879622835223e-03
1.244029546668050249e-03
1.244171389309116707e-03
1.242847632841861862e-03
1.246240924909251205e-03
1.241614992984679984e-03
1.241658612085617952e-03
1.241491024483982932e-03
1.241628313468195457e-03
1.241553101217491260e-03
1.241640588692323206e-03
1.241654997655833184e-03
1.241632590312666262e-03
1.241602416300419121e-03
1.241642419430012906e-03
1.241613443640261598e-03
1.241651318244269128e-03
1.241652650982296487e-03
1.241642729819178231e-03
1.241629891327649662e-03
1.241634242041074823e-03
1.241678558718795804e-03
1.241682595594144128e-03
1.241674398215566544e-03
1.241981612651142132e-03
1.241953525244139482e-03
1.242036685072366855e-03
1.241858113395430179e-03
1.241996079422126413e-03
1.242125104242686922e-03
1.241960441226626051e-03
1.242011689953506550e-03
1.241901778261785428e-03
1.225081936593044049e-03
1.224909721868295545e-03
1.224927388273449854e-03
1.224933074310734097e-03
1.224921079901505894e-03
1.224977600748657991e-03
1.224809619240049309e-03
1.224994773942599327e-03
-3.110805713093568910e-03
-3.073647553879719531e-03
-2.423358998040183940e-03
-2.423643815888362144e-03
-2.423535106158563376e-03
-2.423536085340475144e-03
-2.423593154289505145e-03
-2.423587692145547524e-03
-2.423595144172266749e-03
-2.423655883493215906e-03
-2.423642881927578867e-03
-2.425349972697405515e-03
-2.508666219783412497e-03
-2.508197283809484365e-03
-2.508556859813843715e-03
-2.508742602254458547e-03
-2.508270696150253706e-03
-2.508341689660232004e-03
2.114652919219318569e-03
2.110373342025692947e-03
2.110392551064967093e-03
2.110187365282817362e-03
2.110742833159833312e-03
2.120632256469191703e-03
2.112117144933571816e-03
2.112281412420606054e-03
2.112479142352502622e-03
-3.290877215255644250e-03
-3.290823232393854172e-03
-3.290555044394574517e-03
-3.290548614440854877e-03
-3.290547822868259645e-03
-3.291472174768594709e-03
-3.294076291449806078e-03
-3.293423176686376217e-03
-6.696924033725153462e-04
-6.698961250882715665e-04
-8.211115289159274600e-04
-8.209949809684016905e-04
-8.209996410520593001e-04
-8.209603776507539037e-04
-8.214015321184605463e-04
-8.213968654520356193e-04
-8.212806953650711580e-04
-8.212440950776912166e-04
-8.214615727714455083e-04
-8.218867943825720630e-04
-8.214731882480304183e-04
-8.411211754268730191e-04
-8.414614861543995598e-04
-8.406889137037518991e-04
-8.407128168832131692e-04
-8.407563111920390549e-04
-8.406115070693501645e-04
-1.394314272088157574e-03
-1.394624915766930727e-03
-1.394631486560862690e-03
-1.394667595763307436e-03
-1.394696704932428793e-03
-1.394611800839489152e-03
-1.820721237568877302e-03
-1.821216078023077433e-03
-1.820852563016068420e-03
-1.820985505032959254e-03
-1.820854100443833811e-03
-1.820885461132807888e-03
-1.826025204109026556e-03
-1.829196975936718539e-03
-1.828318946118754089e-03
-1.828479570074307246e-03
-1.816597127847284065e-03
-1.816476280832102176e-03
-1.817201019489509241e-03
-1.818806096830487056e-03
2.551118007424740732e-03
2.551282994325287674e-03
2.596858699813279440e-03
2.596438397588279531e-03
2.597035949978974967e-03
2.596334735775771528e-03
2.596219093751695947e-03
2.596071561666830809e-03
2.596158559648550045e-03
2.596215432593481243e-03
-8.324364728854424843e-04
-8.291114898849956307e-04
-1.688973685139037110e-04
-1.695961856835875858e-04
-1.695531122679631224e-04
-1.696882145853135539e-04
-1.696933895299562809e-04
-1.679708937144910907e-04
-1.681746873404502552e-04
-1.684735977685322488e-04
-1.684155720329867266e-04
-1.682123372029521334e-04
-1.685920437516186623e-04
-1.685053190645262918e-04
-1.687993698700619813e-04
-1.687015236988731633e-04
-1.678543364972001086e-04
-1.678785790200014005e-04
-1.678170973489783618e-04
-1.675605892694266856e-04
-1.675811802537353120e-04
-1.677510334610385464e-04
-1.677104721627604197e-04
-1.680098149091603849e-04
-1.679028563310006766e-04
-1.680149692347087352e-04
-1.679911133215508581e-04
-1.679933876833466502e-04
-1.679654963590862201e-04
-1.679772031234422821e-04
-1.671833206875074753e-04
6.732695271789164004e-04
6.731756518712802943e-04
6.731517851702171259e-04
6.730393785235247580e-04
6.730751885621323550e-04
6.719745055826709850e-04
6.720977391291632283e-04
6.720178617685220075e-04
6.720400414108610105e-04
6.720893842762957430e-04
6.725422606048339766e-04
6.204089882299379044e-04
6.203526167085318026e-04
5.969231265404153705e-04
5.971668281653346984e-04
5.975352278289994311e-04
5.977383314873634937e-04
5.977269644039445370e-04
5.998010971365017084e-04
5.996432611372717100e-04
5.996789215867401627e-04
5.995716107051029392e-04
5.995708271894743683e-04
5.994365711366420610e-04
6.030005438806105992e-04
-2.222675518931889558e-03
-2.220292065868319491e-03
-2.216049509359489800e-03
-2.216169825693435104e-03
-2.216010607242625569e-03
2.367481930168276443e-03
2.367441481265398703e-03
2.367212418232762274e-03
2.367751171025792457e-03
2.367758955972030024e-03
2.367780491768440090e-03
2.367734803268740397e-03
4.412162164404802127e-03
4.412801607847126849e-03
4.411290324063854747e-03
4.780752435362922888e-03
4.780744708495550388e-03
4.780840288602766427e-03
4.780854607868546477e-03
4.780849555827157080e-03
4.780443102787356423e-03
4.781085711735068473e-03
4.781059880410964448e-03
4.780339904289083487e-03
4.780409992370835033e-03
4.780352527435385163e-03
4.780428499796447045e-03
4.780412200701449760e-03
4.780466903630935412e-03
4.780516450048394664e-03
5.290159949179627265e-03
5.291143213373076040e-03
5.291027958306904547e-03
5.290793846371254563e-03
5.290751031281113771e-03
5.290554552860936982e-03
5.290709949148661786e-03
5.290849270673339891e-03
5.262394886270994193e-03
5.262331721846744137e-03
5.262269603112318742e-03
5.262286961213323046e-03
5.262376398650737454e-03
5.262333051385147120e-03
5.262343606825900348e-03
5.263835856865961560e-03
5.263804661420710268e-03
5.267022299682841587e-03
5.266629973002855472e-03
5.267456949643006814e-03
5.267116053768608995e-03
5.267041565408710387e-03
5.264567296800101368e-03
5.264574212368773772e-03
6.777150866291203933e-04
6.778502938504011753e-04
6.778589910904657054e-04
6.778555484569446761e-04
6.778641079225693460e-04
6.778624480495825657e-04
6.779790011480451954e-04
6.772784099535126678e-04
6.773255026654606851e-04
6.773773973878346099e-04
6.774056166533130039e-04
6.773979130823010045e-04
6.773887107703672724e-04
6.773902844296595576e-04
6.889181520862520730e-04
6.894362085001952759e-04
6.894023280711176734e-04
6.893793640356208220e-04
6.879646441085840707e-04
9.164520663906900377e-04
9.168805724864801136e-04
9.155481083482286874e-04
9.155615216664930549e-04
9.155842964031953848e-04
9.155773569958853197e-04
9.155582800518046816e-04
9.154863030268320032e-04
9.154855116830723852e-04
9.154746656429986170e-04
9.155064782019362328e-04
9.156577323583609722e-04
9.156949471521515140e-04
9.158731757306273064e-04
9.157939771817091715e-04
9.157277267759913542e-04
9.159643776411925285e-04
9.157330170670782829e-04
9.157316649853045921e-04
9.157142506620043719e-04
9.158829135703836465e-04
9.157190536986951814e-04
9.157698795170264626e-04
9.157639413260460761e-04
9.156521746375254501e-04
9.156476044852118962e-04
9.156607462334395145e-04
9.152404067365756254e-04
9.151113600667830578e-04
9.171025098573731609e-04
9.169463693799077093e-04
9.153545907348616941e-04
9.153251538565914574e-04
9.153487339228150643e-04
9.153327855539756391e-04
9.152891857977372330e-04
9.153079347530380721e-04
9.154169015974427054e-04
9.153942544644763299e-04
9.154440936868315799e-04
8.728490046364651258e-04
8.727578702716144764e-04
8.727785392421433946e-04
8.790855293886051542e-04
1.229034536210817661e-03
1.663662033896323028e-03
8.927061667233635500e-05
8.930387719854968737e-05
8.889270608178394479e-05
2.651840427868132235e-04
1.628799733322271236e-04
1.627008428190282702e-04
1.626133730562342972e-04
1.626761236642089176e-04
1.626797862977300707e-04
1.627354764554416757e-04
1.627952658288031726e-04
1.628177752377594817e-04
1.622819617455299897e-04
1.623074455839088981e-04
1.624871096947495721e-04
-1.258591007168279518e-03
-1.258630263092370104e-03
-1.258630034150336370e-03
-1.258608406896722732e-03
-1.271114069852239499e-03
-1.271281067793246468e-03
-1.187953961107063132e-03
-1.187954577622247956e-03
-1.187942275485097399e-03
-1.187913426276980371e-03
-1.187993120365866831e-03
-1.188828594706768486e-03
-1.188849000840344139e-03
-1.188867914058680227e-03
-1.193187156779282766e-03
-1.193226293887403268e-03
-1.193195897731544894e-03
-1.196452147394855194e-03
1.259126445643766199e-03
1.259112618316522280e-03
1.259093879484375709e-03
1.259163613751216292e-03
1.258788315035428351e-03
1.258895481491509099e-03
1.258674369212316527e-03
1.258651254265498584e-03
1.258654537991082348e-03
1.258624689830739043e-03
1.258625694001615052e-03
8.608016090948673307e-04
8.610461396669310923e-04
8.635441317926467264e-04
8.633156918497514494e-04
2.252185579621352460e-04
2.250837406654847273e-04
2.251294724121950753e-04
2.249893246954611480e-04
2.251109560708040055e-04
2.250432074074888819e-04
2.250246370420538931e-04
-7.421689134352199048e-04
-7.421016831996510429e-04
-7.421097482288292833e-04
-7.422863741335980047e-04
-7.422774648858172959e-04
-7.423695539384793894e-04
-7.421286733665304969e-04
-7.422026884451090462e-04
-7.423060402256231568e-04
-7.458505111551699991e-04
-7.456741635197333337e-04
-3.005505389176631680e-04
-8.697842452888531264e-03
-8.698077371433731234e-03
-8.696160188318619033e-03
-8.698016670495061636e-03
-8.698489901697767021e-03
-8.712599354930593287e-03
-8.712651252218327896e-03
-8.712432032477086113e-03
-8.712993352910159903e-03
-8.712854483913106546e-03
-8.712658745567949253e-03
-8.684198956952420695e-03
-8.685035711275868736e-03
-2.115572307302338029e-02
-2.115541805599697317e-02
-2.115496879375125192e-02
-2.115526867289557050e-02
-2.115592390558979768e-02
-1.018511727087252974e-02
-1.018496521825611872e-02
-1.018511348629853007e-02
3.495647533777645512e-03
3.496124262530718278e-03
3.496316945680235256e-03
3.494926212448475240e-03
3.494838343667990878e-03
3.494661453240471231e-03
3.494855284263244724e-03
3.494758332758802436e-03
3.495104710668577117e-03
3.125264695364280473e-03
3.119435650458402248e-03
3.118559214305615269e-03
3.118569367441773044e-03
3.118579645808063072e-03
3.119054239908114218e-03
3.118938666215084754e-03
3.118945397250542494e-03
3.118839415913517588e-03
3.118985435442852682e-03
3.119016485414191978e-03
3.114908211658073012e-03
3.114752136785452468e-03
3.114968537375896896e-03
-8.518844491610302189e-04
-8.519700264679386974e-04
-8.519454451638469768e-04
-8.534847902057678473e-04
-8.501783741510492718e-04
-8.502426914241904398e-04
-8.502159700278918639e-04
-8.501666183414766185e-04
-8.501865457791644379e-04
-8.501814687670161816e-04
-8.501662601127997531e-04
-8.502059142025999430e-04
-8.501007721825440443e-04
-8.501653282020366770e-04
-8.501673502304293818e-04
-8.501504073566553896e-04
-8.852787512515478173e-04
-8.784860310079710844e-04
-8.770900607066432373e-04
-8.772260192712848107e-04
-8.774101126413462459e-04
-8.770191449377269001e-04
-8.326798775754884214e-04
-8.305072874501403732e-04
-8.305140046115170845e-04
-8.302689195802591621e-04
-8.302719403904121808e-04
-8.303734837092861939e-04
-8.303710296393592132e-04
-8.310685270526314838e-04
2.148815770874566104e-03
2.148814926115949746e-03
2.148650407256157396e-03
2.148725786570822999e-03
2.148781694963695314e-03
2.148833245147222133e-03
2.148781417862763270e-03
2.148790842484176854e-03
2.148717998871667745e-03
2.148713712499739342e-03
2.149015740629197941e-03
2.148914765472968030e-03
2.148970358669994359e-03
2.149003679024828143e-03
2.148994189569567066e-03
2.148950276979633405e-03
5.993980686338115996e-03
5.994190481668679703e-03
5.997059686020276073e-03
5.997167876383775742e-03
5.997171995363205846e-03
5.996681724160964067e-03
5.997068260510209255e-03
5.997286728776015340e-03
5.995677391983355101e-03
5.995698006166593971e-03
5.995712157102024362e-03
5.995977750660170733e-03
5.997767561273818424e-03
5.997499553141111793e-03
5.996922184247584220e-03
5.997921612298923177e-03
5.998249618190028450e-03
5.998338638931649536e-03
5.998194852729702049e-03
5.998087227476252281e-03
5.998243901053851648e-03
5.998779007587609451e-03
5.998811962157260709e-03
5.999522527224376324e-03
5.998801285229591468e-03
5.999036106220110090e-03
5.998919665683177978e-03
5.998854507485971294e-03
5.998688394677710069e-03
5.998221619233736965e-03
5.998317312724757953e-03
5.998271500299642324e-03
5.996930151147314425e-03
5.996995989077550521e-03
6.388466736440880263e-03
6.388600167277385874e-03
6.388837404447299077e-03
6.388759075838830806e-03
6.389057018629074915e-03
6.388912445248690411e-03
6.388899993891005054e-03
6.388831705865431407e-03
6.388637065349195635e-03
6.388821136385558486e-03
6.388697633587254315e-03
6.387678366908461879e-03
-2.633300067444558929e-03
-2.633153995577273022e-03
-2.633149197141769048e-03
-2.633159774847844675e-03
-2.633099528130459794e-03
-2.633083589398868291e-03
-2.633104468058086907e-03
-2.633106764343343901e-03
-2.631672304870652859e-03
-2.631665561742156743e-03
-2.631620995754513012e-03
-2.631696140255350945e-03
-2.631414747630131303e-03
-2.631349500295905239e-03
-2.631405337012413491e-03
-2.629974175852196720e-03
-2.630021468253541592e-03
-2.630049137580465438e-03
-2.634351979482637846e-03
-2.633072036009259567e-03
-2.633283218954293216e-03
-1.430523502091033197e-02
-1.430469687637248022e-02
-1.430467121722587935e-02
-1.430465879606643113e-02
-1.430467775973763220e-02
-1.828819156526962373e-03
-1.828793189983789116e-03
-1.828721192936850473e-03
-1.828911813243640520e-03
-1.827574593935502338e-03
-1.826033559684356496e-03
-1.826025928963290841e-03
-1.826019190908898188e-03
-1.826003958570972686e-03
-1.826242045175679660e-03
-1.826153223301360540e-03
-1.826232840062132603e-03
-1.826777059003847296e-03
-1.827150690959840600e-03
-1.827304664013337234e-03
-1.826780572920874875e-03
-1.826291735353009456e-03
-1.826271677321962810e-03
-1.826495152494505116e-03
-1.826280490203706841e-03
-1.826293029540743866e-03
-1.825517986302451195e-03
-1.825116171761419432e-03
-1.825123057776069629e-03
-1.825317974778060915e-03
-1.825432795863568070e-03
-1.945529642009871142e-03
-1.945752664077631889e-03
-1.945228272414487253e-03
-1.945255468511591403e-03
-1.945249368765793315e-03
-1.944916016517430311e-03
-1.944914570562563836e-03
-1.945024503388576324e-03
-1.945009954090863103e-03
-1.945020861040099459e-03
-1.945019753604220131e-03
-1.946458003446720859e-03
-1.945605649950013288e-03
-1.945920252539903124e-03
-1.944581536888240593e-03
-1.944601095478271351e-03
-1.944163271361310863e-03
-1.943561307637585011e-03
-1.943250910783325160e-03
-1.943262846443930859e-03
-1.943848544718842055e-03
-1.943833938198921175e-03
-1.943978382089189784e-03
2.271362134216670190e-03
2.271343406597796551e-03
2.271536225959349536e-03
2.271536372355571504e-03
-3.305895980236051718e-03
-3.305730309106213929e-03
-3.306057976146433916e-03
-3.306353616312695913e-03
-3.306111340153596728e-03
-3.305994225562259008e-03
-3.305931642047094110e-03
-3.306043796660489142e-03
-3.307244622695792047e-03
-3.307219253204931545e-03
-3.307172225992130975e-03
-3.307270615746463107e-03
-3.307385144150098467e-03
-3.307334201928037540e-03
-3.307441669039949250e-03
-3.307501527876188091e-03
-3.307685529340061679e-03
-3.307541472066141165e-03
-3.307571116898595006e-03
-3.271967986441373655e-03
-3.272230052995716860e-03
-3.272130968305857635e-03
-3.272071409465846740e-03
-3.272206208244309977e-03
-3.272143327251072088e-03
-3.270507190137586419e-03
-3.270571297509073695e-03
-3.270870268036797559e-03
-3.265682834131997201e-03
-3.265863600501665680e-03
-3.265784076480593868e-03
-3.265953499331915050e-03
-3.265943782302379878e-03
-3.276909336587968593e-03
-3.276876354677746555e-03
-3.276902906238137857e-03
-3.276875507195549722e-03
-3.276892861284019364e-03
-3.276909905832913177e-03
-3.270595751614265457e-03
-3.270951219603571679e-03
-3.270348608628987665e-03
1.922030661917189598e-03
1.921812112593567238e-03
1.921819691128624340e-03
1.921752023853817021e-03
1.921772466144093788e-03
1.921764938364070542e-03
1.921758866497485065e-03
1.921851785137937332e-03
-1.843243824060773663e-03
-1.712244185406236127e-04
-1.708616512929902857e-04
-1.713779102134394331e-04
-1.714219723860469782e-04
-1.744976611668880501e-04
-1.746378852202115336e-04
-1.745834675219688575e-04
-1.745117854483925750e-04
-1.744910099659324916e-04
-1.744926532463840377e-04
-1.745490175454039576e-04
-1.744742678465296070e-04
-1.744901380980766123e-04
-1.744648545696009440e-04
-1.744643106987780004e-04
-1.745351170897136523e-04
-1.744654242772588379e-04
-1.744828273830831896e-04
-1.834350779900589855e-04
-1.834443624277989546e-04
-1.834464428919087265e-04
-1.834246487432202337e-04
-1.834722332962885184e-04
-1.841385781152973919e-04
-1.841061983083897718e-04
-1.842408965399195450e-04
-1.842539732522090754e-04
-1.842274795214572604e-04
-1.842791928286828464e-04
-1.836991954830949120e-04
-1.836763035902953128e-04
-1.836609290555764893e-04
-1.835783672711109539e-04
-1.835771055046722265e-04
-1.836153692182831271e-04
-1.836026775365755042e-04
-1.835927621020416571e-04
-1.835480340255918178e-04
-1.834540154187240730e-04
-1.834414876778932746e-04
-1.833589833353013981e-04
-1.837497439540121153e-04
1.522702228253602560e-03
1.522711239100868821e-03
1.522755833418924353e-03
1.522750006414599769e-03
1.522689991676194317e-03
4.746823822483503021e-04
3.629178797532695640e-04
3.629277015183895246e-04
3.629241775641739052e-04
-1.069229374192932490e-04
1.596892643504112990e-03
1.596873990108898470e-03
1.596914596594817878e-03
1.596908571429605638e-03
1.595739273015804290e-03
1.595443547026451038e-03
1.597617678685757511e-03
5.366180755703660364e-04
5.368487892011428392e-04
1.131159657620928270e-03
1.131147551482360961e-03
1.131124517241009417e-03
1.131134601761048979e-03
1.131458607975169240e-03
1.131409164282387494e-03
1.131434319454944224e-03
1.131466788662467606e-03
1.131253941069897823e-03
1.131192416428436704e-03
1.131218732310005195e-03
1.131193764435116725e-03
1.131176855139890769e-03
1.131152878452728596e-03
1.131176708391473315e-03
1.131501180155177920e-03
1.131735017628170007e-03
1.131522531918083404e-03
1.131511947774053442e-03
1.131523387909583525e-03
1.130178994055413416e-03
4.566054056747442954e-04
4.565420474294971725e-04
9.622340809464270412e-04
9.624261771123478497e-04
9.621631839248186635e-04
9.622308021948449558e-04
4.843446618870979152e-03
4.856693367963416282e-03
4.856712223260809154e-03
4.856910664360566433e-03
4.856671772627018692e-03
4.856659000950279068e-03
4.856696026539544624e-03
4.856725599765587993e-03
4.856814238780347154e-03
4.853261222391363344e-03
4.853301158169990963e-03
4.853245352779808792e-03
4.852609912888343827e-03
4.852126937295250103e-03
4.852280152950663034e-03
4.686688829889905546e-03
4.686536771199528544e-03
9.763267484132177876e-03
1.037699800465193695e-02
1.037695501815196451e-02
1.037720438484773973e-02
1.037722942240744926e-02
1.037721722919538944e-02
1.037701736858722031e-02
1.037670668034902308e-02
1.037679933533111262e-02
1.037679635595714286e-02
1.037667961411783274e-02
1.037673392293365221e-02
1.037748402120498500e-02
1.037755820150802581e-02
1.037745087315180594e-02
1.037722323563431727e-02
1.037741009480937920e-02
1.021242187030080295e-02
1.021226073805410993e-02
1.021508608617473571e-02
1.021303405405742104e-02
1.021272091143808798e-02
1.021274801805098671e-02
1.021287358164012053e-02
6.349500094830347568e-05
5.763004698231974311e-05
5.738034429357387139e-05
5.709830719421896372e-05
5.961507281270540012e-05
5.963533002022963721e-05
5.945869629494420026e-05
5.940951623060103165e-05
5.917178714874126843e-05
6.046837713681471561e-05
6.067697486123040275e-05
5.913931697680871691e-05
5.917310227232720115e-05
5.915508426419461278e-05
8.596612813501154952e-05
1.149754453075184016e-04
1.149840192358039988e-04
1.149165536566280400e-04
1.149317685279488687e-04
1.149376865415621945e-04
1.153639514769075705e-04
1.248504035468611553e-04
1.247173173009362770e-04
1.098486756343693024e-04
1.098537294531076248e-04
1.100238208754248173e-04
1.100192591453660326e-04
1.099309444196105491e-04
1.100630368580169570e-04
1.100612241964597662e-04
1.123514070608914729e-04
1.122996931361891547e-04
1.096277285446734684e-04
1.096852646381510105e-04
1.095348408156846811e-04
1.111675279591788318e-04
1.111567761474674133e-04
1.105637564337825195e-04
1.105978575162774126e-04
1.106101108311750343e-04
1.105803315225769705e-04
1.105741820836672785e-04
1.105815020204022357e-04
1.105808651858092686e-04
5.400005382695857031e-04
-2.165447258026084471e-03
-2.165430864017312863e-03
-2.165688689244378400e-03
-2.165781192897447451e-03
-2.164052153738713676e-03
-2.161628259290236491e-03
-2.161668554240744281e-03
-2.161675824526824909e-03
-2.161684186007002424e-03
-2.161710673832667462e-03
-2.165994900134350816e-03
-2.165925163281169370e-03
8.957598796872395970e-04
8.956082486462591755e-04
8.958062947861353568e-04
8.958062933245025672e-04
8.958063932889215797e-04
8.952623366309015070e-04
8.953565199910646765e-04
8.951720123110012452e-04
8.951289914406716655e-04
8.952031354096495449e-04
8.955955054173491466e-04
-2.244212092433331158e-03
-2.244084286596159921e-03
3.939184402238123973e-03
3.938279437072296149e-03
3.938135243302959970e-03
3.938456589921778862e-03
3.938544369286252171e-03
3.938085359578246542e-03
3.924407375974369241e-03
3.924479790189102334e-03
3.924420487730368758e-03
3.924397685813123780e-03
3.924418840247844223e-03
3.924251810201241294e-03
3.924336671160440215e-03
3.924334950483635183e-03
3.924385382080965677e-03
3.924355936177566923e-03
3.924305885496903561e-03
3.946774786804828870e-03
3.946268799052899540e-03
3.945413131255416303e-03
3.940319659364524205e-03
-7.419330081548265558e-03
-7.420375846139243628e-03
-7.420242323760719259e-03
-7.420510219879260586e-03
-7.459519565108476899e-03
-2.891616111951383992e-03
-2.891441010397268353e-03
-2.891174731741157078e-03
-4.193390008567502575e-03
-4.193282444421450594e-03
-4.224669854124473746e-03
-4.230431448009665599e-03
-4.229035230010516622e-03
-4.228973033034917270e-03
-4.229192662410924397e-03
-4.229967974714160354e-03
3.112737893824926396e-05
3.107446329382637223e-05
3.108777789501527102e-05
3.137733899932410356e-05
3.135609547250828587e-05
3.512547090812023054e-05
3.502855488602000985e-05
3.497309799440418879e-05
3.501755851107826744e-05
3.501168760494477130e-05
3.443021771914662636e-05
3.445608314359063508e-05
3.442472958408959559e-05
3.325726000441399182e-05
3.325945273067744515e-05
3.319069768908543863e-05
3.325901663719582689e-05
3.331763772320687665e-05
3.300408498776184806e-05
3.367999757169960349e-05
3.363548451370377440e-05
-2.372111906993273553e-03
-2.384834396971512692e-03
-2.384805328553517550e-03
-2.385095388485742110e-03
-2.385193885138600298e-03
-2.384556169663683625e-03
-2.384896385979081226e-03
-2.384735099777995568e-03
-2.385052179516135382e-03
-2.385249132312848054e-03
9.398900334633596837e-03
9.402745262575337021e-03
9.402309703132242721e-03
9.402762843835633585e-03
9.402639965017606585e-03
2.272396892235440356e-03
2.272155509176164434e-03
2.271963928402725898e-03
2.271607785739411176e-03
2.271665891792523477e-03
2.309984481852339448e-03
2.307701486513971580e-03
2.449092561812604620e-03
2.449360153584606657e-03
2.449244858468652662e-03
2.072205906481452541e-03
2.072248412483351787e-03
2.072206755749721532e-03
2.072181038226099132e-03
5.111679300353948142e-04
5.109531002597477410e-04
5.111352193271935778e-04
5.112036334530179089e-04
5.111374723946421166e-04
5.111345036373307355e-04
5.111070764993239221e-04
5.111189447001743920e-04
5.112215973138255340e-04
5.111360898478544508e-04
5.111107386876888748e-04
3.295527349725986695e-04
3.296678649401819905e-04
3.287776507297479047e-04
3.286155705623458882e-04
3.268481441302941511e-04
3.270945564584514160e-04
3.270294458044628464e-04
2.378707762102232645e-04
2.378395768817615690e-04
1.434112448052384447e-03
1.434352189978310276e-03
1.416366817188419430e-03
1.416253677904274946e-03
1.416209538132106672e-03
1.416281703686374498e-03
1.416296898458123919e-03
-1.082820786196424549e-03
-7.271899299061326122e-04
-7.275615379758788468e-04
8.234594222048168075e-04
8.263862846804273694e-04
8.266204597073765733e-04
8.266353633765730156e-04
8.266381589072505131e-04
8.265766569082755874e-04
8.265342434006123533e-04
8.266312365693577252e-04
8.266243869724479876e-04
8.266235231785140376e-04
8.266080668486703144e-04
8.266352217328831829e-04
8.263867511848905752e-04
-2.507176449187102727e-03
-2.507419584212948731e-03
-2.507349661873919250e-03
-2.507295571677015718e-03
-2.507296785540942194e-03
-2.507373191951206472e-03
-2.507376574409718971e-03
-2.310990101307753598e-03
-2.314167003258517808e-03
-2.313698017427094373e-03
-2.313250800043688184e-03
-1.268809720672241150e-03
-1.269314875513698117e-03
-1.268930724519537609e-03
-1.269007911538911574e-03
-1.268907835963971765e-03
-1.268543632495523201e-03
-1.268522503399238319e-03
-1.268557271525061567e-03
-1.207182906673090776e-03
-1.207249302926016168e-03
-1.207249375890257805e-03
-1.207146999751274041e-03
-1.207244827838623719e-03
-1.207260449733720464e-03
-1.207306144078931949e-03
-1.207322945583048750e-03
-1.207321893207437616e-03
-1.207220769084759154e-03
-1.207216711332435551e-03
-1.207208534935287668e-03
-1.207200721919556973e-03
-1.207273296272759824e-03
-1.207136628332872857e-03
-1.207136851886154863e-03
-1.207266868736305140e-03
-1.206068746049664348e-03
-1.206416769015638797e-03
-1.207580437278169385e-03
-1.207547331658980665e-03
-1.207542240154239411e-03
-1.207541119871468130e-03
-1.207585630459501614e-03
-1.330212925277563006e-03
-1.329992008012314229e-03
-1.329946743950415631e-03
-1.329907587055839018e-03
-1.322895026501633717e-03
-1.322919103680335676e-03
-1.322941952645813801e-03
1.266754595041325547e-04
1.268264989504306901e-04
1.272569840270811352e-04
1.271980794876606730e-04
1.271798574833292927e-04
1.262926034899123295e-04
1.263702437412267713e-04
1.259355455195628241e-04
3.509791978148315336e-03
3.509731432603377475e-03
3.509744116397368278e-03
3.510206417321857716e-03
3.510214475613166688e-03
3.510346565230277206e-03
3.510352184025375237e-03
3.510394246573169449e-03
3.510361370746178586e-03
3.510308475066615131e-03
3.510237337852948562e-03
3.510267860300019666e-03
3.510297993380504921e-03
3.510315303283821197e-03
3.510519506923322902e-03
3.510489863914020934e-03
3.510330664118908612e-03
3.510333153363856800e-03
3.510426279865367077e-03
3.510462440768631447e-03
3.510424033314142080e-03
3.510424042265103579e-03
3.510504150143701953e-03
3.510309778186027421e-03
3.510191630876272843e-03
3.510168674200668526e-03
3.496121220972950912e-03
3.496008527799338191e-03
3.496024369703966579e-03
3.495991776794609481e-03
3.495971424633549304e-03
3.496005148154904957e-03
3.496004134232723499e-03
3.496050777319056890e-03
3.496034435008960571e-03
3.496066320953210120e-03
3.496071033307025008e-03
3.497046454566027363e-03
3.498005769115057444e-03
3.498109089596000872e-03
3.497993766921037116e-03
3.498794108788365852e-03
3.496731808495935449e-03
3.496716310204244643e-03
3.496631500078496019e-03
3.497169880243913408e-03
3.496606169669349076e-03
3.496665115837019593e-03
3.460167142723724002e-03
3.460224097746866182e-03
3.460230664873928386e-03
3.449068355825345763e-03
2.563016639599471902e-03
2.563047886074602301e-03
2.563097203571374025e-03
2.563409983473857907e-03
7.934303255756696392e-04
7.934557285023581411e-04
7.934540481717833717e-04
7.935836971310211447e-04
8.163494728160976483e-04
8.163258795634789232e-04
8.164053076556653486e-04
8.164167604788494194e-04
8.163841718795088577e-04
8.163886575076108884e-04
8.163847223242629795e-04
8.163855017132582706e-04
8.164057275642003751e-04
8.163922495134082928e-04
8.130294464501891527e-04
8.130335391691710135e-04
8.129570071463186956e-04
8.129906768384555964e-04
8.130215321280954196e-04
8.129559693700796202e-04
8.129911980362271697e-04
8.038270352429316336e-04
9.728207855893635262e-04
9.728263798445983606e-04
9.727378180088035913e-04
9.743193022639551511e-04
9.742743704047343535e-04
9.742787406682495771e-04
9.743149550149255355e-04
9.747183924107834067e-04
9.744405430332615066e-04
9.742870659340838266e-04
9.742460970388189387e-04
9.742671851218787787e-04
9.743344720351674497e-04
9.719025757478675330e-04
9.716923753456082388e-04
9.718289750479924263e-04
9.716880390570854309e-04
9.715832081490516359e-04
9.716194928873992526e-04
9.716266901813520223e-04
9.716224238103067295e-04
9.715851839484625435e-04
9.718109023302419188e-04
9.718856985059081939e-04
9.716992680558102094e-04
-5.437342015508077851e-03
-5.437992886440824389e-03
-5.432975438528601930e-03
-5.433132500172471388e-03
1.832335935538967190e-04
3.111039109093445012e-04
3.118623746319019335e-04
3.087870815703419895e-04
3.087234215427990991e-04
3.088845712179134027e-04
3.063833036301809179e-04
3.064011271270391840e-04
3.063688869407793980e-04
3.068613715211329922e-04
3.067528742940310864e-04
3.067375747339354795e-04
2.805043606899397177e-04
2.804867493466248825e-04
2.805788496634686749e-04
2.719542905908962677e-04
2.719504233124664838e-04
2.726640620660747633e-04
2.885832664059747254e-04
2.885582737010179699e-04
2.887053229590922981e-04
2.876018126680161737e-04
2.875991641365283524e-04
2.873563716844934634e-04
2.873869000681685318e-04
2.875833717455091596e-04
2.875956203233288096e-04
2.875403107621633185e-04
2.875468915189221771e-04
-3.166737898612888291e-03
-3.232846693311922353e-03
-3.236136308728723276e-03
-3.236127940384597983e-03
-3.235914286977212718e-03
-3.235844242018059546e-03
-3.236059527318196818e-03
-3.235413741412889767e-03
-3.234573593329931329e-03
-3.234826717309619362e-03
-3.234917515627893161e-03
-3.234956948286418343e-03
-3.235072668776787282e-03
-3.235165526254189013e-03
-3.205338171844175025e-03
-3.205239033308017287e-03
-3.205164986835867293e-03
-3.205167533110024093e-03
-3.205180385028138894e-03
-2.473897817818892109e-03
-2.473897871649300556e-03
-2.473884370804323857e-03
-2.473931096955291412e-03
-2.473840811158229281e-03
-2.473872833207841487e-03
-2.473860284256854634e-03
-2.473805769984749933e-03
-2.473856984079914317e-03
-2.474002406867186529e-03
-2.476013687073026076e-03
-2.475762424812788520e-03
-2.476313960008968539e-03
-2.476441682652481217e-03
-2.475467097724461194e-03
-2.476885945213934750e-03
2.013086885903205264e-03
2.012999712446286553e-03
2.013183193810301995e-03
2.013017723168108054e-03
2.013084037639425918e-03
2.013118566204532417e-03
2.013114909666393736e-03
2.013157244801052920e-03
2.012095501099887482e-03
2.012116656620389996e-03
2.011993361565384084e-03
2.011974863987330605e-03
2.012177002002569094e-03
