-9.392146159327180444e-03
-9.430633880152330256e-03
-9.549592191435474220e-03
-9.549592191429256971e-03
-9.589552014896252086e-03
-9.589552014891755682e-03
-9.589552014896696175e-03
-9.589552014896682297e-03
-9.589552014896612908e-03
-9.549592191435411770e-03
-9.549592191435635549e-03
-9.589552014896586887e-03
-9.430584981623581567e-03
-9.508599399416365824e-03
-9.508599399416412662e-03
-9.548073236142082254e-03
-9.430654164028426378e-03
-9.281538629551331840e-03
-9.281538629551295411e-03
-9.473116336808862226e-03
-9.395581294854449955e-03
-9.395583038769021733e-03
-9.395583038768908976e-03
-9.395583038768950609e-03
-9.395583038769011325e-03
-9.395583038768973161e-03
-9.434180438075662894e-03
-9.434180438075629935e-03
-9.473089359311180277e-03
-9.395583038769019998e-03
-9.395583038769011325e-03
-9.395583038769019998e-03
-9.395583038768969691e-03
-9.395583038768969691e-03
-9.395583038768973161e-03
-9.434180438075593506e-03
-9.395583038769014794e-03
-9.473116342492610836e-03
-9.434187110322130032e-03
-9.473116699838872792e-03
-9.512378460619697051e-03
-9.395581294854406587e-03
-9.357303216164831669e-03
-9.357303216164765750e-03
-9.357303216164769219e-03
-9.357303216164760545e-03
-9.395581294854486384e-03
-9.395581294854493323e-03
-9.395581643137664724e-03
-9.434181834403821895e-03
-9.395581643137612682e-03
-9.395581643137694214e-03
-9.395581643137713296e-03
-9.395581643137662989e-03
-9.395581643137591865e-03
-9.395581643137591865e-03
-9.295582437479016705e-03
-9.295582437478997623e-03
-9.295582437479006296e-03
-9.295582437478999357e-03
-9.357144809530976506e-03
-9.357144809530976506e-03
-9.395378647694779123e-03
-9.281544025488292979e-03
-9.281544025488291244e-03
-9.281544025488286040e-03
-9.281544025488260019e-03
-9.281544025488298183e-03
-9.281544025488303387e-03
-9.281544025488343286e-03
-9.281544025488390123e-03
-9.319224237217763745e-03
-9.281544025488279101e-03
-9.281544025488355429e-03
-9.357237943294184970e-03
-9.357237943294179766e-03
-9.319235756667659451e-03
-9.434214628987466073e-03
-9.434214628987467807e-03
-9.434214628987481685e-03
-9.357240701092338006e-03
-9.357240701092336271e-03
-9.281483893120187276e-03
-9.281483893120149112e-03
-9.281483893120136969e-03
-9.281481891569935347e-03
-9.281481891569924939e-03
-9.281481891569944020e-03
-9.281481891570011675e-03
-9.281481891569942286e-03
-9.281451787173397236e-03
-9.281451787173398971e-03
-9.244097697605216379e-03
-9.244097697605153929e-03
-9.244097697605183420e-03
-9.244097697605157399e-03
-9.244097697605199032e-03
-9.244097697605251074e-03
-9.281456230949027691e-03
-9.281456230949062386e-03
-9.281456230949005140e-03
-9.281456230948977384e-03
-9.281456230949015548e-03
-9.281456230949036365e-03
-9.281456230949019018e-03
-9.319186284507259901e-03
-9.319186284507291126e-03
-9.319186284507315413e-03
-9.395525980147520495e-03
-9.395525980147489270e-03
-9.281498249226863978e-03
-9.319175899717596287e-03
-9.281498249226865713e-03
-9.281498249226883060e-03
-9.281498249226853570e-03
-9.281498249226914285e-03
-9.281498249226846631e-03
-9.281498249226898672e-03
-9.281498249226872652e-03
-9.319175899717622308e-03
-9.281498249226917754e-03
-9.319175731645801958e-03
-9.281498249226917754e-03
-9.281498249226839692e-03
-9.281498249226831018e-03
-9.281498249226796324e-03
-9.281498249226837957e-03
-9.319175899717618838e-03
-9.319175899717572001e-03
-9.319175899717535572e-03
-9.319175899717533837e-03
-9.281494856684890937e-03
-9.281494856684887468e-03
-9.281493212330087575e-03
-9.281493212330042472e-03
-9.244042847941879096e-03
-9.281492878352209236e-03
-9.281493546124388802e-03
-9.319181357544205346e-03
-9.319181357544304226e-03
-9.319181357544304226e-03
-9.319181357544304226e-03
-9.319181357544394431e-03
-9.244123956046108523e-03
-9.244123956046106788e-03
-9.244123956046023521e-03
-9.244123956046115462e-03
-9.244123956046125870e-03
-9.244123956046004439e-03
-9.319174967517508332e-03
-9.319174967517596803e-03
-9.281494632874639356e-03
-9.281494632874637621e-03
-9.281494632874705275e-03
-9.303719727171302564e-03
-9.281494632874696601e-03
-9.281494632874726092e-03
-9.281494632874632417e-03
-9.281493762756356375e-03
-9.281493762756285251e-03
-9.281493762756288721e-03
-9.244123956046087706e-03
-9.281493762756214128e-03
-9.395524596046899921e-03
-9.395524596046990126e-03
-9.357197569407581239e-03
-9.095575662270146550e-03
-9.095575662270115325e-03
-9.095575662270139611e-03
-9.132383238130915154e-03
-9.132383238130920358e-03
-8.951162061471715226e-03
-8.951162061471736042e-03
-8.951162061471711756e-03
-8.951162061471685735e-03
-8.986808579246602716e-03
-8.986786878993815314e-03
-8.986786878993803171e-03
-8.951162061471651041e-03
-8.986786878993796232e-03
-8.951162061471647571e-03
-8.986790005360498212e-03
-8.951160193030258116e-03
-9.131895260150383123e-03
-9.095311738572347399e-03
-9.095311738572369950e-03
-9.095311738572434135e-03
-9.095311738572366481e-03
-9.131892339408040696e-03
-9.095311738572361276e-03
-9.095311738572387297e-03
-9.095311738572385563e-03
-9.095311738572395971e-03
-9.095311738572378624e-03
-9.131893961985042274e-03
-9.095311738586681419e-03
-9.095311738586676215e-03
-9.095311738586686623e-03
-9.095311738586676215e-03
-9.281308220117114038e-03
-9.281308220117117508e-03
-9.281308220117120977e-03
-9.281308220117100161e-03
-9.281308220117096691e-03
-9.281308220117091487e-03
-9.243503687281554720e-03
-9.243503687281551251e-03
-9.243503687281549516e-03
-9.243503687281528700e-03
-9.243503687281516557e-03
-9.243503687281544312e-03
-9.275851354395356699e-03
-9.275851354395289045e-03
-9.205997787850077330e-03
-9.205997787850059982e-03
-9.205997787850080799e-03
-9.205997787850068656e-03
-9.095457645376571129e-03
-9.095457645376565925e-03
-9.095457645376571129e-03
-9.095457645376595415e-03
-9.095457645376585007e-03
-9.168827938725469806e-03
-9.132000970041536173e-03
-9.132000970041525764e-03
-9.132000970041546581e-03
-9.132000970041508417e-03
-9.132000970041498009e-03
-9.132000970041508417e-03
-9.132000970041504948e-03
-9.132000970041504948e-03
-9.243409376209175965e-03
-9.243409376209155148e-03
-9.243409376209169026e-03
-9.243409376209165557e-03
-9.168834590760278208e-03
-9.168834590760255657e-03
-9.168834590760250453e-03
-9.205965933397152953e-03
-9.205965933397139075e-03
-9.205965933397166831e-03
-9.243409376209221068e-03
-9.168834590760255657e-03
-9.168834590760262596e-03
-9.168834590760279943e-03
-9.168834590760262596e-03
-9.168834590760257391e-03
-9.168834590760231371e-03
-9.205965933397161627e-03
-9.205993076331121100e-03
-9.205993076331082936e-03
-9.243447042173221634e-03
-9.243447042173185205e-03
-9.243447042173181735e-03
-9.281183877556855449e-03
-9.243433963798893677e-03
-9.243433963798930106e-03
-9.243433963798950923e-03
-9.206000111423829138e-03
-9.206000111423836077e-03
-9.206000111423827403e-03
-9.206000111423810056e-03
-9.243433963798943984e-03
-9.206000111423829138e-03
-9.206000111423823934e-03
-9.206000111423830873e-03
-9.243434302358305085e-03
-9.281183368435252934e-03
-9.206000111423820464e-03
-9.243433963798956127e-03
-9.206000111423815260e-03
-9.206000111423853424e-03
-9.206000111423841281e-03
-9.206000111423806587e-03
-9.206000111423811791e-03
-9.206000111423822199e-03
-9.206000111423820464e-03
-9.206000111423780566e-03
-9.206000111423785770e-03
-9.319633620055268325e-03
-9.358124731593548545e-03
-9.319633620055320367e-03
-9.319633620055244039e-03
-9.319633620055270060e-03
-9.319633620055270060e-03
-9.319633620055231896e-03
-9.044875372953196935e-03
-9.159497303940552365e-03
-9.159497303940567978e-03
-9.083475632399156188e-03
-9.083475632399156188e-03
-9.121336155324458878e-03
-9.121336155324453673e-03
-9.197933990070569082e-03
-9.159491789887475380e-03
-9.159491789887452828e-03
-9.197948659985332939e-03
-9.159491789887466706e-03
-9.159491789887461502e-03
-9.159491789887464971e-03
-9.121343150352510462e-03
-9.121343150352515666e-03
-9.121343150352510462e-03
-9.121343150352517401e-03
-9.121343150352520870e-03
-9.121343150352500054e-03
-9.159485667941117543e-03
-9.121343150352513932e-03
-9.121361905020594629e-03
-9.121361905020584221e-03
-9.121361905020558200e-03
-9.121361905020584221e-03
-9.121361905020610242e-03
-9.121361905020592895e-03
-9.121358400113743770e-03
-9.121358400113778464e-03
-9.121358400113783668e-03
-9.121358400113766321e-03
-9.121358400113781933e-03
-9.121358400113828771e-03
-9.121358400113809689e-03
-9.197973179785365327e-03
-9.197973179785363593e-03
-9.236766620198301123e-03
-9.236766620198278571e-03
-9.197973179785323694e-03
-9.197973179785353184e-03
-9.197973179785361858e-03
-9.197973179785374001e-03
-9.197973179785375736e-03
-9.184237162517551109e-03
-9.357168514464258430e-03
-9.357168514464263634e-03
-9.238558951743230246e-03
-9.238558951743199021e-03
-9.238558951743169531e-03
-9.277746622062493440e-03
-9.238553480350672475e-03
-9.199703776469368016e-03
-9.199703776469394037e-03
-9.199703776469402711e-03
-9.042025643135631965e-03
-9.040906873459963675e-03
-9.079095883949683116e-03
-9.079095883949690055e-03
-9.003047960903752533e-03
-9.003047960903754268e-03
-9.003047960903738656e-03
-9.003047960903757738e-03
-9.003047960903714370e-03
-9.003047960903726513e-03
-9.003047960903745595e-03
-9.040906873459987961e-03
-9.155026636067566809e-03
-9.130443106536066666e-03
-9.130443106536035441e-03
-9.166747404190503379e-03
-9.128140147783611602e-03
-9.128140147783637623e-03
-9.128140147783620276e-03
-9.128140147783620276e-03
-9.128140147783625480e-03
-9.128142656899823279e-03
-9.128142656899854504e-03
-9.128142656899825014e-03
-9.166747043793660801e-03
-9.166747043793662536e-03
-9.166747043793683353e-03
-9.166747043793669475e-03
-9.012912703471225376e-03
-9.012912703471234049e-03
-9.050266131325862898e-03
-9.050266131325868102e-03
-9.088188553023004643e-03
-9.088188553023013316e-03
-9.050266131325850755e-03
-9.050266131325814326e-03
-9.050266131325833407e-03
-9.050266131325843816e-03
-9.050266131325795244e-03
-9.165025895590607138e-03
-9.165025895590607138e-03
-9.165023768013104075e-03
-9.088188553023034133e-03
-9.088188553023042807e-03
-9.088188553023025459e-03
-9.088188553023027194e-03
-9.050266131325845551e-03
-9.050266131325843816e-03
-9.084567694379862626e-03
-9.084567694379852218e-03
-9.050261502404356381e-03
-9.050261502404339034e-03
-8.824005309446268305e-03
-8.788622731008912531e-03
-8.788622731008922939e-03
-8.788622731008905592e-03
-8.788622731008909061e-03
-8.825068621357260931e-03
-8.788622731008907327e-03
-8.859683582669291430e-03
-8.788622731008900388e-03
-8.788622731008985389e-03
-8.788622731008964573e-03
-8.788622731008957634e-03
-8.788622731008980185e-03
-8.824005309446245754e-03
-8.753526287955412308e-03
-8.753526287955396695e-03
-8.822607871767194562e-03
-8.787090196645497633e-03
-8.787090196645501103e-03
-8.787090196645495899e-03
-8.824007129788109111e-03
-8.895668262333081278e-03
-8.859691825458058945e-03
-8.859691825458034659e-03
-8.859691825458036393e-03
-8.859691825458057210e-03
-8.859691825458060679e-03
-8.824009065700050281e-03
-8.824009065700064158e-03
-8.859693395078955744e-03
-8.824009065700071097e-03
-8.788620529451932409e-03
-8.788620529451934144e-03
-8.858116377872584865e-03
-8.788620529451944552e-03
-8.788620529451948021e-03
-8.824009065700038137e-03
-8.788620529451946287e-03
-8.789183496993006536e-03
-8.789183496993006536e-03
-8.859704871076835159e-03
-8.895691986231465259e-03
-8.895691986231463524e-03
-8.968570300492265113e-03
-8.968570300492239092e-03
-8.968570300492284195e-03
-8.968570300492259909e-03
-8.968570300492263378e-03
-8.968570300492230418e-03
-8.968570300492285929e-03
-9.005427335230390198e-03
-9.005428003392523459e-03
-8.968570300498298481e-03
-8.968570300498324502e-03
-8.968570300498312359e-03
-8.968570300498256848e-03
-8.968570300498293277e-03
-8.932015323244018104e-03
-8.854137428108936961e-03
-8.926560315393600176e-03
-8.926560315393607115e-03
-8.890333728274029887e-03
-8.890333728274024683e-03
-8.926560315393615788e-03
-8.926560315393624462e-03
-8.890333728274052438e-03
-8.926560315393605380e-03
-8.932067326359713691e-03
-8.932012053753869002e-03
-8.932012053753901962e-03
-8.932012053753872471e-03
-8.968571952201905700e-03
-8.968571952201910905e-03
-8.968571952201900496e-03
-8.966134789218854068e-03
-9.040465707072077237e-03
-8.966134789218887027e-03
-9.003141817980906195e-03
-8.859703587858239540e-03
-8.859703587858213519e-03
-8.859703587858222193e-03
-8.859703587858220458e-03
-8.895688120522392967e-03
-8.731366355323420814e-03
-8.770824428722333657e-03
-9.006791759074169942e-03
-9.006791759074185555e-03
-9.006791759074187290e-03
-9.006791759074189024e-03
-9.006791759074189024e-03
-9.006791759074185555e-03
-9.006791759074220249e-03
-8.967259434126606185e-03
-9.006789072713860395e-03
-9.006789072713910702e-03
-8.967259434126627002e-03
-8.928083527145736636e-03
-8.967258669009638139e-03
-8.928080878964621270e-03
-8.928080878964654230e-03
-8.928080878964623004e-03
-8.848250076704681014e-03
-8.848250076704663666e-03
-8.848250076704663666e-03
-8.848250076704668871e-03
-8.848250076704743464e-03
-8.848250076704746933e-03
-8.848250076704743464e-03
-8.848250076704719178e-03
-8.886915950202698214e-03
-9.006834326385347589e-03
-9.006834326385340650e-03
-9.006834326385382283e-03
-9.006834326385399631e-03
-9.006834326385389222e-03
-9.006834326385403100e-03
-9.046604910640503733e-03
-9.006834326385390957e-03
-9.006834326385363201e-03
-9.006834326385371875e-03
-9.006834326385399631e-03
-9.006834326385411774e-03
-9.006834326385340650e-03
-9.006834326385364936e-03
-9.046605466175522761e-03
-9.046605466175547047e-03
-9.046605466175453372e-03
-9.046605466175458576e-03
-9.127239731201159181e-03
-9.086739175347255740e-03
-9.046606086584862982e-03
-9.046606086584810941e-03
-9.032165214402287576e-03
-9.032165214402304923e-03
-8.992454266511155578e-03
-8.991750894677809011e-03
-8.991750894677805542e-03
-8.991750894677796868e-03
-8.991750894677770847e-03
-8.992454266511113944e-03
-9.006837454301473353e-03
-9.006837454301476822e-03
-9.046613867107122439e-03
-9.086752876799563533e-03
-9.006837454301423046e-03
-9.006837454301461210e-03
-9.006837454301475088e-03
-9.006837454301466414e-03
-9.006837454301452536e-03
-9.046613476137848123e-03
-9.086764293017466840e-03
-9.086764293017444288e-03
-9.086764293017480718e-03
-9.086764293017478983e-03
-9.086764293017465105e-03
-9.086764293017468574e-03
-9.086764293017465105e-03
-9.127264962732997006e-03
-9.168138977855162450e-03
-9.127265364549039250e-03
-8.889297871835641005e-03
-8.850862448391699777e-03
-8.850862448391706716e-03
-8.850862448391722329e-03
-8.850862448391722329e-03
-8.850862448391698042e-03
-8.850862814866895453e-03
-8.889299344412139245e-03
-8.889299344412116693e-03
-8.812765671585308380e-03
-8.812765671585369096e-03
-8.812765671585323993e-03
-8.812765671585311850e-03
-8.812765671585353483e-03
-8.850862081937685075e-03
-8.850862081937693748e-03
-8.850862448384708842e-03
-8.850862448384693229e-03
-8.850862448384691494e-03
-8.850862448384689760e-03
-8.850862448384696698e-03
-8.889297135591455595e-03
-8.850862448384663739e-03
-8.850862448384668943e-03
-8.888077896556968727e-03
-8.888077896556973931e-03
-8.889299712569400866e-03
-8.889299712569432091e-03
-8.889345503204242049e-03
-8.850862448845864261e-03
-8.850862448845800076e-03
-8.889299712569402601e-03
-8.889299712569428621e-03
-8.812765671585348279e-03
-8.850862814866867698e-03
-8.889299344412080264e-03
-8.889299344412073325e-03
-8.812765671585343075e-03
-8.850862081937626094e-03
-8.850862081937620890e-03
-8.889312229832304138e-03
-9.047786345945777603e-03
-9.088157234257902492e-03
-9.088157234257895553e-03
-9.088157234257966677e-03
-9.088157234257968412e-03
-9.088157234257966677e-03
-9.128888943239507267e-03
-9.088157234257893818e-03
-9.088157234257978820e-03
-9.170003760046223362e-03
-9.170003760046207750e-03
-9.047734909434864206e-03
-9.047734909434924921e-03
-9.088130810138365934e-03
-9.007706816238959108e-03
-9.047745887910962903e-03
-9.088082336635829386e-03
-9.128715894634860037e-03
-9.128468390181538814e-03
-9.128468390181495445e-03
-9.128468390181538814e-03
-9.128468390181462486e-03
-9.169662268026221308e-03
-9.128468390181564834e-03
-9.128468390181450343e-03
-9.128468390181488507e-03
-9.128468390181459016e-03
-9.128682936152683960e-03
-9.128682165166669346e-03
-9.128682165166636386e-03
-9.128682165166686693e-03
-9.128682165166702306e-03
-9.128682165166709245e-03
-9.169708599051473730e-03
-9.128681533720605507e-03
-9.128681533720615915e-03
-9.128681387340143935e-03
-9.088033571854307532e-03
-9.088033571854326614e-03
-9.088033571854288450e-03
-9.088033571854352635e-03
-9.088033571854290185e-03
-9.128681387340109241e-03
-9.128681387340182099e-03
-9.128681387340163017e-03
-9.088018167211971490e-03
-9.169712259641254679e-03
-9.128677526104399600e-03
-9.088018167211884754e-03
-9.088018167211843121e-03
-9.088018167211896897e-03
-9.088018167211929857e-03
-9.169712666493842756e-03
-9.128677121183941326e-03
-9.047718768289423133e-03
-9.047718768289443950e-03
-9.088011634804490230e-03
-9.125185288800241601e-03
-9.128674977783650737e-03
-9.088014160368735814e-03
-9.088014160368713262e-03
-9.088014160368739283e-03
-9.128678310882026165e-03
-9.128678310882029634e-03
-9.385287869853750631e-03
-9.385287869853741957e-03
-9.470414843845616562e-03
-9.343322665731458934e-03
-9.343322665731471077e-03
-9.385290852252686084e-03
-9.385282258111559903e-03
-9.385282258111551229e-03
-9.385282258111454085e-03
-9.385282258111447146e-03
-9.385282258111530412e-03
-9.385471622989520479e-03
-9.513553152443636821e-03
-9.513553152443633351e-03
-9.513553152443603861e-03
-9.513553152443699271e-03
-9.427662474975066070e-03
-9.427662474975026172e-03
-9.427662474975062601e-03
-9.427662474975073009e-03
-9.427662474975022702e-03
-9.427639464010106191e-03
-9.427639464010154763e-03
-9.385287548847777092e-03
-9.385287548847775357e-03
-9.385287548847730255e-03
-9.385287548847796174e-03
-9.385287548847768418e-03
-9.385287548847721581e-03
-9.385287548847771888e-03
-9.427639464010080170e-03
-9.385287548847768418e-03
-9.385287548847875971e-03
-9.385287548847810052e-03
-9.372184629837724060e-03
-9.372184629837748346e-03
-9.414458050710871814e-03
-9.414342549776423194e-03
-9.372184629837684161e-03
-9.414346309342378621e-03
-9.414346309342460153e-03
-9.414346309342446276e-03
-9.414346309342448010e-03
-9.414346309342394234e-03
-9.371216986733250584e-03
-9.371216986733254053e-03
-9.413137442502489752e-03
-9.535659082172740983e-03
-9.579170629978072879e-03
-9.535659082172683737e-03
-9.608046152593741757e-03
-9.652305155753083954e-03
-9.652305155753066607e-03
-9.667419226400865082e-03
-9.579171955440659789e-03
-9.579171955440732647e-03
-9.579171955440701422e-03
-9.579171955440769076e-03
-9.535661708686676147e-03
-9.247536202614998341e-03
-9.247536202615062526e-03
-9.207051896704636709e-03
-9.207051896704640179e-03
-9.207062079038170338e-03
-9.207062079038168603e-03
-9.207062079038220645e-03
-9.207062079038215441e-03
-9.409739093559401843e-03
-9.409739093559479906e-03
-9.409739093559426129e-03
-9.288394693575254685e-03
-9.288394693575233868e-03
-9.288394693575239072e-03
-9.247549597831679000e-03
-9.288394693575275501e-03
-9.288394693575272032e-03
-9.288394693575233868e-03
-9.166928984482394446e-03
-9.207051896689447471e-03
-9.247535417351022968e-03
-9.247535417351019499e-03
-9.207051896689480430e-03
-9.207051896689450940e-03
-9.207051896689431858e-03
-9.288175949206020285e-03
-9.288175949206046306e-03
-9.288175949206023754e-03
-9.288175949206068857e-03
-9.288175949206034163e-03
-9.288175949206051510e-03
-9.207044326727097799e-03
-9.207044326727056166e-03
-9.207044326727115147e-03
-9.207044326727120351e-03
-9.207044326727094330e-03
-9.207044326727076983e-03
-9.207044326727092595e-03
-9.207044326727042288e-03
-9.207044326727059635e-03
-9.246393545865278646e-03
-9.246393545865294258e-03
-9.165962784299486188e-03
-9.165962784299486188e-03
-9.165962784299460167e-03
-9.206199054819574207e-03
-9.165962784299484453e-03
-9.165962784299460167e-03
-9.165962784299486188e-03
-9.165962784299465371e-03
-9.165962784299422003e-03
-9.165962784299427207e-03
-9.203191308821630917e-03
-9.203191308821599692e-03
-9.165962784299458432e-03
-9.165962784299408125e-03
-9.165962784299510474e-03
-9.206199054819506553e-03
-9.206199054819584615e-03
-9.206199054819596758e-03
-9.206199054819570737e-03
-9.165962784299470575e-03
-9.165962784299474045e-03
-9.165962784299491392e-03
-9.165962784299435881e-03
-9.245079951311501593e-03
-9.166014471080693657e-03
-9.206181552262453563e-03
-9.206093944964495804e-03
-9.166014471080716208e-03
-9.166014471080688453e-03
-9.166014471080714474e-03
-9.166014471080749168e-03
-9.166014471080707535e-03
-9.166014471080740494e-03
-9.206093944964490600e-03
-9.166014471080731821e-03
-9.166014471080733556e-03
-9.166014471080684983e-03
-9.166014471080735290e-03
-9.166014471080750903e-03
-9.206093944964462844e-03
-9.206113321990432724e-03
-9.206113321990439663e-03
-9.239351264968602429e-03
-9.239351264968583347e-03
-9.239351264968586816e-03
-9.239351264968588551e-03
-9.206113321990472623e-03
-9.206113321990465684e-03
-9.206113321990446602e-03
-9.206113321990443132e-03
-9.206113321990474357e-03
-9.246543758418154096e-03
-9.246543758418202669e-03
-9.246543758418181852e-03
-9.246543758418199199e-03
-9.246543758418187056e-03
-9.287301065450363421e-03
-9.287301065450356483e-03
-9.246545359639299355e-03
-9.246545359639321907e-03
-9.246545359639327111e-03
-9.411982840878916137e-03
-9.166029307934888543e-03
-9.166029307934890277e-03
-9.166029307934892012e-03
-8.991705205993629282e-03
-8.991705205993637956e-03
-8.991705205993625813e-03
-9.060180215730762390e-03
-9.060180215730760656e-03
-9.139523040964107198e-03
-9.139523040964122810e-03
-9.139523040964141892e-03
-9.139523040964117606e-03
-9.060180215730776268e-03
-9.060180215730767594e-03
-9.060180215730793615e-03
-9.060180215730755451e-03
-9.060180215730778003e-03
-9.060180215730778003e-03
-9.099673321552799107e-03
-9.139415944635898709e-03
-9.139415944635909117e-03
-9.060176419580238255e-03
-9.060176419580286827e-03
-9.060176419580305909e-03
-9.060174903102458099e-03
-9.060174903102496263e-03
-9.127831712297879846e-03
-9.127831712297885050e-03
-9.088031576496135439e-03
-9.088031576496088601e-03
-9.088031576496116357e-03
-9.088031576496130234e-03
-9.516058846812312094e-03
-9.559380197486930589e-03
-9.559380197487062428e-03
-9.559380197487048550e-03
-9.559380197487032937e-03
-9.559380197487052019e-03
-9.516061011344757736e-03
-9.516061011344759471e-03
-9.516061011344794165e-03
-9.558903548524599544e-03
-9.558903548524561380e-03
-9.558903548524597810e-03
-9.559381488084240167e-03
-9.559381488084236697e-03
-9.473138658349337590e-03
-9.473138658349334121e-03
-9.473138658349320243e-03
-9.473138658349370550e-03
-9.516048550693552432e-03
-9.473138658349339325e-03
-9.473138658349315039e-03
-9.473138658349261262e-03
-9.473138658349309835e-03
-9.473138658349339325e-03
-9.473138658349292487e-03
-9.474425270297372886e-03
-9.473138658349315039e-03
-9.473138658349285549e-03
-9.473138658349335856e-03
-9.473138658349363611e-03
-9.473138658349325447e-03
-9.559379762437840086e-03
-9.516059279731712076e-03
-9.516059279731677381e-03
-9.516059279731705137e-03
-9.516059279731694728e-03
-9.516060578455559291e-03
-9.516060578455623475e-03
-9.516060578455573168e-03
-9.559380197473887203e-03
-9.559380197473899346e-03
-9.559380197473901081e-03
-9.559380197473901081e-03
-9.473138658349321978e-03
-9.473138658349323712e-03
-9.473138658349370550e-03
-9.559380197434757045e-03
-9.516059279736140825e-03
-9.516059279736033272e-03
-9.516059279736045415e-03
-9.473138658349308100e-03
-9.473138658349365346e-03
-9.473138658349341060e-03
-9.559381502478358009e-03
-9.473138658349391367e-03
-9.473138658349386163e-03
7.087471343021702064e-02
7.087471343021647940e-02
7.087471343021649328e-02
7.087471343021642389e-02
7.417968370097034747e-02
7.780379562748603040e-02
7.780379562748297728e-02
7.780379562748268585e-02
7.417968370097083319e-02
7.417968370096980624e-02
7.417968370096990338e-02
7.417968370097080544e-02
7.417968370097006992e-02
7.417968370096937603e-02
7.417856585960296012e-02
7.417856585960250215e-02
6.780556583431919526e-02
6.780556583432074957e-02
6.502309752462365200e-02
6.502309752462481773e-02
1.210059823603931856e-01
1.210059823603931023e-01
1.210059823603926998e-01
8.047034832402602533e-02
8.047034832402624738e-02
7.796803741196869919e-02
7.796803741196914328e-02
8.313934232056952034e-02
8.047051381334249798e-02
8.047051381334248410e-02
8.047051381334216491e-02
8.047051381334253961e-02
8.313435652585846047e-02
8.904492445134616629e-02
8.600268403622199354e-02
8.842375140094244079e-02
8.842375140094252406e-02
8.842375140094317632e-02
8.842375140094232977e-02
8.842375140094298203e-02
8.842375140094295427e-02
8.842375140094113628e-02
8.596766318171505938e-02
8.596766318171519816e-02
8.596766318171661370e-02
8.596766318171765453e-02
8.596766318171603083e-02
8.903043563034158947e-02
8.903043563034097885e-02
8.903043563034200580e-02
8.904276369280686443e-02
8.904276369280468562e-02
8.904276369280497705e-02
8.904276369280501868e-02
9.229058172274354210e-02
9.229058172274266780e-02
9.229058172274325067e-02
8.601422787698562167e-02
8.903854920190142075e-02
8.903854920190079625e-02
8.903854920190187872e-02
8.903854920190201749e-02
8.819489834247662419e-02
8.819489834247899729e-02
8.819489834247654092e-02
8.819489834247659643e-02
8.819489834247708215e-02
8.819489834247722093e-02
8.601422787698528860e-02
8.601422787698498329e-02
8.904200721171355581e-02
8.904200721171198762e-02
7.811298466330585111e-02
7.811298466330397761e-02
7.810799225016031022e-02
7.563215553226315668e-02
7.563215553226418364e-02
6.654199767746754590e-02
6.654199767746639405e-02
6.654199767746561689e-02
6.654199767746507566e-02
6.654199767746553362e-02
6.654199767746567240e-02
6.654138688049507366e-02
6.654138688049467121e-02
6.816040559464518755e-02
2.612664794168986782e-01
2.612664794169001214e-01
2.571417853154810418e-01
2.571417853154889799e-01
2.571417853154901456e-01
