-7.211244477511786523e-03
-7.211244477510932172e-03
-7.211244477517864127e-03
-7.211244477507872119e-03
-7.211244477513534257e-03
-7.211244477512888940e-03
-7.274119400947035019e-03
-7.274119400946933538e-03
-7.274119400947064509e-03
-7.274119400947013335e-03
-7.274119400947042825e-03
-7.274119400947073183e-03
-7.274119400947071448e-03
-7.274119400947149511e-03
-7.210861490799026254e-03
-7.242309658496804553e-03
-7.242309658496839248e-03
-7.242309658496879146e-03
-7.210861490799039264e-03
-7.242288189322811272e-03
-7.273408034552049026e-03
-7.273408034551973565e-03
-7.148927592254951911e-03
-7.148927592255037780e-03
-7.148927592255066403e-03
-7.087998920964036671e-03
-7.148927592255145333e-03
-7.087998920964124275e-03
-7.087998920964077437e-03
-7.117830972007310048e-03
-7.087998920964133816e-03
-7.087998920964152898e-03
-7.087998920964077437e-03
-7.087998920964078305e-03
-7.087998920964077437e-03
-7.087998920964081774e-03
-7.087998920964060090e-03
-7.087998920964029732e-03
-7.087998920964063559e-03
-7.087998920964006314e-03
-7.087998920964087846e-03
-7.087998920964036671e-03
-7.087998920964066162e-03
-7.087840422667484111e-03
-7.087840026838806984e-03
-7.087840026838818260e-03
-7.087840026838808719e-03
-7.087840026838860760e-03
-7.057769368648946634e-03
-7.057769368649055054e-03
-7.087840422667357476e-03
-7.087840422667388701e-03
-7.057769368649032503e-03
-7.057769368649055054e-03
-7.057769368648976992e-03
-7.057769368648957910e-03
-7.087840422667441610e-03
-7.057769368649030768e-03
-7.057769368648976992e-03
-7.057769368648957042e-03
-7.057769368649020360e-03
-7.057769368649030768e-03
-7.057769368649055054e-03
-7.087840422667483244e-03
-7.057769368649024697e-03
-7.087840422667426865e-03
-7.087840422667467631e-03
-7.180737200581225645e-03
-7.212228845069540602e-03
-7.180737200581260339e-03
-7.180737200581225645e-03
-7.180737200581225645e-03
-7.180806841501933754e-03
-7.180806841501912938e-03
-7.180806841501918142e-03
-7.180737200581267278e-03
-7.180737200581223043e-03
-7.180737200581218706e-03
-7.180737200581260339e-03
-7.212228845069542336e-03
-7.180737200581225645e-03
-7.180737200581332330e-03
-7.212784463875448332e-03
-7.180737200581228247e-03
-7.210808406010880273e-03
-7.148783953982540233e-03
-7.148783953982553244e-03
-7.148783953982578397e-03
-7.148783953982541968e-03
-7.148783953982563652e-03
-7.148783953982524621e-03
-7.179659933854518582e-03
-7.179659933854493428e-03
-7.179659933854529857e-03
-7.087841405432983299e-03
-7.087841405433008453e-03
-7.087841405432998912e-03
-7.087841405433035341e-03
-7.118176447917461298e-03
-7.118176447917505534e-03
-7.118176447917449155e-03
-7.118176447917461298e-03
-7.118176447917472574e-03
-7.118176447917489921e-03
-7.118176447917526350e-03
-7.087841405433036208e-03
-7.057702586142608307e-03
-7.087841405433074372e-03
-7.118176547364472688e-03
-7.118176547364472688e-03
-7.148780458308297107e-03
-7.179663602452928013e-03
-7.179663602452894186e-03
-7.210809554998275951e-03
-7.179663602452894186e-03
-7.179663602452886380e-03
-7.179663602452886380e-03
-7.179663602452885512e-03
-7.179663602452854287e-03
-7.179663602452899390e-03
-7.179663602452856890e-03
-7.179663602452879441e-03
-7.179663602452895921e-03
-7.179663602452862094e-03
-7.179663602452862961e-03
-7.210809554998224777e-03
-7.148790521507550171e-03
-7.148790521507580528e-03
-7.148790521507642978e-03
-7.148790521507532823e-03
-7.148790521507492057e-03
-7.210812532206128597e-03
-7.242239982300754768e-03
-7.210812428686924971e-03
-7.210812428686846041e-03
-7.210812428686805275e-03
-7.210812428686892012e-03
-7.210812428686925839e-03
-7.210812221803081581e-03
-7.210812221803042550e-03
-7.179663186973152429e-03
-7.210662355166895521e-03
-7.210662355166924144e-03
-7.118012169071177148e-03
-7.118012169071188423e-03
-7.118012169071188423e-03
-7.274190702931079486e-03
-7.211083420367314818e-03
-7.211083420367418902e-03
-7.211083420367318288e-03
-7.242495280732502184e-03
-7.211083420367346911e-03
-7.242495280732502184e-03
-7.242477626847050598e-03
-7.242495280732467490e-03
-7.211083420367281858e-03
-7.210796204363464738e-03
-7.179660715402223607e-03
-7.179660715402310343e-03
-7.179660715402310343e-03
-7.179660715402310343e-03
-7.179660715402223607e-03
-7.179660715402180239e-03
-7.179660715402313813e-03
-7.179660715402387539e-03
-7.179660715402276516e-03
-7.179660715402278251e-03
-7.179660715402358916e-03
-7.210796204363414431e-03
-7.210796204363400554e-03
-7.210796204363364124e-03
-7.179660715402319017e-03
-7.179660715402325089e-03
-7.179660715402326823e-03
-7.179660715402389273e-03
-7.179660715402389273e-03
-7.179660715402295598e-03
-7.179660715402316415e-03
-7.179660715402315548e-03
-7.179660715402221872e-03
-7.179660715402217536e-03
-7.179660715402344170e-03
-7.179660715402221872e-03
-7.179660715402214066e-03
-7.179660715402353711e-03
-7.179660715402309476e-03
-7.179660715402258302e-03
-7.210796204363455197e-03
-7.179660715402179372e-03
-7.179660715402219270e-03
-7.179660715402279986e-03
-7.179660715402312078e-03
-7.179660715402364987e-03
-7.179660715402227077e-03
-7.179657363657331558e-03
-7.148788743681259474e-03
-7.179657363657329823e-03
-7.148788743681276821e-03
-7.148788743681354883e-03
-7.148788743681302842e-03
-7.148788743681325393e-03
-7.148788743681388710e-03
-7.148788743681313250e-03
-7.148788743681354883e-03
-7.148788743681354883e-03
-7.087861037307034186e-03
-7.087861037307091432e-03
-7.087861037307001226e-03
-7.087861037307012502e-03
-7.087861037307061074e-03
-7.087861037307099238e-03
-7.087861037307123524e-03
-7.087861037307081023e-03
-7.087861037307065411e-03
-7.148861492557443895e-03
-7.148861492557449099e-03
-7.148744789905172800e-03
-7.118190456038144681e-03
-7.118190456038175906e-03
-7.118202155193308414e-03
-7.118202155193285863e-03
-7.057320733777597450e-03
-7.057320733777597450e-03
-7.057320733777596583e-03
-7.057320733777565358e-03
-7.057320733777528061e-03
-7.057320733777474285e-03
-7.057320733777567960e-03
-7.057320733777599185e-03
-7.057320733777587909e-03
-7.057320733777577501e-03
-7.057320733777598318e-03
-7.057320733777580971e-03
-7.057320733777598318e-03
-7.087627634640185012e-03
-7.087627634640153787e-03
-7.087627634640190216e-03
-7.087627634640175471e-03
-7.087627634640172002e-03
-7.087627634640185879e-03
-7.087627634640217104e-03
-7.087627634640267411e-03
-7.027279302193074374e-03
-7.027279302193093456e-03
-7.027279302193064833e-03
-7.027279302193086517e-03
-7.027279302193162845e-03
-7.027279302193014526e-03
-7.087015454731965085e-03
-7.117588576926417443e-03
-7.117588576926460811e-03
-7.117588576926460811e-03
-7.117588576926414841e-03
-7.027279302193092589e-03
-7.027279302193082181e-03
-7.026737194260840834e-03
-7.056895771002521037e-03
-7.087322388557932423e-03
-6.997492259219382192e-03
-6.997492259219439438e-03
-6.997492259219409948e-03
-6.997492259219422958e-03
-6.997492259219387396e-03
-6.997492259219417754e-03
-7.027274245770369354e-03
-7.027274245770366752e-03
-7.057319062278726712e-03
-7.057319062278736253e-03
-7.027274342853606637e-03
-7.027274342853723731e-03
-7.027274342853735006e-03
-7.027274342853689036e-03
-7.027274342853680363e-03
-7.027274342853707251e-03
-7.057318282073473011e-03
-7.027274342853726333e-03
-7.027274342853690771e-03
-6.997492259219383927e-03
-6.997492259219416019e-03
-6.997492259219407346e-03
-7.194541367979478963e-03
-7.218604275861995566e-03
-7.218553121098675307e-03
-7.218553121098686583e-03
-7.218553121098661429e-03
-7.218553121098657092e-03
-7.218553121098662297e-03
-7.218553121098669235e-03
-7.218553121098661429e-03
-7.218553121098659694e-03
-7.218553121098638010e-03
-7.170421813152646519e-03
-7.170421813152645651e-03
-7.170421813152649121e-03
-7.170421813152660397e-03
-7.194297879123103846e-03
-7.194297879123066550e-03
-7.194297879123101244e-03
-7.146709096877181845e-03
-7.170420676470491868e-03
-7.146908983433668261e-03
-7.123338645265831111e-03
-7.123338645265844989e-03
-7.123338645265844989e-03
-7.123338645265845856e-03
-7.123338645265838050e-03
-7.123338645265850193e-03
-7.123338645265855397e-03
-7.123338645265860601e-03
-7.123338645265854530e-03
-7.125444113907437177e-03
-7.148737587931163449e-03
-7.148737587931179929e-03
-7.149046115588010564e-03
-7.195802728665932554e-03
-7.172189916716714513e-03
-7.172189916716712778e-03
-7.148737880113687285e-03
-7.148737880113689019e-03
-7.172189916716713645e-03
-7.148737880113697693e-03
-7.148737880113700295e-03
-7.148737880113702030e-03
-7.246314813419561102e-03
-7.270488504068909306e-03
-7.270488627385060000e-03
-7.294830499956413486e-03
-7.294830499956458589e-03
-7.270488627385048724e-03
-7.246314813419561969e-03
-7.151303714215017336e-03
-7.151303714215018204e-03
-7.151303714215011265e-03
-7.174762764261364591e-03
-7.174762690804521552e-03
-7.174762690804543236e-03
-7.174762690804537164e-03
-7.174762690804522419e-03
-7.174762690804531960e-03
-7.198382172756795545e-03
-7.151303714215010397e-03
-7.151303714215007795e-03
-7.151303714215010397e-03
-7.151303714215009530e-03
-7.174762764261394081e-03
-7.174762764261374999e-03
-7.174762764261358519e-03
-7.174762764261368060e-03
-7.174762764261361989e-03
-7.151275548304006704e-03
-7.151275548303977214e-03
-7.151303714214996519e-03
-7.174762764261385407e-03
-7.174762764261385407e-03
-7.174762764261370662e-03
-7.174762764261389744e-03
-7.222163560983812548e-03
-7.198382747368000517e-03
-7.198382747368008323e-03
-7.198382747367993578e-03
-7.198382747368016130e-03
-7.198382747368008323e-03
-7.174762764261382805e-03
-7.151304115576156105e-03
-7.244425255150383110e-03
-7.244425255150381375e-03
-7.220705057625726245e-03
-7.220705057625727979e-03
-7.292552508398028425e-03
-7.268406266686964004e-03
-7.268406266686968341e-03
-7.268406266686954463e-03
-7.339203024759848558e-03
-7.314887734268062970e-03
-7.314887734268062103e-03
-7.363687147034555375e-03
-7.363687147034554507e-03
-7.314887734268083787e-03
-7.314887734268110675e-03
-7.314887734268080317e-03
-7.314887734268105471e-03
-7.339205302519575917e-03
-7.339205302519568978e-03
-7.414096326099742056e-03
-7.389271770826833993e-03
-7.389271770826834861e-03
-7.439095027965933124e-03
-7.414095539002007844e-03
-7.389271770826841799e-03
-7.291736588545573439e-03
-7.291736588545567367e-03
-7.291736588545537877e-03
-7.291736588545553489e-03
-7.267749268464152382e-03
-7.267749268464154117e-03
-7.267749268464165392e-03
-7.267749268464152382e-03
-7.267749268464148045e-03
-7.267749268464154117e-03
-7.267749268464135035e-03
-7.266522796249530805e-03
-7.266522796249536009e-03
-7.266522796249536877e-03
-7.243905911380992511e-03
-7.243905911381020267e-03
-7.173581043405269017e-03
-7.173581043405224782e-03
-7.173581043405222180e-03
-7.196917795099075713e-03
-7.173581043405237792e-03
-7.173581043405218710e-03
-7.173581043405235190e-03
-7.173581043405235190e-03
-7.196917795099098264e-03
-7.150406719536972315e-03
-7.150453270130695781e-03
-7.150453270130678433e-03
-7.150453270130700117e-03
-7.220159715718581055e-03
-7.150406491779949004e-03
-7.150406491779968954e-03
-7.150406491779982832e-03
-7.150406491779974158e-03
-7.150406491779935994e-03
-7.127379325509487079e-03
-7.103065795994492095e-03
-7.080349105048839090e-03
-7.080349105048842559e-03
-7.080349105048839090e-03
-7.080349105048856437e-03
-7.103079416217319281e-03
-7.103079416217321883e-03
-7.080349105048855569e-03
-7.103064942575661699e-03
-7.103064942575661699e-03
-7.149114931967790951e-03
-7.126096953055543505e-03
-7.126096953055558250e-03
-7.126096953055551311e-03
-7.126096953055531362e-03
-7.080349105048857304e-03
-7.080349105048857304e-03
-7.103064942575659964e-03
-7.103064942575655627e-03
-7.103064942575659964e-03
-7.103064942575662566e-03
-7.036771422431390907e-03
-7.036771422431392642e-03
-7.036771422431385703e-03
-7.036771422431386570e-03
-7.036771422431391775e-03
-7.036771422431382234e-03
-7.036771422431390040e-03
-7.059185184596487340e-03
-7.036771422431392642e-03
-7.036771422431401316e-03
-7.036771422431400448e-03
-7.081747795310859052e-03
-7.081747795310859052e-03
-7.036772126221297469e-03
-7.036772126221283591e-03
-7.036772126221294867e-03
-7.036772126221301805e-03
-7.059185294586711734e-03
-7.059185294586707397e-03
-7.059185294586690050e-03
-7.059185294586685713e-03
-7.059185294586679642e-03
-7.059185294586685713e-03
-7.059185294586683979e-03
-7.059185294586685713e-03
-7.059185294586692652e-03
-7.059558450727971071e-03
-7.036772126221286193e-03
-7.036772126221284458e-03
-7.036772126221293132e-03
-7.036772126221292264e-03
-7.036772126221282724e-03
-7.036772126221295734e-03
-7.104464875602687149e-03
-7.104464875602687149e-03
-7.104464875602678475e-03
-7.104464875602659393e-03
-7.104464875602651587e-03
-7.104464875602653322e-03
-7.104464875602648118e-03
-7.104464875602657659e-03
-7.127324205284571446e-03
-7.104464875602672404e-03
-7.104464875602695823e-03
-7.104464875602696690e-03
-7.104464875602681945e-03
-7.127324205284549762e-03
-7.104464875602679343e-03
-7.104464875602665465e-03
-7.104464875602671536e-03
-7.104464875602671536e-03
-7.104464875602683679e-03
-7.104464875602683679e-03
-7.104464875602656791e-03
-7.104464875602676741e-03
-7.127324205284552364e-03
-7.104464875602672404e-03
-7.104464875602701027e-03
-7.104464875602676741e-03
-7.104464875602668934e-03
-7.104464875602673271e-03
-7.127324205284568844e-03
-7.104464875602679343e-03
-7.104464875602671536e-03
-7.104464875602687149e-03
-7.104464875602686282e-03
-7.104464875602682812e-03
-7.081719943439518557e-03
-7.081719943439502077e-03
-7.081719943439525496e-03
-7.081719943439520291e-03
-7.081719943439529832e-03
-7.081719943439498607e-03
-7.081719943439494271e-03
-7.104428363804028007e-03
-7.081719943439498607e-03
-7.081719943439526363e-03
-7.081719943439510750e-03
-7.081719943439510750e-03
-7.059187580286716869e-03
-7.081749212858048058e-03
-7.081749212858048925e-03
-7.081749212858048058e-03
-7.081749212858043721e-03
-7.059187580286717736e-03
-7.059187580286716869e-03
-7.081747368838856374e-03
-7.081747368838863313e-03
-7.081747368838865048e-03
-7.081747368838839027e-03
-7.081747368838852037e-03
-7.081747368838841629e-03
-7.100014226611474355e-03
-7.100014226611473488e-03
-7.104462369040981558e-03
-7.081749197920813449e-03
-7.081749197920828194e-03
-7.081749197920813449e-03
-7.081749197920813449e-03
-7.081749197920809112e-03
-7.081749197920829061e-03
-7.081749197920829061e-03
-7.220860033829126085e-03
-7.244171348222504421e-03
-7.244171348222494013e-03
-7.244171348222461053e-03
-7.220355216333973654e-03
-7.220355216333958041e-03
-7.220355216333967582e-03
-7.220355216333937225e-03
-7.220355216333966715e-03
-7.220355216333968450e-03
-7.220355216333953705e-03
-7.173676430083654812e-03
-7.173676430083679098e-03
-7.173676430083667822e-03
-7.056381615315202027e-03
-7.056381615315200292e-03
-7.056381615315178608e-03
-7.056381615315183813e-03
-7.056381615315189017e-03
-7.056381615315179476e-03
-7.056381615315189017e-03
-7.101553058354400337e-03
-7.056381615315176874e-03
-7.078892463525639570e-03
-7.078892463525644774e-03
-7.101563264886517207e-03
-7.078892463525646508e-03
-7.078892463525643906e-03
-7.101552915304064004e-03
-7.078892463525654315e-03
-7.078892463525649978e-03
-7.078892463525649978e-03
-7.082256241338608267e-03
-7.082256241338596124e-03
-7.082256241338624747e-03
-7.082256241338642962e-03
-7.082256241338617808e-03
-7.082256241338629084e-03
-7.082256241338624747e-03
-7.082256241338600461e-03
-7.082256241338616073e-03
-7.082256241338616073e-03
-7.082256241338619543e-03
-7.082256241338629951e-03
-7.104915378154770360e-03
-7.104915378154786840e-03
-7.104915378154780768e-03
-7.104915378154785105e-03
-7.104915378154767758e-03
-7.104915378154766023e-03
-7.104915378154793779e-03
-7.104915378154790309e-03
-7.104915378154784238e-03
-7.104915378154770360e-03
-7.104915378154780768e-03
-7.104915378154789442e-03
-7.082256241338624747e-03
-7.082256241338639492e-03
-7.104915378154789442e-03
-7.104915378154792911e-03
-7.104915378154782503e-03
-7.082256241338615206e-03
-7.104915378154781636e-03
-7.104915378154785972e-03
-7.104915378154795513e-03
-7.014759574371622064e-03
-7.036987650626894131e-03
-7.014759574371604717e-03
-7.014759574371601247e-03
-7.014759574371606451e-03
-7.014759574371602982e-03
-7.059103637460426191e-03
-7.059103637460424456e-03
-7.059103637460399303e-03
-7.081708884639063319e-03
-7.081708884639053778e-03
-7.081708884639058114e-03
-7.104430576235823067e-03
-7.127296869060856244e-03
-7.127296869060839764e-03
-7.127296869060839764e-03
-7.127296869060821549e-03
-7.127296869060859713e-03
-7.127296869060847570e-03
-7.127296869060812008e-03
-7.127303606557830636e-03
-7.104430576235789239e-03
-7.104430576235804852e-03
-7.104430576235792709e-03
-7.104430130596246611e-03
-7.104430130596242274e-03
-7.104430130596246611e-03
-7.104430130596246611e-03
-7.104430130596244009e-03
-7.104430130596255284e-03
-7.104430130596254417e-03
-7.104430130596255284e-03
-7.104430130596267427e-03
-7.104430130596267427e-03
-7.104430130596267427e-03
-7.104399519487103465e-03
-7.104399519487088720e-03
-7.104399519487087852e-03
-7.104399519487088720e-03
-7.104399519487100863e-03
-7.127273801720706257e-03
-7.127273801720704523e-03
-7.127273801720716666e-03
-7.104399352311784738e-03
-7.081677091113679733e-03
-7.081677091113665855e-03
-7.081677091113684937e-03
-7.127284941818141061e-03
-7.127284941818138458e-03
-7.127284941818143663e-03
-7.104399352311802085e-03
-7.104399352311806422e-03
-7.104399352311792544e-03
-7.127275229960514796e-03
-7.127275229960539082e-03
-7.104400328723222552e-03
-7.127275229960531276e-03
-7.127275229960531276e-03
-7.150304141969744676e-03
-7.150304141969706512e-03
-7.014760107101701732e-03
-7.014760107101702599e-03
-7.014760107101702599e-03
-7.014760107101699130e-03
-7.014760107101700864e-03
-7.036986741415605408e-03
-7.036986741415597602e-03
-7.036986741415613214e-03
-7.036986741415613214e-03
-7.036986741415609745e-03
-7.036986741415612347e-03
-7.014760107101703467e-03
-7.014760107101699130e-03
-7.014760107101711273e-03
-7.014760107101686987e-03
-7.014760107101698262e-03
-7.036986741415616683e-03
-7.014760107101705201e-03
-7.014760107101706069e-03
-7.014760107101714742e-03
-7.014760107101712140e-03
-7.014760107101702599e-03
-7.014760107101694793e-03
-7.036994945089991051e-03
-7.036986741415622755e-03
-7.036982702368311735e-03
-7.014760107101696528e-03
-7.014760107101707803e-03
-7.036986741415625357e-03
-7.014760107101706069e-03
-7.014760107101697395e-03
-7.014760107101693058e-03
-7.014682907246837934e-03
-7.172394489731061598e-03
-7.150449801238717429e-03
-7.150449801238724368e-03
-7.150449801238715694e-03
-7.150449801238720898e-03
-7.196806990043049315e-03
-7.196806990043012886e-03
-7.196806990043024162e-03
-7.196806990043045846e-03
-7.196806990043010284e-03
-7.196806990043042376e-03
-7.173550776696706842e-03
-7.173550776696688627e-03
-7.150449801238714827e-03
-7.150449801238714827e-03
-7.150449801238733909e-03
-7.150449801238705286e-03
-7.150449801238746052e-03
-7.150449801238714827e-03
-7.150449801238726102e-03
-7.150449801238695745e-03
-7.150449801238714827e-03
-7.150449801238707020e-03
-7.150449801238723500e-03
-7.150449801238723500e-03
-7.173550434419055308e-03
-7.173914417601785602e-03
-7.173914417601768255e-03
-7.197371670574713096e-03
-7.150720659583140876e-03
-7.150720659583147815e-03
-7.173952133571768162e-03
-7.173952133571757754e-03
-7.173952133571767295e-03
-7.150720659583172968e-03
-7.150720659583172968e-03
-7.150720659583163427e-03
-7.150720659583146947e-03
-7.173952133571771632e-03
-7.173952133571762091e-03
-7.173952133571784642e-03
-7.150720316944443079e-03
-7.150720316944448283e-03
-7.150720316944458692e-03
-7.104673753372884627e-03
-7.104673753372880290e-03
-7.104673753372883760e-03
-7.172769607917803616e-03
-7.172769607917803616e-03
-7.149667841410788441e-03
-7.149667841410809258e-03
-7.149667841410810992e-03
-7.149667841410799717e-03
-7.149667841410809258e-03
-7.172769607917806219e-03
-7.172769607917811423e-03
-7.149667841410782369e-03
-7.149667841410781502e-03
-7.149667841410772828e-03
-7.126708086655516791e-03
-7.126708086655521128e-03
-7.126708086655519393e-03
-7.149656237654017019e-03
-7.126708086655519393e-03
-7.150426021495876784e-03
-7.127478407260106306e-03
-7.127478407260099368e-03
-7.127473968775954911e-03
-7.150425965377462181e-03
-7.150425965377468253e-03
-7.150425965377456977e-03
-7.150425965377462181e-03
-7.104674474771053259e-03
-7.104674474771056729e-03
-7.147845262782659241e-03
-7.147845262782646231e-03
-7.147845262782636690e-03
-7.147845262782643629e-03
-7.147845262782648833e-03
-7.147845262782651435e-03
-7.147845262782641026e-03
-7.127465019177101242e-03
-7.127465019177083895e-03
-7.150419955211657908e-03
-7.173857911031080066e-03
-7.173857911031080933e-03
-7.168381925316989409e-03
-7.168381925317007623e-03
-7.168381925317015430e-03
-7.168381925316998950e-03
-7.168381925316992011e-03
-7.168381925316990276e-03
-7.168381925317012827e-03
-7.168381925317017164e-03
-7.168381925317017164e-03
-7.168381925317012827e-03
-7.168381925316987674e-03
-7.127465019177119457e-03
-7.127465019177163692e-03
-7.150419385971341565e-03
-7.127465019177125528e-03
-7.127465019177116855e-03
-7.148019917396958994e-03
-7.127465019177135069e-03
-7.127465019177146345e-03
-7.127465019177139406e-03
-7.127465019177122926e-03
-7.127455741581347967e-03
-7.127455741581354906e-03
-7.127455741581360978e-03
-7.127455741581351437e-03
-7.127455741581348835e-03
-7.127455741581340161e-03
-7.127455741581322814e-03
-7.127455797529346805e-03
-7.127455797529354611e-03
-7.127455797529361550e-03
-7.127455797529358948e-03
-7.127455797529347672e-03
-7.127455797529340734e-03
-7.127455797529339866e-03
-7.150412788930407201e-03
-7.127455797529354611e-03
-7.127455797529340734e-03
-7.127455797529347672e-03
-7.104651208818851989e-03
-7.037129037286947442e-03
-7.037129037286948309e-03
-7.037129037286962187e-03
-7.037129037286963054e-03
-7.037129037286965656e-03
-7.037129037286975197e-03
-7.059487090698892547e-03
-7.059487090698913364e-03
-7.104650657082802780e-03
-7.104650657082849617e-03
-7.104650657082820994e-03
-7.104650657082833137e-03
-7.104650657082837474e-03
-7.127457949714523407e-03
-7.102128107886875735e-03
-7.013611363784326772e-03
-7.013611363784322435e-03
-7.013611363784342384e-03
-7.013611363784329374e-03
-7.013611363784341517e-03
-7.013611363784332843e-03
-7.013611363784330241e-03
-7.035998995886152962e-03
-7.013611363784329374e-03
-7.013611363784350190e-03
-7.013611363784326772e-03
-7.013611363784342384e-03
-7.013611363784342384e-03
-7.013611363784329374e-03
-7.013611363784338915e-03
-7.013611363784329374e-03
-7.013611363784329374e-03
-7.013611363784333710e-03
-7.013611363784331108e-03
-7.035999833638431102e-03
-7.035999833638422428e-03
-7.035999833638434571e-03
-7.043499109160412421e-03
-7.058535789485270891e-03
-7.035999833638442377e-03
-7.035999833638446714e-03
-7.035999833638445847e-03
-7.058535844654025004e-03
-7.058535844654038015e-03
-7.058535844654034545e-03
-7.058535844654033678e-03
-7.058535844654047556e-03
-7.058535844654038015e-03
-7.058535844654043219e-03
-7.058535844654042352e-03
-7.058535844654056229e-03
-7.081222040470224258e-03
-7.058535844654029341e-03
-7.058535844654024137e-03
-7.058535844654037147e-03
-6.991378674328778929e-03
-6.991378674328783266e-03
-6.991378674328783266e-03
-6.991378674328778062e-03
-6.991378674328778929e-03
-6.991378674328785001e-03
-6.991378674328783266e-03
-6.991378674328782399e-03
-6.991378674328775460e-03
-7.013876701155200358e-03
-6.991378674328779796e-03
-6.991378674328771990e-03
-6.991378674328776327e-03
-6.991378674328771990e-03
-6.991378674328776327e-03
-6.991378674328765919e-03
-6.991378674328770255e-03
-6.991378674328762449e-03
-7.013618731911900987e-03
-7.081244914506394650e-03
-7.081244914506425008e-03
-7.081244914506421538e-03
-7.104155330987945403e-03
-7.081244914506434548e-03
-7.081244914506431079e-03
-7.081244914506430212e-03
-7.081244914506428477e-03
-7.127086650278662006e-03
-7.081244914506422405e-03
-7.081244914506430212e-03
-7.058552369284216109e-03
-7.036010847138076361e-03
-7.036010847138088505e-03
-7.036010847138084168e-03
-7.036010847138092841e-03
-7.036010847138103250e-03
-7.036010847138092841e-03
-7.036010847138088505e-03
-7.036010847138092841e-03
-7.036010847138109321e-03
-7.058552369284228252e-03
-7.058552369284201364e-03
-7.013607542960737830e-03
-6.991359026229171554e-03
-6.991359026229163748e-03
-6.991095019293998812e-03
-6.991375071414747573e-03
-7.013621990871881338e-03
-7.013621990871885675e-03
-7.013621990871871797e-03
-7.013621990871874400e-03
-7.036012879414197188e-03
-7.036012879414206729e-03
-7.036012879414200658e-03
-7.036012879414182443e-03
-7.036012879414184178e-03
-7.013621990871888277e-03
-7.058500714868649190e-03
-7.081243981649437171e-03
-7.081243981649425027e-03
-7.013621990871883941e-03
-7.013621990871894349e-03
-7.013621990871882206e-03
-7.013621990871894349e-03
-7.013621990871892614e-03
-7.013621990871896084e-03
-7.032257714316645855e-03
-7.077463926131995729e-03
-7.054785355832896183e-03
-7.054785355832906592e-03
-7.054785355832890112e-03
-7.054785355832903990e-03
-7.054785355832903990e-03
-7.054785355832900520e-03
-7.054785355832885775e-03
-7.054785355832897918e-03
-7.054785355832899653e-03
-7.054785355832886642e-03
-7.054785355832877969e-03
-7.009879062469163633e-03
-7.009879062469168837e-03
-7.104059934525994158e-03
-7.081247360797095040e-03
-7.081247360797109786e-03
-7.081247360797103714e-03
-7.081247360797108918e-03
-7.081247360797097642e-03
-7.013237633417069954e-03
-7.013237633417073423e-03
-7.013237633417065617e-03
-7.035759674630105188e-03
-7.035759674630115597e-03
-7.013237633417092505e-03
-7.013237633417064749e-03
-7.013237633417087301e-03
-7.013237633417087301e-03
-7.035280087294318134e-03
-7.035280087294318134e-03
-7.035280087294345022e-03
-7.035280087294335481e-03
-7.035280087294349359e-03
-7.058432123856473589e-03
-7.013237633417080362e-03
-7.013237633417078627e-03
-7.036145851202799811e-03
-7.035760118519961484e-03
-7.013237200177315118e-03
-7.013237200177317721e-03
-7.035759977013681700e-03
-7.035760008685342654e-03
-7.127105557293625208e-03
-7.127105557293626943e-03
-7.127105557293613065e-03
-7.103629123748835157e-03
-7.103629123748853372e-03
-7.103629123748862913e-03
-7.103629123748850770e-03
-7.103629123748842963e-03
-7.103629123748860311e-03
-7.103629123748856841e-03
-7.103629123748860311e-03
-7.222627779580576002e-03
-7.174539572494656459e-03
-7.174539572494655591e-03
-7.174539572494666867e-03
-7.174539572494674673e-03
-7.174539572494665132e-03
-7.174539572494665132e-03
-7.174539572494659061e-03
-7.174539572494674673e-03
-7.174539572494636509e-03
-7.222627841365091006e-03
-7.222627841365103149e-03
-7.222627841365091873e-03
-7.222627174960517989e-03
-7.222627174960505846e-03
-7.246922235914191220e-03
-7.222627174960528397e-03
-7.222627174960505846e-03
-7.222627174960524928e-03
-7.222627174960507580e-03
-7.127110378531619980e-03
-7.127110378531630389e-03
-7.127110378531626052e-03
-7.150748313927297525e-03
-7.174548830965561327e-03
-7.149478831214809565e-03
-7.149478831214820841e-03
-7.149478831214793086e-03
-7.222647986070883375e-03
-7.128263463780286878e-03
-7.128263463780299021e-03
-7.104702325269451196e-03
-7.104702325269439053e-03
-7.104702325269440788e-03
-7.104702325269444257e-03
-7.104702325269437319e-03
-7.176563627509562060e-03
-7.173946628947697364e-03
-7.152691145458352044e-03
-7.152691145458352912e-03
-7.104702207030050287e-03
-7.104702207030032073e-03
-7.104702207030045083e-03
-7.104702207030050287e-03
-7.100524478191152893e-03
-7.100524478191141617e-03
-7.100524478191141617e-03
-7.100524478191135545e-03
-7.123994583619571754e-03
-7.147626095988424480e-03
-7.127084801817025646e-03
-7.127084801817025646e-03
-7.174556744604584056e-03
-7.103592830799673567e-03
-7.103592830799670098e-03
-7.103592830799661424e-03
-7.103592830799664894e-03
-7.103592830799661424e-03
-7.222700404833450050e-03
-7.222700404833433570e-03
-7.198588619483723555e-03
-7.198588619483727892e-03
-7.198588619483710545e-03
-7.198588619483719218e-03
-7.198588619483719218e-03
-7.198588619483728759e-03
-7.198588619483730494e-03
-7.198588619483717484e-03
-7.127810676202161154e-03
-7.127810676202152480e-03
-7.151363656691202275e-03
-7.151363656691215286e-03
-7.151363656691218755e-03
-7.151363656691184928e-03
-7.151363656691205745e-03
-7.151363656691228296e-03
-7.151363656691207479e-03
-7.175078704485297020e-03
-7.151365084748794593e-03
-7.151365084748807603e-03
-7.151365084748805868e-03
-7.151365084748784184e-03
-7.151365084748784184e-03
-7.151365084748770307e-03
-7.151365144239766637e-03
-7.151365144239776178e-03
-7.175077994254041268e-03
-7.127812982095614765e-03
-7.175081092593564580e-03
-7.175081092593528151e-03
-7.175081092593541161e-03
-7.198959402067705952e-03
-7.198959402067686003e-03
-7.198959402067686003e-03
-7.198959402067703350e-03
-7.151366027718167317e-03
-7.151366027718173389e-03
-7.151366027718175991e-03
-7.151366027718178593e-03
-7.151366027718179461e-03
-7.151366027718189869e-03
-7.151366027718203747e-03
-7.151366027718181195e-03
-7.151366027718150838e-03
-7.151366027718143899e-03
-7.151366027718156042e-03
-7.151366027718175991e-03
-7.151366027718195073e-03
-7.198933102023759474e-03
-7.175067665630644603e-03
-7.175067665630644603e-03
-7.175067665630637664e-03
-7.151366027718163848e-03
-7.151366027718165583e-03
-7.151366027718167317e-03
-7.151366027718175124e-03
-7.151366027718167317e-03
-7.151366027718173389e-03
-7.175067088800078652e-03
-7.175067088800082121e-03
-7.175067088800082121e-03
-7.175067088800069978e-03
-7.175067088800091662e-03
-7.175067786130456121e-03
-7.175067786130457856e-03
-7.222966066828664065e-03
-7.175067786130471734e-03
-7.175067786130470866e-03
-7.175067786130466529e-03
-7.175067786130474336e-03
-7.175067786130481275e-03
-7.175067786130484744e-03
-7.198932861333248549e-03
-7.151366027718154307e-03
-7.151366027718172522e-03
-7.151366027718175991e-03
-7.151366027718150838e-03
-7.151366027718194206e-03
-7.175067665630962925e-03
-7.198933222568035424e-03
-7.151366027718166450e-03
-7.175058866693096414e-03
-7.175058866693085138e-03
-7.198923299320215616e-03
-7.104611215522904470e-03
-7.104611215522914879e-03
-7.104611215522914879e-03
-7.104611215522895797e-03
-7.104611215522900133e-03
-7.104611215522914879e-03
-7.104611215522902735e-03
-7.151643924123709910e-03
-7.127784945266332078e-03
-7.127784945266318201e-03
-7.127784945266344221e-03
-7.127784945266344221e-03
-7.127784945266344221e-03
-7.127784945266358099e-03
-7.127784945266328609e-03
-7.127784945266338150e-03
-7.127784945266339017e-03
-7.127784945266344221e-03
-7.127784945266319068e-03
-7.127784945266334680e-03
-7.127784945266323405e-03
-7.127784945266314731e-03
-7.127784945266318201e-03
-7.175061801195561223e-03
-7.151355905060752770e-03
-7.151355905060751902e-03
-7.127812007268618730e-03
-7.104429037483228973e-03
-7.104429037483216830e-03
-7.104429037483222902e-03
-7.104429037483212493e-03
-7.104429037483199483e-03
-7.104429037483209024e-03
-7.104429037483219432e-03
-7.104429037483217697e-03
-7.104429037483209024e-03
-7.104429037483194279e-03
-7.104429037483208156e-03
-7.104429037483211626e-03
-7.151355431831308423e-03
-7.127812124849830858e-03
-7.127812124849837797e-03
-7.127812124849845603e-03
-7.127812124849851674e-03
-7.127812124849837797e-03
-7.127812124849847338e-03
-7.151320632130411456e-03
-7.151356784526704223e-03
-7.151356784526725040e-03
-7.151356784526701621e-03
-7.151356784526713764e-03
-7.104429037483213361e-03
-7.127812007268617862e-03
-7.127812007268643883e-03
-7.127812007268647353e-03
-7.127812007268619597e-03
-7.127812007268623067e-03
-7.127812007268636077e-03
-7.127811718604847892e-03
-7.104429037483198615e-03
-7.104429037483199483e-03
-7.127812007268623934e-03
-7.127812007268627403e-03
-7.104420563379091821e-03
-7.127812007268623067e-03
-7.104429037483199483e-03
-7.104429037483220299e-03
-7.104429037483216830e-03
-7.080213142552560165e-03
-7.080213142552561900e-03
-7.080213142552575778e-03
-7.080213142552584452e-03
-7.104000811480575515e-03
-7.056829889223521779e-03
-7.033606949743603613e-03
-7.033606949743587133e-03
-7.033606949743600144e-03
-7.033606949743591470e-03
-7.033606949743605348e-03
-7.033606949743613154e-03
-7.010541176851987390e-03
-7.010541176851978716e-03
-7.010541176851989124e-03
-7.010541176851989124e-03
-7.010541176851989124e-03
-7.010541176851982186e-03
-7.010541176851996063e-03
-7.010541176851994329e-03
-7.010541176851996931e-03
-7.056831770068439091e-03
-7.056831770068432153e-03
-7.056831770068438224e-03
-7.056831770068443428e-03
-7.056831770068436489e-03
-7.056831770068436489e-03
-7.056831770068432153e-03
-7.056831770068433020e-03
-7.056831770068446030e-03
-7.056831770068432153e-03
-7.056831770068432153e-03
-7.056831770068420877e-03
-7.056831770068432153e-03
-7.056831770068421744e-03
-7.056831770068419142e-03
-7.056831770068432153e-03
-7.056831770068410468e-03
-7.033610447987705128e-03
-7.033610447987711199e-03
-7.033610447987689515e-03
-7.080214154863172238e-03
-7.080214154863158360e-03
-7.080214154863173973e-03
-7.080214154863160962e-03
-7.080214154863158360e-03
-7.056833829547319061e-03
-7.056833829547314724e-03
-7.103756300285845801e-03
-7.103756300285838862e-03
-7.151331042846433353e-03
-7.127461748138938687e-03
-7.103757469297166706e-03
-7.103757469297172777e-03
-7.103757469297172777e-03
-7.103757469297171043e-03
-7.103757469297173645e-03
-7.103757469297171043e-03
-7.103757469297172777e-03
-7.103757469297173645e-03
-7.127461687664998595e-03
-7.033606424682870006e-03
-7.056858652973105328e-03
-7.056858652973097522e-03
-7.056858652973097522e-03
-7.033606424682854394e-03
-6.895105932855485897e-03
-6.895105932855470285e-03
-6.895105932855472020e-03
-6.895105932855487632e-03
-6.895105932855478091e-03
-6.895105932855480693e-03
-6.872702168733368921e-03
-6.872702168733352442e-03
-6.895105932855480693e-03
-6.895105932855473754e-03
-6.895105932855472887e-03
-6.895105932855490234e-03
-6.895105932855476356e-03
-6.872702168733372391e-03
-6.872702168733366319e-03
-6.872702168733366319e-03
-6.872702168733372391e-03
-6.783212147620109114e-03
-6.783212147620118655e-03
-6.783212147620118655e-03
-6.805022729422863237e-03
-6.805022729422870176e-03
-6.783212147620121257e-03
-6.783212147620113451e-03
-6.805118530699471105e-03
-6.806216582735046330e-03
-6.806216582735055004e-03
-6.784401484727583392e-03
-6.784401484727588597e-03
-6.806216582735046330e-03
-6.966329620432010726e-03
-6.989424566714591211e-03
-6.964828936742538737e-03
-6.964828936742542206e-03
-6.964827646637987771e-03
-6.964827646637975628e-03
-6.941851637219284034e-03
-6.853054874279017154e-03
-6.853054874279021491e-03
-6.875265652523282998e-03
-6.875281361498605803e-03
-6.875281361498611875e-03
-6.875281361498596262e-03
-6.875281361498600599e-03
-6.853058768159923236e-03
-6.853058768159913695e-03
-6.853058768159913695e-03
-6.853058768159911093e-03
-6.898080840357550050e-03
-6.943239135558060791e-03
-6.943239135558045179e-03
-6.920583444378478576e-03
-6.920583444378462096e-03
-6.875268892783031882e-03
-6.875268892783042290e-03
-6.875268892783033617e-03
-6.875268892783042290e-03
-6.875268892783032749e-03
-6.875268892783046627e-03
-6.875268892783051831e-03
-6.875268892783033617e-03
-6.875268892783035352e-03
-6.875268892783037954e-03
-6.875265543220958862e-03
-6.853054874278750874e-03
-6.853054874278756946e-03
-6.853054874278756078e-03
-6.853054874278751742e-03
-6.853054819818973908e-03
-6.853054819818975643e-03
-6.853054819818984317e-03
-6.853054819818982582e-03
-6.853054819818973908e-03
-6.830992851555410528e-03
-6.830992851555419201e-03
-6.830992851555418334e-03
-6.875265707174838849e-03
-6.853054874279152463e-03
-6.830992851555408793e-03
-6.830992851555404456e-03
-6.830992851555411395e-03
-6.830992851555408793e-03
-6.830992851555423538e-03
-6.830992851555411395e-03
-6.830992851555403589e-03
-6.830992851555401854e-03
-6.830992851555413130e-03
-6.830992851555415732e-03
-6.830992851555423538e-03
-6.853054819818985184e-03
-6.853054819818980847e-03
-6.853054819818978245e-03
-6.830992851555413997e-03
-6.830992851555423538e-03
-6.853059301681427122e-03
-6.853059301681408040e-03
-6.897629787683247360e-03
-6.897629787683233482e-03
-6.897629566839930636e-03
-6.897629566839930636e-03
-6.897629813153409797e-03
-6.875269471680860861e-03
-6.875269471680860861e-03
-6.875269471680867800e-03
-6.875269471680861728e-03
-6.875269361647294401e-03
-6.897629677260210326e-03
-6.875269361647307412e-03
-6.875266929696949303e-03
-6.875266929696941497e-03
-6.875266929696934558e-03
-6.897625770891454948e-03
-6.942800255507305257e-03
-6.942800255507296583e-03
-6.965618102717506185e-03
-6.942800836259569244e-03
-6.942800836259565775e-03
-6.942800836259578785e-03
-6.965612184528823143e-03
-6.965612184528825745e-03
-6.875268371311395177e-03
-6.875268371311395177e-03
-6.875268371311402983e-03
-6.875268371311405585e-03
-6.875268371311397779e-03
-6.875268371311401248e-03
-6.875268371311398646e-03
-6.875268371311402116e-03
-6.875268371311409922e-03
-6.875268371311400381e-03
-6.874991924278551700e-03
-6.874991924278557771e-03
-6.897625936504651716e-03
-6.853058270335134032e-03
-6.853058270335147042e-03
-6.875266874686730700e-03
-6.853058270335148777e-03
-6.875266874686714220e-03
-6.853058270335150512e-03
-6.853058270335147910e-03
-6.875266874686717690e-03
-6.853058270335134899e-03
-6.875268891143187372e-03
-6.875266874686721159e-03
-6.875266874686728098e-03
-6.875266874686736772e-03
-6.875266874686725496e-03
-6.875266874686721159e-03
-6.853058270335157451e-03
-6.853058270335149645e-03
-6.853058270335147910e-03
-7.116618513729181493e-03
-7.093465269645889137e-03
-7.116604324644636159e-03
-7.093465041204894718e-03
-7.093465041204905126e-03
-7.093465041204906861e-03
-7.093465041204873901e-03
-7.047651896133527022e-03
-7.047651896133530491e-03
-7.047651896133533961e-03
-7.047651896133527889e-03
-7.047651896133521818e-03
-7.024976285393321439e-03
-7.024976285393313633e-03
-7.024976285393319704e-03
-7.024976285393324908e-03
-7.024976285393327510e-03
-7.024976285393325776e-03
-7.024976285393324908e-03
-7.024976285393324908e-03
-7.024976285393326643e-03
-7.069762702674620147e-03
-7.069762702674619280e-03
-7.069762702674621015e-03
-7.069762702674621015e-03
-7.069762702674622749e-03
-7.069762702674615810e-03
-7.069762702674613208e-03
-7.069762702674641831e-03
-7.140394230781265186e-03
-7.140394230781240900e-03
-7.116861546872541543e-03
-7.116861546872513787e-03
-7.116861546872543277e-03
-7.116861546872520726e-03
-7.116861546872512052e-03
-7.116861546872516389e-03
-7.116861546872523328e-03
-7.116861546872529400e-03
-7.116861546872525930e-03
-7.116861546872504246e-03
-7.093853207383015932e-03
-7.116861546872540675e-03
-7.116861546872550216e-03
-7.093853207383000320e-03
-7.093853207383000320e-03
-7.140022756169524774e-03
-7.093853207383019402e-03
-7.093853207382999453e-03
-7.093853207383008994e-03
-7.093853207383003789e-03
-7.093853207382998585e-03
-7.116861546872512920e-03
-7.116861546872492970e-03
-7.116861546872515522e-03
-7.116861546872496440e-03
-7.093853207383006391e-03
-7.093446820258877961e-03
-7.093446820258897910e-03
-7.093853207383006391e-03
-7.093853207383003789e-03
-7.093853207383013330e-03
-7.116842148283766302e-03
-7.116861546872543277e-03
-7.116861546872533736e-03
-7.116861546872524195e-03
-7.140025835251891453e-03
-7.116861603916975823e-03
-7.210470325308871928e-03
-7.210470325308891877e-03
-7.093686963554398685e-03
-7.070699581822537799e-03
-7.070699581822551677e-03
-7.070699581822552544e-03
-7.070699581822552544e-03
-7.070699581822543871e-03
-7.070699581822536932e-03
-6.914836761718237690e-03
-6.914836761718229884e-03
-6.936902873723405256e-03
-6.914836761718250700e-03
-6.914836761718235088e-03
-6.914836761718239425e-03
-6.951153516727527799e-03
-6.929239829467553902e-03
-6.929239829467546963e-03
-6.929239829467551300e-03
-6.929239829467559973e-03
-6.929239829467561708e-03
-6.951154769809057832e-03
-6.959041097797038708e-03
-6.937118458550905510e-03
-6.937118458550904643e-03
-6.937118458550898571e-03
-6.937118458550902908e-03
-6.937118458550895969e-03
-6.959041097797035239e-03
-6.959041097797033504e-03
-6.959041097797033504e-03
-6.958809351966645761e-03
-6.958809351966654434e-03
-6.958988533289012061e-03
-6.958988533289005990e-03
-6.958988533289012061e-03
-6.958988533289003388e-03
-6.958988533289005123e-03
-7.003284127428688506e-03
-7.003284127428689373e-03
-7.003306812521266356e-03
-6.958988533289015531e-03
-6.958988533289005123e-03
-6.937058189080041841e-03
-6.937058189080046178e-03
-6.937058189080038371e-03
-6.936810578246203375e-03
-6.936810578246203375e-03
-6.958988214375190495e-03
-6.958988214375192230e-03
-6.958988320083171059e-03
-6.958988320083187538e-03
-6.958988320083176263e-03
-6.981009700419730721e-03
-6.981009700419747201e-03
-6.958988320083176263e-03
-6.915269236910197986e-03
-7.002792710138562408e-03
-7.002792710138579756e-03
-7.002792710138571949e-03
-7.047693620116971501e-03
-7.025169077004111799e-03
-7.025169077004100524e-03
-7.047693620116961960e-03
-7.070369198052032199e-03
-7.025169077004120473e-03
-7.047351276853928981e-03
-7.047351276853920307e-03
-7.025169077004126544e-03
-7.025169077004113534e-03
-7.025169077004119605e-03
-7.025169077004110064e-03
-7.025169077004113534e-03
-7.025169077004124810e-03
-7.025169077004122208e-03
-7.025169077004124810e-03
-7.025169077004132616e-03
-7.025169077004110932e-03
-7.025169077004125677e-03
-6.936607026018224050e-03
-6.893130297517550444e-03
-6.893130297517553913e-03
-6.893130297517572128e-03
-6.893130297517568658e-03
-6.914799718386608132e-03
-6.958567273620719536e-03
-6.870782459597080637e-03
-6.870782459597084973e-03
-6.870782459597071963e-03
-6.892410391576019729e-03
-6.870782459597070228e-03
-6.891810653529361654e-03
-6.870782459597088443e-03
-6.870782459597088443e-03
-6.870782459597090178e-03
-6.892410860748529600e-03
-6.914180113179427441e-03
-6.914180113179417900e-03
-6.892410860748533069e-03
-6.892410860748531334e-03
-6.892410860748533936e-03
-6.892410860748533069e-03
-6.892410860748525263e-03
-6.892410860748518324e-03
-6.914180113179421369e-03
-6.892410860748539141e-03
-6.892410860748533936e-03
-6.892410860748518324e-03
-6.892410860748533936e-03
-6.892410860748536539e-03
-6.892410860748526130e-03
-6.892410860748526130e-03
-6.892410860748533069e-03
-6.892410860748523528e-03
-6.936093231255319527e-03
-6.936093231255322129e-03
-6.936093231255305649e-03
-7.001983070818956420e-03
-7.001983070818959022e-03
-7.001983070818967696e-03
-7.001983070818971165e-03
-6.979614615345691372e-03
-6.979614615345684434e-03
-6.979614615345693107e-03
-6.979614615345693107e-03
-7.001983070818965094e-03
-6.979614615345697444e-03
-6.979614615345697444e-03
-6.979614615345696577e-03
-6.979614615345691372e-03
-6.979614615345708720e-03
-6.979614615345700046e-03
-6.979614615345692240e-03
-6.979614615345708720e-03
-6.979614615345700046e-03
-7.001983070818960757e-03
-6.979614615345694842e-03
-6.979614615345703516e-03
-6.979614615345709587e-03
-6.979614615345710454e-03
-7.001983070818962492e-03
-7.001983070818965094e-03
-6.979614615345705250e-03
-6.979614615345710454e-03
-6.979614615345711322e-03
-6.979614615345697444e-03
-6.979614615345707852e-03
-7.001983070818967696e-03
-7.001983070818965961e-03
-6.808033561671814754e-03
-6.808033561671836438e-03
-6.808033561671828632e-03
-6.829222190151165023e-03
-6.829222190151170227e-03
-6.829222190151173696e-03
-6.829222190151167625e-03
-6.829222190151175431e-03
-6.829222190151176299e-03
-6.829106108087019955e-03
-6.829106108087019955e-03
-6.893154843423171876e-03
-6.893154843423168407e-03
-6.871671626466538570e-03
-6.871671626466535968e-03
-6.871671626466535968e-03
-6.871671626466537702e-03
-6.871671626466532498e-03
-6.871671626466533365e-03
-6.871671626466530763e-03
-6.871671626466535100e-03
-6.871671626466533365e-03
-6.871671626466530763e-03
-6.893154843423176213e-03
-6.893154843423176213e-03
-6.871671626466513416e-03
-6.871662756985978844e-03
-6.871662756985974507e-03
-6.871662756985977977e-03
-6.871662756985970170e-03
-6.893146436950772608e-03
-6.893146436950778680e-03
-6.871662756985972773e-03
-6.871662756985964966e-03
-6.871662756985965834e-03
-6.871662756985971905e-03
-6.871662756985975375e-03
-6.871662756985977109e-03
-6.808033561671832101e-03
-6.808033561671832101e-03
-6.808033561671835571e-03
-6.893145520513812435e-03
-6.871671921474391785e-03
-6.871671921474383112e-03
-6.871671921474383112e-03
-6.871671921474391785e-03
-6.871671921474389183e-03
-6.871671921474386581e-03
-6.850314129586393408e-03
-6.850314129586408153e-03
-6.850314129586399479e-03
-6.850314129586401214e-03
-6.850314129586395143e-03
-6.829113376304053393e-03
-6.829113376304055127e-03
-6.829113376304049923e-03
-6.829113376304036913e-03
-6.829113376304055127e-03
-6.829113376304055127e-03
-6.829113376304057730e-03
-6.829113376304056862e-03
-6.829113376304069005e-03
-6.829113376304068138e-03
-6.829113376304057730e-03
-6.871659764801794391e-03
-6.871652680425459694e-03
-6.871652680425456225e-03
-6.850317897831173855e-03
-6.850317897831171253e-03
-6.850317897831184263e-03
-6.850317897831183396e-03
-6.850317897831185131e-03
-6.850317897831174722e-03
-6.850317897831181661e-03
-6.850317897831179059e-03
-6.850317897831179927e-03
-6.850317897831176457e-03
-6.830031500093800868e-03
-6.851215997864819329e-03
-6.851215997864825401e-03
-6.851336500793080153e-03
-6.830031500093805205e-03
-6.830031500093800868e-03
-6.830031500093799134e-03
-6.830031500093800868e-03
-6.830031500093786991e-03
-6.830031500093792195e-03
-6.830031500093787858e-03
-6.830031500093791327e-03
-6.830031500093797399e-03
-6.830031500093802603e-03
-6.830031500093795664e-03
-6.830031500093789593e-03
-6.851392935513959254e-03
-6.830031500093795664e-03
-6.830031500093798266e-03
-6.851215997864811523e-03
-6.851215997864825401e-03
-6.851215997864815860e-03
-6.829113672311116871e-03
-6.829113672311107330e-03
-6.829113672311103861e-03
-6.829113672311102994e-03
-6.829113672311103861e-03
-6.829113672311116004e-03
-6.829113672311110800e-03
-6.829113672311110800e-03
-6.829113672311110800e-03
-6.829113672311111667e-03
-6.871650917972246808e-03
-6.871650917972244206e-03
-6.850313528539903919e-03
-6.890279879831871443e-03
-6.890279879831877514e-03
-6.868821266031971406e-03
-6.868821266031964468e-03
-6.847471837674779307e-03
-6.850314928950516045e-03
-6.850314928950523852e-03
-6.871652675632616489e-03
-6.871652675632618223e-03
-6.850314928950516913e-03
-6.850314928950514311e-03
-6.850314928950522984e-03
-6.850314928950512576e-03
-6.850314928950502168e-03
-6.850314928950514311e-03
-6.850314928950513443e-03
-6.808049088906620826e-03
-6.808049088906616489e-03
-6.850314628254940835e-03
-6.850314628254938233e-03
-6.850314628254934764e-03
-6.828230589512956916e-03
-6.828230589512957784e-03
-6.829113770266766539e-03
-6.829113770266770009e-03
-6.829113770266770876e-03
-6.829113770266770009e-03
-6.850622986544509067e-03
-6.850622986544515139e-03
-6.829114272969622444e-03
-6.829114272969618107e-03
-6.871669147234161015e-03
-6.871669147234161883e-03
-6.871669147234153209e-03
-6.871669147234164485e-03
-6.871669147234153209e-03
-6.871669147234171424e-03
-6.804685858836733055e-03
-6.804685858836739126e-03
-6.804685858836746933e-03
-6.808046121179181162e-03
-6.787115138781064580e-03
-6.787115138781072386e-03
-6.787115138781061978e-03
-6.787115138781061978e-03
-6.787115138781065447e-03
-6.787115138781065447e-03
-6.787115138781065447e-03
-6.808046121179164682e-03
-6.808046121179176825e-03
-6.808046121179173356e-03
-6.787115138781062845e-03
-6.808046269561688832e-03
-6.808046269561698373e-03
-6.829112779671664933e-03
-6.829112779671678811e-03
-6.829112779671670137e-03
-6.829112779671673607e-03
-6.829112779671674474e-03
-6.829112779671669270e-03
-6.829112779671684015e-03
-6.829112779671670137e-03
-6.829112779671677076e-03
-6.829112779671670137e-03
-6.829112779671677076e-03
-6.829112779671675341e-03
-6.829112779671675341e-03
-6.829112779671670137e-03
-6.850313182644174326e-03
-6.872095194329654738e-03
-6.850313182644174326e-03
-6.850313182644168254e-03
-6.829112779671663198e-03
-6.829112779671668403e-03
-6.829112779671671005e-03
-6.829112779671676209e-03
-6.829112779671669270e-03
-6.787115138781056774e-03
-6.808046121179164682e-03
-6.787115138781067182e-03
-6.787115138781067182e-03
-6.787115138781071519e-03
-6.787115138781071519e-03
-6.787115138781081927e-03
-6.787115138781075856e-03
-6.787115138781071519e-03
-6.787115138781062845e-03
-6.787115138781067182e-03
-6.787115138781071519e-03
-6.787115138781058508e-03
-6.787115138781064580e-03
-6.787115138781074121e-03
-6.850557810017239221e-03
-6.850557810017251364e-03
-6.914990330031493652e-03
-6.893133725168576302e-03
-6.893133725168578037e-03
-6.893133725168576302e-03
-6.893133827760706406e-03
-6.893133827760710743e-03
-6.893133827760715079e-03
-6.914751380028114243e-03
-6.914751380028110773e-03
-6.850349484865449375e-03
-6.850349484865449375e-03
-6.850349484865457181e-03
-6.850349484865451977e-03
-6.829115285109929774e-03
-6.829115285109929774e-03
-6.829115285109926305e-03
-6.936517749352453036e-03
-6.936517749352452168e-03
-6.936517749352454770e-03
-6.936517749352436556e-03
-6.958415472532914620e-03
-6.958415472532918956e-03
-6.936517749352443495e-03
-6.914765164828152663e-03
-6.914765164828148326e-03
-6.914765164828157867e-03
-6.936517644753714511e-03
-6.936517644753709307e-03
-6.936517644753711041e-03
-6.936517644753717980e-03
-6.936517644753715378e-03
-6.936517644753711041e-03
-6.936517644753698898e-03
-6.958413325154198803e-03
-6.958413325154211813e-03
-6.958413325154210946e-03
-6.958413325154208344e-03
-6.958413325154210946e-03
-6.914765164828143122e-03
-6.914765164828150061e-03
-6.914765164828143990e-03
-6.914765164828150928e-03
-6.936530655708963468e-03
-6.958413325154208344e-03
-6.958413325154204007e-03
-6.936517644753720582e-03
-6.914765164828157000e-03
-6.913298613735152122e-03
-6.891580989644383384e-03
-6.891580989644379915e-03
-6.891581041426363130e-03
-6.891581041426363997e-03
-6.891581041426366600e-03
-6.891581041426366600e-03
-6.913298509816047030e-03
-6.913298509816035754e-03
-6.979285811873491181e-03
-6.979285811873478171e-03
-6.979285811873473834e-03
-6.935157975129242931e-03
-6.935157975129241197e-03
-6.935157975129242064e-03
-6.935157975129240329e-03
-6.935157975129230788e-03
-6.935157975129231656e-03
-6.935157975129233390e-03
-6.935157975129242064e-03
-6.935157975129242064e-03
-6.935157975129242064e-03
-6.935157975129242931e-03
-6.935157975129242064e-03
-6.935157975129240329e-03
-6.935157975129242931e-03
-6.935157975129243799e-03
-6.935157975129241197e-03
-6.935157975129240329e-03
-6.935157975129240329e-03
-6.935157975129240329e-03
-6.954673452544534590e-03
-6.935157975129239462e-03
-6.935157975129234258e-03
-6.935157975129241197e-03
-6.935157975129232523e-03
-6.913824275126389390e-03
-6.891605730117341885e-03
-6.891605730117350559e-03
-6.913312914342131972e-03
-6.891598454610581466e-03
-6.891598454610571925e-03
-6.870032463198496794e-03
-6.913306649522888737e-03
-6.913306649522886135e-03
-6.935156672783133504e-03
-6.935156672783149116e-03
-6.935156672783146514e-03
-6.935156672783146514e-03
-6.935156672783136106e-03
-6.891601529244228107e-03
-6.891601529244229841e-03
-6.891601529244226372e-03
-6.891601529244226372e-03
-6.913308585814268575e-03
-6.891601529244223770e-03
-6.891601529244229841e-03
-6.891601529244226372e-03
-6.891601529244225505e-03
-6.891601529244225505e-03
-6.891601529244220301e-03
-6.979183898391944953e-03
-6.979183898391959698e-03
-6.979183898391951892e-03
-7.023904519220008219e-03
-7.023942318634193716e-03
-7.046525733571950244e-03
-6.979313328693875947e-03
-6.979313328693875079e-03
-6.979306605699877632e-03
-6.913309679254111585e-03
-6.935157809782918625e-03
-6.935157809782915156e-03
-6.935157809782918625e-03
-6.891601036477571635e-03
-6.891601036477571635e-03
-6.913307451814445712e-03
-6.891601036477563828e-03
-6.891601036477571635e-03
-6.935157809782909084e-03
-6.935157809782910819e-03
-6.935157809782914289e-03
-6.935157809782912554e-03
-6.935157809782912554e-03
-6.891617192867401792e-03
-6.891435145908638045e-03
-6.891616698810123197e-03
-6.870052055638936790e-03
-6.913322087918605079e-03
-6.913322087918608548e-03
-6.913322087918607681e-03
-6.891616578712097922e-03
-6.891616578712104861e-03
-6.891616578712103994e-03
-6.891616578712097055e-03
-6.891616578712103994e-03
-6.891616578712107463e-03
-6.891616578712102259e-03
-6.870052055638931586e-03
-6.870052055638923780e-03
-6.827345635926111538e-03
-6.827345635926119344e-03
-6.827345635926113272e-03
-6.827345635926115874e-03
-6.827345635926115007e-03
-6.827345635926112405e-03
-6.848641964130672798e-03
-6.913374409697410454e-03
-6.913374409697428669e-03
-6.913374409697413923e-03
-6.891659993895337191e-03
-6.890855646854308382e-03
-6.957217110385553044e-03
-6.935222689245477967e-03
-6.935222689245484039e-03
-6.935222689245479702e-03
-6.935222689245488376e-03
-6.979425681720538566e-03
-6.979425681720544637e-03
-6.957286575498313093e-03
-6.935222689245480569e-03
-6.979398232842481779e-03
-6.957259153057909588e-03
-6.957259153057907854e-03
-6.935222689245489243e-03
-6.935285521156899120e-03
-6.935285521156907794e-03
-6.913372163808501579e-03
-6.930844682486158106e-03
-6.913372163808509385e-03
-6.913372163808505916e-03
-6.913372163808502446e-03
-6.935220861259742096e-03
-6.935220861259745566e-03
-6.979621078223401803e-03
-6.979621078223396599e-03
-7.001901602952215545e-03
-6.957213768980147206e-03
-6.957213768980143737e-03
-6.935220966798586253e-03
-6.935220966798586253e-03
-6.935220966798581049e-03
-6.935220966798589723e-03
-6.935220966798588856e-03
-6.913372163808506783e-03
-6.913372163808500712e-03
-6.913372163808505048e-03
-6.913372163808510253e-03
-6.935220861259749035e-03
-6.913372163808508518e-03
-6.935220861259747301e-03
-6.913372163808511120e-03
-6.913372163808514589e-03
-6.913372163808506783e-03
-6.935220861259754239e-03
-6.933711120530877334e-03
-6.933711120530877334e-03
-6.933711120530876466e-03
-6.933711120530879068e-03
-6.933711120530879068e-03
-6.848645221985209287e-03
-6.848645221985205818e-03
-6.870076846748424115e-03
-6.870076846748431054e-03
-6.870076846748421513e-03
-6.848645069751556520e-03
-6.848645069751557388e-03
-6.827352200900539334e-03
-6.827245567511490074e-03
-6.827245567511487472e-03
-6.848377156165706345e-03
-6.848377156165702875e-03
-6.827245066045460782e-03
-6.827245066045454711e-03
-6.827245066045457313e-03
-6.827245066045468588e-03
-6.827245066045472058e-03
-6.806081153478513168e-03
-6.806081153478522709e-03
-6.806081153478523577e-03
-6.806081153478520974e-03
-6.827245066045455578e-03
-6.827245066045465986e-03
-6.827245066045471190e-03
-6.827245066045467721e-03
-6.827245066045459047e-03
-6.845070340443594296e-03
-6.845070340443590827e-03
-6.845070340443598633e-03
-6.845070340443595164e-03
-6.823781526851089782e-03
-6.823781526851098456e-03
-6.823781526851112333e-03
-6.823781526851100190e-03
-6.823781526851090649e-03
-6.823781526851104527e-03
-6.823781526851105395e-03
-6.823781526851109731e-03
-6.823781526851093251e-03
-6.823781526851109731e-03
-6.823781526851102792e-03
-6.823781526851092384e-03
-7.033957182409730953e-03
-7.095593048408831496e-03
-7.095593048408830629e-03
-7.063237962885647939e-03
-7.063237962885637530e-03
-7.095601511283919707e-03
-7.095601511283911901e-03
-7.095601511283927514e-03
-7.128095951259088084e-03
-7.128095951259075941e-03
-7.128095951259088084e-03
-7.128095951259111503e-03
-7.063237962885629724e-03
-7.063237962885647071e-03
-7.031179581860627636e-03
-7.031179581860613759e-03
-7.031179581860628504e-03
-6.937399258307059245e-03
-6.937399258307070521e-03
-6.937399258307083531e-03
-6.876321938161556596e-03
-6.876321938161562668e-03
-7.031122015448506950e-03
-7.031122015448528634e-03
-7.031122015448536440e-03
-7.031122015448514756e-03
-7.095110104551810744e-03
-7.095110216660171533e-03
-7.127555791733063487e-03
-6.852466548640362073e-03
-6.882473111131205863e-03
-6.882473111131235353e-03
-6.882473111131232751e-03
-6.882473111131229282e-03
-6.912757544514117232e-03
-6.912757544514117232e-03
-6.912757544514140651e-03
-6.912757544514117232e-03
-6.912757544514125906e-03
-6.912757544514103354e-03
-6.853516397930137227e-03
-6.853516397930121615e-03
-6.853516397930127686e-03
-6.853516397930123349e-03
-6.853516397930133758e-03
-6.853516397930138095e-03
-6.823892230240051655e-03
-6.823892230240046451e-03
-6.853516496442345167e-03
-6.853516496442338228e-03
-6.853516496442338228e-03
-6.853516496442345167e-03
-6.853516496442315677e-03
-6.853516496442321748e-03
-6.853516496442325218e-03
-6.853516496442322616e-03
-6.853516496442333891e-03
-6.883405423964508024e-03
-6.853516496442325218e-03
-6.853516496442309605e-03
-6.853516496442338228e-03
-6.853516496442333891e-03
-6.853516496442310472e-03
-6.853516496442325218e-03
-6.853516496442333891e-03
-6.853516496442315677e-03
-6.883412822772411177e-03
-6.883412822772418116e-03
-6.883412822772410310e-03
-6.943998322706874081e-03
-6.943996755035160284e-03
-6.943996755035162886e-03
-6.913569264203779131e-03
-6.913569264203779999e-03
-6.913569264203769590e-03
-6.913569264203767856e-03
-6.913569264203782601e-03
-6.912548400489584334e-03
-6.913569264203775662e-03
-6.943095509751062364e-03
-6.912548808531204791e-03
-6.912548808531237751e-03
-6.943095509751060629e-03
-6.943095509751074507e-03
-6.912548808531222139e-03
-6.943095509751071037e-03
-6.912548808531197853e-03
-6.912548808531193516e-03
-6.912548808531192648e-03
-6.912548808531217802e-03
-6.912548808531205659e-03
-7.001652237986525154e-03
-7.001652237986519950e-03
-7.001652237986519950e-03
-7.001652237986519950e-03
-7.062159371980810015e-03
-7.171152693857815903e-03
-7.171152693857829781e-03
-7.171152693857808097e-03
-8.163295337225774315e-03
-8.163295337225691048e-03
-8.163295337225659823e-03
-8.163295337225616455e-03
-8.228026188322107304e-03
-8.163295337225623394e-03
-8.174675173346489243e-03
-8.174675173346475365e-03
-8.174675173346452814e-03
-8.240145784029229495e-03
-8.110291950787065773e-03
-8.110291950787041487e-03
-8.110291950787077916e-03
-8.110291950786992915e-03
-8.110291950786992915e-03
-8.110291950786994650e-03
-8.239221716016915595e-03
-8.174676340903196808e-03
-8.174676340903064969e-03
-8.174676340902992111e-03
-8.174676340903245381e-03
-8.174676340903129154e-03
-8.053128157046882118e-03
-8.053128157046930691e-03
-8.181544439988700651e-03
-8.181544439988626058e-03
-8.116947321329377393e-03
-8.116947321329389536e-03
-8.247696320744211246e-03
-8.247696320744159204e-03
-8.247696320744107162e-03
-8.176887150880999405e-03
-8.176887150880982058e-03
-8.176887150881011548e-03
-8.176887150881006344e-03
-8.176887150881021957e-03
-8.053125897155724230e-03
-8.053125897155672189e-03
-8.053125897155764129e-03
-8.053125897155767599e-03
-8.053125897155767599e-03
-8.116937079046971509e-03
-8.053118583427465796e-03
-7.990324791497211560e-03
-7.990324791497228907e-03
-7.990324791497227172e-03
-7.990324791497190743e-03
-7.990324791497197682e-03
-7.990324791497152579e-03
-7.990324791497119619e-03
-7.990324791497176865e-03
-7.990324791497162987e-03
-7.990324791497123089e-03
-8.053125516361793121e-03
-7.990324791497235846e-03
-7.990324791497221968e-03
-8.116922696757575620e-03
-8.116922696757579089e-03
-8.116922696757605110e-03
-8.116922696757566946e-03
-8.116922696757580824e-03
-8.181672284569301359e-03
-8.181672284569367279e-03
-8.181672284569303094e-03
-8.181672284569329115e-03
-8.314258595351951484e-03
-7.990324791497247989e-03
-7.990324791497232376e-03
-8.052395667161775863e-03
-8.052395667161810558e-03
-8.052395667161788007e-03
-8.052395667161885151e-03
-7.990324791497187273e-03
-7.990324791497232376e-03
-7.990295181767274532e-03
-7.990295181767304022e-03
-7.990295181767324839e-03
-7.990295181767276267e-03
-7.990295181767309227e-03
-7.990295181767286675e-03
-7.463826129212997734e-03
-7.930359373090658734e-03
-7.808742787823028629e-03
-7.808742787822953169e-03
-7.808742787822938423e-03
-7.808742787822991333e-03
-7.808742787822899392e-03
-7.749103659325134660e-03
-7.749103659325138997e-03
-7.690420335515605645e-03
-7.690420335515611716e-03
-7.690420335515649013e-03
-7.690420335515656819e-03
-7.690420335515649880e-03
-7.690420335515649013e-03
-7.690420335515649880e-03
-7.690420335515689779e-03
-7.690420335515688044e-03
-7.690420335515644676e-03
-7.690420335515577022e-03
-7.690420335515610849e-03
-7.690420335515690646e-03
-7.690184500987200591e-03
-7.690184500987216204e-03
-7.632629345241331333e-03
-7.632629345241334802e-03
-7.632629345241366027e-03
-7.632629345241346078e-03
-7.632629345241381640e-03
-7.632629345241394650e-03
-7.632629345241406793e-03
-7.632629345241333935e-03
-7.682958462264096074e-03
-7.740868099000789045e-03
-7.799712841551247403e-03
-7.682958462264018011e-03
-7.682958462264015409e-03
-7.682958462264098676e-03
-7.682958462264053573e-03
-7.682958462264105615e-03
-7.682958462264138574e-03
-7.682958462264068318e-03
-7.682958462264054440e-03
-7.682958462264107349e-03
-7.807081584751749195e-03
-7.807081584751749195e-03
-7.747176935486218587e-03
-7.747633330859855436e-03
-7.747633330859893599e-03
-7.688653760877554692e-03
-7.688653760877515661e-03
-7.747634017891798924e-03
-7.642910372397207844e-03
-7.642910372397229528e-03
-7.808002469212740361e-03
-7.808002469212750769e-03
-7.865935058976267560e-03
-8.045109237367356614e-03
-8.045204321896410812e-03
-8.045204321896379587e-03
-8.045204321896447242e-03
-7.990087607393071487e-03
-7.924877732770212874e-03
-7.924877732770176444e-03
-8.042331666053045836e-03
-8.042331666053104816e-03
-8.042331666053104816e-03
-8.042331666053064917e-03
-8.042331666053031958e-03
-8.042331666053066652e-03
-8.042331666053149919e-03
-8.042331666053104816e-03
-8.106774444101327512e-03
-7.865854849536550730e-03
-7.865854849536522975e-03
-7.865854849536521240e-03
-7.865854849536543791e-03
-7.865854849536528179e-03
-7.865854849536568077e-03
-7.865854849536583690e-03
-7.865854849536583690e-03
-7.984337696978177634e-03
-7.924645782939965591e-03
-7.865854849536522975e-03
-7.865854849536542057e-03
-7.865854849536616650e-03
-7.865854849536616650e-03
-7.865854849536566343e-03
-7.865854849536545526e-03
-7.865854849536484811e-03
-7.694951149196310042e-03
-7.694951149196278817e-03
-7.694951149196355145e-03
-7.751006136732529334e-03
-7.694951149196389839e-03
-7.694951149196353410e-03
-7.694951149196355145e-03
-7.694951149196354277e-03
-7.807897909785300322e-03
-7.807897909785346292e-03
-7.807897909785264760e-03
-7.694951149196338665e-03
-7.807899906163049200e-03
-7.865585004273614039e-03
-7.865585004273629652e-03
-7.865585004273603631e-03
-7.865585004273605366e-03
-7.865585004273673020e-03
-7.865585004273659142e-03
-7.807899906163084762e-03
-7.807899906162948586e-03
-7.751011825674608037e-03
-7.751011825674649670e-03
-7.751011825674644466e-03
-7.751011825674651405e-03
-7.751011825674651405e-03
-7.807899906163168029e-03
-7.807899906163125528e-03
-7.807899906163045731e-03
-7.694951149196304838e-03
-7.751006136732589182e-03
-7.694951149196306572e-03
-7.751006136732584845e-03
-7.751006136732505047e-03
-7.751006136732461679e-03
-7.751006136732524997e-03
-7.751006136732512854e-03
-7.751006136732505915e-03
-7.751006136732504180e-03
-7.751007395261025161e-03
-7.751007395261023426e-03
-7.751007395260985262e-03
-7.751007395261078937e-03
-7.807894183854370215e-03
-7.807894183854348531e-03
-7.807894183854350266e-03
-7.807894183854469962e-03
-7.585113179102358910e-03
-7.585131954729608036e-03
-7.585131954729627118e-03
-7.585131954729512627e-03
-7.639620531987499803e-03
-7.639620531987518018e-03
-7.639620531987459905e-03
-7.639620531987393118e-03
-7.585131954729680027e-03
-7.585131954729531709e-03
-7.585131954729531709e-03
-7.585131954729606302e-03
-7.585131954729571607e-03
-7.642635739483515274e-03
-7.642635739483490988e-03
-7.587772377062268134e-03
-7.585131954729627986e-03
-7.639620531987465109e-03
-7.585131954729611506e-03
-7.585131954729600230e-03
-7.585131954729553393e-03
-7.585131954729664415e-03
-7.694912630747616396e-03
-7.639620833553292974e-03
-7.585133738684557946e-03
-7.585133738684557078e-03
-7.585258281921167071e-03
-7.585258281921150592e-03
-8.159393410288619947e-03
-8.295354387226042472e-03
-8.175257641234591477e-03
-8.239021400070085585e-03
-8.239021400070115075e-03
-8.175256892052526134e-03
-8.175256892052524399e-03
-8.175256892052602462e-03
-8.231280017660895856e-03
-8.105863769249386022e-03
-8.105863769249386022e-03
-8.168080725142395221e-03
-8.105863769249387757e-03
-8.105863769249328776e-03
-8.295215018377349869e-03
-8.295215018377401911e-03
-8.231033897825144538e-03
-8.295215018377375890e-03
-8.231033897825144538e-03
-8.231033897825106374e-03
-8.231033897825106374e-03
-8.168080725142417772e-03
-8.168080725142377874e-03
-8.168080725142377874e-03
-8.168080725142377874e-03
-8.168080725142315424e-03
-8.168080725142374404e-03
-8.168080725142419507e-03
-8.360702515799331436e-03
-8.360702515799348783e-03
-8.426967921637870673e-03
-8.360702515799321027e-03
-8.295478379459892554e-03
-8.295478379459859594e-03
-8.295478379459909901e-03
-8.360561034762991825e-03
-8.360561034763019581e-03
-8.494144174462913213e-03
-8.494144174462866376e-03
-8.231175500574821474e-03
-8.231175500574833617e-03
-8.231175500574883924e-03
-8.231175500574878720e-03
-8.231175500574878720e-03
-8.231175500574830148e-03
-8.360559023472590237e-03
-8.426811403803548955e-03
-8.360559023472746362e-03
-8.360559023472666565e-03
-8.360559023472652687e-03
-7.863223708492282985e-03
-7.805404852133269490e-03
-7.805404852133292909e-03
-7.805404852133292042e-03
-7.805404852133269490e-03
-7.805404852133257347e-03
-7.805404852133271225e-03
-7.805404852133306787e-03
-7.805404852133330205e-03
-7.805404852133253878e-03
-7.805404852133291174e-03
-7.805404852133244337e-03
-7.637007551842326519e-03
-7.637007551842363816e-03
-7.637007551842324785e-03
-7.637007551842287488e-03
-7.637007551842338662e-03
-7.692318742932365006e-03
-7.692318742932308627e-03
-7.692318742932321637e-03
-7.637006646175319852e-03
-7.637006646175308576e-03
-7.637006646175309443e-03
-7.637006646175306841e-03
-7.637006646175282555e-03
-7.637006646175352811e-03
-7.582497728087413819e-03
-7.582497728087364379e-03
-7.582497728087408614e-03
-7.582497728087450248e-03
-7.582497728087399073e-03
-7.636828877611182530e-03
-7.528491846679082750e-03
-8.044375588877085426e-03
-8.044375588877068078e-03
-8.044375588877010833e-03
-8.044375588877111447e-03
-8.044375588877111447e-03
-8.044375588877121855e-03
-7.983472687834586301e-03
-7.983472687834563750e-03
-7.983472687834525586e-03
-7.983472687834558545e-03
-7.983472687834558545e-03
-7.983472687834565484e-03
-7.983472687834549872e-03
-7.983472687834586301e-03
-7.983472687834622730e-03
-8.044372799218270711e-03
-8.044372799218315814e-03
-8.106223095515419433e-03
-8.106223095515419433e-03
-8.106223095515400351e-03
-8.044372799218248160e-03
-7.983472687834586301e-03
-7.983472687834570689e-03
-8.044371724548613628e-03
-7.983472687834586301e-03
-7.983472687834594975e-03
-7.983472687834605383e-03
-7.869009845315423288e-03
-7.810349464804790427e-03
-7.993527452801411221e-03
-7.993527452801383465e-03
-7.993527452801341832e-03
-7.993527452801347036e-03
-8.055336381291531081e-03
-7.993527452801386934e-03
-8.130851007171252878e-03
-8.070046827182991364e-03
-8.070046827182949731e-03
-8.070046827183027793e-03
-8.070046827183005242e-03
-8.070046827182998303e-03
-8.070046827183052079e-03
-8.132776648636642208e-03
-8.196564332826960370e-03
-8.196564332827022820e-03
-8.196564332826944757e-03
-8.196564332826965574e-03
-8.196564332827038432e-03
-8.132776648636668229e-03
-8.132776648636673433e-03
-8.132776648636689046e-03
-8.132814843447366132e-03
-8.132814843447406031e-03
-8.126398914132394735e-03
-8.070046827183031263e-03
-8.132841129521615683e-03
-8.132841129521639970e-03
-8.196633853916716894e-03
-8.196633853916770671e-03
-8.132841129521522008e-03
-8.196633853916855672e-03
-8.196633853916864346e-03
4.476078557499841432e-02
4.453758784645095448e-02
4.453758784645139163e-02
4.549804382253124641e-02
4.549804382253128110e-02
4.549804382253092722e-02
4.626919486775513818e-02
4.550679620764962185e-02
4.550679620764984390e-02
4.550679620764962185e-02
4.550679620764962185e-02
4.550679620764944838e-02
4.550679620764973982e-02
4.559018884467052474e-02
4.559018884467076066e-02
4.559018884467067739e-02
4.797567891309613419e-02
4.797567891309605786e-02
4.797567891309621746e-02
4.797567891309637012e-02
4.797567891309632154e-02
4.797567891309619664e-02
4.716361875358151406e-02
4.716361875358119488e-02
4.716361875358128508e-02
4.716361875358143080e-02
4.716361875358138223e-02
4.636359053803204566e-02
4.636359053803187913e-02
4.636359053803217750e-02
4.636359053803201791e-02
4.636359053803212199e-02
4.636359053803205954e-02
4.636359053803218444e-02
4.636359053803202485e-02
4.636359053803217750e-02
4.636359053803222607e-02
4.636359053803212893e-02
4.636359053803202485e-02
4.636359053803196933e-02
4.636359053803178892e-02
4.636359053803204566e-02
4.636359053803200403e-02
4.636359053803185137e-02
4.338495242286476150e-02
4.338495242286471987e-02
4.338495242286486558e-02
4.407314545224982200e-02
4.338495242286467823e-02
4.406984729195782130e-02
4.338495242286465048e-02
4.338495242286461578e-02
4.338495242286501824e-02
4.338495242286460885e-02
4.478035407738217150e-02
4.407315396915630068e-02
4.407315396915625905e-02
4.338495242286476844e-02
4.338495242286476150e-02
4.338495242286470599e-02
4.338495242286461578e-02
4.338495242286480313e-02
4.338495242286462966e-02
4.405935778123693664e-02
4.271788471421143069e-02
4.271788471421131966e-02
4.338489529632299363e-02
4.474066841161556535e-02
4.474066841161519065e-02
4.474066841161522534e-02
4.474066841161519065e-02
4.474066841161517677e-02
4.404921105080451815e-02
4.404921105080451815e-02
4.404921105080451815e-02
4.404921105080432386e-02
4.271770149516340015e-02
4.281080926749029208e-02
4.338466972146855227e-02
4.338466972146826778e-02
4.338466972146819839e-02
4.338466972146826778e-02
4.338466972146805961e-02
4.407298264307520086e-02
4.407298264307516616e-02
4.207096282278446897e-02
4.207096282278447591e-02
4.207096282278383753e-02
4.206123077717756342e-02
4.206123077717752179e-02
4.206123077717764669e-02
4.207096282278408039e-02
4.207096282278418448e-02
4.271762986908768378e-02
4.207096282278412203e-02
4.338360670618843923e-02
4.207096282278394161e-02
4.207096282278376814e-02
4.207096282278384447e-02
4.207096282278408733e-02
4.207096282278400406e-02
4.271766100267222754e-02
4.271766100267216509e-02
4.271766100267222060e-02
4.271766100267225530e-02
4.338463648999104499e-02
4.338463648999126010e-02
4.338463648999121153e-02
4.338463648999121847e-02
4.562009260152591339e-02
4.562009260152621176e-02
4.562009260152610768e-02
4.637098582105118882e-02
4.637098582105099454e-02
4.637098582105105699e-02
4.637098582105142475e-02
4.714708317149191030e-02
4.714708317149191030e-02
4.714708317149191030e-02
4.714708317149191030e-02
4.714708317149191030e-02
4.795030943945623875e-02
4.878116534239428786e-02
5.145705476998389816e-02
4.964147358153383344e-02
5.053283996750315005e-02
4.790179616420568026e-02
4.790179616420597863e-02
4.872922679733667634e-02
4.872922679733687756e-02
4.710926404071204276e-02
4.710926404071204276e-02
4.862377135796170508e-02
4.862377135796181610e-02
4.862377135796191324e-02
4.862377135796198263e-02
4.862377135796178834e-02
4.947818738594450538e-02
5.128068102301858860e-02
4.947818738594453314e-02
4.947818738594440824e-02
5.036319090719156705e-02
4.947818738594454008e-02
4.947818738594442906e-02
4.947818738594442906e-02
4.947818738594442906e-02
4.947818738594444293e-02
4.947818738594438742e-02
4.947818738594433885e-02
4.947818738594469967e-02
5.036319090719123398e-02
4.861687114082215155e-02
4.861687114082210298e-02
4.779157979061858519e-02
4.779157979061858519e-02
4.779157979061862682e-02
4.779157979061821743e-02
4.779157979061875172e-02
4.861687114082193645e-02
4.779157979061863376e-02
4.779157979061850886e-02
4.779157979061863376e-02
4.779157979061861294e-02
4.939727219800722074e-02
4.939727219800732483e-02
4.939727219800733177e-02
4.939727219800742197e-02
4.939727219800717217e-02
4.939727219800702646e-02
4.939727219800702646e-02
4.939727219800686686e-02
4.788172126820965102e-02
4.788172126820977592e-02
4.788172126820938040e-02
4.788172126820988694e-02
4.788172126820961633e-02
4.788172126820965102e-02
4.870908841540879525e-02
4.788172126820960939e-02
4.953632428016853384e-02
4.864061053152802377e-02
4.781535220697189642e-02
4.781535220697185479e-02
4.781535220697185479e-02
4.555059398289443284e-02
4.555059398289427325e-02
4.555059398289454387e-02
4.412631350383627166e-02
4.412631350383620227e-02
4.412631350383627166e-02
4.412631350383577900e-02
4.412631350383597328e-02
4.412631350383597328e-02
4.482706414725867727e-02
4.383898249076114556e-02
4.383898249076143006e-02
4.383898249076126352e-02
4.383898249076122189e-02
4.383898249076126352e-02
4.344811755080279364e-02
4.344811755080277282e-02
4.412676531298641985e-02
4.412676531298641985e-02
4.412285599460309682e-02
4.412285599460263885e-02
4.412285599460287477e-02
4.412285599460306212e-02
4.412285599460309682e-02
4.412285599460318702e-02
4.554803609844335077e-02
4.554803609844339934e-02
4.554803609844329526e-02
4.554803609844351037e-02
4.554803609844349649e-02
4.554803609844348955e-02
4.482420535704457337e-02
4.482420535704435827e-02
4.482420535704446929e-02
4.482420535704446929e-02
4.482420535704442766e-02
4.482420535704435827e-02
4.554803609844301771e-02
4.629583101436648279e-02
4.629583101436636483e-02
4.629583101436617748e-02
4.629583101436606646e-02
4.629583101436625381e-02
4.629583101436606646e-02
4.629583101436659381e-02
4.412285599460327029e-02
4.412285599460304131e-02
4.412285599460338131e-02
4.412285599460333968e-02
4.412285599460323560e-02
4.412285599460328417e-02
4.412285599460318702e-02
4.412285599460318702e-02
4.412285599460318702e-02
4.412285599460314539e-02
4.412285599460322866e-02
4.412285599460327029e-02
4.412285599460329805e-02
4.621843301201290083e-02
4.554803275821856651e-02
4.554803275821858038e-02
4.554803275821860120e-02
4.554803275821860120e-02
4.554798822735069835e-02
4.554798822735064978e-02
4.554802453792805572e-02
4.554802453792806266e-02
4.482410666300150337e-02
4.789391246986590689e-02
4.789391246986538647e-02
4.789391246986542811e-02
4.555859516910860246e-02
4.555859516910845675e-02
4.555859516910867879e-02
4.555859516910865797e-02
4.555859516910881063e-02
4.629814906342220177e-02
4.554496366087472381e-02
4.629814906342232667e-02
4.482213181060826224e-02
4.482213181060826224e-02
4.482213181060840101e-02
4.555112838656025231e-02
4.555112838656028007e-02
4.555112838656020374e-02
4.482200267434498925e-02
4.482200267434495455e-02
4.622981142179816150e-02
4.622981142179859171e-02
4.622981142179832803e-02
4.622981142179826558e-02
4.622981142179809211e-02
4.622981142179836966e-02
4.622981142179785619e-02
4.622981142179787700e-02
4.622981142179800190e-02
4.547976722530020638e-02
4.547976722529998433e-02
4.547976722530008148e-02
4.622981142179826558e-02
4.622981142179826558e-02
4.622981142179794639e-02
4.622981142179800190e-02
4.622981142179796027e-02
4.622981142179831415e-02
4.622981142179800190e-02
4.547976722529992882e-02
4.547976722529992882e-02
4.700522069269649772e-02
4.547976722530010230e-02
4.547976722530000515e-02
4.547976722530015781e-02
4.547976722530032434e-02
4.622981142179773129e-02
4.547976722530009536e-02
4.780730390018734371e-02
4.780730390018744780e-02
4.780730390018746861e-02
4.622981142179815456e-02
4.622981142179811986e-02
4.622981142179800190e-02
4.711266428334827394e-02
4.792153084295699972e-02
4.792153084295686788e-02
4.791527557409637483e-02
4.791527557409606258e-02
4.791527557409618748e-02
4.875027919384456593e-02
5.144462011298128745e-02
5.144462011298110704e-02
5.144462011298111398e-02
5.144462011298104459e-02
5.144462011298141929e-02
5.144462011298146786e-02
5.144462011298082948e-02
5.144462011298084336e-02
5.051638672245530731e-02
5.051638672245517547e-02
5.051638672245544609e-02
5.051638672245555711e-02
5.051638672245555711e-02
5.051638672245549466e-02
5.240786756127910340e-02
5.240786756127923524e-02
5.240786756127922136e-02
5.240786756127922136e-02
5.240786756127938095e-02
5.240786756127930462e-02
5.240786756127922830e-02
5.240786756127880502e-02
4.745469002300090750e-02
4.745469002300110178e-02
4.745270559398154925e-02
5.080632387711558201e-02
5.080632387711577630e-02
5.080632387711518649e-02
4.902428782676095803e-02
4.902428782676050700e-02
4.902428782676067354e-02
4.989945004911124776e-02
4.989945004911097021e-02
4.989945004911097021e-02
4.989945004911110205e-02
4.989945004911098408e-02
5.081910187618413066e-02
5.176310857727304399e-02
4.902415840155393417e-02
4.902415840155403132e-02
4.902415840155441989e-02
5.146876137670779866e-02
5.146876137670785417e-02
5.146876137670829826e-02
5.146876137670806928e-02
5.146876137670829826e-02
5.146876137670810397e-02
5.146876137670802071e-02
5.146876137670826357e-02
5.243414779745024512e-02
5.243414779745030063e-02
5.243414779745030063e-02
4.657158199224996353e-02
4.657158199224987333e-02
4.727645807128467992e-02
4.817178662666998790e-02
4.817178662666998790e-02
4.817178662666982830e-02
4.818133713851267819e-02
4.902797688536441462e-02
4.818171788069925549e-02
4.818171788069929018e-02
4.818171788069964406e-02
4.818171788069924855e-02
5.081714253517282537e-02
5.176150110767163692e-02
5.081714253517289476e-02
4.114414561023069239e-02
4.114414561023047728e-02
4.114414561023045647e-02
4.043766035504980233e-02
4.114414561023048422e-02
4.114414561023070627e-02
4.114414561023047728e-02
4.114414561023069933e-02
4.114414561023032463e-02
4.114414561023069933e-02
4.114414561023050504e-02
4.256984925596343783e-02
4.256984925596313252e-02
4.194426576026313164e-02
4.194426576026324960e-02
4.194426576026325654e-02
4.123847828044438502e-02
4.123847828044429481e-02
4.123847828044429481e-02
4.123847828044403113e-02
4.123847828044429481e-02
4.123847828044429481e-02
4.122571304920239627e-02
