-5.035423137666716897e-02
-5.003732318795527101e-02
-5.003732318797071699e-02
-5.003732318795518080e-02
-5.037427075469935733e-02
-5.003732318795477141e-02
-5.003732318795476447e-02
-5.037427075469941284e-02
-5.069906960637923787e-02
-5.104444352443816835e-02
-5.069907507254815815e-02
-5.069906414269399753e-02
-5.035840221100098407e-02
-5.035840221100114367e-02
-5.035840221100115061e-02
-4.936475066467060219e-02
-4.969253554035379938e-02
-5.094285217682158889e-02
-5.059877274995450147e-02
-5.094281934027646008e-02
-5.059877274995461943e-02
-5.059877274995473739e-02
-4.992460878730688861e-02
-4.992460878730701351e-02
-5.094190859309799535e-02
-4.992460878730686780e-02
-5.025937941008918469e-02
-5.059583168449841017e-02
-5.025937941008915000e-02
-4.992460878730686780e-02
-5.129163699780060065e-02
-5.129163699780062147e-02
-5.129163699780062147e-02
-4.955419488382166449e-02
-4.955419488382181020e-02
-4.870402219129933707e-02
-4.870402219129933014e-02
-4.870402219129933707e-02
-4.840636082506789839e-02
-4.870360858374462448e-02
-4.870360858374462448e-02
-4.870402219129947585e-02
-4.945204462520812194e-02
-4.976607595500666392e-02
-4.945519717962965078e-02
-5.008097277256732399e-02
-5.008097277256731011e-02
-5.008097277256731011e-02
-4.945473871685230477e-02
-4.976558981799686365e-02
-4.945473871685230477e-02
-4.945473871685231865e-02
-4.976558981799687753e-02
-4.976558981799673875e-02
-4.945473871685254763e-02
-4.945473871685254763e-02
-5.008045828733597576e-02
-5.008045828733608679e-02
-4.846144109501716174e-02
-4.846144109501719643e-02
-4.846144109501707847e-02
-4.787764846315707007e-02
-4.816775350763715519e-02
-4.816775350763714825e-02
-4.816775350763714825e-02
-4.816775350763727315e-02
-4.816775350763739805e-02
-4.816775350763739111e-02
-4.816775350763736335e-02
-4.816775350763725927e-02
-4.816775350763712743e-02
-4.846052241222945089e-02
-4.846052241222945089e-02
-4.816775350763738417e-02
-4.816775350763723151e-02
-4.816775350763738417e-02
-4.846175185213286857e-02
-4.846175185213309755e-02
-4.846175185213298653e-02
-4.787806380171547027e-02
-4.787806380171547027e-02
-4.787806380171545639e-02
-4.816810061380913388e-02
-4.816769263383801486e-02
-4.870845880274736472e-02
-4.817087765104806352e-02
-4.674950960972618086e-02
-4.675763905213417559e-02
-4.675763905213405763e-02
-4.675763905213405763e-02
-4.648891752569205005e-02
-4.648890318796779220e-02
-4.648890318796787546e-02
-4.648890318796767424e-02
-4.675764279609370688e-02
-4.675764279609370688e-02
-4.675758681634455127e-02
-4.648888364545786939e-02
-4.672787304627720045e-02
-4.621319610906815534e-02
-4.621319610906805819e-02
-4.621319610906817615e-02
-4.647973182781648532e-02
-4.702950996921968080e-02
-4.675532859503621352e-02
-4.648889890736998542e-02
-4.648889890736999236e-02
-4.648889890736998542e-02
-4.648889890736998542e-02
-4.644512689336208200e-02
-4.644512689336221384e-02
-4.644512689336221384e-02
-4.644512689336218608e-02
-4.644512689336222078e-02
-4.644512689336221384e-02
-4.644512689336209588e-02
-4.644512689336221384e-02
-4.644512689336221384e-02
-4.644512689336242200e-02
-4.644512689336244282e-02
-4.670444982439942577e-02
-4.643546767252895724e-02
-4.753561932409709062e-02
-4.698367317185787179e-02
-4.644463813643810723e-02
-4.644463813643794070e-02
-4.698293540276268776e-02
-4.698293540276268082e-02
-4.698293540276268776e-02
-4.725720768065831690e-02
-4.725219162726017330e-02
-4.725219162726028432e-02
-4.725219162726015248e-02
-4.725219162726015248e-02
-4.698365062160675398e-02
-4.671256442755578053e-02
-4.671256442755553767e-02
-4.698365062160662214e-02
-4.804920316730508512e-02
-4.804920316730518920e-02
-4.804920316730518226e-02
-4.809058908162984480e-02
-4.809058908162984480e-02
-4.836024922278099603e-02
-4.836024922278097521e-02
-4.809281475736747885e-02
-4.809281475736747885e-02
-4.809281475736759681e-02
-4.780920061269157417e-02
-4.781508072829784850e-02
-4.753474966397373130e-02
-4.781508072829786932e-02
-4.781508072829798728e-02
-4.838601198748681415e-02
-4.809902993779639063e-02
-4.809902993779633512e-02
-4.912533295533839939e-02
-4.912533295533841327e-02
-4.912533295533814959e-02
-4.867689425906784884e-02
-4.867689425906808476e-02
-4.867689425906796680e-02
-4.867196669207545651e-02
-4.781498888810387093e-02
-4.781498888810387093e-02
-4.803658578243939770e-02
-4.781498888810384318e-02
-4.781498888810384318e-02
-4.725761360908205255e-02
-4.725761360908194153e-02
-4.725761360908205255e-02
-4.725761360908192765e-02
-4.809832833804363744e-02
-4.809832833804363744e-02
-4.809832833804376234e-02
-5.103927113931252396e-02
-5.071840480559888092e-02
-4.858304706514033483e-02
-4.917439123178752453e-02
-4.947567654137732807e-02
-4.947567654137746684e-02
-4.917458828813988519e-02
-4.917458828813950356e-02
-4.978055576595376980e-02
-4.978055576595388776e-02
-4.978055576595370041e-02
-4.947575429850874229e-02
-4.947852863697005388e-02
-4.978055976011921957e-02
-4.978055976011912243e-02
-5.005766272705373943e-02
-4.978055976011912243e-02
-4.947575429850859657e-02
-4.947575429850849943e-02
-4.917456557141891560e-02
-4.917456557141892254e-02
-4.917456557141890866e-02
-4.977909844731610162e-02
-4.917456557141877682e-02
-4.947557610743964079e-02
-4.917456557141891560e-02
-4.917456557141903356e-02
-4.917456557141904744e-02
-4.917456557141890866e-02
-4.917456557141904744e-02
-4.887721554793580947e-02
-4.887721554793567763e-02
-4.917456446644530299e-02
-4.887721554793567069e-02
-4.917470516359215282e-02
-5.068806389337871671e-02
-5.037186411744516701e-02
-5.037186411744510456e-02
-5.037186411744504905e-02
-5.037186411744516701e-02
-5.068806389337880691e-02
-5.005950479139683468e-02
-5.005950479139686937e-02
-4.975116663373382875e-02
-4.975116663373373854e-02
-5.003941140977892499e-02
-4.973101533214704245e-02
-5.065482021724929118e-02
-5.034412887668174297e-02
-4.958455441294201682e-02
-4.958455441294200988e-02
-5.003855612035367634e-02
-5.003855612035381512e-02
-5.003855612035367634e-02
-5.003855612035380818e-02
-5.003855612035379430e-02
-5.097374049995132689e-02
-5.024375938399914393e-02
-5.003936653405736262e-02
-5.003936653405723772e-02
-5.003936653405734181e-02
-5.003936653405733487e-02
-4.941803851674551884e-02
-5.030962523000520603e-02
-5.003971958331691894e-02
-5.003971958331703690e-02
-5.003971958331710629e-02
-5.025473370205648521e-02
-5.025473370205648521e-02
-5.035179763358173244e-02
-5.035179763358155897e-02
-5.035179763358146876e-02
-4.960198476493896808e-02
-4.990871448498680751e-02
-4.960198035543689904e-02
-4.960198035543703088e-02
-4.929906974513627305e-02
-4.929906974513627305e-02
-4.929906974513630080e-02
-4.960198035543690598e-02
-4.960198035543689210e-02
-4.929906974513628692e-02
-4.929906974513628692e-02
-4.929906974513616202e-02
-5.021935848442166811e-02
-5.021935848442168893e-02
-5.021935848442178607e-02
-4.990871892299075102e-02
-4.960199830637804924e-02
-5.085168499268362396e-02
-4.899088979380606529e-02
-4.899088979380594733e-02
-4.899088979380619019e-02
-4.899088979380594039e-02
-4.797075863144796559e-02
-4.797075863144809049e-02
-4.823406204679939885e-02
-4.825770300905676824e-02
-4.797075863144786151e-02
-4.797075863144774355e-02
-4.797075863144773661e-02
-4.797075863144773661e-02
-4.797075863144773661e-02
-4.797075863144762559e-02
-4.825689878538618610e-02
-4.797075863144763946e-02
-4.797075863144775049e-02
-4.854748102620207867e-02
-4.884150050388622738e-02
-4.854748102620207867e-02
-4.854748102620198152e-02
-4.854748102620182193e-02
-4.854748102620193989e-02
-4.854748102620182193e-02
-4.854748102620182193e-02
-5.003817977574438747e-02
-5.066941727862146055e-02
-5.120076970402751004e-02
-5.167770515899653555e-02
-5.100781292437147479e-02
2.451435698164936700e-02
2.374638697483914818e-02
2.393358088522603427e-02
2.412246240106164299e-02
2.431084419989880049e-02
2.431084419989888376e-02
2.412239568169256831e-02
2.412239568169257178e-02
2.412239568169248852e-02
2.412239568169249199e-02
2.374638697483913777e-02
2.234507549552286476e-02
2.234507549552286476e-02
2.234507549552287517e-02
2.234507549552294456e-02
2.234507549552286476e-02
2.232759659509484657e-02
2.249297972710198948e-02
2.232749587957964799e-02
2.232749587957965146e-02
2.232749587957972431e-02
2.232749587957972431e-02
2.302317712176934345e-02
2.302317712176934345e-02
2.302317712176934691e-02
2.454673393669757828e-02
2.454673393669741521e-02
2.434796348907617911e-02
2.356859167448549508e-02
2.356859167448549508e-02
2.356859167448550896e-02
2.356859167448542569e-02
2.394371736088777430e-02
2.394371736088769798e-02
2.394371736088777083e-02
2.394371736088769451e-02
2.394371736088778124e-02
2.394371736088778471e-02
2.413611906251391173e-02
2.375476390400818941e-02
2.373743576171615313e-02
2.373743576171623987e-02
2.274113479588159292e-02
2.293637946472622258e-02
2.276127792014076209e-02
2.276127792014091822e-02
2.210261855188289451e-02
2.253269654753796772e-02
2.270165947518958463e-02
2.270165947518958116e-02
2.270165947518965749e-02
2.270165947518958116e-02
2.253269654753796425e-02
2.270165947518956728e-02
2.253269654753788792e-02
2.253269654753788792e-02
2.253269654753788792e-02
2.340320218617133671e-02
2.340320218617133671e-02
2.292586828207441793e-02
2.307044524197754062e-02
2.288848656941981294e-02
2.236606843500087843e-02
2.220206150372985854e-02
2.220206150372993140e-02
2.220206150372985854e-02
2.220206150372993487e-02
2.220206150372985854e-02
2.220206150372993487e-02
2.217848981250363644e-02
1.917388086046535253e-02
1.926559250620418426e-02
1.908305967675043638e-02
1.899310807107902621e-02
1.899310807107900886e-02
1.899310807107910254e-02
1.899310807107900886e-02
1.899310807107900886e-02
1.899310807107902274e-02
1.916964687007017762e-02
1.889889260784981956e-02
1.865206429551446998e-02
1.873887014808636384e-02
1.873887014808640894e-02
1.865206429551449080e-02
1.865206429551449080e-02
1.865206429551452202e-02
1.882651154981929489e-02
1.873887014808640894e-02
1.891472509134492150e-02
1.891472509134495272e-02
1.881540402570948747e-02
1.900405780480259738e-02
1.891472716563578904e-02
1.891472716563569190e-02
1.891472716563569190e-02
1.848155361748690315e-02
1.848155361748691702e-02
1.859802802716471401e-02
1.883191763555310677e-02
1.883280604024154675e-02
1.856989289146514580e-02
1.856979974025020977e-02
1.874297991916785630e-02
1.874297991916785630e-02
1.883046698316353032e-02
1.840049096695383843e-02
1.840049096695378986e-02
1.840049096695371353e-02
1.840049096695378986e-02
1.840049096695378986e-02
1.840049096695383843e-02
1.840049096695376210e-02
1.840049096695378986e-02
1.840049096695369271e-02
1.858032469526869554e-02
1.945315762430653919e-02
1.908364726005814041e-02
1.824467625555210512e-02
1.825188773642532486e-02
1.825188773642532139e-02
1.817016500547847732e-02
1.808898778272301916e-02
1.808898778272302957e-02
1.808898778272298447e-02
1.808898778272298447e-02
1.808898778272305385e-02
1.808898778272305385e-02
1.808898778272301569e-02
1.808898778272301916e-02
1.808898778272302957e-02
1.800084626007474042e-02
1.792113213693419249e-02
1.792113213693411963e-02
1.792113213693418902e-02
1.792113213693418902e-02
1.792929132305357692e-02
1.792929132305366019e-02
1.783369232358158682e-02
1.792929132305366019e-02
1.792929132305357692e-02
1.800877476825477053e-02
1.792929132305364631e-02
1.792929132305364631e-02
1.792929132305357345e-02
1.792929132305357692e-02
1.832543413830577811e-02
1.832604176508077776e-02
1.832604177149688499e-02
1.832604177149688499e-02
1.832604177149685723e-02
1.832604177149685723e-02
1.832604177149688152e-02
1.832604177149688152e-02
1.832604177149690580e-02
1.832604177149686070e-02
1.832604177149690580e-02
1.832604177149686070e-02
1.841422518806963213e-02
1.841422518806967723e-02
1.798725993548546537e-02
1.792926980951231944e-02
1.808902178860660737e-02
1.800878284005936331e-02
1.800878284005936331e-02
1.800878284005931473e-02
1.776374752929444148e-02
1.784206234392252469e-02
1.776374752929444148e-02
1.784206234392252469e-02
1.808903892452655426e-02
1.808903892452655426e-02
1.808903892452655426e-02
1.808903892452655426e-02
1.808903892452655426e-02
1.817001130460784569e-02
1.792866316636958918e-02
1.792789543960319684e-02
1.792789543960321766e-02
1.825688532071910106e-02
1.834431359708613499e-02
1.821895329490369822e-02
1.821895329490370516e-02
1.830107557633551749e-02
1.826754566458907783e-02
1.826754566458907783e-02
1.809785028453002320e-02
1.809785028452999892e-02
1.809785028452999892e-02
1.793848483415910050e-02
1.793848483415909356e-02
1.801722958924161996e-02
1.793597378572235612e-02
1.785723801456121085e-02
1.793597378572242898e-02
1.826048532337015348e-02
1.801543173428146738e-02
1.801543173428146738e-02
1.791984685564736168e-02
1.791984685564740679e-02
1.792968814431942365e-02
1.792968814431942365e-02
1.808968940679416340e-02
1.808968940679404891e-02
1.800932262655745644e-02
1.800932262655743910e-02
1.800932262655746338e-02
1.800932262655743216e-02
1.800932262655745991e-02
1.800932262655745644e-02
1.801005501843971554e-02
1.801005501843967044e-02
1.801002012416409032e-02
1.801002012416414236e-02
1.800999144421673581e-02
1.825271186187674838e-02
1.825271186187675185e-02
1.825271186187669981e-02
1.825271186187672062e-02
1.825271186187681430e-02
1.825271186187683858e-02
1.825271186187686287e-02
1.825271186187676226e-02
1.825271186187675879e-02
1.825271186187682818e-02
1.825271186187675879e-02
1.801781574948525463e-02
1.825984247190398646e-02
1.801781574948529280e-02
1.801781574948525463e-02
1.801781574948525463e-02
1.801781574948523035e-02
1.809784925882978665e-02
1.785988162686863098e-02
1.810324787626618054e-02
1.801783631015013362e-02
1.801783631015013362e-02
1.801783631015015444e-02
1.801783631015011627e-02
1.801783631015010934e-02
1.801783631015017526e-02
1.801783631015006076e-02
1.834121869879413308e-02
1.842424084939098261e-02
1.816809376233043463e-02
1.817745522724309795e-02
1.834121088258166415e-02
1.825895658350300960e-02
1.825895658350303041e-02
1.913267150300835759e-02
1.904165026867230687e-02
1.950913715022139366e-02
1.950913715022139019e-02
1.950913715022137285e-02
1.904165026867225829e-02
1.858131072478515569e-02
1.867144821394562879e-02
1.857505092851241199e-02
1.858131072478515569e-02
1.866829410914886203e-02
1.866829410914885856e-02
1.866829410914881346e-02
1.866829410914881693e-02
1.866829410914883428e-02
1.866829410914881346e-02
1.858131072478517304e-02
1.858131072478515222e-02
1.858131072478522161e-02
1.866796867109692809e-02
1.911402094616344166e-02
1.911402094616344166e-02
1.920614159504950569e-02
1.911403150579527380e-02
1.911403150579527380e-02
1.920612231904458844e-02
1.920612231904458844e-02
1.920612231904462314e-02
1.920612231904472375e-02
1.920612231904472375e-02
1.902282984536823873e-02
1.842178536062199362e-02
1.859008969458144159e-02
1.850677574177572379e-02
1.859095993460138305e-02
1.833759643728564981e-02
1.868254704540692548e-02
1.859257641331158936e-02
1.859257641331165528e-02
1.808888129795937355e-02
1.808888129795932845e-02
1.817085872559219897e-02
1.817085872559219550e-02
1.817085872559219550e-02
1.817043144539316063e-02
1.817085872559219550e-02
1.817082343077898107e-02
1.816987139173052018e-02
1.808882765852246749e-02
1.817077589452180397e-02
1.826400877140963580e-02
1.826400877140968784e-02
1.816330605085277397e-02
1.808110688232087912e-02
1.833700365710749444e-02
1.833700365710741811e-02
1.833700365710746669e-02
1.850039166610132138e-02
1.867347777200448894e-02
1.858652149456671218e-02
1.833054817624424696e-02
1.850037385001868442e-02
1.841505656538734714e-02
1.842875694568975320e-02
1.859858129910745006e-02
1.859858129910752292e-02
1.868497596846417294e-02
1.859858129910751945e-02
1.859858036473242479e-02
1.859858036473245255e-02
1.860372590730046544e-02
1.860372590730044809e-02
1.860372590730046197e-02
1.868888111002149979e-02
1.860242041676892638e-02
1.869469601610706036e-02
1.869469601610709159e-02
1.869934883347066507e-02
1.869934883347073792e-02
1.826630759263335110e-02
1.817859525742756416e-02
1.817859525742757457e-02
1.885949028157641108e-02
1.903728157827844561e-02
1.868507683232022154e-02
1.868507683232010705e-02
1.868507683232012787e-02
1.885948738458732843e-02
1.877186664601514926e-02
1.885056921007358804e-02
1.893218454259530323e-02
1.893218454259530670e-02
1.893218454259530323e-02
1.920028209742501504e-02
1.920028209742506362e-02
1.920028209742501504e-02
1.920028209742500463e-02
1.927469265729140138e-02
1.927469265729138057e-02
1.955594655257986147e-02
1.946118540323055895e-02
1.909135823900493314e-02
1.909135823900498866e-02
1.918245279468576772e-02
1.884899178671784956e-02
1.884899130083875565e-02
1.893768521661082227e-02
1.884899178671782180e-02
1.884899178671782180e-02
1.884899178671787037e-02
1.833350209006783318e-02
1.841740103453860453e-02
1.841740103453860453e-02
1.841740103453862534e-02
1.841740103453869126e-02
1.860929672199116910e-02
1.860929486453376594e-02
1.852354613253986634e-02
1.852354613253986634e-02
1.860929486453379370e-02
1.851924266836781074e-02
1.851924266836792177e-02
2.301603953314049558e-02
2.314017961146080937e-02
2.301603953314045048e-02
2.301603953314050946e-02
2.301603953314050946e-02
2.314017961146086488e-02
2.301603953314045395e-02
2.265240693401382108e-02
2.265125196218690379e-02
2.265125196218684828e-02
2.265125196218690032e-02
2.265125196218684828e-02
2.265125196218684828e-02
2.199075235333541878e-02
2.187710839220319975e-02
2.197799853452770194e-02
2.187631709568208307e-02
2.187631709568208307e-02
2.187631709568210042e-02
2.187631709568203103e-02
2.187631709568203103e-02
2.186641061365914365e-02
2.186641061365919222e-02
2.197929293195904216e-02
2.197799191189023574e-02
2.197799191189012818e-02
2.220647306006057198e-02
2.209163314150441523e-02
2.209163314150446381e-02
2.186555219359249611e-02
2.186555219359249264e-02
2.186555219359249611e-02
2.186555219359249264e-02
2.186555219359249611e-02
2.175439201101625475e-02
2.130079256472502958e-02
2.140303390964286637e-02
2.140303390964286637e-02
2.130079256472508509e-02
2.130079256472508509e-02
2.130079256472505733e-02
2.140334590109145910e-02
2.140334590109154930e-02
2.140334590109155624e-02
2.140334590109158053e-02
2.140334590109147991e-02
2.130079256472515795e-02
2.130079256472510590e-02
2.130079256472508509e-02
2.130079256472510590e-02
2.128946457581415083e-02
2.149547968433224154e-02
2.119921958973565446e-02
2.130078452521621743e-02
2.126694701194346143e-02
2.126694701194348919e-02
2.126694701194348919e-02
2.126694701194346143e-02
2.137011601418681295e-02
2.126694701194351000e-02
2.126694701194344062e-02
2.168590278767699650e-02
2.175689876673609496e-02
2.175689876673609149e-02
2.175689876673614354e-02
2.175689876673614701e-02
2.175689876673614354e-02
2.175689876673614354e-02
2.189668471019316429e-02
2.189668471019316429e-02
2.178876282486622712e-02
2.178876282486628957e-02
2.189668726931813178e-02
2.200571197474561480e-02
2.200555518390939422e-02
2.200555518390931442e-02
2.200555518390931442e-02
2.189668979071993787e-02
2.178876282486636590e-02
2.189668600584775485e-02
2.189683574497426274e-02
2.189668600584775138e-02
2.096179164269661513e-02
2.096179164269661166e-02
2.106159480248533111e-02
2.106159480248531030e-02
2.096179164269661513e-02
2.096178943033556383e-02
2.140556183385029440e-02
2.130280364633929321e-02
2.130280364633928974e-02
2.130280364633917178e-02
2.130280364633924464e-02
2.130280364633924464e-02
2.161422290244718186e-02
2.130280364633929321e-02
2.130280364633926546e-02
2.140615497012782892e-02
2.150934432245400416e-02
2.130280364633916484e-02
2.160945496283761189e-02
2.160945496283761189e-02
2.182700040643757028e-02
2.182700040643754599e-02
2.182700040643749395e-02
2.204409906108659514e-02
2.182700040643752518e-02
2.182700040643749048e-02
2.095060142650062920e-02
2.095060142650060145e-02
2.095060142650060145e-02
2.095060142650062920e-02
2.080162918509829290e-02
2.090030752037302236e-02
2.089980177166843658e-02
2.080162918509827208e-02
2.089980177166844005e-02
2.080162918509834494e-02
2.080162918509829983e-02
2.089980177166845740e-02
2.120025530802647357e-02
2.109926945794054695e-02
2.118895697211312101e-02
2.109926945794055042e-02
2.120025644998511580e-02
2.130223898336612576e-02
2.130208542307417130e-02
2.120015132628857296e-02
2.120015132628861459e-02
2.120015132628854174e-02
2.130209570106368633e-02
2.109920057100759042e-02
2.120016772584767256e-02
2.099923575722334804e-02
2.099923575722334804e-02
2.099923575722332375e-02
2.109924496792377896e-02
2.099923575722332375e-02
2.099923575722334804e-02
2.108404708779542877e-02
2.099923575722334457e-02
2.099923575722332375e-02
2.099923575722334804e-02
2.099923575722334457e-02
2.099923575722334457e-02
2.099923575722334804e-02
2.150915366010619501e-02
2.150915366010622970e-02
2.150915366010622623e-02
2.150915366010619847e-02
2.150915366010619847e-02
2.140520707514471932e-02
2.150914545583193158e-02
2.130225194509639819e-02
2.130225194509641901e-02
2.130225194509637043e-02
2.130225194509637043e-02
2.130225194509639819e-02
2.119978919187071736e-02
2.119978919187079716e-02
2.140492147981153115e-02
2.120032251781408042e-02
2.120032251781405266e-02
2.120032251781402491e-02
2.120032251781402491e-02
2.159474951868395678e-02
2.159474951868395678e-02
2.149074519485423204e-02
2.159474951868398801e-02
2.159474951868398801e-02
2.159476498612322021e-02
2.159476498612335205e-02
2.149074050817991605e-02
2.149074050817998890e-02
2.149074050817999237e-02
2.150189047315473681e-02
2.149815164947267362e-02
2.160295493859039351e-02
2.160295493859039698e-02
2.149815164947264934e-02
2.159476430319650156e-02
2.159476430319658483e-02
2.159476430319658483e-02
2.098978659305376221e-02
2.098978659305368588e-02
2.216039917932157918e-02
2.148489619749656063e-02
2.170033428948413973e-02
2.148489619749656063e-02
2.148489619749661614e-02
2.141047255389945739e-02
2.129816974409642211e-02
2.129816974409637353e-02
2.195316223658573887e-02
2.195316223658561397e-02
2.195316223658561397e-02
2.184835084922688228e-02
2.184835084922688228e-02
2.184835084922688228e-02
2.184835084922688228e-02
2.184835084922688228e-02
2.184835084922688228e-02
2.207045605217243175e-02
2.195878274944358319e-02
2.173882754862404079e-02
2.173882754862404079e-02
2.173886791184066747e-02
2.173886791184066747e-02
2.173886791184061890e-02
2.195851400614534307e-02
2.195851400614534307e-02
2.195851400614534307e-02
2.195851400614534307e-02
2.218124314322961546e-02
2.218124314322959117e-02
2.184670224699014271e-02
2.184670224699019822e-02
2.195705893670545777e-02
2.184814593358538198e-02
2.184814593358543749e-02
2.206969364808123932e-02
2.229620859920918366e-02
2.218236025103989886e-02
2.218236025103991621e-02
2.206969364808116993e-02
2.195818519587577899e-02
2.206968828039100952e-02
2.162633170059903923e-02
2.173409635765624973e-02
2.173409635765625320e-02
2.173427167687919104e-02
2.173409635765622544e-02
2.173409635765630177e-02
2.195260553233981463e-02
2.195260553233981810e-02
2.195260553233981810e-02
2.195260553233976258e-02
2.206023657754932824e-02
2.184261583533508161e-02
2.089664975007268083e-02
2.089664975007270512e-02
2.089664975007268083e-02
2.177458689380548998e-02
2.177458689380550386e-02
2.224394981616654304e-02
2.224394981616649100e-02
2.224394981616649100e-02
2.201177276992622583e-02
2.189736703509092067e-02
2.224432901357938086e-02
2.224432901357943637e-02
2.121698918011855062e-02
2.123465517744638556e-02
2.123465517744638556e-02
2.123465517744640291e-02
2.123465517744640291e-02
2.123465517744640638e-02
2.123465517744640638e-02
2.123465517744638209e-02
2.197059169307365861e-02
2.197059169307377310e-02
2.185940172011540880e-02
2.185940172011536023e-02
2.152902115141297479e-02
2.163723186950816321e-02
2.163796419677467553e-02
2.152902115141303030e-02
2.152902115141305112e-02
2.152902115141302683e-02
2.152902115141305459e-02
2.152902115141305459e-02
2.163836548286958428e-02
2.163819796454476488e-02
2.152922064753702222e-02
2.152922064753700487e-02
2.152922064753706732e-02
2.152922064753702222e-02
2.152930405130483796e-02
2.152930405130483796e-02
2.229402462494293330e-02
2.241061661037536262e-02
2.241061661037530711e-02
2.241061661037528976e-02
2.241061661037539732e-02
2.241135980976638464e-02
2.205248913703869093e-02
2.174684178795930831e-02
2.174684178795927361e-02
2.186303205818049614e-02
2.185734417897300039e-02
2.174692334987758310e-02
2.163728034470237607e-02
2.163728034470237607e-02
2.174692334987755882e-02
2.197492418115887941e-02
2.197492418115900084e-02
2.185772431165131785e-02
2.208280189730867787e-02
2.208280189730857379e-02
2.142232817686701499e-02
2.142588826565692758e-02
2.153374731546161061e-02
2.153374731546171122e-02
2.149597590514513296e-02
2.149597590514517806e-02
2.149597590514517806e-02
2.149597590514519888e-02
2.152976663968161897e-02
2.152976663968166754e-02
2.152976663968161550e-02
2.174799752244383974e-02
2.163831902198903173e-02
2.152942540629424958e-02
2.152942540629424958e-02
2.142199212982948478e-02
2.142199212982948478e-02
2.121000415338784861e-02
2.174789699625193432e-02
2.163810398024317710e-02
2.163810398024323262e-02
2.163810398024317710e-02
2.163810398024309037e-02
2.131538918411234398e-02
2.153054353253391548e-02
2.153054353253396752e-02
2.185936116256289447e-02
2.174861951853650915e-02
2.242732151281617153e-02
2.242732151281617500e-02
2.242732151281617500e-02
2.254558055790472498e-02
2.219455493414177957e-02
2.219455493414177957e-02
2.196585985466827443e-02
