8.563794674958997988e-02
8.563730697547256021e-02
8.563740742025169328e-02
8.563273961260164935e-02
8.563280292944459859e-02
8.563409144388456351e-02
8.563415343986660599e-02
8.563562646304420656e-02
8.563496231625883359e-02
8.566000409992738374e-02
8.565992820629519944e-02
8.566019624123492882e-02
8.565998163501735430e-02
8.566055489609790408e-02
8.565919843486029250e-02
8.566100033793772051e-02
8.566141418090827964e-02
8.566126210739351265e-02
8.566041797152113002e-02
8.566052675839271047e-02
8.566112846017576166e-02
8.566020587770292738e-02
8.565911923147717655e-02
8.565941144433951437e-02
8.566047140761526291e-02
8.597428214389349344e-02
8.597424381068816124e-02
8.597392201701914427e-02
8.597411301807371398e-02
8.597381600281528424e-02
8.597437416536007904e-02
8.597434716554638867e-02
8.597408103123929668e-02
8.597360859514519005e-02
8.597368714179601246e-02
8.597285119018002741e-02
8.597287397245727270e-02
8.597316508258572021e-02
8.597309183946039157e-02
8.597467806341711760e-02
8.597464096706504411e-02
8.597409186751649168e-02
8.597393320481740153e-02
8.597377884983598006e-02
8.597224869147589155e-02
8.597306368380756847e-02
8.597309770213491797e-02
8.597324142391447876e-02
8.597308793350691425e-02
8.597326985736630789e-02
8.597320262873421604e-02
8.597326350600920097e-02
8.597396582586967761e-02
8.597199523986555347e-02
8.597179640118546295e-02
8.597244742120255245e-02
8.597220926372044214e-02
8.597219188752591723e-02
8.597230072362931075e-02
8.597233994452503636e-02
8.597247002038806152e-02
8.597230603155209261e-02
8.597250415258626821e-02
8.597292782924542687e-02
8.597253369698068526e-02
8.597262064598061582e-02
8.597288576967698770e-02
8.597285051945681433e-02
8.597284164234388071e-02
8.597356423669620662e-02
8.597335595843748346e-02
8.597335995872935899e-02
8.597279901181720252e-02
8.597272617665913108e-02
8.597303335407870117e-02
8.597430100091592309e-02
8.597613469029379007e-02
8.597607034990278896e-02
8.597590829507976984e-02
8.597624927618040258e-02
8.597590721621084509e-02
8.597576817464856747e-02
8.597464674484715796e-02
-1.687305327326697052e-02
-1.687306945643866213e-02
-1.687305148319786022e-02
-1.687301139131267697e-02
-1.687335280193169237e-02
-1.687312398274550679e-02
-1.687364865153841501e-02
-1.687371558274792377e-02
-1.687376620283692619e-02
-1.687366729828066597e-02
-1.687366125387046792e-02
-1.687366969767175456e-02
-1.687367587006942046e-02
-1.687365046104317978e-02
-1.687362045736958902e-02
-1.687357078042773725e-02
-1.687355105681975082e-02
-1.687351880008603616e-02
-1.687353370203237973e-02
-1.687353466569625760e-02
-1.687354696097066037e-02
-1.687353991916477891e-02
-1.687350296461191321e-02
-1.687351476175597345e-02
-1.687352190807771962e-02
-1.687354702099902806e-02
-1.687353907676575684e-02
-1.687353680301581851e-02
-1.687354378881671113e-02
-1.687358314259336523e-02
-1.687363452623309723e-02
-1.399047381916232805e-02
-1.399055820742105098e-02
-1.399050619949821286e-02
-1.399052163404938473e-02
-1.399048580132125977e-02
-1.399046742772728190e-02
-1.399047432762263142e-02
-1.399049371671289184e-02
-1.399042991915456884e-02
-1.399042863772265513e-02
-1.399044023498334163e-02
-1.399043793723953218e-02
-1.399045312001600053e-02
-1.399043669195705955e-02
-1.399034064599142743e-02
-1.399040031657446982e-02
-1.399043040252751641e-02
-1.399036301033554017e-02
-1.399041497355423512e-02
-1.399042867897220578e-02
-1.399038204135945145e-02
-1.399038904264506347e-02
-1.399050583527039829e-02
-1.399051034495885602e-02
-1.399052817397531713e-02
-1.399052703714622099e-02
-1.399049442263999334e-02
-1.399051468862635636e-02
-1.399051756239539854e-02
-1.399051396273629302e-02
-1.399052852783982080e-02
-1.399049850662761364e-02
-1.399035728419233474e-02
-1.399028610782039085e-02
-1.399031668803194309e-02
-1.399034477634426149e-02
-1.399031691950609023e-02
-1.399031709900718651e-02
-1.399032410414726216e-02
-1.399026909648953647e-02
-1.399027181719854872e-02
-1.399027177542576210e-02
-1.399023086311361290e-02
-1.399024595079596638e-02
-1.399025717163636037e-02
-1.399028320800093858e-02
-1.399026412913469131e-02
-1.399031576465135408e-02
-1.399028880861429014e-02
-1.399029353943636797e-02
-1.399030696104978412e-02
-1.399031849418083499e-02
-1.399032282582096491e-02
-1.399043024525308161e-02
-1.399042304992558113e-02
-1.399034583281869373e-02
-1.399037651762771207e-02
-1.399044770238352074e-02
-1.399042749127344006e-02
-1.399042124615758158e-02
-1.399041252711091116e-02
-1.399044838390749168e-02
-1.399035308529188518e-02
-1.399035898917323946e-02
-1.399034427505165511e-02
-1.399042243783855596e-02
-1.399041842976474041e-02
-1.399028940526059195e-02
-1.399028703060848332e-02
-1.399041274450363304e-02
-1.399026871402635382e-02
-1.399026188440644601e-02
-1.399031150279093742e-02
-1.399029998654765031e-02
-1.399034627909615490e-02
-1.399032948113358883e-02
-1.399035495608354565e-02
-1.399034875053473126e-02
-1.399032743324131467e-02
-1.399032795116228640e-02
-1.399043012906951017e-02
-1.399039753452490514e-02
-1.399044092788217543e-02
-1.399040596492715470e-02
-1.399037711035471844e-02
-1.399040049069244160e-02
-1.399041386637065766e-02
-1.399038647587251202e-02
-1.399039167543767934e-02
-1.399040519127897793e-02
-1.399038666750707441e-02
-1.399038229872037048e-02
-1.399032025838897741e-02
-1.399042644261587649e-02
-1.399043667712109029e-02
-1.399042709378709760e-02
-1.399044479435153886e-02
-1.399040637671877980e-02
-1.399040071303170145e-02
-1.399038347343088684e-02
-1.399041738938851254e-02
-1.399039024573839850e-02
-1.399039798278016444e-02
-1.399039692609643608e-02
-1.399027141868464455e-02
-1.399029585541452549e-02
-1.399263665523832467e-02
-1.399263504794590746e-02
-1.399242434841919264e-02
-1.399207361704105611e-02
-1.399212570878815599e-02
-1.399215071435267778e-02
-1.399208834975501810e-02
-1.399209083091671260e-02
-1.399209280014797503e-02
-1.399211127336908410e-02
-1.399212287799572046e-02
-1.399215979586252399e-02
-1.399215436113754839e-02
-1.399209861279225413e-02
-1.399209937994509191e-02
-1.399211260233889156e-02
-1.399211367547979062e-02
-1.399210000464533137e-02
-1.399215462689452905e-02
-1.399208674533515030e-02
-1.399201072979536740e-02
-1.399197423644986393e-02
-1.399231047111022114e-02
-1.399231645950904483e-02
-1.399230193602212131e-02
-1.399232227784306427e-02
-1.399231256539785508e-02
-1.399230662350095696e-02
-1.399231305411450035e-02
-1.399229358335908092e-02
-1.399229358335906531e-02
-1.399232843932137274e-02
-1.399232831534691010e-02
-1.399235146746247854e-02
-1.399235482955704310e-02
-1.399235880649703917e-02
-1.399236054014569436e-02
-1.399235105215085838e-02
-1.399234448851586175e-02
-1.399234710876358888e-02
-1.399238622592835664e-02
-1.399238133372379331e-02
-1.399231083578607662e-02
-1.399231985156952976e-02
-1.399232322597627164e-02
-1.399232290255788061e-02
-1.399231929554576107e-02
-1.399230930366648050e-02
-1.399231183214255832e-02
-1.399225972748380925e-02
-1.399224766136442609e-02
-1.399225567677542074e-02
-1.399247589493591258e-02
-1.399248255614788002e-02
-1.399245210676364551e-02
-1.399239490439094756e-02
-1.399242616432427345e-02
-1.399244836275426521e-02
-1.399248951145586929e-02
-1.399245596124947845e-02
-1.399243650472321507e-02
-1.399251295347103685e-02
-1.399248806316764210e-02
-1.399251686343463280e-02
-1.399248670596116469e-02
-1.399250134442593489e-02
-1.399255435898283731e-02
-1.399256132127001812e-02
-1.399248037206414844e-02
-1.399250739719878726e-02
-1.399255518061291378e-02
-1.399256166464615640e-02
-1.399256020708622254e-02
-1.399251397044428205e-02
-1.399251267207642785e-02
-1.399244408594256875e-02
-1.399244352224448401e-02
-1.399245519064716212e-02
-1.399249870931470845e-02
-1.399242257893351313e-02
-1.399242058745230055e-02
-1.399233919242472146e-02
-1.399234606661698549e-02
-1.399400682517177100e-02
-1.399400308275814200e-02
-1.399398611517845871e-02
-1.399402582993237304e-02
-1.399401999113690162e-02
-1.399400176365987215e-02
-1.399401107533836987e-02
-1.399399755742588951e-02
-1.399401898476867849e-02
-1.399402814202308463e-02
-1.399401850185969139e-02
-1.399402223388968719e-02
-1.399405687998978194e-02
-1.399402035551892791e-02
-1.399403208571257246e-02
-1.399406079228357642e-02
-1.399401127100862070e-02
-1.399400147492607140e-02
-1.399409614539651875e-02
-1.399410467198185411e-02
-1.399400328426735236e-02
-1.399403543598702962e-02
-1.399407723685374555e-02
-1.399403774951764844e-02
-1.399405430704940036e-02
-1.399404737436507444e-02
-1.399406010995780762e-02
-1.399402416421937322e-02
-1.399409406164833086e-02
-1.399409266494443076e-02
-1.399395881314041169e-02
-1.399390230702501729e-02
-1.399393442411807180e-02
-1.399393552856059188e-02
-1.399392854475180366e-02
-1.399392497239701667e-02
-1.399393864363304187e-02
-1.399394085218279640e-02
-1.399394782200572007e-02
-1.399395370778779013e-02
-1.399395752838265491e-02
-1.399395005335050263e-02
-1.399395048187585151e-02
-1.399395048568341168e-02
-1.399396001493485690e-02
-1.399395268824787063e-02
-1.399391693033010149e-02
-1.399389430303814644e-02
-1.399389885842992377e-02
-1.399390206191769744e-02
-1.399388653032640657e-02
-1.399389525996105714e-02
-1.399392469039612528e-02
-1.399391205389253524e-02
-1.399390683945027011e-02
-1.399391019025003971e-02
-1.399398020869504350e-02
-1.399400927010730801e-02
-1.399403516394136238e-02
-1.399399498292995363e-02
-1.399389773535964811e-02
-1.399388862959583327e-02
-1.399388743396546772e-02
-1.399388139228083770e-02
-1.399393045583503629e-02
-1.399407298812176126e-02
-1.399400856328014697e-02
-1.399396914968520020e-02
-1.399401229151489394e-02
-1.399396582853777715e-02
-1.399396777206374926e-02
-1.399394176761824087e-02
-1.399394544179469180e-02
-1.399394152470487609e-02
-1.399397339463689591e-02
-1.399397605280487678e-02
-1.399397801077026382e-02
-1.399393603500216458e-02
-1.399397335031203095e-02
-1.399399371974055506e-02
-1.399399916958380015e-02
-1.399394238927390011e-02
-1.399394373683978884e-02
-1.399393697581786250e-02
-1.399394067032945499e-02
-1.399394932379888212e-02
-1.399395287849726326e-02
-1.399394585041291439e-02
-1.399394344011719096e-02
-1.399395510684018837e-02
-1.399395967588095216e-02
-1.399391440295644391e-02
-1.399391195216923359e-02
-1.399390955563031488e-02
-1.399391714279950814e-02
-1.399392394224101277e-02
-1.399397181716225715e-02
-1.399397302317269103e-02
-1.399398651153918247e-02
-1.399397759918180779e-02
-1.399391115858586790e-02
-1.399391385836472324e-02
-1.399391795409979378e-02
-1.399391287940392713e-02
-1.399390948409287919e-02
-1.399390621344327214e-02
-1.399391550790475731e-02
-1.399391192893083627e-02
-1.399394530675119284e-02
-1.399394636885497277e-02
-1.399394126787538266e-02
-1.399394849632950785e-02
-1.399395284276116688e-02
-1.399395845738445922e-02
-1.399393801488184493e-02
-1.399394220967503655e-02
-1.399393970631009065e-02
-1.399393350575787141e-02
-1.399395531028929142e-02
-1.399405286576441317e-02
-1.399404669960237386e-02
-1.399405349715124834e-02
-1.399404628152925781e-02
-1.399402270934268187e-02
-1.399398438181836610e-02
-1.399393709843415809e-02
-1.399395608757966585e-02
-1.399394530886741671e-02
-1.399399523405439084e-02
-1.399399685446104172e-02
-1.399392907669467188e-02
-1.399398160370931080e-02
-1.399398405965065866e-02
-1.399397687787886334e-02
-1.399396518432982975e-02
-1.399402697560537742e-02
-1.399403379460769509e-02
-1.399398668401535296e-02
-1.399399818059301158e-02
-1.399400115525451828e-02
-1.399401290022836766e-02
-1.399399670817801956e-02
-1.399399527947879120e-02
-1.399397183715960120e-02
-1.399398365621533531e-02
-1.399401160060542888e-02
-1.399399221492884926e-02
-1.399397290237363624e-02
-1.399396554154439323e-02
-1.399396409070614335e-02
-1.399397178729857964e-02
-1.399399559754987803e-02
-1.399399993225598077e-02
-1.399397573916594077e-02
-1.399398024741736919e-02
-1.399398192358907063e-02
-1.399397092282609299e-02
-1.399397474489812512e-02
-1.399397762616968501e-02
-1.399397452293667937e-02
-1.399397535437009975e-02
-1.399393865823385548e-02
-1.399395544125006316e-02
-1.399398822496593538e-02
-1.399399253691581933e-02
-1.399393114142867371e-02
-1.399394986870864874e-02
-1.399390219799864082e-02
-1.399390246942536567e-02
-1.399389431394594541e-02
-1.399389089271048554e-02
-1.399389113669423715e-02
-1.399391795453934148e-02
-1.399391926258988263e-02
-1.399395529984331747e-02
-1.399403022076852951e-02
-1.399402974947142053e-02
-1.399402699003597650e-02
-1.399401451656048095e-02
-1.399402064180960831e-02
-1.399402661899107857e-02
-1.399403380572057827e-02
-1.399403490559765137e-02
-1.399403616421971384e-02
-1.399402099176794145e-02
-1.399403489842816935e-02
-1.399402941847311191e-02
-1.399403326509362187e-02
-1.399402989303212205e-02
-1.399396839274827387e-02
-1.399396172771301926e-02
-1.399399000807323261e-02
-1.399398893688221304e-02
-1.399396011220518238e-02
-1.399401706844627738e-02
-1.399403798859255935e-02
-1.399405611844083304e-02
-1.399405611844083651e-02
-1.399411775803485573e-02
-1.399389911778545041e-02
-1.399389349073029351e-02
-1.399396385967110849e-02
-1.399393402815190049e-02
-1.399394023110273749e-02
-1.399396226812697763e-02
-1.399396467448967354e-02
-1.399393826422446786e-02
-1.399390142935481862e-02
-1.399390598149040724e-02
-1.399389058955741519e-02
-1.399390180904746400e-02
-1.399394647818280081e-02
-1.399392333773065780e-02
-1.399391937023227415e-02
-1.399391282677491834e-02
-1.399394931786029396e-02
-1.399395296195698503e-02
-1.399394594377633728e-02
-1.399393851695419910e-02
-1.399395030797544529e-02
-1.399392708842332744e-02
-1.399392855453101929e-02
-1.399393735569229129e-02
-1.399393308213878195e-02
-1.399391778371764615e-02
-1.399405195645326422e-02
-1.399402943666204838e-02
-1.399403906284602157e-02
-1.399404656376306358e-02
-1.399406209387276355e-02
-1.399406965726854128e-02
-1.399406829821469959e-02
-1.399405912230117233e-02
-1.399408465056072373e-02
-1.399406414847048814e-02
-1.399406364231100923e-02
-1.399406370055008252e-02
-1.399406686438101587e-02
-1.399406146994621770e-02
-1.399409331302505118e-02
-1.399416116703911667e-02
-1.399412372823713620e-02
-1.399413428000400618e-02
-1.399407205075880491e-02
-1.399419654974414472e-02
-1.399419875619735409e-02
-1.399419663819493655e-02
-1.399418722605819294e-02
-1.399421977122534272e-02
-1.399419050933680894e-02
-1.399417889670860268e-02
-1.399419048447568710e-02
-1.399419308688062275e-02
-1.399412666306931383e-02
-1.399417665496394472e-02
-1.399423431025822485e-02
-1.399421876028732366e-02
-1.399420500381355105e-02
-1.399418367834813319e-02
-1.399425034427279751e-02
-1.399421087981760070e-02
-1.399419867001194633e-02
-1.399424043808601519e-02
-1.399425216831394828e-02
-1.399439515882561387e-02
-1.399429376158160127e-02
-1.399435356188219806e-02
-1.399436176192959611e-02
-1.399430526200020827e-02
-1.399429258139046547e-02
-1.399431334221346197e-02
-1.399433269486876838e-02
-1.399432680550872013e-02
-1.399432661190181011e-02
-1.399427853311248360e-02
-1.399428238959800688e-02
-1.399426969890133106e-02
-1.399434821000900865e-02
-1.399420320109267396e-02
-1.399423224048612462e-02
-1.399425282032277541e-02
-1.399426347464129312e-02
-1.399427009463090864e-02
-1.399425889864396727e-02
-1.399428560277513924e-02
-1.399430517889593308e-02
-1.399424786570716873e-02
-1.399432592486079228e-02
-1.399433403904231862e-02
-1.399419864359337240e-02
-1.399420434687406040e-02
-1.399419832753730913e-02
-1.399419774991757064e-02
-1.399421027315520677e-02
-1.399421170531462040e-02
-1.399421391350616321e-02
-1.399418974527424399e-02
-1.399419419033806969e-02
-1.399419197146515963e-02
-1.399419068110190414e-02
-1.399422980830596942e-02
-1.399427123989477675e-02
-1.399426594908741509e-02
-1.399425321592428703e-02
-1.399425905103852084e-02
-1.399425331356457872e-02
-1.399425331356457698e-02
-1.399419410967064036e-02
-1.399420788925336695e-02
-1.399419785531887464e-02
-1.399423146425448142e-02
-1.399423662636182369e-02
-1.399391572894664176e-02
-1.399385086506738617e-02
-1.399385541335938961e-02
-1.399386128392716977e-02
-1.399384674647854120e-02
-1.399397575927047166e-02
-1.399379005140347770e-02
-1.399377482798015888e-02
-1.399430541998897791e-02
-1.399427669476678397e-02
-1.399432691460375695e-02
-1.399425385928428946e-02
-1.399428970722458622e-02
-1.399432398809869783e-02
-1.399437990855785519e-02
-1.399433158791849388e-02
-1.399439593923892597e-02
-1.399437682070196580e-02
-1.399436042290452299e-02
-1.399438808659000943e-02
-1.399429623971556146e-02
-1.399420034880179478e-02
-1.399420558113958005e-02
-1.399421600660463900e-02
-1.399420791957242498e-02
-1.399420451183730311e-02
-1.399418813837417612e-02
-1.399413351621500538e-02
-1.399412048113455112e-02
-1.399426260486887584e-02
-1.399426517772228706e-02
-1.399430202977645574e-02
-1.399429991758321425e-02
-1.399429092564613737e-02
-1.399430722741117940e-02
-1.399431114208743616e-02
-1.399431486882240019e-02
-1.399424499184419475e-02
-1.399425282366598654e-02
-1.399420774024863999e-02
-1.399427348613018103e-02
-1.399422154431471076e-02
-1.399423476322431137e-02
-1.399424554743758028e-02
-1.399424855364796855e-02
-1.399428959433708826e-02
-1.399427384760579436e-02
-1.399433024207527403e-02
-1.399432814571248060e-02
-1.399433549342445939e-02
-1.399431000807585534e-02
-1.399430825724747203e-02
-1.399430336263690969e-02
-1.399430764415716434e-02
-1.399429864488580151e-02
-1.399429339035727915e-02
-1.399427552639200163e-02
-1.399425509296339278e-02
-1.399426007753106632e-02
-1.399425491307711850e-02
-1.399423531341873958e-02
-1.399426330143450567e-02
-1.399424830809055213e-02
-1.399423195823903780e-02
-1.399425823554648063e-02
-1.399426647246515033e-02
-1.399425713308567049e-02
-1.399419129552519937e-02
-1.399409648192373283e-02
-1.399423545566264894e-02
-1.399431172037094405e-02
-1.399420104557796800e-02
-1.399417531871723769e-02
-1.399414493287650177e-02
-1.399422955603600582e-02
-1.399413440613782485e-02
-1.399405242454340205e-02
-1.399404822435254200e-02
-1.399388128440232429e-02
-1.399388399825924299e-02
-1.399372505973024358e-02
-1.399370905122739386e-02
-1.399368479559258936e-02
-1.399360580544713011e-02
-1.399362467492022005e-02
-1.399362338311697929e-02
-1.399362643439796584e-02
-1.399365111781859274e-02
-1.399366905297971288e-02
-1.399365751944767026e-02
-1.399360701054429626e-02
-1.399360917585892698e-02
-1.399357059503360257e-02
-1.399362791631446681e-02
-1.399369738476067757e-02
-1.399380612104459548e-02
-1.399380518428022281e-02
-1.399377099701014371e-02
-1.399373483148469086e-02
-1.399375684226652518e-02
-1.399381738305070615e-02
-1.399382632537116318e-02
-1.399387977089118149e-02
-1.399387812587570001e-02
-1.399383152660453773e-02
-1.399378948817454026e-02
-1.399421529077855657e-02
-1.399419849943713684e-02
-1.399418717890975328e-02
-1.399418944819622382e-02
-1.399421391560082620e-02
-1.399419900107751885e-02
-1.399420437458498423e-02
-1.399416989836560835e-02
-1.399415799181709212e-02
-1.399415853378125317e-02
-1.399418387192155264e-02
-1.399420272116742858e-02
-1.399420254270239937e-02
-1.399419221708928136e-02
-1.399416736908548446e-02
-1.399416841941471083e-02
-1.399417286239719969e-02
-1.399413318808134278e-02
-1.399412865441774720e-02
-1.399412260462355381e-02
-1.399428286694952457e-02
-1.399426564063677679e-02
-1.399427428646636377e-02
-1.399419807858802260e-02
-1.399419737479203583e-02
-1.399418265297083797e-02
-1.399418860828524451e-02
-1.399421631865778622e-02
-1.399412031183568626e-02
-1.399411310655141599e-02
-1.399410934479608341e-02
-1.399405114155881716e-02
-1.399406959587445008e-02
-1.399407544304091290e-02
-1.399407855184562656e-02
-1.399406034136584966e-02
-1.399405348550041527e-02
-1.399405128269027437e-02
-1.399404716600160213e-02
-1.399404522729426857e-02
-1.399406669604327455e-02
-1.399406791919833616e-02
-1.399405567176711246e-02
-1.399411614588652771e-02
-1.399412763651755424e-02
-1.399412167704765231e-02
-1.399410223758775981e-02
-1.399412872143401647e-02
-1.399408778152190155e-02
-1.399403457767847692e-02
-1.399404862195562961e-02
-1.399404993462800492e-02
-1.399405316013092523e-02
-1.399400773779608913e-02
-1.399402439485530891e-02
-1.399404359187235262e-02
-1.399404682072863913e-02
-1.399407936075214298e-02
-1.399407842726053085e-02
-1.399436718804423878e-02
-1.399439401168260655e-02
-1.399435210861569093e-02
-1.399426363313228949e-02
-1.399424240237948959e-02
-1.399425509454323147e-02
-1.399423110609184125e-02
-1.399421354010695583e-02
-1.399415530353689298e-02
-1.399416352243794751e-02
-1.399415405558938549e-02
-1.399418977536889819e-02
-1.399421267134676183e-02
-1.399422705193829539e-02
-1.399423193838464190e-02
-1.399417722222653579e-02
-1.399417896002678498e-02
-1.399422462936728354e-02
-1.399422024881494947e-02
-1.399422332409451346e-02
-1.399423627564836542e-02
-1.399417279919171891e-02
-1.399399258991681702e-02
-1.399396338600974836e-02
-1.399394940304900248e-02
-1.399417651834518501e-02
-1.399410917821123507e-02
-1.399413176428100473e-02
-1.399414329240638612e-02
-1.399425696981580931e-02
-1.399421887276144048e-02
-1.399427077885715201e-02
-1.399405760488941705e-02
-1.399417490159068043e-02
-1.399416840076382965e-02
-1.399415031155270238e-02
-1.399404911901780402e-02
-1.399432118636608109e-02
-1.399412544993887397e-02
-1.399412811463924232e-02
-1.399405787002456353e-02
-1.399404841677885300e-02
-1.399403885033866438e-02
-1.399405759703095664e-02
-1.399405682589732747e-02
-1.399402964910127778e-02
-1.399404947205856731e-02
-1.399416894195452780e-02
-1.399407533451415935e-02
-1.399419183237282302e-02
-1.399416415700091218e-02
-1.399415064239039642e-02
-1.399428301311003535e-02
-1.399429040063756430e-02
-1.399427164726409906e-02
-1.399426293425423164e-02
-1.399425164122131311e-02
-1.399424883212894988e-02
-1.399428050054733752e-02
-1.399429101120881411e-02
-1.399428099704862379e-02
-1.399424686658560027e-02
-1.416108147939008563e-02
-1.416118494747894280e-02
-1.416123564165618770e-02
-1.416158731951525605e-02
-1.416158250333934658e-02
-1.416136169048703118e-02
-1.416139263503043977e-02
-1.416151489349266011e-02
-1.416155122103200659e-02
-1.416163024094755155e-02
-1.416173854334227059e-02
-1.416181248824311886e-02
-1.416157575058980475e-02
-1.379713495441522997e-02
-1.379713495441524385e-02
-1.379712716114160805e-02
-1.379713354393569645e-02
-1.379715835245175388e-02
-1.379714971873296017e-02
-1.379725136636738604e-02
-1.379728076091865131e-02
-1.379720677578520106e-02
-1.379716104464794556e-02
-1.379709243555680108e-02
-1.379710489175651512e-02
-1.379714339079154799e-02
-1.379697437075527895e-02
-1.379722329365441064e-02
-1.379729837115966501e-02
-1.379731507614453782e-02
-1.379720180430942314e-02
-1.381882661450869153e-02
-1.381879106275856264e-02
-1.381875044886273114e-02
-1.381904339517163460e-02
-1.381904732555660521e-02
-1.381904721316978488e-02
-1.381902713422102774e-02
-1.381905723059621317e-02
-1.381869119996292049e-02
-1.381862341982529989e-02
-1.381857030857795016e-02
-1.381859346155928786e-02
-1.381871380300293828e-02
-1.381928640158656789e-02
-1.381931326839785056e-02
-1.381930108967636614e-02
-1.381929735050788609e-02
-1.381930071826089311e-02
-1.381932908381655958e-02
-1.381933477894035055e-02
-1.381924384009118947e-02
-1.381922570176738994e-02
-1.381922920990311457e-02
-1.381915969371877266e-02
-1.381924394916942377e-02
-1.381921084116905993e-02
-1.381921788299279689e-02
-1.381921788299281251e-02
-1.381986346008269757e-02
-1.381988582321740447e-02
-1.381990163778691605e-02
-1.381989777232237211e-02
-1.381985471561530433e-02
-1.381987443133626640e-02
-1.381987442665959590e-02
-1.381988850686214146e-02
-1.381988269404322428e-02
-1.381993849438362988e-02
-1.381990368573403523e-02
-1.381990861495354175e-02
-1.381986658192183547e-02
-1.381989234805675731e-02
-1.381988343156435005e-02
-1.381987454835617926e-02
-1.381988829173435608e-02
-1.381988186148721751e-02
-1.381987451264415044e-02
-1.381988416453937794e-02
-1.381987036677796016e-02
-1.381985788605097701e-02
-1.381986063181292121e-02
-1.381986787797895647e-02
-1.381987802651734806e-02
-1.381981645181599300e-02
-1.381976845293469633e-02
-1.381994275795861427e-02
-1.382002447622075920e-02
-1.381992636645118684e-02
-1.381995729937323877e-02
-1.381997438924648970e-02
-1.381996906649476421e-02
-1.381986767272438445e-02
-1.381994615697914632e-02
-1.381988346931990221e-02
-1.381979292138689822e-02
-1.381981549673984982e-02
-1.381972993884594998e-02
-1.381882348439843373e-02
-1.381877357154229560e-02
-1.381890576482128034e-02
-1.381876544990872160e-02
-1.381870701462445741e-02
-1.381878131460355895e-02
-1.381880690493606824e-02
-1.381876586011856686e-02
-1.381867679537259266e-02
-1.381864072838581009e-02
-1.381871470623623373e-02
-1.381951682002080170e-02
-1.381960209827798845e-02
-1.381959888222536459e-02
-1.381960285042884394e-02
-1.381962440818594942e-02
-1.381962327402674884e-02
-1.381962482287727237e-02
-1.381963455457059682e-02
-1.381963853252430804e-02
-1.381962772689172836e-02
-1.381960524874873558e-02
-1.381960479156014304e-02
-1.381953871673662071e-02
-1.381951800813570677e-02
-1.381968758238821642e-02
-1.381964295547269579e-02
-1.381966305999438212e-02
-1.396197711023225083e-02
-1.396220580450185760e-02
-1.396218281893755152e-02
-1.396219812100054324e-02
-1.396211648668060218e-02
-1.396213299487653048e-02
-1.396188481887590885e-02
-1.396204437526756340e-02
-1.396187233940695757e-02
-1.396187739762967325e-02
-1.396201069043454500e-02
-1.396175826582622161e-02
-1.396163991561434788e-02
-1.396563863552430229e-02
-1.396556775143702189e-02
-1.396559711685117430e-02
-1.396562163839731169e-02
-1.396557931625324635e-02
-1.396590720925809659e-02
-1.396582612733102483e-02
-1.396600300655598086e-02
-1.396640534588519840e-02
-1.396639993793510025e-02
-1.396639751550795769e-02
-1.396657888695367923e-02
-1.396645064699747300e-02
-1.396644304102913174e-02
-1.396622866901643494e-02
-1.396621314173358309e-02
-1.396625933631979316e-02
-1.396628185299087291e-02
-1.396616498186816803e-02
-1.396618964592492330e-02
-1.396637558400152905e-02
-1.396610054790335675e-02
-1.396596804661813344e-02
-1.396592799713058421e-02
-1.396595861361184937e-02
-1.396598035398297077e-02
-1.396599779414819942e-02
-1.396597995160362218e-02
-1.396614691930886040e-02
-1.396610455009159903e-02
-1.396612188419553077e-02
-1.396606062935438000e-02
-1.396612835182929092e-02
-1.396619656106185513e-02
-1.396618539592941327e-02
-1.396620743318004523e-02
-1.396620167137080717e-02
-1.396554120810885799e-02
-1.396557058777540654e-02
-1.396562469973094446e-02
-1.396566419291100057e-02
-1.396562476234505801e-02
-1.396552454551251710e-02
-1.396552142470458557e-02
-1.396553844874324699e-02
-1.396553596315854018e-02
-1.396554735308230821e-02
-1.396552627583803018e-02
-1.396551954175960508e-02
-1.396554670395803999e-02
-1.396553914548332061e-02
-1.396551540210073765e-02
-1.396550567499358492e-02
-1.396553649512750211e-02
-1.396555046267371203e-02
-1.396557598325759951e-02
-1.396556308335930585e-02
-1.396557692302195612e-02
-1.396552682458194160e-02
-1.396552129142409129e-02
-1.396565335568032522e-02
-1.396567412655041161e-02
-1.396567412655045845e-02
-1.396567411200257819e-02
-1.396571087907703956e-02
-1.396572541530051968e-02
-1.396560680725619438e-02
-1.396565318411808858e-02
-1.396567930316337976e-02
-1.396568662931547619e-02
-1.396560410261016121e-02
-1.396561045223004491e-02
-1.396559762366666319e-02
-1.396560747250034408e-02
-1.396562611190350217e-02
-1.396566882049639184e-02
-1.396561678318932083e-02
-1.396560605884847490e-02
-1.396561142629830499e-02
-1.396563140143864540e-02
-1.396559314535405702e-02
-1.396563166795771783e-02
-1.396560557550848708e-02
-1.396560901927390574e-02
-1.396556932458602358e-02
-1.396555943904821337e-02
-1.396557262031168298e-02
-1.396560755601460382e-02
-1.396559076788045882e-02
-1.396559404031638002e-02
-1.396551379855344444e-02
-1.396551200368066625e-02
-1.396550969158218657e-02
-1.396553737357398260e-02
-1.396538995211789834e-02
-1.396560418408874377e-02
-1.396557995458920856e-02
-1.396561763473604806e-02
-1.396543061969833521e-02
-1.396540848575330077e-02
-1.396541512668446339e-02
-1.396538330300968814e-02
-1.396537972966593530e-02
-1.396538167249846557e-02
-1.396539527185042436e-02
-1.396537600399079711e-02
-1.396539730955772066e-02
-1.396540912487937748e-02
-1.396542904692810692e-02
-1.396542239892323636e-02
-1.396539615935394121e-02
-1.396542569371155354e-02
-1.396541702938215897e-02
-1.396541035512939219e-02
-1.396542540140174350e-02
-1.396541929269582219e-02
-1.396542045977709583e-02
-1.396541250980168521e-02
-1.396540667302616223e-02
-1.396556866194450901e-02
-1.396557858987150340e-02
-1.396556676570916665e-02
-1.396557564256506109e-02
-1.396556586282106903e-02
-1.396563262431601074e-02
-1.396563133976428360e-02
-1.396564689018200446e-02
-1.396565278000559684e-02
-1.396565839938638046e-02
-1.396604137615720630e-02
-1.396601229841742953e-02
-1.396608985041731046e-02
-1.396547775285385783e-02
-1.396538976554890198e-02
-1.396552861022538200e-02
-1.396566909808246923e-02
-1.396566274943898331e-02
-1.396562973159954160e-02
-1.396563734648317151e-02
-1.396561661458770205e-02
-1.396562139733223927e-02
-1.396564738549091987e-02
-1.396579598323308656e-02
-1.396556658832060448e-02
-1.396566154607681645e-02
-1.396561456386704106e-02
-1.396562058599422687e-02
-1.396560453621970878e-02
-1.396564187192385342e-02
-1.396558258342437200e-02
-1.396557101271012416e-02
-1.396559290153669662e-02
-1.396561292760142153e-02
-1.396565571619193778e-02
-1.396552652197025589e-02
-1.396559873888434181e-02
-1.350049835918460187e-02
-1.350053810534103914e-02
-1.350052500579373808e-02
-1.350050962760135885e-02
-1.350050217859915733e-02
-1.350045231682468934e-02
-1.350044799826704590e-02
-1.350039584022893514e-02
-1.350050873485976639e-02
-1.350050343819611531e-02
-1.350053527478238709e-02
-1.350053548389372818e-02
-1.350050602048400751e-02
-1.350049415044358297e-02
-1.350046812010802059e-02
-1.350047120947144366e-02
-1.350047097793072998e-02
-1.350045471039450565e-02
-1.350041873094601740e-02
-1.350042128477479432e-02
-1.350041469171408409e-02
-1.350032527059743734e-02
-1.350037654497122236e-02
-1.350046343671752573e-02
-1.350044124775771036e-02
-1.344384393764772034e-02
-1.344389630749477302e-02
-1.344394230004859053e-02
-1.344393930677049986e-02
-1.344394274910649598e-02
-1.344388353891179042e-02
-1.344376687870109909e-02
-1.344380459299260137e-02
-1.344380902081472075e-02
-1.344380368576003973e-02
-1.344378382648061740e-02
-1.344380829942098607e-02
-1.344380416410362149e-02
-1.344379304809615976e-02
-1.344381474090112528e-02
-1.344388063804913616e-02
-1.344387112077392171e-02
-1.344386511729472704e-02
-1.344392056993619182e-02
-1.344391420028206129e-02
-1.344390436040391115e-02
-1.344391722827219943e-02
-1.344389304278784635e-02
-1.344386622675124501e-02
-1.344384451222378069e-02
-1.344387474374583377e-02
-1.344382207270997803e-02
-1.344384111250741462e-02
-1.344382185269236453e-02
-1.344386289402630698e-02
-1.344386928577354610e-02
-1.344390247474883809e-02
-1.344388427762211076e-02
-1.344386197037901812e-02
-1.344386024246346442e-02
-1.344386463388423138e-02
-1.344390373043322963e-02
-1.344390988612616591e-02
-1.344388144623548907e-02
-1.344389990785398864e-02
-1.344390817507750552e-02
-1.344386810892370457e-02
-1.344390386797295750e-02
-1.344394315726678973e-02
-1.344394571806752613e-02
-1.344389771275376379e-02
-1.344391340848559262e-02
-1.344393100132343366e-02
-1.344391676124867194e-02
-1.344391330429261025e-02
-1.344388428795606667e-02
-1.344392329953056874e-02
-1.344390376108106112e-02
-1.344394972612933392e-02
-1.344394624263846837e-02
-1.344386059648290666e-02
-1.344388452733744251e-02
-1.344339126676447060e-02
-1.344338188679458125e-02
-1.344336947014156645e-02
-1.344335446750951138e-02
-1.344335749614970765e-02
-1.344326637767550084e-02
-1.344327545091983031e-02
-1.344323869465991785e-02
-1.344337422711520957e-02
-1.344340330969496719e-02
-1.344340521441152007e-02
-1.344342288397742426e-02
-1.344343559917840492e-02
-1.344339400449624453e-02
-1.344338669846663337e-02
-1.344342353261780872e-02
-1.344331733461741687e-02
-1.344340720780443955e-02
-1.344334405001779836e-02
-1.344334985256564162e-02
-1.344332999429174828e-02
-1.344334154477495186e-02
-1.344332818096473023e-02
-1.344332904059350985e-02
-1.344336803046087235e-02
-1.344332458707672880e-02
-1.344332251338962482e-02
-1.344338752805437215e-02
-1.344337371382787680e-02
-1.344336847946543852e-02
-1.344328770016379841e-02
-1.344326361722067258e-02
-1.344328694687229112e-02
-1.344329812308149401e-02
-1.344328318189335139e-02
-1.344328231276711513e-02
-1.344338663234205186e-02
-1.344353537990394289e-02
-1.344352892174137566e-02
-1.344336644533750992e-02
-1.344366690684736972e-02
-1.344367916732095054e-02
-1.344369257287150038e-02
-1.344368729962046316e-02
-1.344366483453682086e-02
-1.344368853323822839e-02
-1.344369201851839703e-02
-1.344368368154535802e-02
-1.344368775317534778e-02
-1.344361441222450063e-02
-1.344361897333696231e-02
-1.344362034205197863e-02
-1.344368891064822054e-02
-1.344364738604256031e-02
-1.344363501415569984e-02
-1.344365708026023544e-02
-1.344365914262798598e-02
-1.344365920802953474e-02
-1.344363329444540033e-02
-1.344356601423231552e-02
-1.344369794576161931e-02
-1.344377884236197702e-02
-1.344378636088142988e-02
-1.344428911553399893e-02
-1.344427059635198811e-02
-1.344429073679818086e-02
-1.344431803969077695e-02
-1.344428148754629564e-02
-1.344436978296458148e-02
-1.344432768717363468e-02
-1.344433138074536960e-02
-1.344435160010375337e-02
-1.344430504781529007e-02
-1.344429257862737002e-02
-1.344395871709916195e-02
-1.344390812600744327e-02
-1.344385038795352025e-02
-1.344386211059921989e-02
-1.344390311144432262e-02
-1.119725687522526818e-02
-1.119736589756800509e-02
-1.119728300348740886e-02
-1.119720276964516863e-02
-1.119723036523261051e-02
-1.119720053207028977e-02
-1.119720113187286370e-02
-1.116548449514844638e-02
-1.116573419836169694e-02
-1.116567331602266039e-02
-1.116542134956195753e-02
-1.116510309859330627e-02
-1.116514118999467099e-02
-1.116530164596471128e-02
-1.116494164687386118e-02
-1.116506048566230300e-02
-1.116501044669676243e-02
-1.116453704944212096e-02
1.275949582568493973e-02
1.275958334931325856e-02
1.275963863274629483e-02
1.275954055144614546e-02
1.275950653358629699e-02
1.275988745712852528e-02
1.275950392144271223e-02
1.275969489748975116e-02
1.275959998694935205e-02
1.275968668795826773e-02
1.275958185719510384e-02
1.275967412835997059e-02
1.275902003254489846e-02
1.275910486262888700e-02
1.275909043625273256e-02
1.275928979953599128e-02
1.277937730683360515e-02
1.278004947754181851e-02
1.278004447728836243e-02
1.277946271713201534e-02
1.277950218772843337e-02
1.277874900386044045e-02
1.277870412898252789e-02
1.277877724330550059e-02
1.277904519137566808e-02
1.277868501337810388e-02
1.277866619755306174e-02
1.277875980494751033e-02
1.277897897680685575e-02
1.277895262879841579e-02
1.277874742812275775e-02
1.277879692635565216e-02
1.277681740377209496e-02
1.277691441812440175e-02
1.277687235770099371e-02
1.277685929686357864e-02
1.277690640509432027e-02
1.277695129086570819e-02
1.277695548242515668e-02
1.277697510419891803e-02
1.277684562752482919e-02
1.277665642951236399e-02
1.277658586355360192e-02
1.277629703324339484e-02
1.277636561562267396e-02
1.277332909450074397e-02
1.277327185155374169e-02
1.277333336039671377e-02
1.277340163499556154e-02
1.277335553049755920e-02
1.277331173412090196e-02
1.277343305082337052e-02
1.277309696963977240e-02
1.277324781261766386e-02
1.277280151854851345e-02
1.277270014468713175e-02
1.277270074245726722e-02
1.277269357459426963e-02
1.233364272118905348e-02
1.233372967316040750e-02
1.233377151126226201e-02
1.233386998283591586e-02
1.233369135301149583e-02
1.233363927883756109e-02
1.233324421026783628e-02
1.233339245093223110e-02
1.233341888303786729e-02
1.233334730226991020e-02
1.233333892571582789e-02
1.233336101287643011e-02
1.233372607712424941e-02
1.233325576907490055e-02
1.233346617471999494e-02
1.233293842309080533e-02
1.233289144517613935e-02
2.423584163702409595e-03
2.423466319915027183e-03
2.425124837847382475e-03
2.424502393460397764e-03
2.424473100542233299e-03
2.424190970488032063e-03
2.428606998536405291e-03
2.428013197712755155e-03
2.428081044542576561e-03
2.427977627172746896e-03
2.428203683906639959e-03
2.428354715031356796e-03
2.428274079003393468e-03
2.738011588898569930e-03
2.737958281579000105e-03
2.738008365183209301e-03
2.738027722177529232e-03
2.738006009556529907e-03
2.738009794354042629e-03
2.737997004303739049e-03
2.737982080809704764e-03
2.737998311077312081e-03
2.738040877459805081e-03
2.738029417381792653e-03
2.738129362151566285e-03
2.738100277459343083e-03
2.738050429538885049e-03
2.738077991400615033e-03
2.738095041551023325e-03
2.737851685416331678e-03
2.737860602976884949e-03
2.737883330201573533e-03
2.737791433616773833e-03
2.737707723125776087e-03
2.737820649303037736e-03
2.737711424108813917e-03
2.738334878233837904e-03
2.738316386630211107e-03
2.738381910551054062e-03
2.738397574985358424e-03
2.738372277587506134e-03
2.738168189962702278e-03
2.738266866823940368e-03
2.738294597328162685e-03
2.738294597328170925e-03
2.738294927614388138e-03
2.738331713242104799e-03
2.738341958736188134e-03
2.737989498364798348e-03
2.738134008431550304e-03
2.738127787596533486e-03
2.738078416748869915e-03
2.738153643515171820e-03
2.739299795337806192e-03
2.739339652579218451e-03
2.739400612592118433e-03
2.739532768347437142e-03
2.739567318373117843e-03
2.739555172366898821e-03
2.739541580622397235e-03
2.739555905502286288e-03
2.739499918544175024e-03
2.739457295269247250e-03
2.739447738960582718e-03
2.739432715869950536e-03
2.739393962832532142e-03
2.739444220229962038e-03
2.739441424765449822e-03
2.739449324350543089e-03
2.739223573788541252e-03
2.739221099384584347e-03
2.739218407396085044e-03
2.739287236155689160e-03
2.739271198396961773e-03
2.739270128583193385e-03
2.739266528846706194e-03
2.739251242929676648e-03
2.739201444726289351e-03
2.739207704381469832e-03
2.739213504429530155e-03
2.739233965360500945e-03
2.739224196445700591e-03
2.739217387411984391e-03
2.739231038610277693e-03
2.739236010468103742e-03
2.739268147005906144e-03
2.739283180703946507e-03
2.739286436661659586e-03
2.739279227197325035e-03
2.739294737986427367e-03
2.739258646258910593e-03
2.739132205719700414e-03
2.739276324722657308e-03
2.739307546337199292e-03
2.739293201951975391e-03
2.739283910245781436e-03
2.739290383773827515e-03
2.739302358356671910e-03
2.739157917164389451e-03
2.739134155210733862e-03
2.739036978876710840e-03
2.739036978876710840e-03
2.739094748780852070e-03
2.739039931629830976e-03
2.739031732239259522e-03
2.739083347387584206e-03
2.739068875352123136e-03
2.739021922828466758e-03
2.739028558438206824e-03
2.739081243367497576e-03
2.739581787597487710e-03
2.739605367044178896e-03
2.739676163652934437e-03
2.739639275969943822e-03
2.739625028656652878e-03
2.739586779931849157e-03
2.739640379338564250e-03
2.739619223953992065e-03
2.739608890178898623e-03
2.739596410465222967e-03
2.739601124495423014e-03
2.739595799422778460e-03
2.739603112313508931e-03
2.739606736280271026e-03
2.739601288414525698e-03
2.739609334009142447e-03
2.739637950587465141e-03
2.739568745146561592e-03
2.739718645369077117e-03
2.739558942417055862e-03
2.739903017215268403e-03
2.739869072126291730e-03
2.739912128010574960e-03
2.739904537663393879e-03
2.739900584675125997e-03
2.739843333076173032e-03
2.739895788842944529e-03
2.739855603663970181e-03
2.739863965106824253e-03
2.739875656637901294e-03
2.739823491481163231e-03
2.739764597398889907e-03
2.739773180727472085e-03
2.739765322101093969e-03
2.739779234469836254e-03
2.739780472263293395e-03
2.739772604951489637e-03
2.739841532931535945e-03
2.739766347501914646e-03
2.739754936682028876e-03
2.739758437243035739e-03
2.739758637162836505e-03
2.739749692650875548e-03
2.739775313255012491e-03
2.739781445658139025e-03
2.739774641741476308e-03
2.739783817618186672e-03
2.739802396313559610e-03
2.739787374999322431e-03
2.739780667805040686e-03
2.739103878993248524e-03
2.739202038472834770e-03
2.738876705284825231e-03
2.738608621245238860e-03
2.738510705795029181e-03
2.739083544088076472e-03
2.739054514502935363e-03
2.739071077900499026e-03
2.739019199914888118e-03
2.739021438434814833e-03
2.738966405231747260e-03
2.738989355521693082e-03
2.738976358208582759e-03
2.738972609468077243e-03
2.739060477487519334e-03
2.739199812355154386e-03
2.739223629938882573e-03
2.739158710826509417e-03
2.739153042800451365e-03
2.739226017403318357e-03
2.739234104740500240e-03
2.739232722849960309e-03
2.739212254960390457e-03
2.739298604011327753e-03
2.739280196694758324e-03
2.739220752261804608e-03
2.739217189373276129e-03
2.739223132042126196e-03
2.739243919447690006e-03
2.739258074868823872e-03
2.739262581762708006e-03
2.739258684238017865e-03
2.739245888038871132e-03
2.739232763071694238e-03
2.739257449618830165e-03
2.739262700123127128e-03
2.739226159268327680e-03
2.739211765456388455e-03
2.739219921340496286e-03
2.739228664990740227e-03
2.739222267253771121e-03
2.739221500686994052e-03
2.739200599312611485e-03
2.739201323353120023e-03
2.739234288495783366e-03
2.739200151127040798e-03
2.739203555918760628e-03
2.739210932025937500e-03
2.739192846978038588e-03
2.739214134847141931e-03
2.739244638563529365e-03
2.739223563935128461e-03
2.739181993002444415e-03
2.739184463166808702e-03
2.739259993968192006e-03
2.739268834735414035e-03
2.739298384873781102e-03
2.739285986117233167e-03
2.739228792646705886e-03
2.739234366298015470e-03
2.739242534918770108e-03
2.739234249765872160e-03
2.739226226806359705e-03
2.739234084256685076e-03
2.743778027261739409e-03
2.743945330347879498e-03
2.743857433387117579e-03
2.743820871735210172e-03
2.743826772845175434e-03
2.743811847409243117e-03
2.743817775625257988e-03
2.743792793315991563e-03
2.743819483096648828e-03
2.743789129487790232e-03
2.743784066152557370e-03
2.743736090605328019e-03
2.743896805831988386e-03
2.743879939439758039e-03
2.743787622813670130e-03
2.743810173218886889e-03
2.743797249221618245e-03
2.743718737528513547e-03
2.743785472772216228e-03
2.743792363392243052e-03
2.743799712581657634e-03
2.743813596652930082e-03
2.743775712200792645e-03
2.743821817432204411e-03
2.743777097122481259e-03
2.743705815762240673e-03
2.743722251133994764e-03
2.743708014806256132e-03
2.743746558252959950e-03
2.743901353003025227e-03
2.743735661982632523e-03
2.743609473292745859e-03
2.743727295783578244e-03
2.743784828540839649e-03
2.743756734772005365e-03
2.744010410638755056e-03
2.743997400384631021e-03
2.743985804135988266e-03
2.744009518304414957e-03
2.744018567114195860e-03
2.743928586080059562e-03
2.743998869496174376e-03
2.743994271897016654e-03
2.743868282838056796e-03
2.743875386237997101e-03
2.743874798389279047e-03
2.743826963353368856e-03
2.743858732556799136e-03
2.743808401366714528e-03
2.743870241873039208e-03
2.743854818447265254e-03
2.743867278258813654e-03
2.743920385862173329e-03
2.743916067075972704e-03
2.743857791063562031e-03
2.743849766460824957e-03
2.743842267271700674e-03
2.743831389318375676e-03
2.743873453784465271e-03
2.743774731512744081e-03
2.743792400175365607e-03
2.743804272947581498e-03
2.743802158308889048e-03
2.743821485120911344e-03
2.743853467189814703e-03
2.743846842649437078e-03
2.743837087774441633e-03
2.743825052824771984e-03
2.743828325809413108e-03
2.743828942572147742e-03
2.743823859935036642e-03
2.743805176646129784e-03
2.743802746625239111e-03
2.743797363101481250e-03
2.743787938158590879e-03
2.743783422879656278e-03
2.743815220919279107e-03
2.743793355249520352e-03
2.743803181081907669e-03
2.743761946372056185e-03
2.743744162155624215e-03
2.743777105524153846e-03
2.743789875826830715e-03
2.743784656260164680e-03
2.743796987604465824e-03
2.743819579203601085e-03
2.743768133132909372e-03
2.743772948380084325e-03
2.743773066177314195e-03
2.743775208628249172e-03
2.743772893346452160e-03
2.743772155982010085e-03
2.743819360726994921e-03
2.743860942858425325e-03
2.743868389876189494e-03
2.743843299457089484e-03
2.743838649507542114e-03
2.743839807146549771e-03
2.743847039443417495e-03
2.743841360556061905e-03
2.743852890261075546e-03
2.743851497934737555e-03
2.743868184810705803e-03
2.743856302449713090e-03
2.743929925632503358e-03
2.743781056998238418e-03
2.743806267117206502e-03
2.743795352995299919e-03
2.743829613807514511e-03
2.743823382404226175e-03
2.743831776706054468e-03
2.743891158777526755e-03
2.743901993010099041e-03
2.743814908782538607e-03
2.743811064863138811e-03
2.743800147428457695e-03
2.743889017704807896e-03
2.743817824649576013e-03
2.743826430399787849e-03
2.743813894420703628e-03
2.743822613890264505e-03
2.743825186547201814e-03
2.743857520135634370e-03
2.743840654028376156e-03
2.743885657699318779e-03
2.743838127278154775e-03
2.743843369568947210e-03
2.743831624690378380e-03
2.743831677637894109e-03
2.743874107138667175e-03
2.743862202399803205e-03
2.743857377990261640e-03
2.743823076188844565e-03
2.743843111685757147e-03
2.743823383586747704e-03
2.743835577842135710e-03
2.743844367266225302e-03
2.743842646260021001e-03
2.743837461746670252e-03
2.743846037036297512e-03
2.743831509343743359e-03
2.743828854535492953e-03
2.743817144166148594e-03
2.743967282124129548e-03
2.744127377082104975e-03
2.744129789595201388e-03
2.744177510495523879e-03
2.744150127787074647e-03
2.744194238909258409e-03
2.740442090391489484e-03
2.740491884814591668e-03
2.740418464327553077e-03
2.740322565685588112e-03
2.740229429948731841e-03
2.740213336488750515e-03
2.740232429322218399e-03
2.740304039753165433e-03
2.740328157741713563e-03
2.740289356416471343e-03
2.740217753851166473e-03
2.740270435376708589e-03
2.740317187744716401e-03
2.740086431430684664e-03
2.740157074309021185e-03
2.739769769955537667e-03
2.739785332374359596e-03
2.739766670758257781e-03
2.739771103436613228e-03
2.739449358894045262e-03
2.739425679707687463e-03
2.739406781064610778e-03
2.739324788305582282e-03
2.739466614071049515e-03
2.739464059057140303e-03
2.739364818737106098e-03
2.741401476860555464e-03
2.741413744141947550e-03
2.741398709494494330e-03
2.741420464457181537e-03
2.741413616459296640e-03
2.741361742382407603e-03
2.741372883567801122e-03
2.741387787350831745e-03
2.741386283924510375e-03
2.741396766717493425e-03
2.741407598179261725e-03
2.741381599339880876e-03
2.741381302186091020e-03
2.741421866879934551e-03
2.741430753633170188e-03
2.741451892373277920e-03
2.741447178125323673e-03
2.741431069631536984e-03
2.741359713066245010e-03
2.741495905967570538e-03
2.741474111887900675e-03
2.741453129554486962e-03
2.741493485844218817e-03
2.741492261971680781e-03
2.741263875329845359e-03
2.741281934857207631e-03
2.741366155199953004e-03
2.741393217980114816e-03
2.741936374856463517e-03
2.741846681542102742e-03
2.742044168029226722e-03
2.741957696723076529e-03
2.742007167013532642e-03
2.741989948280951390e-03
2.741949767715775102e-03
2.741951967680433463e-03
2.741954505881753594e-03
2.741961598460017878e-03
2.741924371900314981e-03
2.741957972722642613e-03
2.741952524626905911e-03
2.741969592741014174e-03
2.741974265961679216e-03
2.741951929693258860e-03
2.741917216503613614e-03
2.741813016524914312e-03
2.741800532177308698e-03
2.741966988355437618e-03
2.741887082658371177e-03
2.741937497086903604e-03
2.741974134432226956e-03
2.741963498868404958e-03
2.741996591256818695e-03
2.741936468971574621e-03
2.742017836893035580e-03
2.742027986586172313e-03
2.741975230207305270e-03
2.742016530388078840e-03
2.742042338715149335e-03
2.742054730358474933e-03
2.742012746213480599e-03
2.741973269494568568e-03
2.741929515384070211e-03
2.741942606787175878e-03
2.741967443520479126e-03
2.741873655171748157e-03
2.741867675830614824e-03
2.741661201864948206e-03
2.741614979745814716e-03
2.741592187933916420e-03
2.741645800579205813e-03
2.741653073895742102e-03
2.741647204867442289e-03
2.741731810391085256e-03
2.741718373018368557e-03
2.741733108072408331e-03
2.741731278978822104e-03
2.741722777336006150e-03
2.741711929372440092e-03
2.741732705064051177e-03
2.741723966947166163e-03
2.741740769319228437e-03
2.741635552450327317e-03
2.741559860278088533e-03
2.741583169828406240e-03
2.741624912996896632e-03
2.741601180574232410e-03
2.741628259355287974e-03
2.741618544161096745e-03
2.741610127100801465e-03
2.741616152215777848e-03
2.741701230537099861e-03
2.741720196364285083e-03
3.588639868538350420e-03
3.588664895153720769e-03
3.588750946705759285e-03
3.588751466154993779e-03
3.567017468756308960e-03
3.567051771070019802e-03
3.567121827764422898e-03
3.567122690013287221e-03
3.567021218314509780e-03
3.567007625841178871e-03
3.567026196694477163e-03
3.567005867614922443e-03
3.567002429584858678e-03
3.567023796255943888e-03
3.567068635064097291e-03
3.567030242656281901e-03
3.567032640929923646e-03
3.566996273729636409e-03
3.567010530807008823e-03
3.567014397292665208e-03
3.566991077333998839e-03
3.566992556680991400e-03
3.566972561733954342e-03
3.567001497671383903e-03
3.567004973391763815e-03
3.566988540575535827e-03
3.567038475497635863e-03
3.567032101561657016e-03
3.566935180976220799e-03
3.566952313790814483e-03
3.566954974328327439e-03
3.566957987366915165e-03
3.566950868268767370e-03
3.566973084799629316e-03
3.566935855486343468e-03
3.566954481342455695e-03
3.566954043549386538e-03
3.566877220306626222e-03
3.566929072917294965e-03
3.566930161574697038e-03
3.566929306185114522e-03
3.567082213339194900e-03
3.567083150296283204e-03
3.567069344189211823e-03
3.567110962874643371e-03
3.566986732181755184e-03
3.567060530768356719e-03
3.566999993630458679e-03
3.566994608724677416e-03
3.566975496793457507e-03
3.566894155868504009e-03
3.566930518976838774e-03
3.566972657419023585e-03
3.566988729188062032e-03
3.567019230875149993e-03
3.567030584206724777e-03
3.567008553335761310e-03
3.567023784305547920e-03
3.566996320969164237e-03
3.567018091947470829e-03
3.567034354453910844e-03
3.567042655443876126e-03
3.566989399414440334e-03
3.566968895940002097e-03
3.566944283454266847e-03
3.566958889227154865e-03
3.566941940363311647e-03
3.566949127834816331e-03
3.566954308733445711e-03
3.566942474946567781e-03
3.561365318449174946e-03
3.561382998500298592e-03
3.561332356786645319e-03
3.561376891761887636e-03
3.561941491484908653e-03
3.561992839734557433e-03
3.561990872647725903e-03
3.561992069903254128e-03
3.562014616801404288e-03
3.561987375576996986e-03
3.562036517233371346e-03
3.562076629150021101e-03
3.562017475761169397e-03
3.562049681256904479e-03
3.562005653938433818e-03
3.561983161083985463e-03
3.561982703545172636e-03
3.562005853541586834e-03
3.562094493154934014e-03
3.562046488045315668e-03
3.561964116164944346e-03
3.562679531229230329e-03
3.563018982813778539e-03
3.562809773478419883e-03
3.562622764893816352e-03
3.562275842411358716e-03
3.562509547019367031e-03
3.562038027036562235e-03
3.561784520669142480e-03
3.561815519412507222e-03
3.561803684742858873e-03
3.561865579117556857e-03
3.561865873869584764e-03
3.561870356197038845e-03
3.561871772309298419e-03
3.561883575148242029e-03
3.561923093279302510e-03
3.561576456784419642e-03
3.561582882134657190e-03
3.561605638696026862e-03
3.561609355733985540e-03
3.561230224351969592e-03
3.561293297023887354e-03
3.561318454230301758e-03
3.561233198197785894e-03
3.560501148639540116e-03
3.561783325768108459e-03
3.561787548569963179e-03
3.561758836379012860e-03
3.562010128067077345e-03
3.562017352710237974e-03
3.562302744534435670e-03
3.562148144252117420e-03
3.562143605744389797e-03
3.562148864418966318e-03
3.562170694056624592e-03
3.562150689184624339e-03
3.562221918815302018e-03
3.562105832289117271e-03
3.562110737752591499e-03
3.562111926548163464e-03
3.562165399971539345e-03
3.562525597318589535e-03
3.562485808733831857e-03
3.562347082178898231e-03
3.562250719421804126e-03
3.562334481848762613e-03
3.562352455523060211e-03
3.562340411544836615e-03
3.562276295205293875e-03
3.562266735534404781e-03
3.562252597888229504e-03
3.562317133469620513e-03
3.562294654593900056e-03
3.562299465347813776e-03
3.562234379285713574e-03
3.562254634896898885e-03
3.562127588514363112e-03
3.562114700461971317e-03
3.562176069075162488e-03
3.562182448758823613e-03
3.562260106558265936e-03
3.562312904787083134e-03
3.562337985913263845e-03
3.562309667918242030e-03
4.828365600068375459e-03
4.828681186576584509e-03
4.828547270472598185e-03
4.828372518004490042e-03
4.828425405384161040e-03
4.828432872943001428e-03
4.828408930054892655e-03
4.828636937485999286e-03
4.828606212965516793e-03
4.828582757027775202e-03
4.828532270953720361e-03
4.828672024294318292e-03
4.828689189771714560e-03
4.828674007619593138e-03
4.825060350086817114e-03
4.825082199930245605e-03
4.825075336413439490e-03
4.825074092138470841e-03
4.825030119451580689e-03
4.825107964191140478e-03
4.825136058888980332e-03
4.825131793847033980e-03
4.825208049565049215e-03
4.825270683247034030e-03
4.825264197620618770e-03
4.825170525902580318e-03
4.825163851324230230e-03
4.825153035478652562e-03
4.825167244092637593e-03
4.825179219203909117e-03
4.825024974485545015e-03
4.824751552085546936e-03
4.824832025319080418e-03
4.824996420960221341e-03
4.825074538677337488e-03
4.825029872685731615e-03
4.825135664476006697e-03
4.825143969982463761e-03
4.825062491602714020e-03
4.825059737699493971e-03
4.825055466634562557e-03
4.825063514412022622e-03
4.831015376018167259e-03
4.830979564034184812e-03
4.831203001537692776e-03
4.831178956071140000e-03
4.831174935955608735e-03
4.831018218015958009e-03
4.831034556806451316e-03
4.831008160641520402e-03
4.830911943654534087e-03
4.830923484505542445e-03
4.830968050551096883e-03
4.830970460089008961e-03
4.830965753558265699e-03
4.830912465803745975e-03
4.830924560024196616e-03
4.830930542789318473e-03
4.830931724584267700e-03
4.830937456411895682e-03
4.830953809850890152e-03
4.830920714265851158e-03
4.830914686360132312e-03
4.830915509476308226e-03
4.830932643729701943e-03
4.830938637205016949e-03
4.830938499255412084e-03
4.830933761145572714e-03
4.830912043695812300e-03
4.830951494206894153e-03
4.830960542185624117e-03
4.830998874353605553e-03
4.831048599450689721e-03
4.831107887431594639e-03
4.830973767416820754e-03
4.831019940853232761e-03
4.831022606916222928e-03
4.831042665872508843e-03
4.831074120449524792e-03
4.831074765748385146e-03
4.831156532427288534e-03
4.831140275194255665e-03
4.831170622350153265e-03
4.831182373958186303e-03
4.831150256199837588e-03
4.831153062747663325e-03
4.830969913921927782e-03
4.830971504757354713e-03
4.831011882173909082e-03
4.831012656674816066e-03
-1.111965620675191106e-02
-1.111965364596986632e-02
-1.111976536723191349e-02
-1.111977159289843919e-02
-1.111974328329213418e-02
-1.111980246959178020e-02
-1.111989859372361847e-02
-1.111988728677077223e-02
-1.111990585337542525e-02
-1.111994339942519103e-02
-1.111986861271222621e-02
-1.111988147919749231e-02
-1.111992486580146329e-02
-1.111979303092996280e-02
-1.111979178548956962e-02
-1.111917190623430696e-02
-1.111905019196855228e-02
-1.111907900575201565e-02
-1.111910483084610317e-02
-1.111910548170584254e-02
-1.111905397098244576e-02
-1.111906758439141184e-02
-1.111905257834545739e-02
-1.111894211060361626e-02
-1.111904961720914728e-02
-1.111888998498147992e-02
-1.111898572893851682e-02
-1.111889935657519625e-02
-1.111908649001553014e-02
-1.111893861379311711e-02
-1.111893795013601909e-02
-1.111893877213592473e-02
-1.111892002222008430e-02
-1.111974645507045334e-02
-1.111896949974508497e-02
-1.111900807419080942e-02
-1.111882852149569632e-02
-1.111899013192891791e-02
-1.111937100709809584e-02
-1.111945753070317858e-02
-1.111920286062432518e-02
-1.111916120838691950e-02
-1.111923930439691344e-02
-1.111928181708807598e-02
-1.111928214649855577e-02
-1.111921943213967263e-02
-1.111924229264886141e-02
-1.111922723945758806e-02
-1.111932172128998059e-02
-1.111930058959101526e-02
-1.111923552655743642e-02
-1.111925722433548640e-02
-1.111914805829174180e-02
-1.111907175266995708e-02
-1.111913769585211667e-02
-1.111938243838138211e-02
-1.111938437134469930e-02
-1.111926928816732961e-02
-1.111925877556471480e-02
-1.111933378464656681e-02
-1.111935807502649129e-02
-1.111937982948866220e-02
-1.111930409083373462e-02
-1.111936836492658648e-02
-1.111928656465051811e-02
-1.111928049258263315e-02
-1.111929568902015643e-02
-1.111931379658002116e-02
-1.111931996301834119e-02
-1.111929375611755803e-02
-1.111929969381150740e-02
-1.111868301240849337e-02
-1.111877305508275626e-02
-1.111860726478626667e-02
-1.111884447152741359e-02
-1.111883683354879422e-02
-1.111869296268593564e-02
-1.111876380074263045e-02
-1.111909606410507907e-02
-1.111909945563367523e-02
-1.111907312859010226e-02
-1.111908577598823104e-02
-1.111907837726917696e-02
-1.111906154943357629e-02
-1.111898268168816893e-02
-1.111911746874989261e-02
-1.111892087051415991e-02
-1.111891630890376841e-02
-1.111890308534757912e-02
-1.111889596029568862e-02
-1.111890128114761435e-02
-1.111876697617368050e-02
-1.111881596517194995e-02
-1.111888123213325766e-02
-1.111893355586868366e-02
-1.111893626368743934e-02
-1.111896520314037753e-02
-1.111891793330656124e-02
-1.111885270105259470e-02
-1.111885866909347910e-02
-1.111896508355482427e-02
-1.111894292281316241e-02
-1.111884762914244762e-02
-1.111884476765926354e-02
-1.111890605624651571e-02
-1.111890034911116633e-02
-1.111891778832889942e-02
-1.111893882600146176e-02
-1.111892573696715049e-02
-1.111891139838136998e-02
-1.111889823776737035e-02
-1.111892562244136927e-02
-1.111896481930035527e-02
-1.111904759045554379e-02
-1.111904256383166797e-02
-1.111906278113733437e-02
-1.111902956524038651e-02
-1.111870663292237847e-02
-1.111869184350785730e-02
-1.111869642598042711e-02
-1.111868696593722346e-02
-1.111866924195779524e-02
-1.111868000243001510e-02
-1.111866660100983666e-02
-1.111873798897345181e-02
-1.111871543963993680e-02
-1.111874361889774593e-02
-1.111874844599636085e-02
-1.111875370185668940e-02
-1.111875967297145350e-02
-1.111881385395099842e-02
-1.112784324488592068e-02
-1.112782314766674885e-02
-1.112824223561001066e-02
-1.112823095927958569e-02
-1.112846881077221572e-02
-1.112844078442763729e-02
-1.112856368989410469e-02
-1.112840372103705150e-02
-1.112855516856272632e-02
1.764622160655614572e-02
1.764626865033429998e-02
1.764634820213898184e-02
1.764606873851465307e-02
1.764640963289195938e-02
1.764611540340729409e-02
1.764605561580529294e-02
1.764608041208391709e-02
1.764600048512462993e-02
1.764601926236063212e-02
1.764599492899309244e-02
1.764609544327718979e-02
1.764589420891422844e-02
1.764594530507896872e-02
1.764593243252146962e-02
1.764593372111495154e-02
1.764593139921028300e-02
1.764591846621718640e-02
1.764592752789310645e-02
1.764590569887440966e-02
1.764585637035493912e-02
1.764590969787460661e-02
1.764596732018434977e-02
1.764615196007751977e-02
1.764612539554830106e-02
1.764613462308992770e-02
1.764601687800764276e-02
1.764604257411895097e-02
1.764603756069321044e-02
1.764596887709590778e-02
1.764599167362862833e-02
1.764600585486738107e-02
1.764618271859013515e-02
1.764618983595524909e-02
1.764627165498962313e-02
1.764621892843523318e-02
1.764621624343581247e-02
1.764627623244200902e-02
1.764626385216774840e-02
1.764637793217483513e-02
1.764631480449723594e-02
1.760315113216805866e-02
1.760139123924418098e-02
1.760144187843986491e-02
1.760142566687324106e-02
1.760125880640644666e-02
1.760132105451403181e-02
1.760131270193713085e-02
1.760141279802983003e-02
1.760139675076844573e-02
1.760136505750206290e-02
1.760135445060002565e-02
1.760147699056660922e-02
1.760141733231221361e-02
1.760130220861757383e-02
1.760194544339717046e-02
1.760196813808352287e-02
1.760212222712757846e-02
1.760212024260353336e-02
1.760211538445983007e-02
1.760210415729414682e-02
1.760214725128025556e-02
1.760215850047162911e-02
1.760205628780591239e-02
1.760209688867308067e-02
1.760206732967478996e-02
1.760213599097786019e-02
1.760206983407686804e-02
1.760210032013568779e-02
1.760216776640550693e-02
1.760215957860833055e-02
1.760229230893869609e-02
1.760229950283922346e-02
1.760230653968485395e-02
1.760220269184281650e-02
1.760225275857111443e-02
1.760246620673417903e-02
1.760247573278866245e-02
1.760233161254935036e-02
1.760197775252636543e-02
1.760205109153176878e-02
1.759800264922372487e-02
1.759809855646578616e-02
1.759834728336914442e-02
1.759822008548315997e-02
1.759823328682114801e-02
1.759822300957549976e-02
1.759823017905596740e-02
1.759828029056554125e-02
1.759836360932330243e-02
1.759824945337810920e-02
1.759823494695822096e-02
1.759817597962148872e-02
1.759820058732802089e-02
1.759820127052902708e-02
1.759819452773246293e-02
1.759831133347458318e-02
1.759831138535752210e-02
1.759842735139176273e-02
1.759842216503530038e-02
1.759840122067647672e-02
1.759836679545916452e-02
1.759836476818962478e-02
1.759837535717687085e-02
1.759827616093144129e-02
1.759823166679853543e-02
1.759810428942376256e-02
1.759823408090997743e-02
1.759817132596352279e-02
1.759824085302013133e-02
1.759823052291101253e-02
1.759831840980125711e-02
1.759831358189704875e-02
1.759633215658409217e-02
1.759634783038152572e-02
1.759634295890413411e-02
1.759632146197619498e-02
1.759638468877149087e-02
1.759635276763369879e-02
1.759631528536263409e-02
1.759633288546755270e-02
1.759629293380438053e-02
1.759631322278591356e-02
1.759633467230422438e-02
1.759633410319849656e-02
1.759629874567055288e-02
1.759632722462760313e-02
1.759640191303792067e-02
1.759634621191212903e-02
1.759636659875025294e-02
1.759638241516779666e-02
1.759635321792398649e-02
1.759638624091484221e-02
1.759630442107307582e-02
1.759636414648521260e-02
1.759638457531618669e-02
1.759638175605960156e-02
1.759637531298293908e-02
1.759620934941765261e-02
1.759618902522796721e-02
1.759620082744100394e-02
1.759624987406338895e-02
1.759622549232962851e-02
1.759623556619644216e-02
1.759624866874534913e-02
1.759616543456964458e-02
1.759616167415423496e-02
1.759622668018466854e-02
1.759618709782229812e-02
1.759620208456828122e-02
1.759620237806186135e-02
1.759620152297582465e-02
1.759620106633478370e-02
1.759620415167306370e-02
1.759618893145086654e-02
1.759619411611173731e-02
1.759620225341658462e-02
1.759620372730327439e-02
1.759620372730328133e-02
1.759623724161194988e-02
1.759625932737922047e-02
1.759621072407566156e-02
1.759625086272587416e-02
1.759632554897199927e-02
1.759626913741616991e-02
1.759609466044950027e-02
1.759615609445034159e-02
1.759620490659053599e-02
1.759619295666144459e-02
1.759611904197919130e-02
1.759613476876860719e-02
1.759610972565218284e-02
1.759609581412283075e-02
1.759605973185520561e-02
1.759611724010527734e-02
1.759605847386693650e-02
1.759606519821213869e-02
1.759610632746999581e-02
1.759612017584815530e-02
1.759610213243998841e-02
1.759612605792854403e-02
1.759613286556347897e-02
1.759612923433166026e-02
1.759612622542550478e-02
1.759611024419617531e-02
1.759622138019579715e-02
1.759624507746367431e-02
1.759622847882683083e-02
1.759624570302328883e-02
1.759621810621422519e-02
1.759618198468865247e-02
1.759622842662238867e-02
1.759622212502907901e-02
1.759623420090924636e-02
1.759620701750240490e-02
1.759619881765761215e-02
1.759621526632105040e-02
1.759633606425970234e-02
1.759631647691234368e-02
1.759633753745330070e-02
1.759630815220348046e-02
1.759630351772788551e-02
1.759629895985259651e-02
1.759628230779711547e-02
1.759628709562873969e-02
1.759628457816491895e-02
1.759626481481304031e-02
1.759626503444781248e-02
1.759626794820953744e-02
1.759621709215899305e-02
1.759625035473496094e-02
1.759624253319626991e-02
1.759623236355809667e-02
1.759626491181021102e-02
1.759627532496993094e-02
1.759626050903228753e-02
1.759626235708388123e-02
1.759618059778307597e-02
1.759619241808595483e-02
1.759619778511456456e-02
1.759614146426612818e-02
1.759618815017598842e-02
1.759619749734375738e-02
1.759615435217785212e-02
1.759625509114455533e-02
1.759671585671537461e-02
1.759671500565490945e-02
1.759672755281452630e-02
1.759674564036129221e-02
1.759889780813040511e-02
1.759885471782122318e-02
1.759885093889181074e-02
1.759885201431644203e-02
1.759888811579351023e-02
1.759894060009441208e-02
1.759887701760932954e-02
1.759887732300409804e-02
1.759895770741400772e-02
1.759914116278815319e-02
1.759915392415995275e-02
1.759886162696442519e-02
1.759887918968007503e-02
1.759899137551742404e-02
1.759876264490932082e-02
1.759876151661130331e-02
1.759880399257488653e-02
1.759882582318033836e-02
1.759840693251218252e-02
1.759840954265611684e-02
1.759833603520461615e-02
1.759836669202380355e-02
1.759828177467341950e-02
1.759828301698066269e-02
1.759842432938961421e-02
1.759831939362589692e-02
1.759843161714947160e-02
1.759840036003611913e-02
1.759830883328711640e-02
1.759840496360665432e-02
1.759820748236784818e-02
1.759839157644740512e-02
1.759815288140900713e-02
1.759810768902341990e-02
1.759798040636228328e-02
1.759797149105184894e-02
7.785809991840390507e-03
7.785301240561303196e-03
7.785327349776693592e-03
7.785332595251784338e-03
7.785153502968318422e-03
7.785193465237957682e-03
7.785178256433918607e-03
7.785322180779149365e-03
7.785558214402619505e-03
7.785465213690860239e-03
7.785433486583798884e-03
7.785274451219018760e-03
7.785204825948127162e-03
7.785264905416235982e-03
7.785347535342306696e-03
7.785288393679689126e-03
7.785312160031808947e-03
7.785264826864624586e-03
7.785262063470953578e-03
7.785146343080310422e-03
7.785170223045164047e-03
7.785194251278195789e-03
7.785165365366240875e-03
7.785188975371783518e-03
7.785163700501004751e-03
7.785164137067666044e-03
7.785090844856311365e-03
7.785090049915650325e-03
7.785138300866773810e-03
7.785068965663559555e-03
7.785213365437149320e-03
7.785150474848962464e-03
7.785308226341020044e-03
7.785346844934534945e-03
7.784760905354150967e-03
7.784900104004266116e-03
7.784500927532999812e-03
7.777068451667110659e-03
7.777060615223253988e-03
7.777176372847660092e-03
7.777055254833444009e-03
7.777031167952874052e-03
7.777153996221634023e-03
7.777815716263270472e-03
7.778201894148263455e-03
7.778043272561632228e-03
7.776015034180185428e-03
7.776053813843453351e-03
7.776166045604018980e-03
7.776197110302904281e-03
7.776183789936194461e-03
7.776188148362190439e-03
7.776146867054705217e-03
7.776196411451954948e-03
7.776223769060406146e-03
7.776196238681159882e-03
7.776221168999658713e-03
7.776191437739409830e-03
7.776194016938311158e-03
7.776201746755035359e-03
7.776198211287136883e-03
7.776213316039349774e-03
7.776250979417766683e-03
7.776253377947146134e-03
7.776248405624887339e-03
7.776248658185200280e-03
7.776279767704914921e-03
7.776298643941590219e-03
7.776292427076090391e-03
7.776288593302755139e-03
7.776272276780506372e-03
7.776246068742513964e-03
7.776256711815545362e-03
7.776239337917080496e-03
7.776212002732866245e-03
7.776210915741112693e-03
7.776202110539684464e-03
7.776164225112217401e-03
7.776199956988811245e-03
7.776199602221110785e-03
7.776194448281885732e-03
7.775934567592311664e-03
7.775911277524384484e-03
7.775913288949767507e-03
7.775898692920665996e-03
7.775866883007269068e-03
7.775858739638796466e-03
7.775884802958501173e-03
7.775874831945350611e-03
7.775876882371550100e-03
7.775866740789658116e-03
7.775890994884302257e-03
7.775881889810937718e-03
7.775872673597993869e-03
7.775886977593832357e-03
7.775879883601248890e-03
7.775908749103707662e-03
7.775921045798521100e-03
7.775931685383884878e-03
7.775951209861305113e-03
7.775941304979118972e-03
7.775959132168865084e-03
7.775898031945891950e-03
7.775910497190110723e-03
7.775899827293886353e-03
7.775893533726712867e-03
7.775880293146800008e-03
7.775879815101411144e-03
7.775884289211001769e-03
7.775917919061865052e-03
7.775907770726246150e-03
7.775920172253731645e-03
7.775918549485719665e-03
7.775909615433064873e-03
7.775888503946718454e-03
7.775895894058777215e-03
7.775891142417123286e-03
7.775901850595031035e-03
7.775880225292413836e-03
7.775888877144081224e-03
7.775889174408253703e-03
7.775890477085633731e-03
7.775920015901967644e-03
7.775907774298708788e-03
7.775910520899374442e-03
7.775886036994895077e-03
7.775893063911299731e-03
7.775896124759250697e-03
7.775910747348731104e-03
7.775886442767657690e-03
7.775897799588532902e-03
7.775914097025648890e-03
7.775909698982174344e-03
7.775904898313001391e-03
7.775972647623075745e-03
7.776001638293074912e-03
7.775986239930315555e-03
7.776007228000727384e-03
7.776007079791709409e-03
7.776000874692058293e-03
7.775943293963978598e-03
7.775965979843097418e-03
7.775956646941212941e-03
7.775913971306233109e-03
7.775929053687240418e-03
7.775875762972154874e-03
7.775863429981490563e-03
7.775890348255735593e-03
7.775911575261154618e-03
7.775961158995930642e-03
7.775951834011801157e-03
7.775955369470789226e-03
7.775910950583200289e-03
7.775858307005205187e-03
7.775846347858790704e-03
7.775896401929565174e-03
7.775868473473419341e-03
7.775913678434720477e-03
7.775901329055602204e-03
7.775903954368794738e-03
7.775886667789090601e-03
7.775893815849807718e-03
7.775886043414136951e-03
7.775887800689045871e-03
7.775899215500946260e-03
7.776117622349990911e-03
7.776074305062235029e-03
7.776104564088785927e-03
7.776056084376768533e-03
7.776092598403027724e-03
7.776068730310591211e-03
7.776057531987145589e-03
7.776087778887484994e-03
7.776079924498828164e-03
7.776028712032848414e-03
7.776072930525539627e-03
7.776073343817460279e-03
7.776068819338229771e-03
7.776046745306876111e-03
7.775969031294937758e-03
7.776012693183020213e-03
7.776018742829565213e-03
7.775992855493845703e-03
7.776132535384803167e-03
7.776149622490955912e-03
7.775978658134441272e-03
7.776004293115664975e-03
7.776018619254493162e-03
7.776005140805057614e-03
7.775949464579857973e-03
7.776002781979029013e-03
7.776033890883875255e-03
7.777868585248588588e-03
7.778444991273522277e-03
7.778469228683498882e-03
7.777983038264225588e-03
7.778118547691825584e-03
7.777991446029587988e-03
7.778408985122621175e-03
7.778467958414809168e-03
7.778272526925121728e-03
7.778236304205959038e-03
7.778221216101425910e-03
7.778112113979716510e-03
7.778231412713474541e-03
7.778202973499525469e-03
7.804339534311146957e-03
7.804351303905000294e-03
7.804336160323120490e-03
7.804325746946584423e-03
7.804303255796343590e-03
7.804303436508316753e-03
7.804315571558985073e-03
7.804325215380808652e-03
7.804329688038965686e-03
7.804340981102601826e-03
7.804336763475039525e-03
7.804330439940208343e-03
7.804308500127856915e-03
7.804313098487392075e-03
7.804320279223396148e-03
7.804308639474540413e-03
7.804318649398733765e-03
7.804295808384160114e-03
7.804311622809193515e-03
7.804326190610772276e-03
7.804327088717919088e-03
7.804254437473739578e-03
7.804251320280663866e-03
7.804247725807454336e-03
7.804223057256923918e-03
7.804331768690574156e-03
7.804333603855129198e-03
7.804338295240385165e-03
7.804342270730191440e-03
7.804334135115131334e-03
7.804348348400122135e-03
7.804320574161388580e-03
7.804327887109307679e-03
7.804327887109325027e-03
7.804378561197802475e-03
7.804353915881938851e-03
7.804357319388069425e-03
7.804362512926729320e-03
7.804357891230962775e-03
7.804335187004093552e-03
7.804327575617676580e-03
7.804350393358951143e-03
7.804340547805864794e-03
7.804353088951863221e-03
7.804350174280994847e-03
7.804331122644234467e-03
7.804360273407132641e-03
7.804344320227824677e-03
7.804356100404436641e-03
7.804346892081580681e-03
7.804345657762491034e-03
7.804328124746622887e-03
7.804329904661558813e-03
7.804332859777641206e-03
7.804333113712523008e-03
7.804338583557621570e-03
7.804339543930899001e-03
7.804365811568376478e-03
7.804366468734285842e-03
7.804379900156657723e-03
7.804373901178587349e-03
7.804317427427594905e-03
7.804393786904558622e-03
7.804392991607282670e-03
7.804362052527382201e-03
7.804426945614592430e-03
7.804411955269627971e-03
7.804377146168123107e-03
7.804153604222409391e-03
7.804094897967002974e-03
7.804138388894505535e-03
7.804109328871895040e-03
7.804125715232599139e-03
7.804103502857668434e-03
7.804105893041549981e-03
7.804112477793941766e-03
7.803870971297497371e-03
7.803872263935134057e-03
7.803791616720001482e-03
7.803775333105356440e-03
7.803967262591198113e-03
7.803784732328292000e-03
7.803783779291286783e-03
7.803788430876841022e-03
7.803790588162089897e-03
7.803881667615520518e-03
7.804331807582127328e-03
7.804351157745802701e-03
7.804344397936931188e-03
7.804302550085100675e-03
7.804353189644450302e-03
7.804294016491366247e-03
7.804356234414202599e-03
7.804363958858351151e-03
7.804399809193824852e-03
7.804399701180579803e-03
7.804394972086938810e-03
7.804380740411481776e-03
7.804303178032724261e-03
7.804361245119728445e-03
7.805015945077158242e-03
7.805042119359233317e-03
7.961554449652123722e-03
7.961546674848510308e-03
7.961511885023732360e-03
7.961507902883477664e-03
7.961537840582606426e-03
7.961539138905925073e-03
7.961539992798130280e-03
7.961539865766342414e-03
7.961537335181756783e-03
7.961613167720413275e-03
7.961508015645088476e-03
7.961520489531049086e-03
7.961496986391113084e-03
7.961501063078291890e-03
7.961662437364494874e-03
7.961783100804881858e-03
7.961774199304359062e-03
7.961801369661110003e-03
7.961802157466092711e-03
7.961718913263639633e-03
7.961737548958219141e-03
7.961800634789866285e-03
7.961812134540219646e-03
7.961797443496674773e-03
7.961806912573440517e-03
7.961777536116387138e-03
7.961782747537705929e-03
7.961745514484421318e-03
7.961746791341780746e-03
7.961725890079214552e-03
7.961730956145088647e-03
7.961709517680378573e-03
7.961744878613941784e-03
7.961738355667021330e-03
7.961813763961406165e-03
7.961748810370952029e-03
7.961768996783314886e-03
7.961737155947020902e-03
7.961733749766324031e-03
7.961741576862699579e-03
7.961763000335355181e-03
7.961755607822583111e-03
7.961716285995231596e-03
7.961691502041123858e-03
7.961689735343039157e-03
7.961704376634834435e-03
7.961655623787337530e-03
7.961733966583320679e-03
7.961710963538187052e-03
7.961720621617120880e-03
7.961696535353307569e-03
7.961666000739650584e-03
7.961773237335566245e-03
7.961602075559230662e-03
7.961717152002979747e-03
7.961709529420759809e-03
7.961871198947914272e-03
7.961658701884588574e-03
7.961638410105184235e-03
7.961773633742482217e-03
7.961777994403309439e-03
7.961704415236746032e-03
7.961701155020584758e-03
7.961675445536142356e-03
7.961711867089346292e-03
7.961693902020304525e-03
7.961657425066921354e-03
7.961683667535811998e-03
7.961661974087000382e-03
7.961797610644291701e-03
7.961828625267093965e-03
7.961824061870421271e-03
7.961785382803463276e-03
7.961814461953709010e-03
7.961799206327474510e-03
7.961779326393183739e-03
7.961766339458924840e-03
7.961765001189760951e-03
7.961787208538522939e-03
7.961753154542755562e-03
7.961711632208091222e-03
7.961722761096214768e-03
7.961722194966254149e-03
7.961810489548229799e-03
7.961775709313025778e-03
7.961780707534006976e-03
7.961800602551985517e-03
7.961794549782779534e-03
7.961770001680631287e-03
7.961743601462324682e-03
7.961804344429824348e-03
7.961789539024006351e-03
7.961804420575058563e-03
7.961811790489090046e-03
7.961749100893894537e-03
7.961843327810663729e-03
7.961754520535230945e-03
7.961789280333891883e-03
7.961873675547506343e-03
7.961876817280581428e-03
7.961865743533299428e-03
7.961827201451840766e-03
7.961803490887348067e-03
7.961917999779693708e-03
7.961919606776947725e-03
7.961780633265459067e-03
7.961771660403947973e-03
7.961820586268538585e-03
7.961810921226357071e-03
7.961815948735012985e-03
7.961907413962620098e-03
7.961907413962625302e-03
7.961752904356104651e-03
7.961812635655355144e-03
7.961808236578346229e-03
7.961850245019080896e-03
7.961651838309104570e-03
7.961690790290774228e-03
7.961671463040541699e-03
7.961675368375539796e-03
7.961730991199591351e-03
7.961721418006068723e-03
7.961681226743108630e-03
7.961733409214665977e-03
7.961767791144392856e-03
7.961762167432712492e-03
7.961792362242217647e-03
7.961813564734299131e-03
7.961846584913986891e-03
7.961829153293869046e-03
7.961833233191361811e-03
7.961759528338755235e-03
7.961758107788496214e-03
7.961757418083064558e-03
7.961783025372721340e-03
7.961810960946136620e-03
7.961739964469858807e-03
7.961733316640287259e-03
7.961685928674258617e-03
7.961698916691451605e-03
7.961715914129089550e-03
7.962013461047332680e-03
7.962027935392246292e-03
7.962015609591872878e-03
7.962061279100941455e-03
7.962112407919221327e-03
7.961944461757826733e-03
7.962009063763885591e-03
7.961977687902282302e-03
7.962007398765571023e-03
7.962049390922073047e-03
7.961985254351093555e-03
7.961934447575614096e-03
7.961965492347603326e-03
7.961916926164238489e-03
7.961986601012121037e-03
7.962001867287590504e-03
7.961956336657536118e-03
7.962024982498089667e-03
