-1.250873399179449827e-02
-1.250892756248754567e-02
-1.250875875917429811e-02
-1.250857103248743420e-02
-1.250842494450061550e-02
-1.250842494450061723e-02
-1.250858294718248942e-02
-1.250854007854972430e-02
-1.250875949265056741e-02
-1.250879984435433745e-02
-1.250876976802643356e-02
-1.250882169785503574e-02
-1.250893104104184098e-02
-1.250876831695970151e-02
-1.250875367023376178e-02
-1.250844109433126884e-02
-1.250821946167813073e-02
-1.250817365767421807e-02
-1.250827423162756587e-02
-1.250826852087550713e-02
-1.250837344139637750e-02
-1.250830486417625100e-02
-1.250853998194116808e-02
-1.250849553888952123e-02
-1.250852120731230088e-02
-1.250844641226785472e-02
-1.250900657593381239e-02
-1.250764728104113155e-02
-1.250774850748103892e-02
-8.438841527459321756e-03
-8.438345666683558927e-03
-8.438443977210182897e-03
-8.438490134562097456e-03
-8.438464366823031707e-03
-8.437140663150988207e-03
-8.437167848132962056e-03
-8.437190076632303595e-03
-8.437013582700438399e-03
-8.437141474465403163e-03
-8.437250479454204075e-03
-8.437114217898554133e-03
-8.437158645950848523e-03
-8.437234885187130246e-03
-8.437250889889365627e-03
-8.437227474689171919e-03
-8.437236990743130632e-03
-8.437233364144086992e-03
-8.437288265043613178e-03
-8.437234553453293665e-03
-8.437234680130084249e-03
-8.437261052316522361e-03
-8.437306927090675382e-03
-8.437170512805659828e-03
-8.437189036250826446e-03
-8.437188550646245594e-03
-8.437282519755062715e-03
-8.437327598370883766e-03
-8.437329695652345113e-03
-8.437378752292237771e-03
-8.437116515760071517e-03
-8.437258367936496806e-03
-8.437390189204163962e-03
-8.437417557191849091e-03
-8.437354024294747845e-03
-8.437387151942164765e-03
-8.438178796672557089e-03
-8.110582679736633160e-03
-8.111636830536814863e-03
-8.111684739971761898e-03
-8.111468159004235276e-03
-8.114243361740207383e-03
-8.114470765750669834e-03
-8.113699377302736188e-03
-8.113750177527641327e-03
-8.113872095351455302e-03
-8.113945419026050848e-03
-8.113993589539384224e-03
-8.113858745158276931e-03
-8.113915368817422105e-03
-8.114795805430929584e-03
-8.114762548118551605e-03
-8.114800128362123152e-03
-8.114756374887406587e-03
-8.114551203949131250e-03
-8.114526708186983392e-03
-8.114555096497009026e-03
-8.114670573547635643e-03
-8.114485719349738904e-03
-8.114307926217825817e-03
-5.180757808342676025e-03
-5.180021137310737364e-03
-5.179863134228726920e-03
-5.179918129160727622e-03
-5.179941691850453202e-03
-5.179955869105266897e-03
-5.179976976063550495e-03
-5.179957900738794974e-03
-5.180214058367773981e-03
-5.186348177759595585e-03
-5.440607340166628454e-03
-5.440592667018475347e-03
-5.440571819709839017e-03
-5.440649595220934699e-03
-5.440539550127961727e-03
-5.440525226695743649e-03
-5.440523089468987834e-03
-5.440516344275150330e-03
-5.440597464528892924e-03
-5.440604686703871644e-03
-5.440618402143698046e-03
-5.440651675076098662e-03
-5.440675952143617274e-03
-5.440616442588003254e-03
-5.440620239886388709e-03
-5.440623216201857966e-03
-5.440610949163813756e-03
-5.440546510574417911e-03
-5.440546704006316014e-03
-5.440567557699752151e-03
-5.440571868922571865e-03
-5.440572685892527960e-03
-5.440567106211447075e-03
-5.440557642634932627e-03
-5.440602883954150440e-03
-5.440535026540346125e-03
-5.440545523575130923e-03
-5.440551719083979061e-03
-5.440543879925139638e-03
-5.440548727154059967e-03
-5.440596928162903106e-03
-5.440574874720440282e-03
-5.440596960576930298e-03
-5.440567934590914527e-03
-5.440575466371389869e-03
-5.440560964742902419e-03
-5.440563918650847923e-03
-5.440620273125255230e-03
-5.440617662379589568e-03
-5.440660552420586646e-03
-5.440677034873326115e-03
-5.440603765135471059e-03
-5.440601616654257809e-03
-5.440523361598973914e-03
-5.440522278668613945e-03
-5.440667979908680833e-03
-5.440665473122291255e-03
-5.440783915983044006e-03
-5.440780577848753317e-03
-5.440746110654995360e-03
-5.440683055170173095e-03
-5.440725506130477361e-03
-5.440920775372068766e-03
-5.440875678330784303e-03
-5.440850485175782909e-03
-5.441018166939964179e-03
3.391906399389716265e-03
3.391992617807653484e-03
3.392156936120173036e-03
3.391659037085042062e-03
3.391837382117233231e-03
3.391719059491589243e-03
3.392624305002325813e-03
3.392869706471927579e-03
3.392687743574167216e-03
3.392702450103050361e-03
3.392371119351933646e-03
3.392315656370964438e-03
3.392304589768439446e-03
3.392454662855541331e-03
3.392515226218366115e-03
3.392387189144935571e-03
3.392349347165999306e-03
3.392376789549464769e-03
3.392506912718814584e-03
3.392570625609033896e-03
3.392589719481405551e-03
3.392565919111375280e-03
3.392504259219899631e-03
3.392486488932557748e-03
3.391415979829584711e-03
3.391350943935361739e-03
3.391350482442927628e-03
3.391362379548714268e-03
3.391417167019835331e-03
3.391620331504997202e-03
3.391353094915533495e-03
3.391570709693779873e-03
3.391570352083653032e-03
3.391566092864387125e-03
3.391616175152301592e-03
3.391716078373896263e-03
3.391413522628075605e-03
3.391415706259544825e-03
3.391478972656999935e-03
3.391556181554053907e-03
3.391621414210937730e-03
3.391615233011743315e-03
3.392774783212287003e-03
3.392803363505295534e-03
3.392778393669519232e-03
3.392771964323925988e-03
3.392599817244010361e-03
3.393188974630760753e-03
3.393166835073254881e-03
3.392806790522956938e-03
3.392798816128202600e-03
3.392696579518961197e-03
3.392690480152827509e-03
3.393229953778914565e-03
3.393387204602388730e-03
3.393299737099687071e-03
3.393223871640159688e-03
3.393240340529860011e-03
3.393238914768544577e-03
3.393202481391171827e-03
3.393214884657597043e-03
3.393200268429614769e-03
3.393230414694953408e-03
3.393239769639145535e-03
3.393532493532142990e-03
3.392641380563658337e-03
3.394071525681548879e-03
3.394158213437111285e-03
3.394180584607203472e-03
3.394072767649299743e-03
3.394087515633228015e-03
3.394116945034100427e-03
3.394065973510584141e-03
3.394217335016600987e-03
3.394049416672838704e-03
3.394062090012681544e-03
3.394083761108267119e-03
3.394109241346110386e-03
3.394182398018235920e-03
3.394220386362284490e-03
3.393566548376275149e-03
3.393566548376226143e-03
3.393570768674922591e-03
3.393644257040136919e-03
3.393773391881885117e-03
3.393838172203032365e-03
3.393695737867106349e-03
3.393749429256312077e-03
3.393763697838506326e-03
3.393734751592686772e-03
3.393748219870709563e-03
3.393757484138607960e-03
3.393212251746827429e-03
3.393114926750320608e-03
3.393196630156828861e-03
3.393369970653516577e-03
3.393311842395415993e-03
3.393290089017208730e-03
3.393300351064463660e-03
3.393319522294969103e-03
3.393345492411370661e-03
3.393324434313198332e-03
3.393319987648680831e-03
3.393304257025824000e-03
3.393372747166297550e-03
3.393380302353224149e-03
3.393399882361714578e-03
3.393378105263199045e-03
3.393338242679974723e-03
3.393358107934385352e-03
3.393392476368605869e-03
3.393343269376898879e-03
3.393368209400989943e-03
3.393390787838012311e-03
3.393450966015887620e-03
3.393312094583695367e-03
3.393093168055177217e-03
3.393112498305158632e-03
3.393229235256757861e-03
3.393198887425245315e-03
3.393214716629421035e-03
3.393192181056123823e-03
3.393188272643141677e-03
3.393159119144034674e-03
3.417777125918009841e-03
3.417665487663435527e-03
3.418456323923392288e-03
3.418139829080930371e-03
3.417954899556448819e-03
3.417913040234236803e-03
3.417922695302561074e-03
3.417886566074070619e-03
3.417786444231588495e-03
3.417828145796949959e-03
3.417952032793535391e-03
3.418003292939441554e-03
3.417902758751534265e-03
3.418040757324497612e-03
3.417959949658550944e-03
3.415016516812482018e-03
3.414646468815844566e-03
3.414689447906100062e-03
3.414693098570828478e-03
3.414694260209990510e-03
3.414672033525196614e-03
3.414994795125782679e-03
3.414849187305360207e-03
3.414799895501668091e-03
3.414772651880041646e-03
3.414852254127586934e-03
3.414761068962625639e-03
3.414725490847476778e-03
3.414716344345539861e-03
3.414763455151403893e-03
3.414688963898589776e-03
3.414685696550543142e-03
3.414666461658865879e-03
3.414665104268967046e-03
3.414668682433885920e-03
3.414630933065327355e-03
3.414610210286171503e-03
-2.069235854299756108e-02
-2.069236448100127482e-02
-2.069227803738103028e-02
-2.069226881711028199e-02
-2.069228946157499957e-02
-2.069254025343928577e-02
-2.069266099666257699e-02
-2.069240491295315509e-02
-2.069233438596504784e-02
-2.069236094307059029e-02
-2.069238231464046868e-02
-2.069409190504153950e-02
-2.069017608522001617e-02
-2.069005593118427438e-02
-2.069001210106648225e-02
-2.069166532507816375e-02
-2.069167182885160022e-02
-2.069158905175014218e-02
-2.069178808551709950e-02
-2.069177699748892332e-02
-2.069171745266621537e-02
-2.069318339725626996e-02
-2.069326370733137743e-02
-2.069209452577928585e-02
-2.069204941934512515e-02
-2.069222051478503827e-02
-2.069217485361314959e-02
-2.069224963845881990e-02
-2.069195825556538471e-02
-2.069196009234577568e-02
-2.069194790312244361e-02
-2.069173803470776216e-02
-2.069176884580393658e-02
-2.069200134112194472e-02
-2.069197162469342891e-02
-2.069203680449132471e-02
-2.069293337651779974e-02
-2.069298069613337981e-02
-2.069270812342135710e-02
-2.069267397885669532e-02
-2.069256810799282795e-02
-2.069252046779280346e-02
-2.069245293897100171e-02
-2.069246320086331678e-02
-2.069347424690450368e-02
-2.069307482334140774e-02
-2.069353705292409015e-02
-2.069361289680731256e-02
-2.069388493892738642e-02
-2.069299385906811159e-02
-2.069287844979032787e-02
-2.069294984020901909e-02
-2.069428597068052877e-02
-2.069419840511224629e-02
-2.069415817015978973e-02
-2.069415263544499908e-02
-2.069412476554162439e-02
-2.069412742053644214e-02
-2.069418245469951262e-02
-2.069410568713535986e-02
-2.069397951415336695e-02
-2.069405901897861458e-02
-2.069404175493582201e-02
-2.069406176039469136e-02
-2.069405463796952088e-02
-2.069408723094285849e-02
-2.069406467254859133e-02
-2.069406961683558158e-02
-2.069418893007262533e-02
-2.069418334630352199e-02
-2.069414127203482098e-02
-2.069426163247710046e-02
-2.069414376311054168e-02
-2.069415762387839808e-02
-2.069410001302239219e-02
-2.069412227795663917e-02
-2.069447935520987367e-02
-2.069460026543895603e-02
-2.069446263729409624e-02
-2.069442547340811719e-02
-2.069442547340782923e-02
-2.069441004717002472e-02
-2.069443208384706689e-02
-2.069438163975938216e-02
-2.069463087271859389e-02
-2.069454019302797987e-02
-2.069186839138973527e-02
-2.069186891254131550e-02
-2.069260179739746894e-02
-2.069263800933708250e-02
-2.069226897250137781e-02
-2.069227538270968295e-02
-2.069232704184185284e-02
-2.069236622499458569e-02
-2.069198982990749433e-02
-2.069197908996751878e-02
-2.069213765362701643e-02
-2.069231030141357314e-02
-2.069219652594625133e-02
-2.069220519844386375e-02
-2.069194770857888180e-02
-2.069196816008023881e-02
-2.069201606934032225e-02
-2.069164036815566987e-02
8.184318028561776703e-02
8.184294676004898184e-02
8.184223388916647690e-02
8.184215849118620101e-02
8.184240851059804145e-02
8.184253847619070432e-02
8.184242444265081573e-02
8.184231842747448360e-02
8.184213990702124408e-02
8.184215016424117861e-02
8.184222391989133538e-02
8.184006964876282264e-02
8.184000357217348365e-02
8.183956895334185133e-02
8.183911959479060749e-02
8.184086391160379226e-02
8.184060939080955999e-02
8.184132867382996890e-02
8.184066281816407273e-02
8.184092941214259065e-02
8.184077450306903589e-02
8.183914561304841961e-02
8.183944987496863388e-02
8.183953814944958105e-02
8.183972041656134566e-02
8.183999438098046864e-02
8.184052378699432917e-02
8.183928242120232233e-02
8.183920671036563899e-02
8.183976916210496111e-02
8.183982242275389396e-02
8.183977289633249941e-02
8.183928441009563626e-02
8.183954581641039727e-02
8.183838224219945612e-02
8.183823308024133769e-02
8.183797382516579122e-02
8.183801085890632376e-02
8.183719131647321232e-02
8.183749822092999116e-02
8.183797789807507883e-02
8.183178721855537130e-02
8.183192353408082209e-02
8.183204745891169141e-02
8.183153913282320557e-02
8.183150893991718300e-02
8.183214606468916519e-02
8.183213969456186454e-02
8.183216057171968649e-02
8.183211268799869820e-02
8.183216233218179592e-02
8.183176067566426404e-02
8.183178270774377205e-02
8.183177635999382138e-02
8.183159203066080190e-02
8.183218657369858984e-02
8.183169095682707450e-02
8.183175059677176566e-02
8.183177474621083913e-02
8.183168059569825847e-02
8.183154026992796315e-02
8.183164580671141441e-02
8.183170123480383584e-02
8.183173262878067067e-02
8.183166159501922832e-02
8.183164704492081054e-02
8.183146400945712218e-02
8.183146022537582387e-02
8.183156926233980943e-02
8.183157185683102852e-02
8.183146940742901110e-02
8.183157452537606624e-02
8.183157740984149664e-02
8.183145125278985799e-02
8.183121180964290919e-02
8.183160676660530819e-02
8.183152528050262331e-02
8.183153389016119272e-02
-2.700977707075587989e-03
-2.701118164037471289e-03
-2.701204419583872005e-03
-2.700885596612375913e-03
-2.700882808416915377e-03
-2.701024200078251062e-03
-2.700627257528103592e-03
-2.701134753619492766e-03
-2.701293876675081931e-03
-2.701252425521610476e-03
-2.701561795873014954e-03
-2.701532384019435153e-03
-2.701713759297172564e-03
-2.701791447725481951e-03
-2.701790428724256971e-03
-2.702846746000214361e-03
-2.702827855266155734e-03
-2.702663888047056144e-03
-2.702671399772943722e-03
-2.702723540666113634e-03
-2.702718182993536777e-03
-2.702828097797667101e-03
9.143785067678062567e-03
9.144179324178196983e-03
9.143598519481762471e-03
9.143713373287414362e-03
9.143652601880793845e-03
9.135318229189528377e-03
9.135337466939237594e-03
9.135387058653118841e-03
9.135382171579095600e-03
9.135397854587390398e-03
9.135379972489188899e-03
9.135373861261801912e-03
9.135383747362170806e-03
9.135352684708941684e-03
9.135383768050104811e-03
9.135346760704743038e-03
9.135367406271873922e-03
9.135350079362121456e-03
9.135331972826225833e-03
9.135341434406484690e-03
9.135320892222669603e-03
9.135315113042656587e-03
9.135355428321272064e-03
9.135349154061373975e-03
9.135408480864304348e-03
9.135396506813801484e-03
9.135429088362264152e-03
9.135356531237450589e-03
9.135386373610715829e-03
9.135347332098558981e-03
9.135379238995947060e-03
9.135295641930567603e-03
9.135351185210820527e-03
9.135356891828433010e-03
9.135353943143407693e-03
9.135338368289992045e-03
9.135463114266589163e-03
9.135390061169342338e-03
9.135374702927863411e-03
9.135403457510331976e-03
9.135396131765933722e-03
9.135284427534471827e-03
9.135288540972914123e-03
9.135189047001413334e-03
9.135199372821790897e-03
9.135238706520583743e-03
9.135248061696870162e-03
9.135414005836279064e-03
9.135420258300235366e-03
9.135431580778887936e-03
9.135429973592927230e-03
9.135378754203508228e-03
9.135350698284652737e-03
9.135355045186066211e-03
9.135357232847170564e-03
9.135308910934569065e-03
9.135332286289996398e-03
9.135344986519756613e-03
9.135491753459235031e-03
9.135447586840549777e-03
9.135401051006289061e-03
9.135444786493076771e-03
9.135815559603990138e-03
9.135816273937009957e-03
9.135795714871967552e-03
9.135822243794432598e-03
9.135833100178993027e-03
9.135824361893760473e-03
9.135825628898110867e-03
9.135803682075871110e-03
9.135819777795229149e-03
9.135820246794905050e-03
9.135718547738614151e-03
9.135786152543184588e-03
9.135600096086726046e-03
9.135620279958100651e-03
9.135598119125256517e-03
9.135689491619114130e-03
9.135845553075748471e-03
3.040309390634952924e-03
3.040268473498261050e-03
3.040298404024204589e-03
3.040353538206921717e-03
3.040415152175015949e-03
3.040418921937833394e-03
3.040500625653466769e-03
3.040550931464098498e-03
3.040574633167484903e-03
3.040563546331583305e-03
3.040511587464447829e-03
3.040505649305030086e-03
3.040518399844550131e-03
3.040514739376022884e-03
3.040573690815559244e-03
3.040596700079852173e-03
3.040510541279014406e-03
3.040536543844289848e-03
3.040542072036965613e-03
3.040512610101260300e-03
3.040428715300718798e-03
3.040441324065509300e-03
3.040463715574866482e-03
3.040443093589584311e-03
3.040526931142270052e-03
3.040537634712423953e-03
3.040526030868046826e-03
3.040509822583437830e-03
3.040457610303288257e-03
3.040520536099010785e-03
3.040529426134786460e-03
3.040556827336015049e-03
3.040429183593481004e-03
3.040473175014179064e-03
3.040476544750181885e-03
7.040227515890369950e-03
7.040453462130036831e-03
7.040577503994527656e-03
7.040306634917990226e-03
7.040289085997862399e-03
7.040742480147839030e-03
7.040921850659289868e-03
7.040894327974775609e-03
7.040746089924832841e-03
7.040791555543959163e-03
7.040784408718117095e-03
7.040775451631405869e-03
7.040815745414237894e-03
7.040808088106370252e-03
7.040482838222093115e-03
7.040539645400137152e-03
7.040354670833562714e-03
7.040459130869139090e-03
7.040439872840643411e-03
7.040194108261143592e-03
7.040341999584296719e-03
7.040359888280976926e-03
7.040337629739044575e-03
7.040392753767282449e-03
7.040378963813776099e-03
7.040306749979114917e-03
7.040743662191172904e-03
7.040536347887315326e-03
7.040478770326172829e-03
7.040394343297332568e-03
7.040326490604272881e-03
7.039243259138455201e-03
7.039426320012750343e-03
7.039412424323374280e-03
7.039333475107123830e-03
7.039625801064632905e-03
7.039619636801647436e-03
7.039612147457632689e-03
7.039656919501623318e-03
7.039578631614348825e-03
7.039473533620449995e-03
7.039467953445486398e-03
7.039553471553456482e-03
7.039630732070941040e-03
7.039600582491504707e-03
7.039666625761260496e-03
7.039666625761283048e-03
7.039643066936938573e-03
7.039480174847650984e-03
7.039530761183693773e-03
7.039477471406734542e-03
7.039501447210588965e-03
7.039383531129058021e-03
7.035920302834165925e-03
7.036169627737532198e-03
7.036222581332155120e-03
7.034600643690961004e-03
7.034692959431420971e-03
7.034907808174349457e-03
7.035159469304171943e-03
4.592112937090725086e-03
4.592239507526889135e-03
4.592156840194670797e-03
4.592135138638414778e-03
4.591884894954317321e-03
4.591902198759180258e-03
4.591643770223210151e-03
4.591905615052614166e-03
4.591718492714139295e-03
4.591744200240695586e-03
4.591663636459188472e-03
4.594409683797411742e-03
4.594057158742376364e-03
4.594009062625130368e-03
4.549044425358137952e-03
4.549241702013005761e-03
4.549213888263359436e-03
4.549096050517163238e-03
4.548927603850025023e-03
4.549166648420182452e-03
4.549092429744040073e-03
4.548957889692842142e-03
4.548923876737053472e-03
4.548859273157220516e-03
4.548929721010249068e-03
4.548895364403565331e-03
4.548922603687732130e-03
4.548819052884634992e-03
4.548915045298462627e-03
4.548909213150440292e-03
4.548934068368122932e-03
4.548932718068213719e-03
4.548953172877030944e-03
4.548897927886936220e-03
4.548915371560846056e-03
4.549192654868386594e-03
4.549159635083970324e-03
4.549301330304839422e-03
4.549387391554645700e-03
4.549390579397090580e-03
4.549307286705969559e-03
4.549370350372909134e-03
4.549467792328456064e-03
4.549409906296116197e-03
4.549228330560685374e-03
4.549218144179006246e-03
4.549217681043894387e-03
4.549304563692428346e-03
4.549283480028770525e-03
4.549274295906691364e-03
4.549282080037672649e-03
4.549283096314775052e-03
4.549212372035121854e-03
4.549269932749541549e-03
4.549225582195269048e-03
4.549275945500481054e-03
4.549274177425106577e-03
4.549282411412548105e-03
4.549274469885003155e-03
4.549277330748779935e-03
4.549192981934736292e-03
4.549127379949277801e-03
4.549136055883824109e-03
4.549249723901348588e-03
4.549261395909194074e-03
4.549004415540309348e-03
4.548917683913858249e-03
4.549269531219433775e-03
4.549276787419703760e-03
4.549253949786715920e-03
4.549259666250738549e-03
4.549259666250695180e-03
4.549270555521582951e-03
4.549334772813875757e-03
4.549406124149278294e-03
4.552930794143780421e-03
4.552741709232528515e-03
4.552715774997185931e-03
4.552692918272927859e-03
4.553407057383641009e-03
4.553522495263238358e-03
4.553503402997532458e-03
4.553514724534178139e-03
4.553530393521603402e-03
4.552657293172342190e-03
4.552594029713440994e-03
4.552453930075654222e-03
4.552469791045595307e-03
4.552446775957380738e-03
4.552520771758359480e-03
4.602983968848999019e-03
4.603663537482894155e-03
4.603719313704886761e-03
4.603363918029275068e-03
4.601165949300845340e-03
4.601530776914345734e-03
4.601001335771623575e-03
4.601752300186083208e-03
4.606417118753897144e-03
4.606302070550551998e-03
4.606147897326203465e-03
5.703689510320650823e-03
5.703673595292243700e-03
5.703740934055153214e-03
5.703744207458410868e-03
5.703695088856151549e-03
5.703633127291237934e-03
5.703618332605244270e-03
5.703612961133587914e-03
5.703774949414638917e-03
5.703615733664317219e-03
5.703613925160918967e-03
5.703665330197427684e-03
5.703678061889443443e-03
5.703604526667579479e-03
5.703605834349844035e-03
5.703495073774446887e-03
5.703606800433601298e-03
5.703579270388413336e-03
5.703611596797246094e-03
5.703616092333337918e-03
5.703722191681400398e-03
5.703682612711372807e-03
5.703698073062828458e-03
5.703681295651836722e-03
5.703682193627081232e-03
5.703644478241834924e-03
5.703615511122038344e-03
5.703644779947898702e-03
5.703262750391450975e-03
5.703397957151284253e-03
5.703401620348012846e-03
5.703448784563087091e-03
5.703296556901471179e-03
5.703330258539689168e-03
5.703382400344086771e-03
5.703414772042734830e-03
5.704333155862797294e-03
5.704173370530875829e-03
5.704059938991619741e-03
5.703955081256675136e-03
5.703971194523191346e-03
5.703887583550303064e-03
5.694702731304795637e-03
5.694686234950559027e-03
5.694634348589308961e-03
5.694687587499980448e-03
5.695772565787658032e-03
5.695876235226646211e-03
5.695898062224129081e-03
5.695844676830813004e-03
5.695928677590189962e-03
5.695907334473040463e-03
5.695869992199793785e-03
5.695890332521899233e-03
5.695766045968591457e-03
5.695838379970438736e-03
5.695839478683397891e-03
5.695821871348396431e-03
5.695863369575756077e-03
5.695856754217971940e-03
5.695869381736808935e-03
5.695850402748921584e-03
5.695833917547339295e-03
5.695853460906490778e-03
5.695790838262744862e-03
5.695774280268688268e-03
5.695797870110789682e-03
5.695842181335621437e-03
5.695572713024567649e-03
5.695621840009702092e-03
5.695692639712335650e-03
5.695597676711083163e-03
-3.856592288764457924e-03
-3.856450374179245296e-03
-3.856578054550348009e-03
-3.856587551877878762e-03
-3.856495198434635625e-03
-3.856714903360895872e-03
-3.856714903360920158e-03
-3.856657000807829812e-03
-3.856649787780584877e-03
-3.856577174249496698e-03
-3.856498720757002129e-03
-3.856378512433084830e-03
-3.856499905727283316e-03
-3.856499775989271316e-03
-3.856507868665963717e-03
-3.856341853445721321e-03
-3.856383264606886001e-03
-3.856369218778313290e-03
-3.856359845003435888e-03
-3.856421855011640549e-03
-3.856432697662759510e-03
-3.856435594774640201e-03
-3.856446848999251029e-03
-3.856358763565773378e-03
-3.856390040666154376e-03
-3.856333708322456227e-03
-3.856387446384733179e-03
-3.856392287279367982e-03
-3.856335292257597695e-03
-3.856358882767920229e-03
-3.856355343794545462e-03
-3.856352557773136663e-03
-3.856361558852567078e-03
-3.856367600466699668e-03
-3.856359611257657513e-03
-3.856447421795165462e-03
-3.856396140096379592e-03
-3.856398435468235721e-03
-3.856389035918713314e-03
-3.856442972675850744e-03
-3.856428172996808571e-03
-3.856432773087768197e-03
-3.856526312867694303e-03
-3.856634412968315637e-03
-3.856616175781913975e-03
-3.856567400395018337e-03
-3.856553079922331317e-03
-3.856596943914320300e-03
-3.856679682251970206e-03
-3.856695373340000670e-03
-3.856656894035608105e-03
-3.856610055659332945e-03
-3.856621728854413636e-03
-3.856639188115119216e-03
-3.856641632890092392e-03
-3.856625504229822202e-03
-3.856671166953186836e-03
-3.856657809555247372e-03
-3.856685335070273932e-03
-3.856581059536308160e-03
-3.856582417064947140e-03
-3.856378789396030463e-03
-3.856187359008582914e-03
-3.856163970512450911e-03
-3.856163560158938023e-03
-3.856127940113758101e-03
-3.856121174438095160e-03
-3.856117791227443425e-03
-3.856126575710788588e-03
-3.856152640726018526e-03
-3.856185505287058109e-03
-3.856188973890119134e-03
-3.856522365677939566e-03
-3.856514121748001126e-03
-3.856543331837119885e-03
-3.856547881605442828e-03
-3.856684296150749737e-03
-3.856374716780572483e-03
-3.856382796924002695e-03
-2.809818630624498752e-04
-2.808336185162038298e-04
-2.809725359914118370e-04
-2.809608980669484643e-04
-2.809108015476134853e-04
-2.809507821379019963e-04
-2.809499556801668490e-04
-2.808851225688956035e-04
-2.809798225525377956e-04
-2.808959120415040873e-04
-2.809224438350114593e-04
-2.809003509770950950e-04
-2.313557446551515160e-04
-2.311711756125813476e-04
-2.311624935840665836e-04
-2.309009465672947898e-04
-2.321406681213396760e-04
-2.304236000269459348e-04
-2.303386434116830523e-04
-2.303960734935375169e-04
-2.304758315611471486e-04
-2.305839266173212280e-04
-2.305894658822915503e-04
-2.305419930562024693e-04
-2.305593242585283120e-04
-2.305860076741723236e-04
-2.305058581426139242e-04
-2.306214446892960470e-04
-2.319699474572450664e-04
-2.320102635551688148e-04
-2.320136090486710505e-04
-2.319870079125588595e-04
-2.320756633069649807e-04
-2.320061668001802363e-04
-2.321837450382355694e-04
-2.318983036955690670e-04
-2.319535937748788679e-04
-2.317268693265429587e-04
-2.318051064170588340e-04
-2.317637350903042296e-04
-2.318127265570282412e-04
-2.317555693410324824e-04
-2.316371771522777426e-04
-2.316763364902386089e-04
-2.316232450220847086e-04
-2.317321376699324844e-04
-2.317304340506587564e-04
-2.316432212916542358e-04
-2.317606990188008406e-04
-2.317007910810859131e-04
-2.340443226264340699e-04
-2.339647568271366036e-04
-2.339339726942253747e-04
-2.339387905287456228e-04
-2.339409133136009084e-04
-2.339850126392753991e-04
-2.339814097545220555e-04
-2.339775892023626940e-04
-2.339002126626879086e-04
-2.339123937125141891e-04
-2.339477939911735103e-04
-2.339435412565194958e-04
-2.340069756828589234e-04
-2.340198199612427809e-04
-2.340354962252379342e-04
-2.340023763588351560e-04
-2.339941590874564884e-04
-2.339156061334682997e-04
-2.340066681056658519e-04
-2.339845219442892633e-04
-2.340030556935330532e-04
-2.339444647160217761e-04
-2.339740215249257963e-04
-2.339639821230441417e-04
-3.062009755487585336e-03
-3.062104012546001085e-03
-3.062108050959166158e-03
-3.062118860818331505e-03
-3.062118860818343214e-03
-3.062080264832971101e-03
-3.061977016258534464e-03
-3.062032737120446834e-03
-3.062038937949669321e-03
-3.062098651302456488e-03
-3.061403517609296871e-03
-3.061396081888995233e-03
-3.061478693283324268e-03
-3.061215329375578838e-03
-3.061211612344312723e-03
-3.061183410702434608e-03
-3.061193955804583731e-03
-3.061216816779423460e-03
-3.061167862432831368e-03
-3.061202207018299485e-03
-3.061190624927455795e-03
-3.061374235926015222e-03
-3.061464632994470494e-03
-3.061433812490707215e-03
-3.061428770204491050e-03
-3.061426533722727376e-03
-3.061441881004699998e-03
-3.061432851268176825e-03
-3.061439398911273806e-03
-3.061524662701732829e-03
-3.061502080098961551e-03
-3.061493415965146209e-03
-3.061384911854357106e-03
-3.061351786350865415e-03
-3.061287034147243836e-03
-3.061309421612814011e-03
-3.061280582538830532e-03
-3.061333506407457918e-03
-3.061335986259906741e-03
-3.061305396496518186e-03
-3.061485140948318629e-03
-3.061384765351153441e-03
-3.061426643484379401e-03
-3.061394005162363860e-03
-3.061320479791615479e-03
-3.061309298352353579e-03
-3.061266437905410705e-03
-3.061237756583715022e-03
-3.061370223224282698e-03
-3.061128117300778665e-03
-3.061107189159870904e-03
-3.061117176224673227e-03
-3.064782716652682780e-03
-3.065107663653612174e-03
-3.065022518994295168e-03
-3.064666947857694421e-03
-3.064933474854103241e-03
-3.064676653334033694e-03
-3.063393436383616067e-03
-3.063626107415148674e-03
-3.063605215590681653e-03
-3.063545431541888145e-03
-3.063730933358164814e-03
-3.063621016796656826e-03
-3.063618405153450443e-03
-3.063684170452609604e-03
-3.063679298963546769e-03
-3.063763126954259768e-03
-3.063673249515169207e-03
-3.063737280200521610e-03
-3.063453320605590523e-03
-3.063431821043511531e-03
-3.063416763619177668e-03
-3.063477692063572896e-03
-3.063434490593867042e-03
-3.063461618350056016e-03
-3.063526011063295255e-03
4.108711766958655573e-03
4.108752310768523132e-03
4.108227219036142408e-03
4.108255862876091652e-03
4.109003263562583178e-03
4.109169136022387120e-03
4.109019081300857752e-03
4.109156169192577576e-03
4.109394691755237881e-03
4.109064895799515241e-03
4.109061671927016421e-03
4.109059350763797323e-03
4.108519016491341859e-03
4.108512379447450819e-03
4.108513202188804163e-03
4.108548772218473255e-03
4.108551548613838603e-03
4.108525040767057289e-03
4.108482254944575973e-03
4.108556707719685994e-03
4.108604791709180061e-03
4.108623691802833384e-03
4.108612339477905190e-03
4.108647976020955023e-03
4.108616224743434631e-03
4.108584196225661782e-03
4.108589799026403366e-03
4.108587885034094105e-03
4.108578450935788592e-03
4.108600980004546710e-03
4.108570616107509385e-03
4.108576244752636629e-03
4.108562922904855468e-03
4.108600114149640707e-03
4.108527952648621286e-03
4.108570650251776660e-03
4.108575751992196538e-03
4.108571960529604737e-03
4.108573663582436308e-03
4.108564375139718214e-03
4.108574735579919278e-03
4.108545107277922562e-03
4.108528359633792544e-03
4.108539194456539874e-03
4.108569402366768659e-03
4.108575031715640258e-03
4.108558384669569637e-03
4.108564459244839519e-03
4.108569569671530718e-03
4.108588415651603237e-03
4.108611458109391427e-03
4.108576587596240830e-03
4.108527169596084411e-03
4.108542036146156130e-03
4.108528691675097586e-03
4.108498185807341226e-03
4.108732819911301536e-03
4.108708154662726181e-03
4.108614368559508449e-03
4.108608252115395973e-03
4.108604174727297810e-03
4.108609758735151142e-03
4.108590022555728624e-03
4.108596552328337530e-03
4.108574921175663780e-03
4.108569368509682254e-03
4.108537375518721800e-03
4.108560740380248245e-03
4.108535898936137298e-03
4.108582623461909215e-03
4.108538654099954009e-03
4.108619834255233458e-03
4.108665541632722240e-03
4.108635328699480199e-03
4.108640859547242619e-03
4.108641627042655328e-03
4.108650840944524235e-03
4.108634355217785639e-03
4.108651528062945424e-03
4.108666361719509781e-03
4.108652896651394590e-03
4.108654439600322936e-03
4.108642817745590883e-03
4.108649189467720834e-03
4.108643437017685425e-03
4.108643059330745542e-03
4.108642436543391736e-03
4.108662063462656909e-03
4.108607278285303019e-03
4.108596715037345255e-03
4.108562595125418195e-03
4.108603135419963172e-03
4.108612406489070036e-03
4.108621908446387361e-03
4.108604243513029261e-03
4.108587761581352152e-03
4.108593829397112415e-03
4.108392761662821129e-03
4.108381745771232454e-03
4.108477527461192047e-03
4.108453066905571119e-03
4.108476577048738448e-03
4.108492861066727515e-03
4.108489176930211692e-03
4.108486598409938524e-03
4.108454758518146829e-03
4.108494518377606326e-03
4.108475992662938281e-03
-1.995867180498694243e-03
-1.995841084872875589e-03
-1.995886730692120626e-03
-1.995494086670661967e-03
-1.995207022367484744e-03
-1.995307545540881983e-03
-1.995024133509933333e-03
-1.993454529049117855e-03
-1.993471244625503146e-03
-1.993478191810592066e-03
-1.993526032706085041e-03
-1.993550050497226809e-03
-1.993564120977300846e-03
-1.993478513529534351e-03
-1.993475778674753344e-03
-1.993530238526641015e-03
-1.993511454874094015e-03
-1.993572274073493814e-03
-1.993514966529854465e-03
-1.993455642538855335e-03
-1.993454715452312818e-03
-1.993450898609847033e-03
-1.993437920191745965e-03
-1.993413521102853879e-03
-1.993404136698935861e-03
-1.993402163310336629e-03
-1.993497678876458411e-03
-1.993450526550141506e-03
-1.993416090009799552e-03
-1.993360232319470529e-03
-1.993393190966524699e-03
-1.993387972479073074e-03
-1.993398821440026201e-03
-1.993407070371226199e-03
-1.993425070322132724e-03
-1.993461848526066442e-03
-1.993479483365736150e-03
-1.993403784791179020e-03
-1.993396323651510683e-03
-1.993462539026156707e-03
-1.993485543909341746e-03
-1.993447153365374407e-03
-1.993485986829717470e-03
-1.993478420875521850e-03
-1.992253265749816503e-03
-1.992492108993822002e-03
-1.992006017504226525e-03
-1.992527368929279501e-03
-1.992829507503598822e-03
-1.992380479841300133e-03
-1.992015358641205467e-03
-1.992186249556781880e-03
-1.992143564728706979e-03
-1.991842358160500568e-03
-1.991842915963446762e-03
-1.991842683955282346e-03
-1.991887697180930953e-03
-1.991611085217795830e-03
-1.991885238132522044e-03
-1.991826969241459588e-03
-1.991801680508266566e-03
-1.991495519955816928e-03
-1.991890629201611453e-03
-1.991612967021223323e-03
-1.992296902971496357e-03
-1.989622617156506807e-03
-1.989613803856341186e-03
-1.989654026182582133e-03
-1.989666361300159673e-03
-1.989626972093901450e-03
-1.989651903039511057e-03
-1.989629968726890942e-03
-1.989632298531491487e-03
-1.989625838561816847e-03
-1.989617069964696311e-03
-1.989610009334683363e-03
-1.989629677411030619e-03
-1.989651416939176160e-03
-1.989628077149834494e-03
-1.989665905966658301e-03
-1.989665511004974716e-03
-1.989667722789720521e-03
-1.989707877730317528e-03
-1.989674287414375155e-03
-1.989657797152716377e-03
-1.989666784174782144e-03
-1.989541376574298706e-03
-1.989483209783320713e-03
-1.989499985414595017e-03
-1.989513331801567603e-03
-1.989473951945058654e-03
-1.989474833664647488e-03
-1.989522204170976211e-03
-1.989554055262686937e-03
-1.989537846790406447e-03
-1.989559657404362403e-03
-1.989611720951188576e-03
-1.989480481024039245e-03
-1.989513443152978334e-03
-1.989496687084170694e-03
-1.990195916969703018e-03
-1.990171903226878054e-03
-1.990181340852217266e-03
-1.990328127279504620e-03
-1.990324221046027749e-03
-1.990329870825364826e-03
-1.990333014690653154e-03
-1.990358636301638780e-03
-1.990347750405149427e-03
-1.988606840654495202e-03
-1.988260902921819284e-03
-1.988567655991881587e-03
-1.988977936948744998e-03
-1.988303174696265992e-03
-1.988418364885343338e-03
-1.988332076920638902e-03
-1.988368548059613657e-03
-1.988147177468727218e-03
-1.991943330561452268e-03
-1.991872809276037676e-03
-1.991834064821253452e-03
-1.992003420994870912e-03
-1.992737259444850220e-03
-1.992807227162186282e-03
-1.992566321075636433e-03
-1.992640819821922538e-03
-1.992591297739786972e-03
-1.992594334373389963e-03
-1.979628440485838546e-03
-1.979349203901567111e-03
-1.979495344868378599e-03
-1.979392363719210957e-03
-1.979614622566708022e-03
-1.979258948231624529e-03
-1.979564073974816787e-03
-1.979517942303287564e-03
-1.979522493038091743e-03
-1.979472598229811090e-03
-1.979276222484796510e-03
-1.979158353569230276e-03
-1.979157182151628468e-03
-1.979233478675770843e-03
-1.979299118327697803e-03
-1.981784095682088010e-03
-1.981747733233838512e-03
-1.981781841292590881e-03
-1.981777758481115693e-03
-1.981778177950063117e-03
-1.981770092972723590e-03
-1.981836958354176240e-03
-1.981816613534821865e-03
-1.981822727939787712e-03
-1.981850558983347301e-03
-1.981838289044498061e-03
-1.981823860962380994e-03
-1.981723206389885122e-03
-1.981762133245647348e-03
-1.981864900109544907e-03
-1.981867111674117440e-03
-1.981672581379198116e-03
-1.981676226168280642e-03
-1.981630227331289060e-03
-1.981613829710978866e-03
-1.981611609516500516e-03
-1.981658317789224480e-03
-1.981688242264908768e-03
-1.981679450928009421e-03
-1.981659519575690830e-03
-1.981650021624248564e-03
-1.981626890652063173e-03
-1.981703162856346921e-03
-1.981698934963156862e-03
-1.981708622662183960e-03
-1.981712102062674775e-03
-1.981707280385494856e-03
-1.981713442680193248e-03
-1.981735857442836011e-03
-1.981790316074838378e-03
-1.981788073005224214e-03
-1.981771979391603201e-03
-1.981766215095369290e-03
-1.981735591516884179e-03
-1.981687729630410982e-03
-1.981777194115429564e-03
-1.981735600871695376e-03
-1.981752361331260304e-03
-1.991033491051643917e-03
1.109804092419313520e-02
1.109850367423204781e-02
1.109863367787640442e-02
1.109857098414333658e-02
1.109865937653828870e-02
1.110359195266691704e-02
1.110326823186715689e-02
1.110325727205289763e-02
1.110338696326832082e-02
1.110331561918233290e-02
1.110340400687886281e-02
1.110306438191071242e-02
1.110285049142376891e-02
1.110290236559615187e-02
1.110278347471851945e-02
1.110281236150251379e-02
1.110285253863100598e-02
1.110306458719903522e-02
1.110307248982455447e-02
1.110318836183528390e-02
1.110324812589261363e-02
1.110296393864551243e-02
1.110309701835832455e-02
1.110301266610624026e-02
1.110310384832359498e-02
1.110312896907384404e-02
1.110344667281267655e-02
1.110346172341811731e-02
1.110317598034553550e-02
1.110336156931409496e-02
1.110341711011953239e-02
1.110317880175612677e-02
1.110346440717096400e-02
1.110338279451179334e-02
1.110332403617750319e-02
1.110322537838672428e-02
1.110319522160237854e-02
1.109057075879499830e-02
1.109072063604435790e-02
1.109058171487790727e-02
1.109066263665930453e-02
1.109075125426741901e-02
1.109067364086104013e-02
1.109086586807452382e-02
1.109155356680025309e-02
1.109155423317324286e-02
1.109144816671207498e-02
1.109159012557651980e-02
1.109147260433966664e-02
1.109142502200332475e-02
1.109133047254535522e-02
1.109138826110583377e-02
1.109141907064072237e-02
1.109136941097909994e-02
1.109132899176156276e-02
1.109135267793855822e-02
1.109127194068576516e-02
1.109141854860217803e-02
1.109131415454098907e-02
1.109142290609823299e-02
1.109128141526796209e-02
1.109137204067331926e-02
1.109139486505838698e-02
1.109116929008871141e-02
1.109119210908224989e-02
1.109116042994933750e-02
1.109113799024993158e-02
1.109109647795099816e-02
1.109135592000108118e-02
1.109136017087283127e-02
1.109132240838825272e-02
1.109139964204705793e-02
1.109137173233154527e-02
1.109111548690067811e-02
1.109108662574872541e-02
1.108460517322825550e-02
1.108458735173070697e-02
1.108452774632882019e-02
1.108448324509752475e-02
1.108442514899429451e-02
1.108464275863850837e-02
1.108461896003687559e-02
1.108470386144028152e-02
1.108466522600671036e-02
1.108452796340338511e-02
1.108505231478317497e-02
1.108493442850862903e-02
1.108506292550214684e-02
1.108473626293664076e-02
1.108484279717739628e-02
1.108476957443630707e-02
1.108482196665581607e-02
1.108481705434069889e-02
1.108496234352009634e-02
1.108514980172954634e-02
1.108520449033268199e-02
1.108516337906228014e-02
1.108509309724572435e-02
1.108516946479761421e-02
1.108499302798163395e-02
1.108495629002655830e-02
1.108518050921349953e-02
1.108516252597512367e-02
1.108513326467026189e-02
1.108514361490547072e-02
1.108507185801515041e-02
1.108525919740338019e-02
1.108513926209958589e-02
1.108510343480963514e-02
1.108514312790203141e-02
1.108513875934997658e-02
1.108505667330343669e-02
1.108501574666955793e-02
1.108500885323159858e-02
1.108508258255656506e-02
1.108501026673141578e-02
1.108511160334688279e-02
1.108553342117671835e-02
1.108556313352656100e-02
1.108510346682513650e-02
1.108936988274308345e-02
1.108911216098837534e-02
1.108957934390935110e-02
1.108952863637453941e-02
1.108956386773108163e-02
1.108951767819461517e-02
1.108967572574533905e-02
1.108963663262378663e-02
1.108928151550809572e-02
1.108929611777193826e-02
1.108908048119187743e-02
-2.665250901337888525e-03
-2.665171647974758085e-03
-2.665883465998400859e-03
-2.665652281291739159e-03
-2.665600970705971941e-03
-2.665871067397348766e-03
-2.665616719509961152e-03
-2.738511863649195893e-03
-2.738698580264520375e-03
-2.738801788911960407e-03
-2.738553484686251979e-03
-2.738528752881976003e-03
-2.738591970596525749e-03
-2.738706328528514762e-03
-2.738630953719636829e-03
-2.738442311896480651e-03
-3.823194420528973868e-03
-3.823294152857581278e-03
-3.823205724641187860e-03
-3.823227041535239012e-03
-3.823363871143372478e-03
-3.823188894937093549e-03
-3.823181716659559103e-03
-3.823202540760961988e-03
-3.823068507858330255e-03
-3.822988698612573861e-03
-3.823024785991820627e-03
-3.823018746630785919e-03
-3.822993297908506248e-03
-3.822984758094686176e-03
-3.822981002481077011e-03
-3.823016955827710645e-03
-3.823022381029346235e-03
-3.823025721355760576e-03
-3.822999678057399826e-03
-3.822999229451401557e-03
-3.822877284244146148e-03
-3.822941319239710027e-03
-3.822917826654321279e-03
-3.822528782068815474e-03
-3.822975709012170313e-03
-3.822927350902785397e-03
-3.822868982818987318e-03
-3.822806099563521263e-03
-3.822986740076445879e-03
-3.822908734120911492e-03
-3.822906985965138140e-03
-3.822978860858493311e-03
-3.822991874454577301e-03
-3.819596604993316050e-03
-3.819667594534947429e-03
-3.819302886470227632e-03
-3.819401182417949282e-03
-3.819133571550688451e-03
-3.819192556105003526e-03
-3.797149095566582089e-03
-3.797189418976817943e-03
-3.797226837805609944e-03
-3.797048087586121431e-03
-3.797049913418597093e-03
-3.797032073557636209e-03
-3.797011245638251369e-03
-3.797057475232659164e-03
-3.797079449268665318e-03
-3.797061802562430154e-03
-3.797086850729771649e-03
-3.796953183212482992e-03
-3.796946189178198108e-03
-3.797042378544703434e-03
-3.797045649214049034e-03
-3.797047792603511478e-03
-3.797049515615671510e-03
-3.797130337227108340e-03
-3.797092572362647904e-03
-3.797093534417995183e-03
-3.797086736375577132e-03
-3.797082422683432327e-03
-3.797451474311312747e-03
-3.797447668949097740e-03
-3.797461445081218648e-03
-3.797420630095974664e-03
-3.797439166398231241e-03
-3.797380553979114691e-03
-3.796114672472388277e-03
-3.796398136236679797e-03
-3.796415708341323563e-03
-3.796247200482689901e-03
-3.796286987634331367e-03
-3.796140964303668965e-03
-3.796182143336224776e-03
-3.796165048246830792e-03
-3.796305041511548791e-03
-3.796974936818415646e-03
-3.797345698692626472e-03
-3.797349542644910120e-03
-3.797301564006065697e-03
-3.797117717955563951e-03
-3.797111128830456869e-03
-3.797370293049684778e-03
-3.845366707572899813e-03
-3.845388618287850536e-03
-3.845384118225505642e-03
-3.845401373908681822e-03
-3.845410204976106461e-03
-3.845401208546362064e-03
-3.845357223034823885e-03
-3.845335287699869643e-03
-3.845361494114836985e-03
-3.845354274884797696e-03
-3.845364584066143527e-03
-3.845290513053842372e-03
-3.845307319068676493e-03
-3.845268027761225820e-03
-3.845274134144879320e-03
-3.845341225335496740e-03
-3.845331608075554762e-03
-3.845365485848309395e-03
-3.845357569961262417e-03
-3.845388323087743556e-03
-3.845379152970108700e-03
-3.845288797435588574e-03
-3.845311745702582711e-03
-3.845281591833621913e-03
-3.845269176931658678e-03
-3.845295727687590617e-03
-3.845237115927489877e-03
-3.845253043837187218e-03
-3.845245193371523828e-03
-3.845244742733260578e-03
-3.845248380248870480e-03
-3.845262224107131189e-03
-3.845359115474641584e-03
-3.845542676673159316e-03
-3.845524886472961347e-03
-3.845537752437202389e-03
-3.845447338933840296e-03
-3.845445329874802674e-03
-3.845456873457011281e-03
-3.845463606685507740e-03
-3.845444570848254029e-03
-3.845425367728954897e-03
-3.845514876080604293e-03
-3.845488597216937567e-03
-3.845277708130609949e-03
-3.845277795843739244e-03
-3.845245762837221516e-03
-3.845282041039257710e-03
-3.845300539768799816e-03
-3.845300746563508777e-03
-3.845285362901076746e-03
-3.845305557191481139e-03
-3.845269088804722808e-03
-3.845264973582819545e-03
-3.845285878384778911e-03
-3.845290096717090406e-03
-3.845274752303809614e-03
-3.845271349410451893e-03
-3.845302134288369582e-03
-3.845293966381095000e-03
-3.845311185463172292e-03
-3.845286152021679376e-03
-3.845279085295486444e-03
-3.845281193328770400e-03
-3.845320549086326482e-03
-3.845301242202696888e-03
-3.845290025376158112e-03
-3.845281462268412657e-03
-3.845306094454396719e-03
-3.845292944616878362e-03
-3.845319896428592201e-03
-3.845271236978182669e-03
-3.845237091841679708e-03
-3.845253118844565565e-03
-3.845249993896108446e-03
-3.845270379051479899e-03
-3.845275944999179598e-03
-3.845252211159860389e-03
-3.845284569314977568e-03
-3.845264485395779273e-03
-3.845260476323528014e-03
-3.845282622231243307e-03
-3.845273148331679585e-03
-3.845273801090766386e-03
-3.845271714970820327e-03
-3.845277233328796198e-03
-3.845296035807682991e-03
-3.845291853105242946e-03
-3.845291012162338658e-03
-3.845269718536915848e-03
-3.845265660170377620e-03
-3.845281221986652023e-03
-3.845282772148745764e-03
-3.845281013354384745e-03
-3.845276508990207957e-03
-3.845216362031734711e-03
-3.845250383644446216e-03
-3.845341289502121878e-03
-3.845286737197721114e-03
-3.845278968005275914e-03
-3.845291455231896263e-03
-3.845300228282160816e-03
-3.845279893045021671e-03
-3.845278913808278329e-03
-3.845296831591227087e-03
4.147085462317419815e-04
4.146971660809418633e-04
4.146691310190897257e-04
4.146780285264765669e-04
4.145883786151290172e-04
4.147186449614082373e-04
4.146017083853023588e-04
4.147467529711078987e-04
4.148638286867422352e-04
4.149324803179542647e-04
4.148659874296164725e-04
4.149924076361955101e-04
4.148412345814184664e-04
4.147520322758925190e-04
4.149401834899713536e-04
4.144597413403618711e-04
4.144654717579499079e-04
4.145099425952751874e-04
4.144766547325239416e-04
4.149737856417913279e-04
4.144541568613910364e-04
4.149198389250987988e-04
4.166150808945716486e-04
4.164658367987752151e-04
4.164660102421217057e-04
4.161097627682208830e-04
4.165910908717237841e-04
4.165746847058729592e-04
4.164511321359078209e-04
4.164023369854678663e-04
4.164236234421698178e-04
4.164768142767223181e-04
4.162696367825280018e-04
4.162884479968958292e-04
4.155955675410089750e-04
4.154745279439480397e-04
4.158693820544970602e-04
4.157327141754515619e-04
4.156924262116424261e-04
4.156698055418279786e-04
4.157317663826197137e-04
4.164830386854600445e-04
4.165263291578107790e-04
4.165096470216206001e-04
4.164616414638562850e-04
4.164543127206896968e-04
4.164773728224383984e-04
4.164145797577867964e-04
4.164070871610546184e-04
4.163843408589991239e-04
4.158378366269071397e-04
4.161223214077438962e-04
4.160204400226817211e-04
4.161043228561830173e-04
4.159558018608862547e-04
4.159981252526007687e-04
4.159782819402551126e-04
4.160268396374611254e-04
4.152823727505540550e-04
4.153208119939000710e-04
4.156753137316192498e-04
4.167096139710796225e-04
4.167433122587107142e-04
4.167275049026437656e-04
4.166865036937964038e-04
4.167313589881409090e-04
4.167030910724707298e-04
4.170206201487978623e-04
4.169249603514846368e-04
4.169248920236897173e-04
4.169451717228420009e-04
4.132181327512539728e-04
4.134923646019165338e-04
4.134641698246697863e-04
4.133803534278828557e-04
4.136488338891132184e-04
4.135681825245268056e-04
4.136439134168560920e-04
4.134448704466124201e-04
4.134895074862616842e-04
4.135541015295699126e-04
4.135166695610277185e-04
4.135996345077301117e-04
4.136298475252865440e-04
4.137173606186553493e-04
4.137982179731789466e-04
4.138838231242730412e-04
4.138600357281739983e-04
4.137627352487498232e-04
4.137786908370512016e-04
4.138472074669311777e-04
4.137731833339835575e-04
4.138191544501552510e-04
4.138132941195362519e-04
4.137945864766889251e-04
4.137433601682799652e-04
4.137022707582588624e-04
4.138415008308958228e-04
4.137879826244219759e-04
4.141006422931731113e-04
4.139168799433812478e-04
4.139135717538583621e-04
4.139431142553760519e-04
4.139651422558233572e-04
4.139550529938803105e-04
4.139660242809503924e-04
4.810047192107725147e-03
4.810011394523519210e-03
4.810059209965690009e-03
4.810153211383789984e-03
4.810148610946728305e-03
4.810083916546440026e-03
4.809700019787070506e-03
4.809673331329175454e-03
4.809664580217049706e-03
4.809619711627908731e-03
4.809629738217551485e-03
4.809833589804992510e-03
4.809859976069894710e-03
4.817715327359152998e-03
4.819164359602648787e-03
4.819088671448817571e-03
4.819119946084666518e-03
4.819328316367529723e-03
4.819321239520738855e-03
4.819099300509218503e-03
4.819136302690691862e-03
4.819081729220536618e-03
4.819088278716095360e-03
4.819243247789565740e-03
4.819816182141884245e-03
4.819723070262989587e-03
4.819792533982637447e-03
4.819333298623299129e-03
4.819353464203275823e-03
4.819295135224328612e-03
4.819188266267476241e-03
4.817219044390951173e-03
4.817716961141848935e-03
4.817762768683193225e-03
4.817732592871499207e-03
4.817594299837059391e-03
4.817641719682306915e-03
4.817632720993801632e-03
4.817940614800569551e-03
4.817639881641360908e-03
4.815179265687198097e-03
4.815132948383869446e-03
4.815140317788730098e-03
4.815374740577096045e-03
4.815336000828185532e-03
4.815289019515836370e-03
4.815218921853133341e-03
4.815195350853645161e-03
4.815224707149993837e-03
4.815237252720924038e-03
4.815245893525985088e-03
4.815263848083521127e-03
4.815263309731541812e-03
4.815250632085326873e-03
4.815224334953081657e-03
4.815226907121968394e-03
4.815288673546178067e-03
4.815176129355423079e-03
4.815209433855680531e-03
4.815296643359745846e-03
4.815310845294695080e-03
4.815291154895216634e-03
4.815291239107647933e-03
4.815312445435727777e-03
4.815328249963366641e-03
4.815213490866055747e-03
4.815158386517591309e-03
4.815166412815995861e-03
4.815281636340751174e-03
4.815288764554508279e-03
4.815253837838521025e-03
4.815272072744578372e-03
4.815345636684128551e-03
4.815324728543624033e-03
4.815389894932252217e-03
4.815360666778852050e-03
4.815315001720124610e-03
4.815405691922180174e-03
4.815410514335085809e-03
4.815331187621219727e-03
4.815319763937255665e-03
4.815212260575371314e-03
4.815167308274377785e-03
4.815186383443673460e-03
4.815138956763287577e-03
4.815123975666408054e-03
4.815185192249177987e-03
4.815153637539391039e-03
4.815168427653315417e-03
4.815178569367644865e-03
4.815174576091082147e-03
4.815140528205101925e-03
4.815184264037789159e-03
4.815205624201360224e-03
4.815231898566882038e-03
4.815183843928700150e-03
4.815149172129854112e-03
4.815171945284405473e-03
4.815160261947184182e-03
4.815162369363843765e-03
4.815146879669995883e-03
4.815207893994461093e-03
4.815224876827131628e-03
4.815110456536098038e-03
-1.905551059181019146e-03
-1.905562075592344851e-03
-1.905535877788036136e-03
-1.905584770158936939e-03
-1.905559259385646020e-03
-1.905592325426087343e-03
-1.904465000328167982e-03
-1.892142798266119091e-03
-1.892135909904084021e-03
-1.892374317906889451e-03
-1.892253600878315411e-03
-1.892273165422562022e-03
-1.892282728286325683e-03
-1.892154116564691117e-03
-1.892336540248688555e-03
-3.088942261918392693e-03
-3.089158321396980045e-03
-3.089163980767535133e-03
-3.089146772024512974e-03
-3.088903270487482720e-03
-3.088935216053174167e-03
-3.088870290876012149e-03
-3.088826754176840581e-03
-3.088876578652690816e-03
-3.089409874354070475e-03
-3.089387451342246425e-03
-3.089387443558612011e-03
-3.089422254729213505e-03
-3.089212978573978828e-03
-3.089338252499530899e-03
-3.089267425725713938e-03
-3.089281802226392232e-03
-3.089201464488064517e-03
-3.089191240821567361e-03
-3.089173428563247135e-03
-3.089370550615153435e-03
-3.089404300442525481e-03
-3.089410629103729947e-03
-3.089300371851798604e-03
-3.089294015891374829e-03
-3.089313433560227865e-03
-3.089418697365173879e-03
-3.089538610020428448e-03
-3.089353923627377683e-03
-3.089348908294842124e-03
-3.089372375695374501e-03
-3.089447424015468076e-03
-3.089325705338858037e-03
-3.089326599617860016e-03
-3.089329247199874753e-03
-3.089393624392678794e-03
-3.089372364065985210e-03
-3.089361623246336154e-03
-3.089368417509983072e-03
-3.089380059044521953e-03
-3.089403330977401416e-03
-3.089337790679909292e-03
-3.089294097782651575e-03
-3.089459975795026507e-03
-3.183640037128608515e-03
-3.183724391411677998e-03
-3.183604436954439679e-03
-3.183629947620074310e-03
-3.183633123795819031e-03
-3.183687833042548720e-03
-3.183697964979721219e-03
-3.183707598620989180e-03
-3.183707598620957088e-03
-3.183693275023993623e-03
-3.183300196260758531e-03
-3.183284248984945709e-03
-3.183383911617174676e-03
-3.183145115137166366e-03
-3.183293276756482982e-03
-3.183297384102039534e-03
-3.183780531568327320e-03
-3.183428081491456677e-03
-3.183407853991373354e-03
-3.183540092286232370e-03
-3.183614457090083640e-03
-3.183437024886239669e-03
-3.194153370391022029e-03
-3.177581556088237159e-03
-3.176020445965001791e-03
-3.174964260963622411e-03
-3.174925843175359710e-03
-3.174901763198389407e-03
-3.174912320481232484e-03
-3.174812511768550227e-03
-3.174776894194068864e-03
-3.175081715526994162e-03
-3.176302469608183708e-03
-3.175947081397313080e-03
-3.175654294552468764e-03
-3.175660495023284804e-03
-3.174165327844790437e-03
-3.174096444451286487e-03
-3.174063568708921940e-03
-3.174027392132997352e-03
-3.173981944514589135e-03
-3.173981478101347339e-03
-3.173976187406464707e-03
-3.173999038254514838e-03
-3.174008311697124139e-03
-3.173978450067089976e-03
-3.173979894820769948e-03
-3.173986788163396262e-03
-3.173957831453946311e-03
-3.174055804076160534e-03
-3.173885423842321470e-03
-3.173948124540988420e-03
-3.173930510812459325e-03
-3.173933215376375030e-03
-3.173836180481670165e-03
-3.173843857688803637e-03
-3.173832933542465682e-03
-3.173833652756940550e-03
-3.173825199833101365e-03
-3.173852579234992879e-03
-3.173879106491158016e-03
-3.173776627740990380e-03
-3.173819990528028122e-03
-3.173819426666747538e-03
-3.173827209036858294e-03
-3.173930191934213035e-03
-3.173870908949709847e-03
-3.174092780263918900e-03
-4.189158582078108053e-03
-4.189229628526186001e-03
-4.189183464879144697e-03
-4.189781430635213313e-03
-4.189764654057820392e-03
-4.189814700821192783e-03
-4.189689495391543672e-03
-4.189762202293998046e-03
-4.189712064685313479e-03
-4.189808193016474926e-03
-4.189680398193809836e-03
-4.189729428335208124e-03
-4.189732809981328368e-03
-4.189924818264945637e-03
-4.189813550138621855e-03
-4.189873431816540199e-03
-7.504615837793490035e-03
-7.504690074004200830e-03
-7.505213535388580853e-03
-7.505250054950824042e-03
-7.504151718937646098e-03
-7.504203039631437977e-03
-7.504203039631464865e-03
-7.504188067773928141e-03
-7.504435401464329934e-03
-7.504548773084212740e-03
-7.504714576018654652e-03
-7.504633565376394276e-03
-7.504553124296779211e-03
-7.504812297119363429e-03
-7.504787267709599891e-03
-7.504821748748076622e-03
-7.504452871427107555e-03
-7.504446002542071274e-03
-7.504435755023424262e-03
-7.504345179123065278e-03
-7.504437608511879861e-03
-7.504375680927011585e-03
-7.504257374869868942e-03
-7.504557168847957559e-03
-7.504606027541231052e-03
-7.504450259022247410e-03
-7.504470696566662054e-03
-7.504632327503689762e-03
-7.915492734895654414e-03
-7.915608150868471554e-03
-7.915479541904314395e-03
-7.915502287962582206e-03
-7.915652622117087464e-03
-7.915583177476958818e-03
-7.915594243209237227e-03
-7.915800315241578247e-03
-7.915725192933221674e-03
-7.915905196229073779e-03
-7.915957071350987126e-03
-7.915719315551949034e-03
-7.915660016502065049e-03
-7.915806015099474680e-03
-7.915919814152629422e-03
-7.915972483749493874e-03
-7.915704061879958592e-03
-7.915699905069940867e-03
-7.915666422070158359e-03
-7.915802351591278221e-03
-7.915719517413849493e-03
-7.915680536242577711e-03
-7.915643899241268239e-03
-7.915662054478344103e-03
-7.915657388945882000e-03
-7.915745538518318553e-03
-7.920423234596038128e-03
-7.920272949972724519e-03
7.321490432212838378e-04
7.321249685257368370e-04
7.320369946735317277e-04
7.318924131196631990e-04
7.319789258907258419e-04
7.320046391203658635e-04
7.319458764143492013e-04
7.319485493569615657e-04
7.317514496178251704e-04
7.317398385730004493e-04
7.317767719792116297e-04
7.317081232136061694e-04
7.335758275979569441e-04
7.338030698431205392e-04
7.337819339991260605e-04
7.338249646188960444e-04
7.337940143745702885e-04
7.338377171733532437e-04
7.339914888740241890e-04
7.339048586241838637e-04
7.339143524191235135e-04
7.339220675246525610e-04
7.339023200447595012e-04
7.276302106917210662e-04
7.276291756111588974e-04
7.276924233350668151e-04
7.276957701151824448e-04
7.275697268311322402e-04
7.275517286980754056e-04
7.274949183272364905e-04
7.274983499916694686e-04
7.275094272546578584e-04
7.277533828469409270e-04
7.275922093355152807e-04
7.277890180809737375e-04
7.278067256778721810e-04
7.275227468382665548e-04
7.243225426992311571e-04
7.259070246228145574e-04
7.258894436389821741e-04
7.259094559663877531e-04
7.258762438003642020e-04
7.259283490373966748e-04
7.258143055061697059e-04
7.258698295677215627e-04
-8.423746991502592887e-03
-8.423476312120058151e-03
-8.423484400132151551e-03
-8.423472747060165022e-03
-8.423423121735374580e-03
-8.423394581899005390e-03
-8.423408785838668728e-03
-8.423443022053847540e-03
-8.423452711769965559e-03
-8.423464406955327374e-03
-8.423455007519469254e-03
-8.423447679411144237e-03
-8.423488724435240771e-03
-8.423444669328183573e-03
-8.423407150250335554e-03
-8.423481010695510474e-03
-8.423310772611988101e-03
-8.423301842922619950e-03
-8.423321266783913644e-03
-8.423329648672346973e-03
-8.423292539363139847e-03
-8.423340217624517012e-03
-8.423424603301097116e-03
-8.423460759866099531e-03
-8.423459760398089441e-03
-8.423492811134044786e-03
-8.423598079339796041e-03
-8.423650308199165382e-03
-8.423612019481486329e-03
-8.423566650401052847e-03
-8.423595279361893728e-03
-8.423616614284016105e-03
-8.423632556048192208e-03
-8.423593080339526751e-03
-8.423653021690678463e-03
-8.423643452708462487e-03
-8.423589056949438644e-03
-8.423577183648030611e-03
-8.423573245847063365e-03
-8.423669762268236327e-03
-8.423651455921360443e-03
-8.429172379346028948e-03
-8.429308487005619799e-03
-8.428985111562131011e-03
-8.428695284980807986e-03
-8.428705264122633364e-03
-8.428692030243259067e-03
-8.429457745399718954e-03
-8.429435038726439469e-03
-8.429456927631771845e-03
-8.429365119194443673e-03
-8.429341588776151015e-03
-8.429343941051652134e-03
-8.429352789472757332e-03
-8.429362992201686403e-03
-8.429326880908262140e-03
-8.429336922072974345e-03
-8.429336922072969140e-03
-8.429385387121160825e-03
-8.429403549850509117e-03
-8.429405764172115401e-03
-8.429511244039535750e-03
-8.429664593361762409e-03
-8.429588471604094330e-03
-8.429570063101632371e-03
-8.429447763350505704e-03
-8.429076585068530705e-03
-8.429181479526856591e-03
-8.429431053734203969e-03
-8.429360558836520786e-03
-8.429362660481394542e-03
-8.429408337048678243e-03
-8.429302981852083640e-03
-8.430069053824552558e-03
-8.429993405878110843e-03
-8.430014321366719257e-03
-8.430081715582193186e-03
-8.430016136641229826e-03
-8.430030199190811230e-03
-8.430048815945511559e-03
-8.430032493716098016e-03
-8.429904365437944011e-03
-8.430501640532508945e-03
-8.430550568374387682e-03
-8.430610069551877986e-03
-8.430575516811780051e-03
-8.430655056403640879e-03
-8.430749773249469198e-03
-8.430524535683818488e-03
-8.439049601041238163e-03
-8.438946702556253746e-03
-8.439095075539060006e-03
-8.438874278904487033e-03
-8.438932680145222812e-03
-8.439188791061626171e-03
-8.439065400039235179e-03
-8.439080209772263641e-03
-8.439077638192578334e-03
-8.439149364949466436e-03
-8.439446861123987842e-03
-8.439405666280970150e-03
-8.439399959600231080e-03
-8.439423362614084309e-03
-8.439523251935551404e-03
-8.439737420154379277e-03
-8.439614319641228213e-03
-8.439624283369241003e-03
-8.439655506084468503e-03
-8.439622369168035473e-03
-8.439760864131671744e-03
-8.437120325872148052e-03
-8.437182152261482604e-03
-8.436980044847277108e-03
-8.437018259330804348e-03
-8.437118341761798077e-03
-8.437097877892001455e-03
-8.437149554306284591e-03
-8.437060523999293307e-03
-8.437130861989505098e-03
-8.430894634582219646e-03
-8.430796513851654753e-03
-8.430814934839500965e-03
-8.430829331191089238e-03
-8.430788661383057520e-03
-8.430857238962466069e-03
-8.430809294895329556e-03
-8.429566206770809991e-03
-8.429590319625986095e-03
-8.429777050347229267e-03
-8.429557409839721904e-03
-8.429544644600005937e-03
-8.429439260397089684e-03
-8.429459490643437594e-03
-8.429453173089353560e-03
-8.429787886048414544e-03
-8.429618619778199082e-03
-8.429620288755424601e-03
-8.430387094412048615e-03
-8.456538302499238755e-03
-8.456551842139187897e-03
-8.456565366465843003e-03
-8.456501380925157685e-03
-8.456499861431826179e-03
-8.456470909579244175e-03
-8.456504018529707387e-03
-8.456476555425092301e-03
-8.456492686085387636e-03
-8.456558020953275009e-03
-8.456618144749827523e-03
-8.456552480485535900e-03
-8.456569032098890104e-03
-8.456621616181632731e-03
-8.456593535656597299e-03
-8.456333864405850623e-03
-8.456335339741273896e-03
-8.456308854498488514e-03
-8.456370535463844651e-03
-8.456386276675300490e-03
-8.456436853406522000e-03
-8.456426031084006423e-03
-8.456343864613006037e-03
-8.456413903368828824e-03
-8.456302129410763965e-03
-8.456650682127021118e-03
-8.456324764808073949e-03
-8.455713415783263839e-03
-8.455824244733400885e-03
-8.455705448682172137e-03
-8.455858208352321631e-03
-8.455890002575358957e-03
-8.455718992010167676e-03
-8.455762209922126904e-03
-8.455739656823953176e-03
-8.455752446936767516e-03
-8.455803255802337229e-03
-8.455824012600945266e-03
-8.455840611712676230e-03
-8.455789594624431305e-03
-8.455704376699339775e-03
-8.455715974945154922e-03
-8.455917614065715238e-03
-8.456000851206083024e-03
-8.455960009375543956e-03
-8.455916915163249822e-03
-8.455927855230815221e-03
-8.455845034207352257e-03
-8.455820601936741079e-03
-8.455842342742965825e-03
-8.455872454293035176e-03
-8.455846363088721784e-03
-8.455853599893651401e-03
-8.455828182402277612e-03
-8.455874109821112650e-03
-8.455894106204495109e-03
-8.455882395881212862e-03
-8.455836484187467458e-03
-8.455880304892740215e-03
-8.455825416534026168e-03
-8.455815386690304983e-03
-8.455803238835454469e-03
-8.456178236523653052e-03
-8.455816834048683964e-03
-8.457679062870303646e-03
-8.457699313014226464e-03
-8.457603421504025429e-03
-8.458005846819200910e-03
-8.457850607504350041e-03
-8.457856345911965446e-03
-8.457702037968894623e-03
-8.457806938888973516e-03
-8.457873750562866499e-03
-8.457850505994287532e-03
-8.457955719503775643e-03
-8.457895618547929886e-03
-8.457911847897785218e-03
-8.458013493024911164e-03
-8.457994901517721514e-03
-8.457885175339520736e-03
-8.457398918739951824e-03
-8.457376567592510275e-03
-8.457315118242632671e-03
-8.457359324908318363e-03
-8.457354842812455503e-03
-8.457408189349237271e-03
-8.457464173965752868e-03
-8.457580658737555088e-03
-8.457613416108880969e-03
-8.457925781904712670e-03
-8.457924021331022363e-03
-8.457603571310553722e-03
-8.457572590661573478e-03
-8.457830104916092689e-03
-8.457692792450359834e-03
-8.457500044983032664e-03
-8.457610227953507587e-03
-8.457616467963526702e-03
-8.457700026508929020e-03
-8.457791391830537728e-03
-8.457725032128340925e-03
-8.457727946737774935e-03
-8.457752530860722373e-03
-8.457867558891985632e-03
-8.458139813480022862e-03
-8.458071232581791665e-03
-8.458031559258172294e-03
-8.457960260072469247e-03
-8.458023725178369021e-03
-8.457854559469350081e-03
-8.458059527143180212e-03
-8.457882562056019682e-03
-8.458263472511500999e-03
-8.458288438975440637e-03
-8.458282769813701626e-03
-8.458327390000023455e-03
-8.458266571720019292e-03
-8.458518314567878629e-03
-8.458667871814403230e-03
-8.458675204149121787e-03
-8.458703575386328569e-03
-8.458295045513297347e-03
-8.458663465029268511e-03
-8.458377962398413996e-03
-8.458479832406358770e-03
-8.458779433525720134e-03
-8.457735679954780927e-03
-8.457747842621734374e-03
-8.457752538994707178e-03
-8.457779202373940861e-03
-8.457754722475400305e-03
-8.457760993624535012e-03
-8.457757800480154159e-03
-8.457720524084092265e-03
-8.457763560687520804e-03
-8.457754981816141895e-03
-8.457712149676286165e-03
-8.457771333608933226e-03
-8.457754253921074758e-03
-8.457761994098112260e-03
-8.457767763136852038e-03
-8.457768543806278710e-03
-8.457655502486789711e-03
-8.457673728215535369e-03
-8.457769919624156738e-03
-8.457805349265856351e-03
-8.457790897119109655e-03
-8.457761147561485005e-03
-8.457711701683896452e-03
-8.457738925457362889e-03
-8.457830689327257984e-03
-8.457779283191996234e-03
-8.457851950603787264e-03
-8.457858147439999835e-03
-8.457809429495801931e-03
-8.457849372783774258e-03
-8.457785003735568061e-03
-8.457786631542922248e-03
-8.457858896839464194e-03
-8.457823749655634174e-03
-8.457820970175038838e-03
-8.457846244493848545e-03
-8.457782080945972641e-03
-8.457542404127774832e-03
-8.457565912161598212e-03
-8.457615163873142411e-03
-8.457604262601831416e-03
-8.457544259366719941e-03
-8.457588412155504429e-03
-8.457579442660003929e-03
-8.457641285488547850e-03
-8.457647362477768715e-03
-8.457649147836412626e-03
-8.457648556448035121e-03
-8.457629399286403782e-03
-8.457598457924042634e-03
-8.457615014890770833e-03
-8.457583945733494410e-03
-8.457584699889242677e-03
-8.457619114646319769e-03
-8.457600037205066298e-03
-8.457614833861098677e-03
-8.457571336557565336e-03
-8.457566140650895140e-03
-8.457525809902326219e-03
-8.457523989356252950e-03
-8.457572262782351441e-03
-8.457597931105844194e-03
-8.457571115995016209e-03
-8.457548819579876684e-03
-8.457548819579859337e-03
-8.458254629058609142e-03
-8.458277280038504695e-03
-8.458230008355528684e-03
-8.458186005246458999e-03
-8.458270955416775580e-03
-8.458152901934407400e-03
-8.458300483162666319e-03
-8.458308337284347472e-03
-8.458246991671667520e-03
-8.457633670093981162e-03
-8.457735072168497820e-03
-8.457641118553032092e-03
-8.457612196959476275e-03
-8.457669755666865144e-03
-8.457219821485201239e-03
-8.457236298185191736e-03
-8.457037441731153973e-03
-8.457084989381129236e-03
-8.457091101887161816e-03
-8.457021743310446510e-03
-8.457016256116464334e-03
-8.457083865155711616e-03
-8.457044607229336625e-03
-8.457043283816431320e-03
-8.457010984531880549e-03
-8.457027663390393607e-03
-8.457102819274191219e-03
-8.457106151789833132e-03
-8.457106195216725422e-03
-8.457063014934337528e-03
-8.456981827125873569e-03
-8.456969467097813498e-03
-8.456975511224502223e-03
-8.457019397703957955e-03
-8.457037357835602009e-03
-8.457030088096303619e-03
-8.457033053617935697e-03
-8.457044070966052846e-03
-8.457061205048223285e-03
-8.457061205047872871e-03
-8.457060509140735399e-03
-8.457085171185424813e-03
-8.457082234811287916e-03
-8.457069732089650405e-03
-8.457061872650127599e-03
-8.457051274428036003e-03
-8.457065252534402833e-03
-8.457068907878621117e-03
-8.457065947562824801e-03
-8.457054427402369012e-03
-8.457035473703990863e-03
-8.457040047387185192e-03
-8.457059038691124367e-03
-8.457062583490701502e-03
-8.457058164488603230e-03
-8.457038401075709158e-03
-8.457035339602767682e-03
-8.457057792560715437e-03
-8.456977997277259976e-03
-8.456987413210681828e-03
-8.456980150324665269e-03
-8.456982086235222129e-03
-8.456955334001051150e-03
-8.456982048924832976e-03
-8.457008291784175180e-03
-8.457023193653708665e-03
-8.457020717751473696e-03
-8.457012010731996751e-03
-8.457005908470581826e-03
-8.457001546223532132e-03
-8.457004236082889953e-03
-8.457007415979482523e-03
-8.456995911332849600e-03
-8.456999529263741974e-03
-8.456987758418419224e-03
-8.456999224406163557e-03
-8.457065038005548083e-03
-8.457042010788687336e-03
-8.457027747924554528e-03
-8.457051578894900917e-03
-8.457037585540207181e-03
-8.457029989839447842e-03
-8.457046803241156929e-03
-8.457042606844669685e-03
-8.457051760757007888e-03
-8.457037266314040846e-03
-8.457042924614119328e-03
-8.457046200321755025e-03
-8.457041861002925418e-03
-8.457035337233562156e-03
-8.457061224526628285e-03
-8.457063601518505919e-03
-8.457079014092278718e-03
-8.457080747939389742e-03
-8.457045588859490523e-03
-8.457038482780931607e-03
-8.457019475992364962e-03
-8.457060716823021698e-03
-8.457073000283999234e-03
-8.457058136573760918e-03
-8.457043614713383520e-03
-8.457053065322153035e-03
-8.457047210100970130e-03
-8.457035249956236164e-03
-8.457047227346531013e-03
-8.457037484226770374e-03
-8.457050310007577579e-03
-8.457051178850687884e-03
-8.457056821293105695e-03
-8.457038842261475897e-03
-8.457031823663066841e-03
-8.457032871492294740e-03
-8.457044031576745058e-03
-8.457013257029133424e-03
-8.457002899819808864e-03
-8.456987214825935698e-03
-8.457054781269195479e-03
-8.457051401603120702e-03
-8.457043608154172012e-03
-8.457042851845958040e-03
-8.457052275798737639e-03
-8.457045069020147077e-03
-8.457039066608865521e-03
-8.457046087819906910e-03
-8.457051466098871456e-03
-8.457026733315579567e-03
-8.457036693371122044e-03
-8.456437253519535902e-03
-8.456328705108344043e-03
-8.456385870785515166e-03
-8.456426145861560204e-03
-8.456416217279615760e-03
-8.456378895255781472e-03
-8.456403058273444587e-03
-8.456252017277385291e-03
-8.456255570551809986e-03
-8.456555408724043474e-03
-8.456558473933692074e-03
-8.456248686455204722e-03
-8.456318682880022489e-03
-8.456358024096895243e-03
-8.456152911176779627e-03
-8.456137884812173905e-03
-8.456307443172016158e-03
-8.456155518607042648e-03
-8.456163758240575409e-03
-8.456173806504426599e-03
-8.456146911161055782e-03
-8.456158521449180787e-03
-8.456151869277131472e-03
-8.456183318323639078e-03
-8.456153162471419238e-03
-8.456238065642192672e-03
-8.456183494156523789e-03
-8.456407112349524635e-03
-8.456146871151912214e-03
-8.456169808459406551e-03
-8.456191688697654515e-03
-8.456216434703222110e-03
-8.456245533188353966e-03
-8.452578882543080804e-03
-8.516326876657105693e-03
-8.516420250629619729e-03
-8.517031302090045247e-03
-8.517074023497130802e-03
-8.517562588873150986e-03
-8.517247280170451434e-03
-8.516929717552556775e-03
-8.517053459688417663e-03
-8.515761140251550121e-03
-8.515771849642457189e-03
-8.515835539384246713e-03
-8.515794420147116892e-03
-8.515681871129306482e-03
-8.479924782780375037e-03
-8.479937984042940774e-03
-8.479827421767654333e-03
-8.480049259121115110e-03
-8.480082936130867166e-03
-8.480054286896967011e-03
-8.480112812961475635e-03
-8.480108633880566182e-03
-8.480194977994419750e-03
-8.480182181779878647e-03
-8.480348417169120828e-03
-8.480603636647484483e-03
-8.480599596244964983e-03
-8.480428236774799344e-03
-8.480519122330779785e-03
-8.480239044577493265e-03
-8.480239201995223158e-03
-8.480227417810326171e-03
-2.176740195224300886e-02
-2.176815363526546365e-02
-2.176778531761500157e-02
-2.176805458049810987e-02
-2.176809354619331158e-02
-2.176812372921298547e-02
-2.176807014784764779e-02
-2.176812502714237790e-02
-2.176830857368703895e-02
-2.176813861565925559e-02
-2.176849707352795579e-02
-2.176835766529487334e-02
-2.176835070290021601e-02
-2.176816060184292786e-02
-2.176857899541218694e-02
-2.176854054693688409e-02
-2.176854217247537263e-02
-2.176874501659462405e-02
-2.176891129195761623e-02
-2.176888239164093131e-02
-2.176893420835725179e-02
-2.176165926239118087e-02
-2.176143396150797757e-02
-2.176148627748996506e-02
-2.176148626555120605e-02
-2.176144713447762669e-02
-2.176145903311588886e-02
-2.176147397172469716e-02
-2.176145767409304668e-02
-2.176147163357737904e-02
-2.176148175798262030e-02
-2.176160306431543928e-02
-2.176144486158626545e-02
-2.176143646937731685e-02
-2.176149780417409307e-02
-2.176144233346363407e-02
-2.176164419403141606e-02
-2.176163034104844005e-02
-2.176168592599990459e-02
-2.176167004858040738e-02
-2.176168339202659216e-02
-2.176174275543983627e-02
-2.176173346937227901e-02
-2.176162384441002184e-02
-2.176162935097353604e-02
-2.176146020974912415e-02
-2.176148594308890960e-02
-2.176147174395011083e-02
-2.176152497137133143e-02
-2.176147962988463774e-02
-2.176149236205611459e-02
-2.176151015393162913e-02
-2.176149622216265456e-02
-2.176150768752662182e-02
-2.176158084683337685e-02
-2.176169057541418178e-02
-2.176175006820899038e-02
-2.176168865792259266e-02
-2.176166017433249153e-02
-2.176163591273342843e-02
-2.176157639650789372e-02
-2.176160311219110799e-02
-2.176158049135110822e-02
-2.176165484575582829e-02
-2.176162747646132739e-02
-2.176164400719729150e-02
-2.176167552923491746e-02
-2.176179618033343560e-02
-2.176167180932707737e-02
-2.176171378529506706e-02
-2.176170366684928095e-02
-2.176166243317766494e-02
-2.176167422587917122e-02
-2.176167155061655215e-02
-2.176169109729177500e-02
-2.176175496822839450e-02
-2.176172972223439431e-02
-2.176173378883346568e-02
-2.176168854866182209e-02
-2.176169224214404008e-02
-2.176176283334134778e-02
-2.176174832676888021e-02
-2.176100830626725297e-02
-2.176099632830324690e-02
-2.176099750425835797e-02
-2.176101548831316235e-02
-2.176103715863007132e-02
-2.176093284421494467e-02
-2.176096125784558050e-02
-2.176093685562775423e-02
-2.176088799680722316e-02
-2.176097312733418082e-02
-2.176099368326694580e-02
-2.176098432681601233e-02
-2.176113332294333375e-02
-2.176148920508240436e-02
-2.176147714907605141e-02
-2.176163159651984397e-02
-2.176187774469004119e-02
-2.176189424502265185e-02
-2.176164974623438428e-02
-2.176190347805552830e-02
-2.176094781698107578e-02
-2.176091253682253118e-02
-2.176085495255194319e-02
-2.176065775459858423e-02
-2.176083174008414112e-02
-2.176084390286628020e-02
-2.176094359190523797e-02
-2.176397446355888762e-02
-2.176444033155412044e-02
-2.176459823464083065e-02
-2.176430930092734459e-02
-2.176379353009676165e-02
-2.176405050937403607e-02
-2.176498344500251217e-02
-2.176493367145946115e-02
-2.176470167717090357e-02
-2.176493769760566230e-02
-2.176477108882528960e-02
-2.176453510258673577e-02
-2.176413031153503000e-02
-2.176448482832571418e-02
-2.176450975596780010e-02
-2.176441667993321907e-02
-2.176446041567683953e-02
-2.176420225084803317e-02
-2.176433912412037083e-02
-2.176432513254177026e-02
-2.176427137453752422e-02
-2.176412982805951690e-02
-2.176418562673325743e-02
-2.176409279000716609e-02
-2.176417117966748457e-02
-2.176406904064091125e-02
-2.176410881209183551e-02
-2.176444284031400778e-02
-2.176443899480988431e-02
-2.176467459837651622e-02
-2.176482003065361576e-02
-2.176486186643984688e-02
-2.176467848431306445e-02
-2.176480067760682910e-02
-2.176461529039221132e-02
-2.176460221362022662e-02
-2.176480603509200681e-02
-2.176486047164997648e-02
-2.176466691680177534e-02
-2.176443956319881398e-02
-2.176443877414089081e-02
-2.176458101430357034e-02
-2.176360656664994703e-02
-2.176369284882029645e-02
-2.176373006667613880e-02
-2.176370952893874958e-02
-2.176373377264220754e-02
-2.176373453002742459e-02
-2.176368192994477049e-02
-2.176358794604962496e-02
-2.176355160888261350e-02
-2.176356400110647862e-02
-2.176354637137346490e-02
-2.176354670451330006e-02
-2.176352922122455624e-02
-2.176350907805840382e-02
-2.176352829718381648e-02
-2.176360472469120871e-02
-2.176362502284628908e-02
-2.176361273886917580e-02
-2.176344482443632114e-02
-2.176364236154785733e-02
-2.176357603127675178e-02
-2.176350687828040170e-02
-2.176350551393848448e-02
-2.176346299537680259e-02
-2.176365303840094995e-02
-2.176365334877796570e-02
-2.176387002751731248e-02
-2.176388754460331643e-02
-2.176406789068030881e-02
-2.176379542013771873e-02
-2.176376402133624668e-02
-2.176400366364784553e-02
-3.436759718014453097e-02
-3.436735214874408334e-02
-3.436871748514945535e-02
-3.436843458037137228e-02
-3.436840228254986473e-02
-3.436867014588971397e-02
-3.436864742739723783e-02
-3.436897224265918205e-02
-3.436887797474928036e-02
-3.436885148308389121e-02
-3.436849086032695705e-02
-3.436849734571201936e-02
-3.436845635761168194e-02
-3.436871513574169673e-02
-3.436858391346926667e-02
-3.436914443132617347e-02
-3.436922892565917598e-02
-3.436911887431636642e-02
-3.436997699170893372e-02
-3.436993939320101554e-02
-3.436974355720739949e-02
6.284961500827890594e-04
6.281592410930997902e-04
1.331377467370263275e-03
1.331442812219914111e-03
1.331170085393907883e-03
1.331019024428039144e-03
1.331129973524143367e-03
1.331103863954013729e-03
1.331256291519894224e-03
1.330682767277860303e-03
1.398094275708806379e-03
1.397852745679526582e-03
1.398077135778798101e-03
1.398258526314405566e-03
1.398243942405299600e-03
1.398442047159198596e-03
1.398739530421403169e-03
1.398783805307004255e-03
1.398752827387770344e-03
1.398920880852160421e-03
1.398907698024873161e-03
1.398914224937600030e-03
1.398784548862918795e-03
1.398785909017588461e-03
1.398851248027309629e-03
1.398808274137814311e-03
1.398790958238666383e-03
1.398850915993262237e-03
1.398851263702022459e-03
1.398874474623326789e-03
1.398923949145183939e-03
1.398852641726065641e-03
1.399571919884358634e-03
1.399723204452463492e-03
1.399706577715658859e-03
1.399418238494594879e-03
1.399153672164693248e-03
1.568429600565446856e-03
1.547965741225867031e-03
6.420304691113958018e-02
6.420282963323775682e-02
6.420354899951034866e-02
6.420366796846507795e-02
6.420389669348765260e-02
6.420217952444408349e-02
6.420295168186933299e-02
6.420313428404192391e-02
6.420027207426949600e-02
6.419977876218187218e-02
6.419986252856206554e-02
6.420108075269997938e-02
6.420092236995227075e-02
6.420094888639688024e-02
6.419970042778597175e-02
6.420436195614684372e-02
6.420352638442371196e-02
6.420237526866412470e-02
6.420260150189890935e-02
6.420255869996874254e-02
6.420302592921291185e-02
6.420314934952578434e-02
6.420232697364403052e-02
6.420239021183064831e-02
6.419314952115517947e-02
6.419249758892595081e-02
6.419221351778583995e-02
6.419248039041720866e-02
6.419270475572194656e-02
6.419262988431609362e-02
6.419285440026009648e-02
6.419260137385610077e-02
6.419243791763536156e-02
6.419332807373592797e-02
6.419331697500341161e-02
6.419347914956402557e-02
6.419325557937863302e-02
6.419339534580488504e-02
6.419370228122042721e-02
6.419349561837969786e-02
6.419310787834479892e-02
6.419295290899162953e-02
6.419278062013891728e-02
6.419263659226480401e-02
6.419267791593731565e-02
6.419245543196679116e-02
6.419241915169689172e-02
6.419273051138817132e-02
6.419296731960195956e-02
6.419314423566455097e-02
6.419295610543140906e-02
6.419235256485263108e-02
6.419225271300932345e-02
6.419204529790500935e-02
6.419200552870669985e-02
