-4.963255856368251236e-03
-4.585896327151599977e-03
-4.586045404809105039e-03
-4.586013012379795868e-03
-4.586225504904518566e-03
-4.781441816113978470e-03
-4.648241252676639165e-03
-4.647863472820341381e-03
-4.620091723012003347e-03
-4.620080512718842576e-03
-1.009091191690200326e-03
-1.009756494904173307e-03
-1.009371405105713090e-03
-1.012157118798575218e-03
-1.050319702322439000e-03
-1.049329611213203417e-03
-1.044544840942975093e-03
-7.091624260241251006e-04
4.255903342821691290e-03
4.316898423711997348e-03
4.346303531534073845e-03
4.347844607891611195e-03
4.332970570175611810e-03
3.572652933337091587e-03
3.363820544685985122e-03
3.367647456788832108e-03
2.907694687505011418e-03
4.008005465524983393e-03
4.007813647415424049e-03
-6.311258106866729153e-03
-6.406394450360368940e-03
-7.001418120493522849e-03
-7.006888100965154818e-03
-7.007131304379253349e-03
-7.000621508262474917e-03
6.772874151162597833e-01
6.772835574739153319e-01
2.882399095452933650e-03
2.890631287283188400e-03
2.890665267317902784e-03
2.890729039361858259e-03
2.891087095556786959e-03
2.893347496666510543e-03
2.893835694221227363e-03
2.892919915651280798e-03
2.878548337902906047e-03
4.810005502222466749e-03
-1.754690067558632716e-02
-1.347151447588188812e-02
-1.405636214037079591e-02
-1.405695068747940014e-02
-1.405722329508077989e-02
-1.405707744210201587e-02
-1.405723996537565183e-02
4.082625755410886938e-03
4.085413915391941479e-03
4.085552874949220821e-03
4.069461153452373116e-03
4.069144144267241615e-03
4.064703282417018830e-03
4.061265993087420124e-03
3.996360052407994627e-03
6.563947065126098622e-03
6.566086421867853642e-03
3.757768372727685394e-03
3.699423011426668066e-03
3.699596915279391215e-03
3.699025879230137797e-03
-6.321828704902299548e-03
-6.322381811356885505e-03
-6.335947477247238883e-03
-6.335516939927901374e-03
-6.331786924688999688e-03
-6.372143306362088727e-03
-6.374717481158611448e-03
1.584861994095373853e-03
1.568920728970590829e-03
-1.071497113102048288e-02
-1.071472586573191631e-02
-1.071481712964679478e-02
-1.071558418229626164e-02
8.154736592151668731e-04
3.768450518507741095e-03
3.768506298154223558e-03
3.768829939904621163e-03
3.768841111194913291e-03
1.283190637564864470e-02
4.399359756035618046e-03
4.399466471088473232e-03
4.399826846357688705e-03
4.399807001206007019e-03
5.929638467697875316e-03
5.932583637073382717e-03
6.225620234477168870e-03
6.225543845103520199e-03
6.228263535358291060e-03
6.224323170664508055e-03
6.224923187875339679e-03
6.224967653733912143e-03
3.858409572830290724e-03
2.427620114179435129e-03
-2.613550464822914175e-03
-2.613557207272864096e-03
-3.949185040419267781e-03
-3.952441037674152106e-03
-3.954997351897582281e-03
-3.822714175641297573e-03
-3.610107884305908867e-03
-3.591410472176608751e-03
-3.593263753102593494e-03
-3.593220763719161531e-03
-3.593239568776332698e-03
-3.593175624802496734e-03
-3.593168094464038904e-03
-4.576136219351059631e-03
-4.576193037103263271e-03
-3.952611991130875260e-03
-3.960736848257575583e-03
-3.718908058857937991e-03
-3.885804924156404695e-03
-4.017109529939488603e-03
-4.018998838249143897e-03
-4.012201204085804641e-03
-4.012073309106960195e-03
-3.989050019713421061e-03
-3.988543219920676064e-03
-3.991482779252096200e-03
-3.990761394136591207e-03
2.975958931228870827e-03
2.975987895664113439e-03
2.975701405846931883e-03
2.962991035399596771e-03
2.962333033793203198e-03
2.218600992056548281e-03
5.453058844781393660e-02
5.461228430782717053e-02
5.461331530445443644e-02
5.461105346717144010e-02
-5.083247555998201411e-03
-5.083193290227942113e-03
-5.083487457345998127e-03
-4.576573650252420064e-03
-4.514279238217149513e-03
-4.547528152871989707e-03
-4.547093388718208111e-03
-2.952054094253097043e-03
-2.937826621965952418e-03
-2.937741718269259398e-03
-2.937948726213314432e-03
-2.937911952372640901e-03
-2.937889743767640310e-03
-2.934919681678034142e-03
-2.934934976869234963e-03
-2.945824433241752902e-03
-2.943553515234371021e-03
-2.944085974769527179e-03
-2.943222874644621598e-03
-2.943206649684861759e-03
-2.943212945982657831e-03
-2.943188335038039640e-03
-1.639607895419156747e-02
-1.639292784569160860e-02
-1.639290542842508983e-02
-2.629895068601502753e-02
-2.938505368743937751e-02
-2.245711128147809960e-02
-2.246767775590140931e-02
-2.351735060702350028e-02
-2.359579812307267127e-02
-3.757091453723998640e-03
-3.757123772737966296e-03
-4.009220690116719818e-03
-3.814250178931168859e-03
-4.004573703513091519e-03
-3.751984891779642194e-03
-3.751246302237588870e-03
-3.751027898898280991e-03
-3.751367630166089692e-03
-3.749110758075950480e-03
-3.278489486334213669e-03
-8.144982055369223359e-03
-8.157281307567180659e-03
-8.152891977366906809e-03
-8.152201511601822950e-03
-7.005261333906926237e-04
1.632479956096596744e-04
1.131308424916754917e-03
1.131228757291835542e-03
-5.432485429930284000e-03
-7.875235809522453806e-03
-7.875053541548620098e-03
-7.874118584920243580e-03
-7.874427214035565128e-03
-7.874781816632970416e-03
-7.874052878538912933e-03
-7.873717210566524849e-03
-7.850396370190604670e-03
-7.850460271941582177e-03
-7.306177590729825803e-03
-7.306656279321084406e-03
-7.311326569112481903e-03
-7.310891319630231922e-03
-7.312060793000482554e-03
-4.734170212691534742e-03
-4.733318192667993786e-03
-4.735316649937868112e-03
-4.735373171978480254e-03
-1.186012748391128933e-02
-1.186562527685869166e-02
-1.186544284834670573e-02
-5.618433416498268967e-03
-5.619026048509386667e-03
7.524259203063888559e-04
7.471598498824071326e-04
9.170979231220731040e-04
2.783910807972001921e-03
4.706150874496880382e-03
4.718554685969110311e-03
4.904308867167373950e-03
4.873166983758178174e-03
4.870154913910415898e-03
4.872134071271959008e-03
4.871439677781311088e-03
4.715324483225424856e-03
4.715599537055997770e-03
4.717663101550382231e-03
4.716820211870658211e-03
4.716882548697368290e-03
4.707377299880426483e-03
4.707468295172483053e-03
4.707551162088309711e-03
4.706111829377774593e-03
4.708788736452288251e-03
4.707668253337054382e-03
4.070284803211646207e-02
4.065551459255688227e-02
4.066472659216331664e-02
4.066961332358040582e-02
4.066401555753369063e-02
4.072189094550157651e-02
7.481959654151563478e-03
-4.250367694499461967e-03
-9.666339712748018512e-04
-3.224080651021161981e-02
-3.223647638527700476e-02
-3.223622765797604095e-02
-3.166255502979070918e-03
-3.407101130989133222e-03
-3.379216541805909590e-03
4.850601174626201044e-03
2.503912897851289648e-02
-7.958676189235654522e-03
-7.957749945097753602e-03
-2.733897501259139121e-03
-2.733909607887955329e-03
-2.733656276533888776e-03
-2.733728002561934545e-03
-2.733534172275213763e-03
-2.738903344206842280e-03
-2.731695245560597594e-03
-2.738240932746122819e-03
-2.738064968018044318e-03
-2.738114019554235661e-03
-2.733286733171589548e-03
-7.050400130523224243e-03
-7.050165476670974991e-03
-7.049938641981359951e-03
-7.048542301619905789e-03
-7.049725859712556962e-03
-7.085895358677133174e-03
-7.073511927296362300e-03
1.398636023364695463e-04
9.867214125513930865e-04
-8.624491012738570370e-03
-8.625079418594309294e-03
-1.019420067036281739e-03
-1.021987315010650403e-03
-1.021458429474174801e-03
-1.021360001664647389e-03
-1.021148007234917027e-03
-2.663377913299755893e-03
-2.664165500928254628e-03
-2.666384208786916083e-03
-2.672078887204441897e-03
-2.712312324895705968e-03
-2.712096968218784439e-03
-2.697578990973992490e-03
-2.695511888704069364e-03
-2.695461576799567001e-03
-2.695477199395359975e-03
1.005621963201218383e-02
5.311732478916689724e-03
5.313580347803247179e-03
4.054156815437044876e-03
4.053795389540220187e-03
4.054864797901966758e-03
4.054840146623767475e-03
4.054824629136916450e-03
4.054834042175401408e-03
4.792976486999743491e-03
4.857049155423747225e-03
-7.480750246201177921e-03
-7.480496706840381906e-03
-7.480360036747225189e-03
-7.479350522114827128e-03
-1.087804991283748517e-02
-1.087717321793098268e-02
-1.089127122578233305e-02
-1.089091044380331719e-02
-1.088153404739991385e-02
-7.716913957601594098e-03
-7.712990587407434623e-03
-3.585881296262501908e-03
-3.590710696672266746e-03
-3.241159312964456835e-03
-1.609917824425682225e-03
-1.611421483089092201e-03
-1.608130446887286007e-03
-1.616663628951768225e-03
-1.616871657373687796e-03
-1.605692493239968977e-03
-1.606040574793411420e-03
-5.304815586445323994e-04
-5.279854586753922850e-04
-5.280179484649130369e-04
-5.281582310768775023e-04
-5.281366079552777138e-04
-2.724841264652455314e-03
-2.724819303182294660e-03
1.030958634085358053e-02
1.030815926181931699e-02
1.073924838310307169e-02
1.073327080879687631e-02
-1.678658141098466651e-03
-1.683772498539835979e-03
-1.667709977613972489e-03
-3.877884228975795201e-03
-3.877480513572101068e-03
-3.877187593232816424e-03
-3.875612113735689337e-03
-3.964263087060547995e-03
-3.963601839098755512e-03
-3.963492893362237368e-03
-3.980376695261633735e-03
-3.980785702598081850e-03
-3.981265596449919293e-03
-3.981231381174005560e-03
-3.980811311030986455e-03
-3.980794606931525176e-03
-3.980773671997802840e-03
-3.980703518750013797e-03
-3.977912304701107342e-03
-3.977452130055051174e-03
-3.939013495107904217e-03
-3.939029249906363973e-03
-3.938290439007529654e-03
-3.939436813576619421e-03
-3.929117058595670182e-03
-3.927219634771898261e-03
-3.905767811424041332e-03
-3.905719650991206458e-03
-3.908046445437855961e-03
-3.907832141174520831e-03
-3.908114983659004803e-03
-3.908058213280429620e-03
-3.905718598782884250e-03
-3.983560421314721531e-03
-3.982343327237729269e-03
-3.984276533044973749e-03
-3.985295161579611480e-03
1.138875402729379489e-02
1.138921365576520302e-02
1.140255093526893436e-02
1.140061878262042978e-02
1.140676850402529835e-02
-1.471836126518122389e-03
-1.472401404441865983e-03
-1.472530890680614438e-03
-1.074747647593915587e-03
-2.036773177904478878e-03
-2.036649166382770593e-03
-2.034727347181735247e-03
-2.035230018660354797e-03
5.048781956766863342e-05
3.570409353657923450e-05
-1.159827996381855705e-03
-1.159445259732328143e-03
-1.161501186716048769e-03
-1.138222557983221625e-03
-2.613453702915003070e-03
-2.608515107056360357e-03
-6.283149174634379899e-03
-6.281634121807285094e-03
-6.281269034434141217e-03
-6.280770098657295630e-03
-6.281075170570952874e-03
-6.282650426184450444e-03
-6.281069316789508923e-03
-6.275875640358961373e-03
-6.276199897660525440e-03
-6.268208394283835555e-03
-5.089796954501163602e-03
-4.678770930597099011e-03
-4.679411509059734110e-03
-4.679251667345132870e-03
-4.679103993142539122e-03
1.175873442504288963e-01
6.300856063372090032e-02
5.432092239126142842e-03
5.430259378567311827e-03
1.675821147130416439e-02
1.675884643605867960e-02
1.723079763370202050e-02
1.723087526458360469e-02
-2.142799917654620247e-05
2.958025003082370707e-03
2.868086444247282783e-03
3.752810437884573306e-03
3.751200783547531219e-03
-2.316832400374204282e-03
8.084324768071939754e-04
8.084316850763735313e-04
8.106070030808869720e-04
3.866361886228531983e-03
9.992388292328251501e-03
9.992372010839313187e-03
9.994224014378785825e-03
-1.666546132869919580e-02
-1.667447207365667719e-02
-1.666479430949964827e-02
-1.564177440109951536e-02
-1.565144422102314123e-02
5.863088485150875226e-04
5.803769249246191683e-04
5.804521650759241402e-04
5.807765981378935688e-04
5.769734971984553061e-04
5.776348842086807128e-04
5.985251751583322080e-04
5.326066721502692837e-04
-8.629119464076817972e-03
-8.629305523742096876e-03
-8.629165846647293345e-03
-8.629168607947601544e-03
-8.630181353222708684e-03
-8.630069012015142982e-03
-8.629577667378370703e-03
-8.629611517597324949e-03
-8.629505383341633598e-03
-8.588884579105003289e-03
-9.978395009663824575e-03
-9.978340415074629655e-03
-9.978932245328741082e-03
-9.971952693512878274e-03
-8.987360857740940567e-03
-8.985176821382584444e-03
-9.306770910504726102e-03
-9.299095308770100043e-03
-9.298904755254812013e-03
-9.298898029043540028e-03
-9.194170607249169125e-03
-9.194101136817388678e-03
-1.150390720786183908e-04
-1.147356508116164904e-04
-1.146809897888994347e-04
-1.145549256315444637e-04
-1.146573163330828938e-04
-1.142335867089185384e-04
-1.141819973393278875e-04
-1.161351884291216289e-04
-1.157294457163408593e-04
-1.274350368948861691e-04
-1.272654379678166581e-04
-1.143069827096579921e-04
-1.039466598245818103e-04
-1.039802655614545851e-04
-4.510309544344436386e-03
-4.510396350814588166e-03
-4.509662400343486012e-03
-4.518024334749001780e-03
-2.836729824157880470e-04
-2.828630626243502097e-04
-2.828909730358823878e-04
-2.834507504089058363e-04
-2.834659506858763734e-04
-2.834232958924797212e-04
-2.846336271412739814e-04
4.560086698963369042e-04
4.570243031775346118e-04
-1.321845084891538121e-03
2.795384848582419760e-03
2.766105666734470191e-03
3.312849466396046438e-03
3.311597474347889852e-03
3.313038193604353823e-03
3.317749816240589920e-03
2.890372800439050972e-03
4.828027658363359849e-03
5.367831910228130707e-03
5.368788437870753751e-03
-2.807325651623742910e-02
-2.804990849176150491e-02
-2.804842824886977573e-02
-2.805231375132396024e-02
-2.805075128019412709e-02
-2.805284173089932220e-02
-2.804956197240344312e-02
-2.806759760389434394e-02
-2.805962731592744064e-02
-2.804607908148341877e-02
-2.804642015978391772e-02
-2.804590846184151429e-02
-2.774694748531739835e-02
-1.081152100976168554e-02
-1.081074283688483045e-02
-1.081036743270291645e-02
-1.081050332751476960e-02
-9.889519803260556421e-03
-1.023011558213097159e-02
-6.979268318389891985e-03
-6.985880324324964322e-03
-6.987355364202093612e-03
-6.986878623893061531e-03
-6.987128096404378839e-03
-6.987230068331618665e-03
-6.986895536451466493e-03
-6.987240396151801064e-03
-6.987385423606641555e-03
-6.987062101990017607e-03
-8.679919213682852144e-03
-8.679928472735789699e-03
-8.686235121942480902e-03
-8.682706656985511237e-03
-8.682692528393556874e-03
-8.683164692819725361e-03
-8.673052320366423165e-03
-8.689171235654992789e-03
-8.688577613659780388e-03
-8.693941743776098172e-03
-8.688757170067593766e-03
-8.688400688310941866e-03
-2.131832652438742440e-02
-2.131893018505056497e-02
-2.131838802723380957e-02
1.647070352970874578e-04
-8.288186883614611505e-03
-8.288096784291144187e-03
-8.287202688116531227e-03
-8.287393149770247089e-03
-7.181591355986648335e-03
-7.206520731381023566e-03
3.795504205389544673e-03
6.669882157172212986e-03
6.982835749218098756e-03
6.982538094166093265e-03
6.960279083235549301e-03
6.962730258123429189e-03
6.963613631604316165e-03
6.965024403780894352e-03
6.964629015103303983e-03
6.964137667950205147e-03
7.082696445280746607e-03
7.084143517748105884e-03
4.146729754973051824e-02
-3.462538935855019595e-03
-3.373849356612185473e-03
-3.373789698509471486e-03
-3.373751402355716373e-03
-3.373040603740247792e-03
-3.373452486432092397e-03
-3.374088349359224189e-03
-4.105872360388351967e-04
-7.211751069636049716e-04
-1.026181029184463148e-02
-1.026307988044645493e-02
-1.026467916116729183e-02
-1.027021574597675874e-02
-6.155535379392483748e-03
-6.155588418805794763e-03
-6.154769885067744827e-03
-6.154555969754742575e-03
-6.154699392997860403e-03
-6.154465030116149614e-03
-6.154766505123277290e-03
-6.154687107455988383e-03
-6.157365588930805746e-03
-6.157919593128652509e-03
-6.157279398434724327e-03
-6.157737219564933875e-03
-6.147162455573844560e-03
-6.147239850353905868e-03
-6.146670629846846465e-03
-6.148008406766877071e-03
-7.813204024562462116e-03
-7.813204024562496811e-03
-7.814289760295432818e-03
-7.807513988289070672e-03
-7.807783189570661683e-03
-7.823018831189068253e-03
-7.807368980878158504e-03
-7.914341705642867139e-03
-7.914275067388801266e-03
-7.919308217972513206e-03
-2.063761776824494382e-02
