8.004523977174439475e-02
-5.059913056094517136e-04
-5.061920049923215870e-04
-5.061542732740197115e-04
-5.010876864490233784e-04
-5.011969859196399590e-04
-5.067432236811053592e-04
-5.089829115883549859e-04
-5.087112707060914563e-04
-5.118020312478120670e-04
-5.207705159142456131e-04
-5.156007959549076258e-04
-5.154197554285526450e-04
-5.158136324562093145e-04
-5.179673689521407942e-04
-5.067362200058718458e-04
-5.061216033380340484e-04
-5.055427221538413840e-04
-5.058423176010976019e-04
-5.058872493513000279e-04
-5.055919385182836012e-04
-5.057829714839798263e-04
-5.056461924498531491e-04
-5.117172547212354983e-04
-6.056816760773367503e-04
-6.057265999425270886e-04
-6.055490066172557195e-04
-6.067602075502873116e-04
-6.067772218391193073e-04
-6.031839000865645006e-04
-6.010265779292853217e-04
-6.003124264973395963e-04
-5.955265897140959996e-04
-5.941506658374732597e-04
-5.951490209705187278e-04
-5.942750989502052460e-04
-2.274913382438951102e-03
-2.275645021333329819e-03
-2.276203347146430172e-03
-2.276478124354859925e-03
-2.276447768078205657e-03
-2.275463991370667554e-03
4.928832532057760007e-03
-5.663603476210841287e-03
-5.663463189648938571e-03
-5.663905140752319850e-03
-5.663842890529367791e-03
-5.663442265467821639e-03
-5.663444270381233145e-03
-5.663362565154827361e-03
-5.663334715527627503e-03
-5.663177017423090022e-03
-5.663120505807686320e-03
-5.663665182014355863e-03
-5.664758354023904582e-03
-5.663651590005220476e-03
-5.664417872760511147e-03
-5.666981975755972303e-03
-5.667495038229847064e-03
-5.668918752059953596e-03
-5.667589464029052816e-03
-5.622394579577765297e-03
-5.622236848996787877e-03
-5.622271273405601844e-03
-5.622795448548582702e-03
-5.622380166559675513e-03
1.230821868639753180e-02
1.232613367932566990e-02
1.238480809772829483e-02
1.238459387193329916e-02
1.243884595275514260e-02
1.243932790461556130e-02
1.243950594249539077e-02
1.243866313385274223e-02
1.196210193609263846e-02
1.196241126042662910e-02
1.196256968992664635e-02
1.196222035945643421e-02
1.196231521914309023e-02
1.196198686401902904e-02
1.191540447389806065e-02
1.189762963502511046e-02
1.189890880651945509e-02
1.190639381002063339e-02
1.190535642022069046e-02
1.190494686520281349e-02
1.190343611322983684e-02
1.190334920242953724e-02
1.190338984224819513e-02
2.865832326911612465e-02
2.865847313738432989e-02
2.865826835336489700e-02
2.865836952302465088e-02
2.865833221951301704e-02
2.866154668238046765e-02
2.865520852583478342e-02
1.337418464924553484e-02
1.337419264288120489e-02
1.234415412364459931e-02
1.264979716737466876e-02
1.283011486672013673e-02
1.283016173652632916e-02
1.283311779395385904e-02
1.283306200735764672e-02
1.283269104957760788e-02
1.281381136799278515e-02
1.738705870496312297e-02
1.738838610700899415e-02
1.738827862029810462e-02
1.738694607595592939e-02
1.738825532927619488e-02
1.738905693219650744e-02
1.738907503622332332e-02
1.737881263102699844e-02
1.737874047962206098e-02
1.739047357931617493e-02
1.739056118649531454e-02
1.741589221118405514e-02
1.741668227950713549e-02
1.741406974980845568e-02
1.741377832744034349e-02
1.692571812421564750e-02
1.692297721534233301e-02
1.692356050263523620e-02
1.692366331255565001e-02
1.692339326178004741e-02
1.693682149140741250e-02
1.694373068829928969e-02
1.700470665021358574e-02
1.700431419044783066e-02
1.700523661560749897e-02
1.700696606461251856e-02
1.700732518793339823e-02
1.700736498072665664e-02
1.700720080846909732e-02
1.700707146609352696e-02
1.700773813652142405e-02
-2.040315208564673702e-02
-2.040487336098159576e-02
-2.040384115701360593e-02
-2.040396318089665942e-02
-2.040334846664628929e-02
-2.040333504698909131e-02
-2.040413062989412593e-02
-2.040436090982077066e-02
-2.040424623515408459e-02
-2.040887369299452386e-02
-2.024746151675349548e-02
-2.024825930578894387e-02
-2.024820871451180754e-02
-2.025753454351625696e-02
-2.025303533273106749e-02
-2.025445461725511320e-02
-2.025402616738046849e-02
-2.025271751986671906e-02
-2.025209153388292382e-02
-2.025254827222247936e-02
-2.025309028773633266e-02
-2.025268163276728109e-02
-2.025256768745812772e-02
-2.025275275171532774e-02
-2.025298181760945213e-02
-2.025277624470754601e-02
-2.025394621582034260e-02
-2.025404065091217579e-02
-2.025688675968292940e-02
-2.025708533466601818e-02
-2.025694005901850642e-02
-2.025671258485756132e-02
-2.025639690582580615e-02
-2.025586392371451355e-02
5.262459855828208882e-02
5.262267510265387221e-02
5.269949878520026332e-02
5.270014956694887842e-02
5.270061218408016168e-02
5.270076933327019070e-02
5.270022414458074012e-02
3.162345200869604023e-02
3.162336945429109619e-02
3.162344523933344198e-02
3.162610895645295850e-02
3.162476872466063460e-02
3.153976135120625801e-02
3.142185520019053629e-02
3.142356526416928419e-02
3.142331910826580421e-02
3.142355781343694754e-02
3.142172372198217406e-02
3.142152498389465254e-02
3.142366806705163690e-02
3.142515678490752362e-02
3.142446359816059714e-02
3.142731221703534000e-02
3.142679741740302818e-02
-1.294640575343089517e-02
-1.294797502880776045e-02
1.952483780850117548e-02
1.952348903741445499e-02
1.940805074422571538e-02
1.940916772097843468e-02
1.955974414590988184e-02
1.956112631891925024e-02
1.956117668918569072e-02
1.956077017063627063e-02
1.956056968126217502e-02
1.956296927380861417e-02
1.956848130695128946e-02
1.956430707113995457e-02
1.956302413955377309e-02
3.432579993905750249e-02
3.429847251482433940e-02
3.429804095511770207e-02
3.429816749346108889e-02
3.429881795079609691e-02
3.429503890070597499e-02
3.433061857689548302e-02
3.433087517298601815e-02
3.432773004584756954e-02
3.432769260025095304e-02
3.432817526853922802e-02
3.432826806795793995e-02
3.432831222187125025e-02
3.430842190863154367e-02
3.417850069641972799e-02
3.418098705505769053e-02
3.418346393503098046e-02
3.419858557738926497e-02
3.002437378839138693e-02
3.002442035836647150e-02
3.002463297923141025e-02
3.002601315292557568e-02
3.003101025750934752e-02
3.003049373931543711e-02
3.003233960821160425e-02
3.003178779704668636e-02
3.003175788549178674e-02
3.003163109649890222e-02
3.003165529560992628e-02
3.003166950889052736e-02
3.003130614996399328e-02
3.003138034922191169e-02
3.003814553485132516e-02
3.003781059495639824e-02
3.003717237783588151e-02
3.001932962894174328e-02
3.001962771089382309e-02
3.001994332307960506e-02
3.002000639981726102e-02
3.002003342162995816e-02
3.001998408795786971e-02
3.001998400805812317e-02
3.002026150082811456e-02
3.002209845088649881e-02
3.002161636214299364e-02
3.002152957683912674e-02
3.002145619396799636e-02
3.002183890960117077e-02
3.002159349457568169e-02
3.002042706614167777e-02
3.002044263544570088e-02
3.002051804174345195e-02
3.001964040337211023e-02
3.001983423428832010e-02
3.001975167980448084e-02
2.998755917748922167e-02
2.998440251114639632e-02
2.998607417100952396e-02
2.998628279687843776e-02
2.998671673337631460e-02
2.998663121544727431e-02
2.998665073091012420e-02
2.998466718863804573e-02
2.998618074018011628e-02
2.998316155347871895e-02
2.998329326693401770e-02
2.998315626025267397e-02
2.998323730916926944e-02
2.998319949785428415e-02
2.998337407090434503e-02
2.998308648396679280e-02
2.998125756761934116e-02
2.998215249471431615e-02
2.998073516135951397e-02
2.998106081610887874e-02
2.997952905401674029e-02
2.997762009610915532e-02
3.001191987770717925e-02
3.001564775832099921e-02
3.001556267817667711e-02
3.001533124731541394e-02
3.001801156478745361e-02
3.001129376111750721e-02
3.000357100516851810e-02
3.000149303237190784e-02
3.516466533817302204e-02
3.516329834444573144e-02
3.516493687401886503e-02
3.530676501502647696e-02
3.530719637544522949e-02
3.531134257468514226e-02
3.531007739556127345e-02
3.530736558337391889e-02
3.530695395279526833e-02
3.530627748168082419e-02
3.530637258359308611e-02
3.530196126481056212e-02
3.530369672741691389e-02
8.135974664545221613e-02
8.138107667757339680e-02
7.921795383690863335e-02
7.921874119226554600e-02
7.925507976399610854e-02
8.034563986676014624e-02
8.074064873695148414e-02
8.074246629471636127e-02
8.074165953437535681e-02
2.533775014276323442e-02
2.532272996164989728e-02
2.532155730051461467e-02
2.532119620713952496e-02
2.532157399540194143e-02
5.071959681687420937e-03
5.071237825385348751e-03
5.071449308510157100e-03
5.089794989453573677e-03
5.090260501645013820e-03
5.089874808084818986e-03
5.089077202022910563e-03
5.089582232100384532e-03
5.088923017432729276e-03
5.089005063641269949e-03
5.089879061367891082e-03
5.089904083341971475e-03
5.090098159844827844e-03
-4.540928952143497547e-05
-4.851765440020866684e-05
-4.762917783058477872e-05
-4.754355612695122080e-05
-4.773716165011022917e-05
-4.800829032858636576e-05
-4.793414436212180382e-05
-4.795799231470525449e-05
-4.704825750634374337e-05
-4.735146564819478840e-05
-4.722921737638788390e-05
-4.731766755161105620e-05
-4.731036173812540845e-05
-4.672538420768925432e-05
-4.539794251485854430e-05
-4.546236930435276373e-05
-4.450985693986928818e-05
-4.468319895022804922e-05
-4.433260021405024330e-05
-3.415317095951624755e-05
-3.359463433049422932e-05
-4.898585103027177235e-05
-7.017503454038946762e-05
-8.062128202641617681e-05
-8.099318660280498724e-05
-8.137929891329471837e-05
-7.940482673652872426e-05
-7.992097143100611854e-05
-7.475056302597168456e-05
3.073231227683556740e-04
3.066355198656969664e-04
3.066090795772218242e-04
3.075589907328443815e-04
3.072460432374611973e-04
2.732656481525415869e-04
2.733970250010793706e-04
2.752959407305626211e-04
2.824559210986854214e-04
2.823671462566766936e-04
2.826435443794501120e-04
2.829475812460975582e-04
2.825907445866306230e-04
2.756657524001802158e-04
-2.962903115442581080e-05
-2.898537013380752934e-05
-2.890565908091411782e-05
-2.873645197806538431e-05
-2.693742365343184105e-05
-4.897797471990223962e-05
-4.880800569956163590e-05
-4.865036688757968050e-05
-4.864203140476705133e-05
-4.807849261091845625e-05
-4.846122933896585705e-05
-4.826616469857009139e-05
-5.135922481817334904e-05
-5.018068016203391045e-05
-5.049757832932299021e-05
-4.937799494798821991e-05
-4.947518795243289032e-05
-4.819611277822906105e-05
-5.391278522061596751e-05
-5.359480491834227414e-05
-5.355790986362595906e-05
1.230052165627988137e-04
1.233255845376424946e-04
1.215543206191824031e-04
1.216188496753914199e-04
1.214015756369964013e-04
1.215882448472049046e-04
1.217991428613380384e-04
4.529962393948992467e-04
4.529995704473675560e-04
4.532464790950377614e-04
4.473555248481074411e-04
4.546213847738961723e-04
5.303217600029358492e-04
5.260592554412710535e-04
-6.475044947326624722e-02
-6.475008075090267490e-02
-6.474986481515759840e-02
-6.474608613327664797e-02
-6.473549920209584196e-02
-6.474707483059402580e-02
-6.474713858369288144e-02
-6.472580550540443789e-02
-6.432492080077956143e-02
-1.749676472986049641e-02
-1.749575879641689091e-02
-1.749599354522884259e-02
-1.749854121740766072e-02
-1.751921560445945936e-02
-1.994266127065510291e-02
-1.994435166879659355e-02
-1.994615568477315151e-02
-1.733960761763848890e-02
-1.733999428643637555e-02
-1.767880877635434611e-02
-1.765761871566561697e-02
-1.765888408812946175e-02
-1.765672151041137658e-02
-1.765755988842902108e-02
-1.765745848196272755e-02
-1.765803734154304527e-02
-1.765868517764675183e-02
-1.765881424095271102e-02
-1.765824685427497612e-02
-1.765442184407499740e-02
-1.792521770690560373e-02
-1.792625291165572329e-02
-1.792625639981483207e-02
-1.792660814260925092e-02
-1.792659428981507180e-02
-1.792449008222053025e-02
-1.792450497715829261e-02
-1.792513360390229557e-02
-1.792492634314115860e-02
-1.792513761493843769e-02
-1.792465045732771767e-02
-1.792496031604168608e-02
-1.503175007049526411e-02
-1.503186775710989125e-02
-1.216294448482187554e-02
-1.216239829064950234e-02
-1.448240297259532905e-02
-1.448204364692877791e-02
-1.448055246599904734e-02
-4.450176673957193354e-04
-4.466460739273997709e-04
-4.460406944792086022e-04
-4.453603894714128078e-04
-1.291753351906954339e-01
-1.291747575519920643e-01
-1.287229802515592048e-01
-1.287209460299597041e-01
-1.287127759409944228e-01
-1.287125404581414834e-01
-1.286836221911560607e-01
-2.322151648582947842e-02
-2.322204289640457039e-02
-2.322183836040254273e-02
-2.322187931055045423e-02
-2.322168387720187355e-02
-2.321882116489212139e-02
-2.485070468254637829e-02
-2.485052309560258424e-02
-2.484992357062300664e-02
-2.485036929817435389e-02
-2.485005423689034404e-02
-2.485559026815947412e-02
-2.485395467469408634e-02
-2.484474363582570358e-02
-2.484466800421805330e-02
-2.506462055381162776e-02
-2.506580981743596753e-02
-2.506308146051667782e-02
-2.506277873181273971e-02
-2.506320237432051526e-02
-2.506194943539601788e-02
-2.506288315505438360e-02
-2.506284698102598241e-02
-2.506325989862963691e-02
-2.506347478569146900e-02
-2.506194427251513465e-02
-2.506201347958031747e-02
-2.506208004265342987e-02
-2.506201285875340676e-02
-2.506074687344729546e-02
-2.506104402189881716e-02
-2.506217136448261190e-02
-2.506271410110508940e-02
-2.506111156962430656e-02
-2.506184571466963870e-02
-1.762442790510672028e-02
-1.762439916232671697e-02
-1.762498006443319679e-02
-1.766527111067662387e-02
-1.744587400521849935e-02
-1.744056050160235072e-02
-1.756280484739562373e-02
-1.748378437527635040e-02
-1.748365579375230419e-02
-1.748365929417954046e-02
-1.748356608198460213e-02
-1.748388673644333396e-02
-1.748365028481586869e-02
-1.747899718457544826e-02
-1.747994129727793028e-02
-1.747994129727790252e-02
-1.747989738700751750e-02
-1.743962324956100859e-02
2.323101333006775265e-02
2.323067599573814396e-02
2.323051216829979601e-02
2.323135349843863384e-02
2.323118406569028502e-02
2.321086509264158257e-02
2.321014701283508758e-02
2.321377477232590067e-02
2.321644922851537340e-02
2.333716666954906149e-02
2.341806741811063713e-02
2.322983172630492185e-02
2.352249228005048182e-02
2.352305017938162782e-02
2.352370624612371702e-02
2.352337947858643488e-02
2.352054787251351212e-02
2.366278622332284101e-02
2.366233655975611208e-02
2.366228477236888283e-02
2.365947337236508352e-02
8.430316303874110101e-03
8.185136572545725214e-03
8.185373537961141907e-03
8.185392909926168803e-03
8.185380264692777158e-03
8.188042461148932818e-03
8.188088570521079648e-03
8.188587135755827362e-03
8.187580715918907348e-03
8.187578692030704486e-03
8.187306328867913902e-03
8.194293357539536235e-03
8.349550603310098781e-03
8.350179983917240326e-03
8.350220321492509909e-03
8.349125365922529032e-03
8.349639587062928497e-03
2.998583017966782380e-02
2.988439494792213824e-02
2.988410601033201358e-02
2.773560596349484639e-02
2.774765035889189407e-02
2.774778206775064052e-02
2.774719394747015080e-02
2.775496353196297075e-02
2.774988112611732546e-02
2.772846754586902329e-02
2.772883903456208748e-02
2.772916297296254551e-02
2.772860336941779247e-02
2.772912504748140800e-02
2.772163961539467897e-02
2.772200482438305635e-02
2.404064880426464573e-02
2.404006273648375686e-02
2.436377145455677698e-02
2.436371905191210899e-02
2.389163590190468769e-02
2.389108892588088021e-02
2.389078083273407996e-02
2.388387036490106571e-02
2.388360102653012268e-02
2.388335798953383077e-02
2.388572585269786719e-02
2.388913070309882022e-02
2.388919111760726827e-02
2.388920517594187234e-02
2.388908967414973480e-02
2.388913347258709782e-02
2.388923043784671463e-02
2.388917290527071621e-02
2.388902676387153270e-02
2.388942724525346464e-02
2.388346078580843787e-02
2.387987975616015848e-02
2.389877013341663511e-02
2.368945965343339372e-02
2.368117010225471303e-02
2.559657989492223479e-02
2.559711314217566133e-02
2.584344992380991843e-02
2.584353161406147473e-02
2.585647096608945442e-02
2.585664573473397954e-02
2.585675301184807429e-02
-1.354040389788408738e-01
-1.354047121086128513e-01
-1.354039526903855761e-01
-1.354040042149601275e-01
-1.354070991188170425e-01
-1.354071182350126967e-01
-1.354106938452169229e-01
-1.354093530050077265e-01
-1.354116212724707224e-01
-1.354093429410452853e-01
-1.354092075761770542e-01
-1.354106533391674916e-01
-1.354115889113590154e-01
-1.354101325562086788e-01
-1.354093252487412469e-01
-1.353987810526795510e-01
-1.354401709701281153e-01
-1.354385322385524004e-01
-1.354491429660361623e-01
-1.354072426873338952e-01
-1.348929357260069406e-01
-1.350805254334127292e-01
-1.351109080726982381e-01
-1.351165427117856088e-01
-1.351147690997564488e-01
-1.351161273193202117e-01
-1.351127617508815770e-01
-7.278928245049889889e-02
-7.278574213459464148e-02
-7.274808612632993610e-02
-7.274018699730186444e-02
-7.283761051982708123e-02
