-4.509610252220451476e-02
-4.509544912309430831e-02
-4.510052241632434011e-02
-4.511377031325619624e-02
-4.511890589736061719e-02
-4.512080256491046715e-02
-4.512383810681398766e-02
-4.514970288211292426e-02
-4.515062151024318293e-02
-4.515399927066010566e-02
-4.517563513538505604e-02
-4.514348335753984309e-02
-4.509017490311391374e-02
-4.509222467670929990e-02
-4.509002404460086405e-02
-4.508409969890095348e-02
-4.509272196292965496e-02
-4.509427281224889783e-02
-4.507998790059941641e-02
-4.507607698076263741e-02
-4.511016048794789374e-02
-4.510882525467945631e-02
-4.510759716678851283e-02
-4.510005513810053102e-02
-4.508304750865682609e-02
-4.508514557962221836e-02
-4.508374881592906724e-02
-4.508226058317046231e-02
-4.508610807378589380e-02
-4.508777772444479137e-02
-4.508982863185440060e-02
-4.506603889980557304e-02
-4.506659061947267120e-02
-4.507419668165128096e-02
-4.507090738464906987e-02
-4.509532016141842847e-02
-4.507001400008027459e-02
-4.506920275226298372e-02
-4.507477510794293679e-02
-4.507484146915619744e-02
-4.495251133910227459e-02
-4.517025137489151521e-02
-4.516895744201872981e-02
-4.516822359173881807e-02
-4.516783647159164361e-02
-4.517055448950033775e-02
-4.511161550437346041e-02
-4.511014040933952057e-02
-4.510991392543989287e-02
-4.510722132980947430e-02
-4.506763484077569437e-02
-4.506208662544909649e-02
-4.511287256948832286e-02
-4.511184549960575024e-02
-4.512923944081075056e-02
-4.512902571389326017e-02
-4.512027005971696453e-02
-4.512003192506107430e-02
-4.512041188431564070e-02
-4.511253925551140381e-02
-4.511633291529153211e-02
-4.511034270821132758e-02
-4.511204716518908003e-02
-4.511018114437165272e-02
-4.510532852021048589e-02
-4.510904059077296829e-02
-4.510419465769604369e-02
-4.510546483631623638e-02
-4.510260842103531315e-02
-4.510428167986769293e-02
-4.508774145587973736e-02
-4.509388597260988868e-02
-4.519457694580614887e-02
-4.518873219417654519e-02
-4.512889642029691006e-02
-4.515536698210548955e-02
-4.514756624248009859e-02
-4.515417466721859119e-02
-4.515470909587178394e-02
-4.510641712920418489e-02
-4.508825244064194881e-02
-4.509103585771671863e-02
-4.509169464855961040e-02
-4.513856637097288238e-02
-4.513718090554993956e-02
-4.513704372423147509e-02
-4.511344226590132539e-02
-4.511490334325005819e-02
-4.511253183951481616e-02
-4.511641348015900388e-02
-4.511612098465355575e-02
-4.511737597461598637e-02
-4.511610330656219692e-02
-4.511568046803062643e-02
-4.512214963014494346e-02
-4.512162153396172271e-02
-4.512498124253666587e-02
-4.512815005424882647e-02
-4.512709236902901627e-02
-4.513645093792375412e-02
-4.513423175290743466e-02
-4.512101528246108967e-02
-4.512174908800316991e-02
-4.511763364627082579e-02
-4.509750816428508002e-02
-4.509827143598064969e-02
-4.509756699101555993e-02
-4.509497647926860586e-02
-4.515370717190138328e-02
-4.515330778588655392e-02
-4.515470022860838817e-02
-4.514931735646702388e-02
-4.515144179892466303e-02
-4.511034822927238730e-02
-4.510481455691096875e-02
-4.511522530338277909e-02
-4.511980272930814218e-02
-4.511794244716636759e-02
-4.514462933584470483e-02
-4.516399040988143543e-02
-4.514927108865271488e-02
-4.516880805617566608e-02
-4.516900994219038429e-02
-4.515875205407479664e-02
-4.514703603712547780e-02
-4.514764718538760713e-02
-4.515187568780257982e-02
-4.515205438732425303e-02
-4.515183333224968842e-02
-4.514939590462505731e-02
-4.515070787328011315e-02
-4.515138635779401138e-02
-4.515197936151885832e-02
-4.509444020541201331e-02
-4.509353796054118430e-02
-4.507845774812449524e-02
-4.507466324795515039e-02
-4.507336431761087975e-02
-4.508487776872591862e-02
-4.517039861577046983e-02
-4.515226335663095891e-02
-5.497547538400402584e-02
-5.492083373631753002e-02
-5.491578176441715142e-02
-5.572769928418710300e-02
-5.573330022486902569e-02
-5.573324173907336782e-02
-5.573248747055298963e-02
-5.571634606312597660e-02
-5.571851476233396355e-02
-5.583541250346791412e-02
-5.586229909838617835e-02
-5.586392930276395941e-02
-5.567784674450242111e-02
-5.572912487902745987e-02
-5.548500801893543888e-02
-5.548974000169797777e-02
-5.551939574002096034e-02
-5.551526063829144431e-02
-5.551280844694723299e-02
-5.551160442584869570e-02
-5.550141444680542491e-02
-5.550245102485269755e-02
-5.550246628402694116e-02
-5.549953172546008562e-02
-5.550075780567077788e-02
-5.546423982402679670e-02
-5.545901707018864590e-02
-5.545661288403254396e-02
-5.545508073776878738e-02
-5.545582403304239599e-02
-5.531422040414793462e-02
-5.531077818291896264e-02
-5.531056749557632796e-02
-5.531104549339212195e-02
-5.531178087733955306e-02
-5.531265782203940995e-02
-5.531186743294348035e-02
-5.531228613839984931e-02
-5.531285735725860464e-02
-5.531018907875795421e-02
-5.531661981025563085e-02
-5.531671421908327529e-02
-5.531604302794981137e-02
-5.531746933894211155e-02
-5.531036907997202018e-02
-5.532475026784771516e-02
-5.532563127718791163e-02
-5.568328774815002602e-02
-5.542329061617921881e-02
-5.541589997715994087e-02
-5.541916371989764195e-02
-5.557806924459107734e-02
-5.561382132997816363e-02
-5.562906996950531258e-02
-5.562912689901189367e-02
-5.563089290003685877e-02
-5.563158206594039090e-02
-5.561412469938655651e-02
-5.561641673724534995e-02
-5.603221244264985912e-02
-5.601065910294427547e-02
-5.602506179153193822e-02
-5.600734315867755830e-02
-5.538680133799669947e-02
-5.540123315761413814e-02
-5.540685728959982015e-02
-5.540918416193441748e-02
-2.707934230026587744e-02
-2.521310041627322987e-02
-2.402459876518637030e-02
-2.400179699955934734e-02
-2.389417997074225544e-02
-2.390331954446655097e-02
-2.389874649768481893e-02
-2.389952637837940846e-02
-2.389997383133918990e-02
-2.389993984199477797e-02
-2.389988858971821631e-02
-2.389460226248960387e-02
-2.389603050156490632e-02
-2.401976522999788380e-02
-2.401251842248991117e-02
-2.401055543289353986e-02
-2.401247043438748188e-02
-2.401432410756733707e-02
-2.401397288134831179e-02
-2.402096739765758812e-02
-2.804933132642264959e-02
-2.805019658471167784e-02
-2.804815338754763909e-02
-2.804930495304816876e-02
-2.807997137762228285e-02
-2.808014738988524536e-02
-2.807460372704988216e-02
-2.812024143022070696e-02
-2.806402649937551202e-02
-2.806885476452147463e-02
-2.807002713229613325e-02
-2.807035765496565874e-02
-2.811573607758901042e-02
-2.811473618871276892e-02
-2.808462870848258547e-02
-2.810699941512029981e-02
-2.804541209879589381e-02
-2.803364464236022049e-02
-2.803337469130074214e-02
-2.803001630676619366e-02
-2.804567919089036646e-02
-2.804658272741923988e-02
-2.803872677966213686e-02
-2.803902213791851714e-02
-2.808900642987207166e-02
-2.808903339901355767e-02
-2.807873313444853025e-02
-2.807816402017246707e-02
-2.807830645683584772e-02
-2.808911908001698529e-02
-2.809388439234564161e-02
-2.808667616746105683e-02
-2.804631460087794737e-02
-2.804542631877833883e-02
-2.804701932459893743e-02
-2.804753869044995448e-02
-2.805150777009236124e-02
-2.805219554231750193e-02
-2.805179696306817419e-02
-2.804636849620628647e-02
-2.786186846449464211e-02
-2.787914922595495504e-02
-2.777672177081379548e-02
-2.777615137946914947e-02
-2.784389142090261393e-02
-2.785055208352901768e-02
-2.784871136577235506e-02
-2.784809823214966923e-02
-2.781955962229575724e-02
-2.781980544785245257e-02
-2.779150661920068432e-02
-2.779463685590278718e-02
-2.779713073891777048e-02
-2.779876901331488140e-02
-2.781389786901465599e-02
-2.781575255564538302e-02
-2.782281141929993443e-02
-2.779921858962372538e-02
-2.780032100786262311e-02
-2.779946865624622135e-02
-2.787757006029058932e-02
-2.788613859179103413e-02
-2.790590037668789006e-02
-2.790565537525694847e-02
-2.790712900508446337e-02
-2.790443879167881641e-02
-2.789838347603848523e-02
-2.789814197031506918e-02
-2.790043326715292010e-02
-2.790725829556889304e-02
-2.785810566835017141e-02
-2.785499322661691077e-02
-2.785498064126373102e-02
-2.785496532496129288e-02
-2.785491160655628393e-02
-2.786479544546458659e-02
-2.786414427251734244e-02
-2.786363361825379414e-02
-2.786844944933929494e-02
-2.786521818677817688e-02
-2.699362425627551548e-02
-2.698759554493027416e-02
-2.698919445565433478e-02
-2.699157964515136801e-02
-2.699114613587045436e-02
-2.699239588198897727e-02
-2.699089423574710378e-02
-2.699341073314600811e-02
-2.699220699740195045e-02
-2.700769715624080219e-02
-2.702132993893112053e-02
-2.702151816278772212e-02
-2.702032745741261843e-02
-2.702078573817439516e-02
-2.701947873996152563e-02
-2.702080156771649241e-02
-2.701589179801206636e-02
-2.701856476087180145e-02
-2.616228262635138246e-02
-2.615830864838982611e-02
-2.616720146248676174e-02
-2.616654408213395927e-02
-2.616447555400435235e-02
-2.616116855059107474e-02
-2.615928271276735800e-02
-2.616091797799296320e-02
-2.615869278954744900e-02
-2.616402313817047659e-02
-2.616442543859156394e-02
-2.616408784194662260e-02
-2.616275653782750010e-02
-2.616252875474078463e-02
-2.616375154915445006e-02
-2.614461516399702382e-02
-2.612224118348255644e-02
-2.604378444361173453e-02
-2.603689518778573575e-02
-2.603563384594050414e-02
-2.591891338271028883e-02
-2.589454056006226801e-02
-2.589542714403609072e-02
-2.589075978654973437e-02
-2.589109347465367791e-02
-2.609460348936035179e-02
-2.609531456038912539e-02
-2.609433732453972712e-02
-2.603317916877546587e-02
-2.605383556595401023e-02
-2.605036418201357382e-02
-2.607891954713211294e-02
-2.607829775067307607e-02
-2.601697172788228207e-02
-2.601445355117526503e-02
-2.601468051966220052e-02
-2.599820747520639741e-02
-2.599803850135298106e-02
-2.600026567797317570e-02
-2.600009095411418003e-02
-2.599977761189308303e-02
-2.600005657461729180e-02
-2.600377592834217724e-02
-2.600106451112299891e-02
-2.600200159981133630e-02
-2.599864630711890695e-02
-2.599983707054762810e-02
-2.600660381485015923e-02
-2.600078182427034007e-02
-2.599992272911820501e-02
-2.600440026514099986e-02
-2.600233681779094003e-02
-2.599992636914564767e-02
-2.600132248965001530e-02
-2.600271994210622342e-02
-2.600245084557508551e-02
-2.600191541932100545e-02
-2.599951765330581893e-02
-2.600144081586612879e-02
-2.602315638553039448e-02
-2.602288600648214670e-02
-2.602281588472061397e-02
-2.602249914308213050e-02
-2.602294925001881476e-02
-2.602344956938585155e-02
-2.602465340477822311e-02
-2.602563514443210005e-02
-2.601335367827080705e-02
-2.601466828501967574e-02
-2.601434611536890262e-02
-2.601493854913804887e-02
-2.601327233085636015e-02
-2.589144623721970767e-02
-2.584882233679154651e-02
-2.584724558973864814e-02
-2.584639949976132167e-02
-2.584381405305382837e-02
-2.587054397886139057e-02
-2.587033936660713615e-02
-2.598690277898195802e-02
-2.599745669590532854e-02
-2.598903992190838494e-02
-2.585809711971016889e-02
-2.583150545858950778e-02
-2.583032447873995913e-02
-2.592439351029317621e-02
-2.594342091084820071e-02
-2.594375181735876848e-02
-2.594637393732175668e-02
-2.625002796398186525e-02
-2.594668810891861965e-02
-2.589587647197976253e-02
-2.589532623653770238e-02
-2.599010363045302363e-02
-2.598962689411311866e-02
-2.598792112858899772e-02
-2.598837080708213745e-02
-2.598862942374600277e-02
-2.598950932535590633e-02
-2.597936122100163309e-02
-2.598083980936701995e-02
-2.597909057227688889e-02
-2.641307960271516153e-02
-2.641500338133974043e-02
-2.637229850102147319e-02
-2.637469633873148686e-02
-2.641658083908055010e-02
-2.641944413085796015e-02
-2.642032596586365439e-02
-2.446813323461085807e-02
-2.447623485873618929e-02
-2.444985148176851905e-02
-2.445674972603733080e-02
-2.445633020735179380e-02
-2.445681104663957606e-02
-2.445696288001516713e-02
-2.445480839054696431e-02
-2.440139321077784348e-02
-2.440128608804393098e-02
-2.440116239306282589e-02
-2.433137059401004401e-02
-2.433433525265520092e-02
-2.088551583674301201e-02
-2.089328054246110747e-02
-1.978800702401789513e-02
-1.978932327688786436e-02
-1.906348518537738512e-02
-1.906019588045957530e-02
-1.906193957959063934e-02
-1.906172505521021646e-02
-1.906196174556003611e-02
-1.896026840678654429e-02
-1.896326189527233752e-02
-1.896046944155394681e-02
-1.897725481049065618e-02
-1.897735159904830049e-02
-1.897734543626297676e-02
-1.897643973528846326e-02
-1.897868515988910404e-02
-1.895949675747298641e-02
-1.895689645906853751e-02
-2.980113485341493590e-02
-2.981278396754182686e-02
-2.982855404859915960e-02
-2.982707444120097709e-02
-2.976816280504357079e-02
-2.976934791810951011e-02
-2.977767501856816088e-02
-2.977780152090976629e-02
-2.977412473588979605e-02
-2.978008272353912383e-02
-2.977753185303895489e-02
-2.977879294252269021e-02
-2.977865844704867537e-02
-2.977819094819757206e-02
-2.977934533749911419e-02
-2.977304156983941186e-02
-2.977793087771436059e-02
-2.977724156098775221e-02
-2.978013267935323075e-02
-2.977907720153031429e-02
-2.978080495562909075e-02
-2.978068268430965684e-02
-2.977534009903459386e-02
-2.977655714867211839e-02
-2.977712191191538016e-02
-2.977577845324531902e-02
-2.977517235426221237e-02
-2.977562055514660841e-02
-2.977593750709466719e-02
-2.977501755017959717e-02
-2.977527978791308025e-02
-2.977532141470080190e-02
-2.977048065968209908e-02
-2.977161378168410519e-02
-2.978122259226530233e-02
-2.978329010239217506e-02
-2.982458379508371588e-02
-2.982245393690411903e-02
-2.983724620040250491e-02
-2.983587877886880596e-02
-2.981799025269161324e-02
-2.975024067763577806e-02
-2.975690443793303774e-02
-2.975403701550112870e-02
-2.975477162620311991e-02
-2.972615474113303111e-02
-2.981500860952079543e-02
-2.981195827512370805e-02
-2.977635140037597494e-02
-2.977560515426553450e-02
-2.977624949215285782e-02
-2.977691890498202626e-02
-2.977653082899998221e-02
-2.977670152272245824e-02
-2.979042459067715240e-02
-2.983492290770726335e-02
-2.981750803054945831e-02
-2.981794073825967673e-02
-2.983597001578660451e-02
-2.983483498378725410e-02
-2.983424783453220500e-02
-2.967054122368393415e-02
-2.328130825884009228e-02
-2.355107296859885666e-02
-2.341570751282207735e-02
-2.341523391636131032e-02
-2.341726813024345641e-02
-2.341396284076326800e-02
-2.363231813896292041e-02
-2.363002557073103083e-02
-2.362475180710911157e-02
-2.374190082771965304e-02
-2.374267713228257401e-02
-2.374271898291074878e-02
-2.374259126534114528e-02
-2.374141590872735907e-02
-2.374189635259678702e-02
-2.374161769969490229e-02
-2.374175754124420445e-02
-2.373912213306171581e-02
-2.373712434503436053e-02
-2.373933505327628993e-02
-2.372697506761336367e-02
-2.369536135300789187e-02
-4.014892995557781986e-03
6.812750848816647407e-03
6.813139846828452154e-03
6.813059198012579205e-03
6.813901334385569393e-03
6.814198758878720757e-03
6.814321308351425042e-03
6.813603663069437572e-03
6.813992974930316651e-03
6.813639878684587571e-03
6.816523739641023455e-03
6.817852680355169018e-03
6.815396439813091803e-03
5.783605538849339103e-03
5.765780884246296707e-03
5.784560946308260274e-03
5.783887209260318851e-03
7.914925983077254756e-03
7.917110535698147072e-03
7.917000367252837942e-03
7.917331825185966107e-03
7.915976122209926122e-03
7.917820579051925226e-03
7.916686465895196589e-03
8.005683749322350246e-03
8.002282986427720207e-03
8.002009624868876292e-03
5.289996881454763281e-03
5.289381291651721120e-03
5.290255606006113998e-03
5.289998854673506196e-03
5.290643653734519031e-03
5.291634028355114185e-03
5.286012834916828905e-03
5.284920477512160264e-03
5.284354280361684177e-03
5.281571943435252325e-03
5.284268017495564844e-03
5.288177695996046195e-03
5.290054998815051264e-03
5.289672615371049727e-03
5.305426203008040305e-03
5.304828567458496139e-03
5.277308365372491462e-03
5.270517998016157300e-03
5.273262862248218920e-03
5.273287233894346365e-03
5.288391814934883389e-03
5.284220013711467788e-03
5.289527095199616016e-03
5.293121220443928326e-03
5.289462940766878445e-03
5.289462940766731860e-03
5.290293927235114810e-03
5.290837681040528283e-03
5.295370978810434379e-03
5.296203909181829844e-03
5.296080301339036941e-03
5.296477985758742818e-03
5.290830473930031343e-03
5.290097141417714026e-03
5.290094824537069224e-03
5.298533710021928640e-03
5.298876284244573298e-03
5.257494508710826644e-03
5.259546664111746858e-03
5.260006330512300918e-03
5.230489739013377028e-03
5.232162033598203484e-03
5.231727242100564675e-03
5.233910270881535556e-03
5.235578813529631094e-03
5.267059551145206880e-03
5.238411620453888896e-03
5.230759837275156948e-03
5.229493664639225589e-03
5.229030725290278320e-03
5.242349912815259458e-03
5.244415022005038084e-03
5.243843158206753889e-03
5.244692320491919045e-03
5.243738233526791179e-03
5.243625759845890223e-03
5.243923217631831987e-03
5.244388098564735368e-03
5.245716573369218517e-03
5.245294704982138810e-03
5.243424693051363696e-03
5.244932021240992365e-03
5.231457454886834918e-03
5.212708949475732337e-03
5.209443670591468005e-03
5.209551216001176779e-03
5.210267970283835245e-03
5.208628224296183058e-03
5.207173129568794766e-03
5.207016046599280065e-03
5.207364549152236621e-03
5.208383740415102950e-03
5.493841947327738132e-03
5.345958268261415298e-03
5.346155244207648899e-03
1.116105232183002734e-02
1.116063293256776452e-02
1.101106281296360817e-02
1.058702541889377027e-02
1.057999402410912844e-02
1.057960252231212109e-02
1.012921191999962764e-02
1.012635850096466235e-02
1.013148079076960258e-02
1.013278427240518753e-02
1.012460140010033698e-02
1.012303928652452320e-02
1.012207026252864503e-02
1.013298122540233839e-02
1.013253702372963506e-02
1.015547610636444165e-02
1.015641054996885978e-02
1.015686824760365752e-02
1.015682026878352365e-02
1.015079183425040762e-02
1.015010080444625831e-02
1.015174956295598896e-02
1.015760482593652293e-02
1.023780575522635107e-02
1.027746073796398721e-02
1.027812981173375877e-02
1.295879781719831876e-02
1.295661678597668023e-02
1.295636162262632333e-02
1.295757190988885976e-02
1.295698214779154346e-02
1.295667103299481294e-02
1.296137953602247671e-02
1.297072431748242868e-02
1.296872252722054177e-02
1.295709016830758238e-02
1.295712944876162113e-02
1.265786836223289913e-02
1.265799196022429803e-02
1.249746960142814924e-02
1.253170749939263619e-02
1.256143604513081623e-02
1.250602361061626741e-02
1.256276442251572437e-02
1.255945777710689576e-02
1.255150844204696615e-02
1.255345184099447564e-02
1.255002403238732710e-02
1.255122575638556622e-02
1.255231099859798263e-02
1.255195100673166253e-02
1.254985764746001896e-02
1.254942000807279107e-02
1.252191458198364388e-02
1.252190798868179321e-02
1.257138880517365970e-02
1.254831005897245888e-02
1.254718980198023075e-02
1.254751986533089204e-02
1.254899353929858283e-02
1.254597783545746692e-02
1.254819584947537182e-02
1.255286887586652515e-02
1.256441034087740945e-02
1.255006250836413276e-02
1.255409578088318920e-02
1.266650345484479460e-02
1.266668937226062171e-02
1.266445648918203271e-02
1.266956201770718347e-02
1.266946596605452585e-02
1.266806021777391357e-02
1.266587688445078991e-02
1.266966700306461878e-02
1.267081145732400042e-02
1.266654809164298630e-02
1.266708032755571416e-02
1.266605645140624938e-02
1.266824124980329112e-02
1.266653607793575761e-02
1.266907263287574484e-02
1.262317299901980112e-02
1.262660527880068474e-02
1.258651915902970000e-02
1.260248013045503837e-02
1.260872218033566756e-02
1.260832627980467552e-02
1.260698945752936409e-02
1.260563448327329215e-02
1.259629050105731500e-02
1.259402773680325105e-02
1.259413042945294568e-02
1.259914657421321547e-02
1.260088376224280035e-02
1.260217975136138958e-02
1.260872391554560511e-02
1.259442977853475823e-02
1.260913434674304674e-02
1.261055100393838196e-02
1.260767566083265470e-02
1.260754581107911484e-02
1.259923408165512099e-02
1.260332879587230254e-02
1.260348306400441501e-02
1.259938037831132701e-02
1.260048640945866417e-02
1.260179696761079375e-02
1.261056392567232870e-02
1.259876166908009860e-02
1.260985200253541411e-02
1.260623985578507300e-02
1.258765044238490532e-02
1.258613657069647743e-02
1.549689921948165308e-02
1.550257895710901480e-02
1.549119458806111696e-02
1.608296960009032717e-02
1.608686628579749853e-02
1.608222170265797765e-02
1.607110197910204680e-02
1.607189275461919781e-02
1.615140283124596315e-02
1.614566034102282721e-02
1.614851799083391257e-02
1.614863865190981768e-02
1.614759308852435973e-02
1.578693273836179883e-02
1.578521750519988609e-02
1.578522468539191037e-02
1.577847848638317535e-02
1.577802934950311292e-02
1.577868164994559660e-02
1.983081354582574840e-02
1.506637556891041001e-02
1.506648633444665659e-02
1.506693866331016048e-02
1.506695580585079054e-02
1.510002631566060953e-02
1.499899559327811001e-02
1.565856197585389561e-02
1.565196043294781250e-02
1.563828312974838153e-02
1.563016988021576764e-02
1.564994977271642884e-02
1.565299516699362667e-02
1.565716739440936936e-02
1.565459945089642951e-02
1.565768268257115500e-02
1.565711481467975397e-02
1.565716733174338932e-02
1.565752459960293927e-02
1.565721024119957547e-02
1.565772609544514166e-02
1.388141088699945680e-02
1.389571747987760654e-02
1.243087247898554647e-02
1.246528502405539265e-02
1.233916481798825668e-02
1.234007741211695826e-02
1.238095950018373338e-02
1.238155864128392784e-02
1.217666403377453722e-02
1.217418577123089915e-02
1.217587806591151518e-02
1.272178373866838554e-02
1.340389272913422060e-02
1.339383284632007960e-02
1.339480037299038175e-02
1.342517453553429031e-02
1.342503106784289149e-02
1.342527960584117240e-02
1.342518894033940986e-02
1.342527263095533684e-02
1.342598960139580917e-02
1.342528273565968093e-02
1.342748242867203290e-02
1.341553835954963081e-02
1.339862859904868662e-02
1.340262561050130190e-02
1.340147490485260780e-02
1.340790963965731580e-02
1.362823423388608013e-02
1.362949147859808877e-02
1.364467966173286105e-02
1.364480888363578913e-02
1.363713247999091306e-02
1.349462588417526046e-02
1.306393924625853450e-02
1.302633284390234368e-02
1.302593077276351617e-02
1.302518313418911215e-02
1.327651144274095453e-02
1.327507949533618566e-02
1.327399913956140223e-02
1.350679746811410745e-02
1.352537469943420820e-02
1.352489533207507956e-02
1.351234891257439494e-02
1.351259973200439300e-02
1.351869597833388163e-02
1.351865104373800933e-02
1.351763534691466546e-02
1.351975621922080033e-02
1.350728029374625820e-02
1.350309940474042625e-02
1.350462511077672040e-02
1.350563782479845092e-02
1.346726095426614006e-02
1.356554743377369650e-02
1.356696628523320312e-02
1.353798685575707469e-02
1.353776028822448706e-02
1.355922448209369129e-02
1.355896051075148635e-02
1.355900393904435793e-02
1.355959664571637982e-02
1.355940012104712815e-02
1.356282396030581219e-02
1.355526079149214046e-02
1.358269569702908255e-02
1.358241309936239483e-02
1.351581851037127018e-02
1.351935779134111164e-02
1.351285237233099297e-02
1.350784672997298527e-02
1.350982688386540877e-02
1.350579723277826535e-02
1.350559477668543396e-02
1.350209820239534932e-02
1.350034626495465358e-02
1.350022471454164104e-02
1.350185131113272943e-02
1.350201966954428685e-02
1.350034841743235486e-02
1.350277697607810828e-02
1.350153183044517161e-02
1.349440261880139116e-02
1.349371506982510217e-02
1.349276791923079317e-02
1.349235672182557029e-02
1.349227020517486386e-02
1.349169284090236121e-02
1.349526151729215501e-02
1.349240194840269427e-02
1.349427791585098256e-02
1.349388162963729640e-02
1.349373448005289702e-02
1.349337564503432473e-02
1.349403937782300486e-02
1.349669952714876650e-02
1.350257707871893413e-02
1.350376431044660562e-02
1.349757380820168842e-02
1.349760057037586308e-02
1.350042148877551515e-02
1.348742656549334860e-02
1.348745566285922820e-02
1.348629353114450674e-02
1.348784914379957088e-02
1.349286073022797246e-02
1.348890043325026711e-02
1.351607372481719235e-02
1.351639057257570699e-02
1.351569597525878810e-02
1.350287709179900063e-02
1.350111030912667411e-02
1.350252501542821039e-02
1.349963195231884856e-02
1.444087948756569463e-02
1.444531998006317805e-02
1.444677737779326114e-02
1.444680458074511058e-02
1.444603289668146273e-02
1.385424720748560691e-02
1.387711969026454370e-02
1.385613742462186125e-02
1.386110096814907773e-02
1.383167020732305186e-02
1.382998685258594353e-02
1.456736941817551347e-02
1.468495403048956233e-02
1.468542758228270385e-02
1.468441038865500418e-02
1.468343924744347148e-02
1.468340545514350282e-02
1.468270480719207141e-02
1.337040361415894538e-02
1.337224635917530664e-02
1.337176556069070467e-02
1.337195990878088485e-02
1.336955840209392080e-02
1.336642262149813874e-02
1.335589351713279381e-02
1.336576054850872018e-02
1.336553060138052570e-02
1.337474179842178257e-02
1.337420077288208921e-02
1.292317075698702113e-02
1.292059162419315760e-02
1.292032563742203169e-02
1.223666724992808139e-02
1.223384358637482835e-02
1.223355399658973379e-02
1.223398905267992359e-02
1.223321866720146305e-02
1.223831967203927243e-02
1.223722621455464871e-02
1.223797122249142832e-02
1.222412512884967807e-02
1.223791819205659152e-02
1.224384211776308705e-02
1.224263981333077386e-02
1.224352801102838312e-02
1.224183647995205626e-02
1.223402733424469417e-02
1.180489048036798515e-02
1.169211306734413598e-02
1.202296973054353159e-02
1.210954474500014998e-02
1.210871145975602609e-02
1.210804976257514806e-02
1.211455392658941643e-02
1.211429896275133776e-02
1.211452020506058151e-02
1.211399269922328048e-02
1.211385430882087541e-02
1.210942078437527228e-02
1.210933976254323016e-02
1.210818503009768697e-02
1.210817149533408542e-02
1.206754619501964991e-02
1.206564112250311377e-02
1.206569115823531366e-02
1.206550528989720414e-02
1.206424102804941334e-02
1.206479878883959939e-02
1.206105535077216240e-02
1.206381164630213575e-02
1.227978553925772667e-02
1.227923393700061129e-02
1.171675705976806155e-02
1.171845033125067277e-02
1.173554753700781911e-02
1.173657324830831850e-02
1.175284534875804636e-02
1.175455088430477253e-02
1.191396157511493206e-02
1.191044554323623245e-02
1.191031156436163189e-02
1.191312365513438713e-02
1.192010592770663749e-02
1.191637493798896469e-02
1.192964783478232642e-02
1.192841776626191869e-02
1.192890718805047871e-02
1.193707082993242415e-02
1.193691512475127808e-02
1.193704679126825381e-02
1.202671995177023202e-02
1.202584566817841566e-02
1.202740140116845442e-02
1.202777073812205146e-02
1.202285667645090241e-02
1.201848605977621359e-02
1.178546878866894992e-02
1.178425473484821275e-02
1.209982445673308225e-02
1.221411939527698200e-02
1.217223189923825888e-02
1.217190597714840755e-02
1.217026878947582123e-02
1.217026878947582644e-02
1.217013805219567708e-02
1.216963257031483323e-02
1.216870166885503438e-02
1.216776912203514777e-02
1.216854125915325067e-02
1.216861762737082679e-02
1.214852989933104359e-02
1.203564148673706702e-02
1.203530274465767873e-02
1.203598968083457142e-02
1.290451444977522115e-02
1.290773586313679125e-02
1.290735013002426192e-02
1.290472529249728564e-02
1.290617089170697715e-02
1.290496895367492652e-02
1.287042220847526772e-02
1.286687733300608677e-02
1.286964512193988601e-02
1.258366353873119001e-02
1.267340241512750730e-02
1.267512013405821918e-02
1.269658055582689217e-02
1.269587959660570080e-02
1.246173368027200627e-02
1.246033246730833717e-02
1.245814121067396855e-02
1.482216293120966304e-02
1.482582942320322637e-02
1.482202212633645065e-02
1.482679647139842176e-02
1.482904863625999180e-02
1.482171320226317521e-02
1.482017463645348733e-02
1.481788438624358911e-02
1.481516294610277056e-02
1.481513385117829568e-02
1.481392623138795030e-02
1.481474435652530876e-02
1.481198005631907504e-02
1.481210423768175750e-02
1.481319075490494970e-02
1.481453499099731966e-02
1.481032530160115296e-02
1.481029518971328958e-02
1.481039706923324879e-02
1.481503054260697137e-02
1.479185481778500302e-02
1.478958259965101711e-02
1.478911939873518884e-02
1.481074992976948862e-02
1.481691014037908073e-02
1.481357515267954159e-02
1.480436900726947100e-02
1.481846138266547895e-02
1.481710483251992387e-02
1.501786229177578570e-02
1.501837536804641327e-02
1.501949661932062974e-02
1.501751032668968006e-02
1.501894133405955525e-02
1.501883673085480271e-02
1.503394040171087721e-02
1.503536865383131582e-02
1.503556876711247513e-02
1.503459602584613676e-02
1.503408040997159488e-02
1.503560174251657687e-02
1.503956153845974197e-02
1.503802436145249520e-02
1.503447349717748453e-02
1.502767057416665858e-02
1.502726546561352836e-02
1.502800525669680150e-02
1.488372868797859308e-02
1.487662298847221981e-02
1.487623096804108376e-02
1.487614781613758388e-02
1.487976209147554713e-02
1.487642368474186363e-02
1.497770296364747504e-02
1.472635208743049151e-02
1.455965829361099625e-02
1.496836790492096086e-02
1.356734599126022990e-02
1.356830820570627261e-02
1.373293781313160780e-02
1.741691693162941354e-02
1.741381180955126756e-02
1.742592578288809646e-02
1.748537833816157794e-02
1.748770524211494190e-02
1.749071051824854783e-02
1.539861379827489260e-02
1.537138252150986595e-02
1.535186448158647188e-02
1.752404009417888459e-02
1.752610441309688030e-02
1.752428432016350443e-02
1.753063318401258674e-02
1.753375765585900650e-02
1.752407624251464680e-02
1.752460603802450181e-02
1.752457184188362452e-02
1.752464982593632953e-02
1.756112919423207311e-02
1.772995754042306846e-02
1.773231940382285002e-02
1.777778510074976004e-02
1.776854347932387002e-02
1.777066687491257041e-02
1.773524214376160854e-02
1.781122355431280849e-02
1.778915801104920258e-02
1.779583144706180231e-02
1.774950867376547808e-02
1.776187981875045063e-02
1.775188651068795170e-02
1.775079126282233868e-02
1.774859620580308134e-02
1.774817883282914233e-02
1.774867455306740685e-02
1.769517899370298686e-02
1.757385516523599089e-02
1.766123706518164804e-02
1.767657839538953890e-02
1.767845938906827466e-02
1.767946000455610997e-02
1.768007748234451740e-02
1.767866212432844461e-02
1.767869095876820756e-02
1.767868029305877733e-02
1.767914859791387683e-02
1.767845021387541918e-02
1.766175418529863581e-02
1.766221383308757067e-02
1.766168656556740477e-02
1.751472750960197250e-02
1.751256471176612997e-02
1.751864153107466140e-02
1.751957148674015974e-02
1.751940001184875903e-02
1.751380967093598903e-02
1.760293212911199015e-02
1.760288306355956012e-02
1.747595175114445565e-02
1.740650286331167293e-02
1.818718926484931900e-02
1.317258268372376896e-02
1.317279676046563021e-02
1.317352380509577772e-02
1.317267601902424347e-02
1.317300281357114758e-02
1.317219960596111884e-02
1.317261975501836900e-02
1.317255628250857229e-02
1.317270710462271899e-02
1.390217583286356556e-02
1.409343808355408185e-02
1.409219120612999546e-02
1.409210939222910186e-02
1.331889272233531540e-02
1.331842460694549445e-02
1.331901752739731055e-02
1.331890232989178455e-02
1.331821412954797661e-02
1.331773233639697157e-02
1.345545075208276833e-02
1.350272977416597416e-02
1.337946477062575829e-02
1.337993877114612533e-02
1.331618005595999049e-02
1.331099339125550729e-02
1.331206691925171728e-02
1.331320061449516035e-02
1.331217007690731549e-02
1.330870827862363874e-02
1.331210394918048816e-02
1.328600004282090054e-02
1.328774000418510640e-02
1.329338435107618212e-02
1.525497644453874604e-02
1.525569340056777586e-02
1.528613138521091146e-02
1.528703563193126169e-02
1.529705558006869484e-02
1.529644267502686117e-02
1.529118298454841540e-02
1.529911650722428143e-02
1.529832648118307180e-02
1.529906393865321582e-02
1.530447516246073204e-02
1.528750937608432461e-02
1.527612077530590695e-02
1.528351416005443303e-02
1.529080022097168041e-02
1.529058999095044349e-02
1.529076093540050058e-02
1.529138541981626964e-02
1.529046224014125356e-02
1.528973825021747411e-02
1.528954385004322424e-02
1.529303569382494017e-02
1.529243675887756795e-02
1.498867609639104731e-02
1.498999016412807389e-02
1.499931260068636946e-02
1.499948966929741563e-02
1.499913968749651098e-02
1.497351197190353346e-02
1.498921806522251349e-02
1.499845403910105360e-02
1.539767669331763844e-02
1.539144629371152172e-02
1.526168857262242065e-02
1.527075417317838926e-02
1.527234989469218249e-02
1.457606135280109343e-02
1.455887119429796067e-02
1.455831043466487493e-02
1.455839665737214753e-02
1.458821515457852172e-02
1.458228271092420862e-02
1.458489789392125938e-02
1.453477150492861122e-02
1.456808736295069247e-02
1.457142559199601714e-02
1.457646252973764968e-02
1.457898439326349611e-02
1.458571887097630596e-02
1.458350144359979277e-02
1.458214311088388074e-02
1.458190172259834182e-02
1.458227858798225030e-02
1.458225457150547424e-02
1.456815053900931134e-02
1.456763670752009472e-02
1.457226965360571003e-02
1.458050211612283223e-02
1.458682756515783559e-02
1.458327108442549792e-02
1.458379449849889903e-02
1.381909134197957002e-02
1.380986634555420381e-02
1.381315744205177318e-02
1.381156385402440567e-02
1.379893282686911644e-02
1.380139458892596163e-02
1.506791736229715420e-02
1.505849981315018730e-02
1.500181966457349129e-02
1.499813483993157892e-02
1.488972824073460897e-02
1.468225400688024339e-02
1.468282543474519475e-02
1.468337827873663487e-02
1.467519339835994356e-02
1.468051022704148362e-02
1.464870194251201470e-02
1.462768716471813356e-02
1.462776446891802910e-02
1.663959529085885097e-02
1.660883896228644574e-02
1.663184757218801740e-02
1.663078868362372065e-02
1.663017947514915454e-02
1.662311455462195040e-02
1.661935070916395127e-02
1.661954586027763331e-02
1.663668229668076315e-02
1.663548897708388638e-02
1.668692004608740564e-02
1.665137872284540646e-02
1.661596160775026185e-02
1.660830269298851566e-02
1.663406854590939246e-02
1.662186710493374422e-02
1.578478807768537301e-02
1.511552502756223319e-02
1.501646353721153120e-02
1.501653557486678017e-02
1.501705331113620777e-02
1.501935870167877760e-02
1.501888386826734194e-02
1.502212206696797517e-02
1.503505851185846579e-02
1.503429445530514788e-02
1.503382448465843436e-02
1.503864409093787040e-02
1.502230354661307846e-02
1.501370184257078307e-02
1.516205575092755345e-02
1.516243534805622808e-02
1.516348294533836211e-02
1.511169476459226294e-02
1.551452075197819538e-02
1.517176645553768195e-02
1.517184542743113887e-02
1.517211784106810638e-02
1.517157738952167566e-02
1.517064813201278103e-02
1.516724916699374419e-02
1.517289976130846603e-02
1.516722425139559356e-02
1.516625949627213241e-02
1.517461897279968712e-02
1.516876362260403607e-02
1.516988305091045500e-02
1.517034452572010514e-02
1.518395455820082014e-02
1.518395306303666099e-02
1.518375649811748267e-02
1.517863437570190176e-02
1.487234190355009658e-02
1.487314807160020763e-02
1.484991810884817715e-02
1.487866313903157128e-02
1.487736881643340545e-02
1.487558602063463430e-02
1.487595675726129281e-02
1.487467071890427595e-02
1.487358219625566080e-02
1.487662150465871025e-02
1.487681390909990908e-02
1.487184726495980464e-02
1.486505720056969897e-02
1.493769041212130236e-02
1.493769106072858829e-02
1.493909906193440634e-02
1.493745329797119097e-02
1.494055814447572614e-02
1.493792124460894058e-02
1.493190290516260843e-02
1.493428138796188027e-02
1.493287023457674084e-02
1.493227075112466516e-02
1.493094120243570154e-02
1.493063226910684542e-02
1.493382672431520578e-02
1.470940029609925370e-02
1.471241766676296275e-02
1.471308838983636375e-02
1.471095785080128032e-02
1.471153616398990747e-02
1.471158584608841212e-02
1.471167513224079168e-02
1.470875389189878896e-02
1.470931404054127631e-02
1.470363351936367600e-02
1.470378755362726150e-02
1.470381389239224998e-02
1.470435214354599320e-02
1.471291827668765560e-02
1.468237429939377864e-02
1.467861727092208655e-02
1.469049993466430178e-02
1.469220975217130215e-02
1.469954275308946873e-02
1.470012958238210883e-02
1.469922509089368473e-02
1.469955552865257961e-02
1.469954174922784122e-02
1.468083108584383734e-02
1.469141635193537201e-02
1.453224190497290347e-02
1.453197609366758611e-02
1.453268554152544433e-02
1.453672830018095698e-02
1.454823607875463214e-02
1.454656637975334545e-02
1.454709410819507789e-02
1.449298674292466386e-02
1.471904650598744417e-02
1.470926279414230819e-02
1.471164912337183037e-02
1.469473979002853224e-02
1.469643103918754148e-02
1.469635442718887457e-02
1.473510681979261876e-02
1.473479188510415892e-02
1.473202730575053770e-02
1.473213267809798423e-02
1.473203360254978465e-02
1.473131865860734420e-02
1.471907521956388257e-02
1.471070426152588581e-02
1.471318766284952090e-02
1.470062232266084595e-02
1.470495197535309773e-02
1.470425546642634140e-02
1.470340520134063612e-02
1.470364185815714771e-02
1.472340106962254265e-02
1.470593612932560162e-02
1.471270499361609745e-02
1.471526717369752574e-02
1.470229882076315268e-02
1.472092542596092728e-02
1.472500740594429557e-02
1.472261286304998862e-02
1.472230015017154947e-02
1.470980719785427472e-02
1.475069469872491122e-02
1.474159612273949656e-02
1.474759625830609870e-02
1.474754509774599091e-02
1.474765462243033363e-02
1.474886583339462577e-02
1.475609640014928503e-02
1.475266063530277123e-02
1.475662126870235479e-02
1.475414489922470887e-02
1.473799744059001854e-02
1.474300213259045235e-02
1.473838108359902706e-02
1.473772845539690277e-02
1.473790168689256830e-02
1.473784238345571436e-02
1.474767771087139717e-02
1.474168308275354382e-02
1.474236028686668788e-02
1.473771444671782664e-02
1.474290441487311962e-02
1.474264541765813417e-02
1.474296890855656197e-02
1.473821759730645567e-02
1.476148159620450581e-02
1.479747899319583393e-02
1.480241868901696622e-02
1.480026597463322130e-02
1.481674573953118725e-02
1.481677399561483546e-02
1.480636432818535457e-02
1.460697967547752718e-02
1.462600606477975490e-02
1.511229993102497331e-02
1.498051687114130941e-02
1.498381112184264327e-02
1.457186070626343213e-02
1.455683746863898655e-02
1.456130496811730915e-02
1.455891882571662063e-02
1.457227371934221097e-02
1.457215894160789234e-02
1.456862719564738264e-02
1.462751985337625536e-02
1.316608130456397088e-02
1.316181228251643402e-02
1.316693612402315174e-02
1.317730610652287880e-02
1.318626939588054756e-02
1.318500415355384169e-02
1.318453693801068492e-02
1.318238280429697915e-02
1.318580841817945312e-02
1.328313080314028928e-02
1.328409559727197244e-02
1.328463186425051477e-02
1.328465583611836837e-02
1.342645391941419200e-02
1.342552602339475154e-02
1.345430555999252084e-02
1.345419258810819606e-02
1.345167314643286142e-02
1.345861545641146954e-02
1.326287593251418255e-02
1.326678132684280288e-02
1.326252058259513519e-02
1.325155299414330912e-02
1.328941575514571913e-02
1.318844302775273002e-02
1.318900899923939121e-02
1.380397335083856369e-02
1.380704032738278193e-02
1.380699563012353741e-02
1.379880505274461502e-02
1.379442562084487109e-02
1.380016675118282340e-02
1.380212995593246492e-02
1.380344601341607080e-02
1.380276910684207978e-02
1.380397401618867204e-02
1.380152413130443859e-02
1.379692639870155196e-02
1.380211993294675268e-02
1.380230169582997470e-02
1.379818318479986844e-02
1.380050244370983718e-02
1.380076568183159595e-02
1.379889139845037228e-02
1.174882020808193372e-02
1.174851316890311061e-02
1.174935119345325504e-02
1.174950132049892154e-02
1.174709267105234628e-02
1.174523359796838910e-02
1.174457877814396971e-02
1.369562683095415512e-02
1.369549678393660631e-02
1.369557622769138581e-02
1.369503521186740506e-02
1.370814321416206731e-02
1.371076065996080194e-02
1.370660977379809485e-02
1.370794142924998231e-02
1.371093609143323247e-02
1.370849088325853254e-02
1.370809967595253663e-02
1.368980189433933146e-02
1.370282730579809594e-02
1.370301929731915051e-02
1.370196521115556523e-02
1.370538762847680996e-02
1.370634179778261116e-02
1.373714707815552535e-02
1.373747876616208431e-02
1.373708759290299258e-02
1.373782581486314609e-02
1.373072372826031860e-02
1.373140466720193173e-02
1.372516965284953545e-02
1.361610347332292519e-02
1.361591566808423824e-02
1.361684249748769913e-02
1.361653408253257411e-02
1.361613884059208364e-02
1.360479765581952896e-02
1.338157601062409455e-02
1.350837515701128894e-02
1.453440060422126097e-02
1.444952927734978639e-02
1.444931037094114752e-02
1.444896153294348250e-02
1.445019069747372278e-02
1.444999305079442201e-02
1.462151762713745883e-02
1.340149350993985987e-02
1.340659222665677337e-02
1.332038133786254616e-02
1.331814439897554062e-02
1.331845552104624943e-02
1.331825493999953640e-02
1.332910374681570663e-02
1.332417009854968901e-02
1.332395191821778881e-02
1.331889009010254685e-02
1.331810381034101605e-02
1.331823116958295687e-02
1.332041555176754696e-02
1.331395811176741897e-02
1.331830527089150097e-02
1.331756676348744457e-02
1.331814606210062271e-02
1.332202439652334196e-02
1.331888552427840967e-02
1.331963099319186453e-02
1.331866408421029935e-02
1.332018729858020986e-02
1.331964060851615304e-02
1.332057365484230586e-02
1.332000547511439509e-02
1.313139089916798806e-02
1.313217575164413696e-02
1.313196242819239697e-02
1.313129459782173131e-02
1.313272065238057368e-02
1.313352543801759968e-02
1.313163371641288234e-02
1.313633298099210929e-02
1.313313540597155563e-02
1.313595537396587513e-02
1.313587910519978426e-02
1.313525491024439967e-02
1.313440345797992244e-02
1.313572233768617661e-02
1.313163002201843746e-02
1.314273058871239831e-02
1.311230244090792925e-02
1.310133219557910525e-02
1.310045754323970260e-02
1.430291695523080824e-02
1.430223601401662756e-02
1.430164742209846969e-02
1.430136048231785313e-02
1.430134028280008636e-02
1.430176349325445323e-02
1.442785022478646102e-02
1.349535269126711165e-02
1.349199624237586159e-02
1.349062755835661251e-02
1.352822375487701054e-02
1.355606730404628792e-02
1.355709414478501254e-02
1.355465736833331818e-02
1.355545476024475407e-02
1.313980245453106113e-02
1.313934958052108588e-02
1.313941516260813853e-02
1.314499753117998222e-02
1.314477774853975087e-02
1.322239843190485889e-02
1.321853543749988702e-02
1.321528582271881171e-02
1.391336995580065919e-02
1.369943775413063822e-02
1.374227327989388514e-02
1.374037659324050219e-02
1.367664600349791267e-02
1.366943228714483267e-02
1.369640954044159392e-02
1.369289098333362209e-02
1.379453688305778622e-02
1.378644904438186547e-02
1.302761401093220119e-02
1.403144464583480286e-02
1.404610615861174097e-02
1.398337006544294811e-02
1.398379987703564538e-02
1.398354578988017863e-02
1.387351576515773351e-02
1.329750691920430182e-02
1.327227493414431629e-02
1.327266955943122613e-02
1.328074683630136275e-02
1.321616229310305576e-02
1.321897732797784782e-02
1.320645058666845666e-02
1.320510718405735855e-02
1.322299455570462648e-02
1.317807016082985991e-02
1.317700036602722016e-02
1.317667394184838733e-02
1.318898206024905762e-02
1.319109741103862386e-02
1.319425161883344688e-02
1.321640049862258734e-02
1.322051832959984623e-02
1.322743339196037933e-02
1.322838217380022455e-02
1.318083868341508522e-02
1.318488550677608673e-02
1.318388042130949796e-02
1.318435494606463518e-02
1.318443501237218617e-02
1.318471793096667212e-02
1.318449007719215381e-02
1.318453257451675069e-02
1.317862377170899574e-02
1.318412742786868180e-02
1.318390852008976405e-02
1.318231810682294301e-02
1.317627383576432630e-02
1.321653574542493333e-02
1.321532598470563993e-02
1.321465048299886973e-02
1.321675788974990655e-02
1.321293785657325255e-02
1.321464157077642532e-02
1.321314192806186463e-02
1.321398131791472023e-02
1.321474617609933941e-02
1.321319032584955012e-02
1.321309717138259912e-02
1.321244604915203062e-02
1.320970104149569654e-02
1.321085088082169477e-02
1.320793298589052929e-02
1.322231970669740346e-02
1.322967282241419885e-02
1.337105778078850893e-02
1.337219501524363266e-02
1.337094751903037532e-02
1.337339526362169191e-02
1.337334602945391276e-02
1.337616390409702288e-02
1.337616714612307328e-02
1.336650216215725870e-02
1.337061381282694979e-02
1.336068543174632160e-02
1.337622585073875402e-02
1.337658978995092708e-02
1.337440118306200756e-02
1.338342140350465281e-02
1.336462502752531166e-02
1.336819447210239008e-02
1.336816634235949396e-02
1.336844529732953216e-02
1.336811103401104074e-02
1.332851122094045986e-02
1.332911497039322886e-02
1.333371002264041941e-02
1.333784859495615836e-02
1.333521808661043695e-02
1.333496433749343547e-02
1.334507366513786736e-02
1.334242755356556016e-02
1.334275475332098899e-02
1.334662106136408344e-02
1.334535069471323027e-02
1.333116729680535080e-02
1.334325705884966025e-02
1.332473330414759953e-02
1.332689386826130425e-02
1.333055544315514020e-02
1.330305726335625008e-02
1.330458899386627140e-02
1.329976793607032769e-02
1.330090760920678121e-02
1.332354572849654174e-02
1.332407479145087878e-02
1.317750527206087638e-02
1.318837612031701322e-02
1.318772109879535158e-02
1.318631151987206297e-02
1.318717714657111940e-02
1.318532706603005311e-02
1.318290444917057970e-02
1.319192873515126832e-02
1.319152456991970999e-02
1.319226550664308849e-02
1.319252797764025945e-02
1.319237929532802132e-02
1.319259733407273857e-02
1.319051347669280075e-02
1.319042312257363327e-02
1.318757027627072941e-02
1.319084603514341335e-02
1.318082673556820322e-02
1.318116477737192073e-02
1.325633891280809593e-02
1.325620376650269751e-02
1.325747445161115125e-02
1.325538028823289131e-02
1.325741663746666729e-02
1.325846488034513118e-02
1.326028331988314025e-02
1.325976992608370736e-02
1.325525743989621613e-02
1.337161681933928849e-02
1.335935541699374667e-02
1.336064294819854122e-02
1.335880962786053713e-02
1.334793503312833689e-02
1.334903858491593744e-02
1.334931644518692201e-02
1.335031947768141811e-02
1.334981472857590945e-02
1.340718784798819799e-02
1.340714088747596219e-02
1.340664375998499094e-02
1.342606309585645842e-02
1.330425089041092912e-02
1.330562026116239444e-02
1.330505572148680919e-02
1.330450195791437612e-02
1.330231534311171297e-02
1.330072029354641139e-02
1.330314412005864123e-02
1.325768166135064124e-02
1.325735904934757445e-02
1.327120317321195224e-02
1.328229430955272725e-02
1.332371532891885209e-02
1.331861779587680331e-02
1.330643161390303655e-02
1.329228213035734199e-02
1.329000306555831908e-02
1.331486033962226388e-02
1.332271154706354994e-02
1.331992331046272238e-02
1.331155059779287088e-02
1.331171525787886757e-02
1.331229426916529998e-02
1.332148184573237609e-02
1.332223633984819418e-02
1.331738483424460724e-02
1.331561597619473555e-02
1.332910681128206438e-02
1.332784874622613969e-02
1.332778743463140791e-02
1.332810496130441141e-02
1.332798388507543813e-02
1.332741694216557811e-02
1.332641382587175516e-02
1.332696556508045430e-02
1.332781046836151867e-02
1.332870216112256451e-02
1.332907146310228358e-02
1.324822747420837526e-02
1.324992462348529264e-02
1.324706701061444461e-02
1.470580259166379133e-02
1.469048691805990153e-02
1.494911780321622405e-02
1.495352850389361672e-02
1.495298332695624635e-02
1.501614873949817103e-02
1.500092074367097468e-02
1.500037703381095280e-02
1.499689235590972135e-02
1.499750470404129232e-02
1.499326432694774239e-02
1.501670507633992395e-02
1.501793511488121527e-02
1.502850214584084028e-02
1.502825322659717862e-02
1.490947011201942084e-02
1.491070688390550882e-02
1.490346425860532460e-02
1.490308277578478689e-02
1.489956733371272657e-02
1.490010048874986469e-02
1.489920293837537595e-02
1.489903115836197292e-02
1.490503056617589923e-02
1.490255865997647429e-02
1.490019532984887367e-02
1.490171480396709942e-02
1.489601118310803635e-02
1.489739513719868721e-02
1.490046894275936541e-02
1.490170232797180701e-02
1.489290222940301174e-02
1.489882406244286139e-02
1.488265328543351626e-02
1.486343791478922718e-02
1.486361328255866691e-02
1.505676059850544896e-02
1.501563622640763283e-02
1.501695865615112167e-02
1.505142115549601770e-02
1.494450317750252617e-02
1.494483916423884270e-02
1.494185080369165967e-02
1.493757807478254644e-02
1.469511214215608180e-02
1.471070786309717528e-02
1.469715993318723539e-02
1.476531466923896793e-02
1.490044645058705153e-02
1.489046731977161815e-02
1.488811059095296666e-02
1.489173481588216760e-02
1.489062449511565495e-02
1.493364684502922722e-02
1.493317047568926831e-02
1.493321425889505318e-02
1.489031652560026536e-02
1.488726478087528532e-02
1.486712702272347669e-02
1.500614474733024707e-02
9.792522616886562351e-03
9.798642146872186057e-03
9.764052886184567195e-03
9.754831259478440736e-03
9.848346031188512720e-03
9.800277773830724792e-03
9.800546491843998079e-03
9.799840379635067072e-03
9.800089977054378051e-03
9.800066590752347720e-03
9.798475169620365563e-03
9.800305523520035089e-03
9.804966119713010367e-03
9.776405938051931435e-03
9.775081470179584203e-03
1.334512995435512515e-02
1.335507433378612004e-02
1.335556690151749708e-02
1.335517142629353941e-02
1.330289422061874810e-02
1.338864088528390547e-02
1.339061140690504109e-02
1.340003800441584916e-02
1.336743421767295180e-02
1.337078524744854044e-02
1.337234578892919704e-02
1.337219179726215589e-02
1.337225164269726339e-02
1.337189199582506857e-02
1.313395784706098725e-02
1.313850472549871889e-02
1.313834248466142635e-02
1.314037483702424486e-02
1.313195087380899378e-02
1.310384156548544642e-02
1.375413761634473181e-02
1.376147207525135058e-02
1.376012713430716308e-02
1.372702239411385979e-02
1.349292361995578504e-02
1.348428674226632290e-02
1.348419803928813630e-02
1.335861794288984057e-02
1.331229952273897676e-02
1.331152782627181147e-02
1.364148858895184585e-02
1.364140396328394553e-02
1.374822485640098818e-02
1.373650456152673144e-02
1.378490435593325916e-02
1.378667569681387567e-02
1.378468037814646260e-02
1.391986093724882981e-02
1.429338252486812150e-02
1.429311469172755110e-02
1.429210164190842895e-02
1.429228469003770291e-02
1.429179484271739416e-02
1.429286551705833547e-02
1.429331802048869164e-02
1.429264966617702429e-02
1.429538810579435854e-02
1.430380573720578009e-02
1.431373127590507797e-02
1.427319249114619368e-02
1.436330689204553569e-02
1.436246299218762665e-02
1.436107897777031545e-02
1.436335788607346654e-02
1.354868343268719223e-02
1.354854607273403913e-02
1.177884352246898886e-02
1.174369133109489510e-02
1.174099057955099029e-02
1.174439833515718810e-02
1.175034602194749596e-02
1.175142208978428686e-02
1.175026684349438771e-02
1.175041596042783291e-02
1.178147849896858668e-02
1.171547469874040064e-02
1.171460653027685261e-02
1.170923820261609606e-02
1.171497622870248771e-02
1.173038010904878074e-02
1.173189965271857066e-02
1.173420386552454300e-02
1.172640537923843977e-02
1.173104193782186118e-02
1.173058763065229666e-02
1.175376413987784009e-02
1.177975021324064939e-02
1.177632407638598035e-02
1.177535000091882618e-02
1.177528786520315451e-02
1.177463349984150462e-02
1.177449188864423263e-02
1.177482052303827249e-02
1.177556049700295183e-02
1.177554555452428771e-02
1.177231618278887400e-02
1.178796690984270853e-02
1.178848823745141071e-02
1.176462497659342202e-02
1.176459057407158899e-02
1.177924292807148478e-02
1.174220408557293503e-02
1.174136941537397456e-02
1.188514809231592910e-02
1.188492290488163926e-02
1.188489729631243483e-02
1.189721263413747419e-02
1.190115026102568294e-02
1.190316640514977285e-02
1.188032455027345814e-02
1.205263320972088138e-02
1.211975541116664529e-02
1.164316016717762900e-02
1.164320883530565488e-02
1.162199439738118532e-02
1.360244828170113079e-02
1.165170847502317378e-02
1.165229843447416515e-02
1.164760254180557605e-02
