-1.446464666111168564e-02
-1.446415374570465817e-02
-1.450126575844379317e-02
-1.436610514708006048e-02
-1.436955473429366026e-02
-1.436412575925209711e-02
-1.433493362358886913e-02
-1.440649396777524127e-02
-1.439262974382940485e-02
-1.439693226337360188e-02
-1.440976446441857850e-02
-1.439807246989963097e-02
-1.411660343806614426e-02
-1.413760059410187897e-02
-1.408502689535292424e-02
-1.410924521904597523e-02
-1.409102870634915475e-02
-1.439045260420208396e-02
-1.435648681213587408e-02
-1.447220656021565299e-02
-1.441437511166365759e-02
-1.462610913124183509e-02
-1.462272884437798570e-02
-1.462018118085128826e-02
-1.462298621593227654e-02
-1.459110665334856227e-02
-1.460936572235793651e-02
-1.460419183958044931e-02
-1.459843318202763696e-02
-1.458019817743838598e-02
-1.458951239684536105e-02
-1.458443074420137653e-02
-1.458563720207298187e-02
-1.458727604107781795e-02
-1.459504004483823045e-02
-1.457907195549726191e-02
-1.460222144944832434e-02
-1.460259714088743034e-02
-1.460404753155619684e-02
-1.457867392675097316e-02
-1.461449230320771044e-02
-1.459466843707134948e-02
-1.459586406351580205e-02
-1.459004582456684997e-02
-1.461140069157280952e-02
-1.458490797707332962e-02
-1.458078937872874306e-02
-1.459135256887788071e-02
-1.458189077967207183e-02
-1.459773043203091945e-02
-1.459797152405953140e-02
-1.458104812463599347e-02
-1.459135597638637656e-02
-1.460499239569821098e-02
-1.439515740846791098e-02
-1.445856801955587752e-02
-1.455657287121847610e-02
-1.455527555297181364e-02
-1.452855473993151444e-02
-1.453100447262389676e-02
-1.455437203912901718e-02
-1.455544556531091632e-02
-1.444579376020754466e-02
-1.449401822240238211e-02
-1.451312046492480266e-02
-1.442650941312066323e-02
-1.444681400728148497e-02
-1.443860753038561651e-02
-1.441672605800965561e-02
-1.438192179511603962e-02
-1.438920007052387103e-02
-1.438821462692411145e-02
-1.438279183866276144e-02
-1.439066320046214834e-02
-1.440336226190545507e-02
-1.494052158019671013e-02
-1.493718179933123391e-02
-1.504357218535836219e-02
-1.499126372844758123e-02
-1.500709335447462760e-02
-1.502789621006497822e-02
-1.485589297539495479e-02
-1.484491281995174890e-02
-1.490956402665008160e-02
-1.490651352715525665e-02
-1.490613693278699213e-02
-1.490901518608368954e-02
-1.502329720953022273e-02
-1.502091639721371899e-02
-1.505358618825313605e-02
-1.504243279910994803e-02
-1.499115030482411556e-02
-1.497704958361486052e-02
-1.495715412991089482e-02
-1.496483562168578196e-02
-1.497191743322043127e-02
-1.497270455319982957e-02
-1.454701076574912121e-02
-1.453337505245284357e-02
-1.455403529918289883e-02
-1.455623586119166209e-02
-1.451876085864119495e-02
-1.454184112387472104e-02
-1.453897098943453606e-02
-1.451750439346123113e-02
-1.456015106259899057e-02
-1.448688342907843499e-02
-1.449116080805079761e-02
-1.452696052270551104e-02
-1.452471465516567625e-02
-1.466347911948889284e-02
-1.465852338893745138e-02
-1.465364913986039359e-02
-1.463183202965021718e-02
-1.464635508481868832e-02
-1.463175577724479606e-02
-1.462283494441068976e-02
-1.466394007822345753e-02
-1.465909972267850220e-02
-1.466794436987316382e-02
-1.466668759453700760e-02
-1.465151722984795943e-02
-1.464970344484509655e-02
-1.464378951108342292e-02
-1.464570335859126209e-02
-1.464621650783385666e-02
-1.463508523620447865e-02
-1.461813716713541295e-02
-1.462349901226514190e-02
-1.461656819016303975e-02
-1.461926073615296869e-02
-1.461285606219602309e-02
-1.461429150830739765e-02
-1.461728472474428490e-02
-1.463014240648176020e-02
-1.462561585069403064e-02
-1.462620779862869660e-02
-1.461122606460383763e-02
-1.460645461681789846e-02
-1.462239363509117498e-02
-1.461935451331732722e-02
-1.461227961330390304e-02
-1.462499700679299394e-02
-1.461924378460969717e-02
-1.461618412063052375e-02
-1.465395719945583770e-02
-1.462810739494076195e-02
-1.462930533918132062e-02
-1.462236567780626773e-02
-1.463355514618447546e-02
-1.462787123950259720e-02
-1.464355351815639986e-02
-1.464315697265774693e-02
-1.462455385302458173e-02
-1.462956257855921489e-02
-1.463506074232189327e-02
-1.464941167935837445e-02
-1.465376967647513511e-02
-1.465359694771535895e-02
-1.466423810108238336e-02
-1.466322810022915174e-02
-1.464606244421481386e-02
-1.465772936783442046e-02
-1.458782152125755009e-02
-1.458698554585612789e-02
-1.458751588259516938e-02
-1.458542244366261946e-02
-1.459509799071570697e-02
-1.460060846811501133e-02
-1.460134522483972144e-02
-1.460047837659285246e-02
-1.458959675960755029e-02
-1.458703292463160890e-02
-1.457586108093909642e-02
-1.456149807394437230e-02
-1.455968731320738362e-02
-1.457793046148528164e-02
-1.457733021978777077e-02
-1.457987217633814440e-02
-1.457193772481647082e-02
-1.457533504323566681e-02
-1.457533504323566681e-02
-1.458071066966345336e-02
-1.458350736258903942e-02
-1.456838624825333717e-02
-1.456853045595534780e-02
-1.456323041548039481e-02
-1.460641385178606047e-02
-1.460779072733165568e-02
-1.458517095048326821e-02
-1.458103856908699383e-02
-1.460630890280968652e-02
-1.460847248079147169e-02
-1.460862885273891271e-02
-1.460716446752310244e-02
-1.460470680368703908e-02
-1.460398240674819041e-02
-1.460526375689872279e-02
-1.461243110800990522e-02
-1.463379752697587487e-02
-1.463432265382474257e-02
-1.463464368480268257e-02
-1.463720673908382522e-02
-1.463567962810597041e-02
-1.460788831638746600e-02
-1.463547499602846184e-02
-1.463444122654338625e-02
-1.463596583415512596e-02
-1.462701721186188478e-02
-1.463696801863963691e-02
-1.460717165884971129e-02
-1.460597730554826640e-02
-1.460695791299584066e-02
-1.460932088458106494e-02
-1.460599596128431439e-02
-1.460951196726585286e-02
-1.460323911578451095e-02
-1.460277109532847825e-02
-1.461094069290091307e-02
-1.461637978175017553e-02
-1.460942196497928489e-02
-1.461462686348552302e-02
-1.461688711987242477e-02
-1.461682721963749459e-02
-1.461339442306225714e-02
-1.460964472292475801e-02
-1.461257006486055277e-02
-1.459931909221692803e-02
-1.459986442281201342e-02
-1.459953476380428453e-02
-1.460385066119450348e-02
-1.460902603794274508e-02
-1.460982567074960679e-02
-1.460378782239087937e-02
-1.461234200016148579e-02
-1.458826387723994276e-02
-1.459552345154567499e-02
-1.460330581349586661e-02
-1.458900646261934372e-02
-1.456652155803875130e-02
-1.460212788003422031e-02
-1.459986681684686746e-02
-1.460254858757004982e-02
-1.459785573542474700e-02
-1.459777152023209942e-02
-1.458998564299588026e-02
-1.459080192564441748e-02
-1.461219572957687778e-02
-1.462322647650112634e-02
-1.461431769831701005e-02
-1.462246139736517875e-02
-1.462977344596500320e-02
-1.463188209712501346e-02
-1.459335178883116278e-02
-1.463831388191870995e-02
-1.463252103120635250e-02
-1.463172384466514438e-02
-1.464119680342959758e-02
-1.463642585941407094e-02
-1.463685099512068537e-02
-1.462405924020115239e-02
-1.459871971194559061e-02
-1.461542423175069862e-02
-1.463998894912441409e-02
-1.458220574489395294e-02
-1.459292675888167190e-02
-1.460105575738255071e-02
-1.459424058625480476e-02
-1.459107580483944878e-02
-1.458533535801018015e-02
-1.458551935447382521e-02
-1.458405768452422646e-02
-1.458368073946915075e-02
-1.462103980138929234e-02
-1.460451844062393874e-02
-1.460485872548060796e-02
-1.460504318323350807e-02
-1.460367617667762165e-02
-1.460318393610244084e-02
-1.460098418241425298e-02
-1.460483965874563236e-02
-1.460666012505598341e-02
-1.461054780772012493e-02
-1.460989861285049221e-02
-1.461036331937113145e-02
-1.461017059694815629e-02
-1.461276992689366887e-02
-1.461391990767747784e-02
-1.461205258653681775e-02
-1.461016033986486246e-02
-1.461053992077445546e-02
-1.460341678432972370e-02
-1.461577722541145680e-02
-1.461489777164150065e-02
-1.460896932500332403e-02
-1.460676262023524220e-02
-1.460663825628890841e-02
-1.460562212658008882e-02
-1.459984287524519232e-02
-1.460258478613985118e-02
-1.460073096311485102e-02
-1.459967632908053779e-02
-1.462858536586346229e-02
-1.462475002950280184e-02
-1.459220948586385964e-02
-1.460803191723014302e-02
-1.459875865617154232e-02
-1.459915945743253847e-02
-1.459524376782019711e-02
-1.459010257447577660e-02
-1.459906182744174358e-02
-1.460651898625469833e-02
-1.458605266272423699e-02
-1.458605337919285233e-02
-1.459117297518787437e-02
-1.457902083117648510e-02
-1.458769285500982962e-02
-1.458155747325842917e-02
-1.458371683041612132e-02
-1.458865331497062774e-02
-1.458608998126659749e-02
-1.458563133215233509e-02
-1.458452788635086241e-02
-1.457507249820016483e-02
-1.457629051836152427e-02
-1.457867583870977972e-02
-1.458066233766062460e-02
-1.458658868515415666e-02
-1.459096222712821973e-02
-1.457016327457004781e-02
-1.456573720560278007e-02
-1.459016288414376541e-02
-1.459121615391132526e-02
-1.458312151433741738e-02
-1.459266189806248878e-02
-1.459506319120600255e-02
-1.457892158012078637e-02
-1.447868251030609912e-02
-1.449783599085343808e-02
-1.450978258783635830e-02
-1.447502349256267300e-02
-1.447894104809117032e-02
-1.455545328967871449e-02
-1.454592649778539172e-02
-1.455269484295824804e-02
-1.454760065792517869e-02
-1.452114069200874380e-02
-1.453526026676502970e-02
-1.450294166930917762e-02
-1.450965705531716103e-02
-1.451647388803154783e-02
-1.453753110567162707e-02
-1.455300287576111878e-02
-1.456369271912489119e-02
-1.457186311462519389e-02
-1.460492493366168792e-02
-1.462189018930491573e-02
-1.462368200544843580e-02
-1.462498501563605502e-02
-1.466067665262803764e-02
-1.465925711358722142e-02
-1.466015672144851435e-02
-1.466324549413697623e-02
-1.452508833475532612e-02
-1.451887005081659542e-02
-1.452019660491490026e-02
-1.452710052522498616e-02
-1.452072217724724966e-02
-1.450794834115573528e-02
-1.451328499071235720e-02
-1.451482261653724501e-02
-1.451944307445292813e-02
-1.451733742312476955e-02
-1.451208468121508062e-02
-1.453251253726151049e-02
-1.452023939922447195e-02
-1.450768973017071799e-02
-1.451006604707368204e-02
-1.453478363625811641e-02
-1.451737402843803620e-02
-1.452822584966217793e-02
-1.452643519476001961e-02
-1.452581003301634498e-02
-1.453001287268140471e-02
-1.452842805886031714e-02
-1.451469887072044142e-02
-1.451708242822676714e-02
-1.450388378754298262e-02
-1.452016992629710963e-02
-1.453711436344049500e-02
-1.453048062481998581e-02
-1.451937108159938143e-02
-1.453099123040941035e-02
-1.451248673528799521e-02
-1.455989264883134765e-02
-1.452085182154379088e-02
-1.459580767080996717e-02
-1.455756405851434294e-02
-1.457213903352720316e-02
-1.458034538525083273e-02
-1.461181558110048913e-02
-1.454420658689294099e-02
-1.457726104977894593e-02
-1.457605868763170096e-02
-1.457283153386314777e-02
-1.456244497876577233e-02
-1.453912488142858686e-02
-1.455789426237808284e-02
-1.455235121501267416e-02
-1.454759028995956764e-02
-1.458262538119862485e-02
-1.457849474473854427e-02
-1.456941677096487177e-02
-1.458471485583635874e-02
-1.457135243894882963e-02
-1.457048720229926417e-02
-1.458861871087755238e-02
-1.458115454612485262e-02
-1.458592951162762316e-02
-1.459233577569001537e-02
-1.458740263830919648e-02
-1.458716254067662053e-02
-1.457496898370073263e-02
-1.459065562797955302e-02
-1.459264325575082046e-02
-1.455490639560403331e-02
-1.454553167042480638e-02
-1.453988420597268627e-02
-1.455180415729448451e-02
-1.455207417412814411e-02
-1.456219094641854860e-02
-1.455393242368917782e-02
-1.455764645551296810e-02
-1.455961310847295360e-02
-1.456123392942688076e-02
-1.455958493820485970e-02
-1.456311729443311026e-02
-1.447724614287840966e-02
-1.448298951375175982e-02
-1.448260059906707024e-02
-1.448093513651383009e-02
-1.448127925230502898e-02
-1.447466543423735208e-02
-1.449625763439486154e-02
-1.449237638130748858e-02
-1.449260174022789713e-02
-1.450681162019860047e-02
-1.450501278455899358e-02
-1.433430339449464491e-02
-1.442254754217050551e-02
-1.443753375812739832e-02
-1.437738235362095995e-02
-1.442475038441555155e-02
-1.438593800596842977e-02
-1.441064775736746427e-02
-1.439798914604168562e-02
-1.442343697515497715e-02
-1.445428362102054408e-02
-1.445506904195459699e-02
-1.446829803937614740e-02
-1.446843849500558526e-02
-1.428171952231966843e-02
-1.428983512841509700e-02
-1.431652397676652123e-02
-1.458849902726162655e-02
-1.457606565481719095e-02
-1.453961528109603239e-02
-1.454589574449717364e-02
-1.453556630320742421e-02
-1.456853152930405633e-02
-1.456654289271292271e-02
-1.465610601528843579e-02
-1.465643324754141615e-02
-1.465666852503544858e-02
-1.465895480403217599e-02
-1.465873402148568268e-02
-1.465796015827246918e-02
-1.465903333891357789e-02
-1.465637634900042625e-02
-1.462508399038496554e-02
-1.462596157752182359e-02
-1.465715110840216419e-02
-1.465406964679694286e-02
-1.465502224761663398e-02
-1.462056192500039813e-02
-1.462328827725840538e-02
-1.463098555163236045e-02
-1.463730810996766683e-02
-1.463575323485647936e-02
-1.458956145838792573e-02
-1.458858110661167759e-02
-1.458421688074876613e-02
-1.459763027641627908e-02
-1.460091302725602218e-02
-1.460422147184464205e-02
-1.460743595069960953e-02
-1.460427627224857201e-02
-1.460774820795255127e-02
-1.460928411612490152e-02
-1.461497553552771125e-02
-1.461039388962271333e-02
-1.461786433589568751e-02
-1.461746734200822934e-02
-1.461117933757827975e-02
-1.461109107150287099e-02
-1.461142095940408392e-02
-1.460726537828049496e-02
-1.461168481845692875e-02
-1.460239416783645772e-02
-1.461019109459411706e-02
-1.460960870814443681e-02
-1.458847838535943207e-02
-1.457699581712064429e-02
-1.457866676012159121e-02
-1.459601220132849750e-02
-1.459480170792960656e-02
-1.458622732807102890e-02
-1.460739941331819225e-02
-1.458550616470581131e-02
-1.458218202830285568e-02
-1.458595418769868292e-02
-1.458877901544887619e-02
-1.462187397457368268e-02
-1.460141597415149858e-02
-1.461203744981650308e-02
-1.461716213394200978e-02
-1.461377347333888896e-02
-1.461314048039493753e-02
-1.461880799084414734e-02
-1.462496977412729854e-02
-1.460912233507954787e-02
-1.461047708568674434e-02
-1.461922046769161508e-02
-1.461787436657832791e-02
-1.461146098714395831e-02
-1.461033409666460600e-02
-1.461028399012732036e-02
-1.463796955087600347e-02
-1.461386095141658202e-02
-1.462069254776840813e-02
-1.459724908703085959e-02
-1.460695730122396098e-02
-1.461539717182686569e-02
-1.459946455648107426e-02
-1.462276163911767346e-02
-1.462481414094272784e-02
-1.460525761188767764e-02
-1.460836424070388606e-02
-1.460853914868912896e-02
-1.460056869922846286e-02
-1.460747197830210113e-02
-1.461886205787518191e-02
-1.461926865020173223e-02
-1.461983899152385913e-02
-1.461623327974688122e-02
-1.461662588078665656e-02
-1.461171695905997409e-02
-1.461114991595094566e-02
-1.461315370023370114e-02
-1.461880187287260477e-02
-1.462056076758843325e-02
-1.462814868979811327e-02
-1.462499251804215070e-02
-1.462689615321669315e-02
-1.462944349155520865e-02
-1.462699050054174464e-02
-1.462848517117746293e-02
-1.463010512915936638e-02
-1.462833277942802816e-02
-1.462786275023054278e-02
-1.462645843135496060e-02
-1.462696228560591075e-02
-1.462693728812744856e-02
-1.462696042112427569e-02
-1.462917166804055848e-02
-1.461960800458133800e-02
-1.462448587274290182e-02
-1.461774794683141573e-02
-1.461765222060103404e-02
-1.461843797391837278e-02
-1.461901953287777708e-02
-1.461799702834875800e-02
-1.461248464176679793e-02
-1.460868330983416431e-02
-1.461495834586301612e-02
-1.462442761076644497e-02
-1.460388204120898099e-02
-1.461038526799201057e-02
-1.461266547981693482e-02
-1.461275756201877059e-02
-1.460483735282665230e-02
-1.460937676887025596e-02
-1.460727525159771778e-02
-1.461001936613850159e-02
-1.460259613485722328e-02
-1.460631640479861243e-02
-1.456222306837653795e-02
-1.453039104991403312e-02
-1.452481754375374232e-02
-1.457739254386639614e-02
-1.457622371405337298e-02
-1.457464737156982659e-02
-1.458766653130168234e-02
-1.456780201218115661e-02
-1.456294333047305871e-02
-1.457416427647401265e-02
-1.453034888310632960e-02
-1.459293860416452024e-02
-1.458934057274128941e-02
-1.460754477905686077e-02
-1.458195415936532416e-02
-1.452894419775069453e-02
-1.452448997814591997e-02
-1.458035306373678917e-02
-1.457924214904503246e-02
-1.457218372610948401e-02
-1.457277780979059773e-02
-1.457154164325306575e-02
-1.457683009187324061e-02
-1.456583579899506202e-02
-1.458287405837977238e-02
-1.457607636826802056e-02
-1.457672244123164700e-02
-1.458227795573445451e-02
-1.457403020125190747e-02
-1.457498536198477586e-02
-1.458878031719636724e-02
-1.457663353629127211e-02
-1.460105319329411087e-02
-1.460192208268729780e-02
-1.457460567904139345e-02
-1.458038813027207059e-02
-1.458498185465148360e-02
-1.458506857651376866e-02
-1.458632663446213402e-02
-1.458682755901988606e-02
-1.458694539675992920e-02
-1.458797940450986576e-02
-1.458539970349191639e-02
-1.458335973448799533e-02
-1.458908190248820597e-02
-1.458608613580021814e-02
-1.459301132968748686e-02
-1.455523830780510418e-02
-1.455574814618303126e-02
-1.460280262274359087e-02
-1.458829147945760185e-02
-1.459147807592814892e-02
-1.459318409963371657e-02
-1.458593113019582797e-02
-1.458186155300367909e-02
-1.457902219042283426e-02
-1.456820218078425447e-02
-1.458180921706959260e-02
-1.457209190356958950e-02
-1.457533031905288573e-02
-1.458337215257761096e-02
-1.458677563931615184e-02
-1.458631485340698350e-02
-1.459227743510784110e-02
-1.456850934892774813e-02
-1.458145542912631272e-02
-1.462459373191186962e-02
-1.461873269619412552e-02
-1.458446945091742067e-02
-1.456978638678295065e-02
-1.458433199570861524e-02
-1.458011070184607981e-02
-1.456980623899385360e-02
-1.459788848787197182e-02
-1.461481589345799310e-02
-1.459926778651929151e-02
-1.459758691886083211e-02
-1.460805602981694352e-02
-1.460511421280864808e-02
-1.459595884247824084e-02
-1.454180084819811647e-02
-1.454214516175801261e-02
-1.453735363283502682e-02
-1.453878686723573260e-02
-1.454608353105293038e-02
-1.455456683016937564e-02
-1.455369769883719730e-02
-1.454061271044051681e-02
-1.458203793628090432e-02
-1.456393996062790852e-02
-1.456555766386333044e-02
-1.455158362322356465e-02
-1.455761890834411480e-02
-1.456506274171160201e-02
-1.456788966030228387e-02
-1.457144153882416159e-02
-1.460469450103071831e-02
-1.459346465480526253e-02
-1.457659059096668742e-02
-1.458834614299159282e-02
-1.459187689302353375e-02
-1.459306785144528877e-02
-1.459323530468491052e-02
-1.459488803638379385e-02
-1.460068526435651798e-02
-1.460205710809972524e-02
-1.459448722981137626e-02
-1.459675410708951432e-02
-1.459207237387448453e-02
-1.457336919055469797e-02
-1.458642863844211886e-02
-1.458866596891875492e-02
-1.457131208782286302e-02
-1.457254877028570962e-02
-1.457616787825621180e-02
-1.457534015076226985e-02
-1.457113791854630115e-02
-1.456316747821110452e-02
-1.456229708909369085e-02
-1.458734014289673510e-02
-1.461334287203282581e-02
-1.463091589315541723e-02
-1.457818681983562639e-02
-1.458005826285458176e-02
-1.459111149758957060e-02
-1.459377107683808988e-02
-1.461026107137023897e-02
-1.460735538216310567e-02
-1.460045873153601598e-02
-1.459763791021213321e-02
-1.457356310835554100e-02
-1.461144201341797212e-02
-1.460413561774823871e-02
-1.460642356283525269e-02
-1.460096447908510765e-02
-1.460254217164838782e-02
-1.458863054145219905e-02
-1.458680094449667751e-02
-1.460191589282342634e-02
-1.458892114833022433e-02
-1.458940155431224552e-02
-1.459353975424640230e-02
-1.459265789002645031e-02
-1.459187930262285417e-02
-1.458892296459884420e-02
-1.458744865032681609e-02
-1.459015811236784657e-02
-1.458906673157993501e-02
-1.459604290558325426e-02
-1.459426227691138639e-02
-1.459611142494981681e-02
-1.459557972894773466e-02
-1.460455148519699924e-02
-1.459964952375135058e-02
-1.459469831267119246e-02
-1.459402854370800071e-02
-1.458880953672119646e-02
-1.458822280866940366e-02
-1.458843144234357563e-02
-1.459414173701988580e-02
-1.460093508863058095e-02
-1.459860998810920234e-02
-1.459877568144246976e-02
-1.459975815785643193e-02
-1.459714897069920754e-02
-1.459221898081699588e-02
-1.458738148960918649e-02
-1.459244844750323157e-02
-1.459271525503260704e-02
-1.458296388932923959e-02
-1.455248438660268137e-02
-1.455229870827751820e-02
-1.456349895681098919e-02
-1.454299163962056649e-02
-1.458190601751408431e-02
-1.459349526245546855e-02
-1.458081364528078169e-02
-1.459462682033096752e-02
-1.459637787125299575e-02
-1.459761431455640704e-02
-1.458365437910730256e-02
-1.459680316613337116e-02
-1.458132320025804299e-02
-1.457092724787071615e-02
-1.458867574059804009e-02
-1.459451193492366725e-02
-1.459517297540858030e-02
-1.459598579287953168e-02
-1.459479701443839629e-02
-1.459349600548852550e-02
-1.456987075558289699e-02
-1.456213717995671030e-02
-1.455027941323913492e-02
-1.455395728536906103e-02
-1.457326401619103359e-02
-1.460416805594296971e-02
-1.461216277331248148e-02
-1.459376607838166161e-02
-1.458945067927643925e-02
-1.460662060977655288e-02
-1.458764967644778782e-02
-1.458375578020745973e-02
-1.455098209776366051e-02
-1.459372838744701396e-02
-1.458931269733836772e-02
-1.459333190646112249e-02
-1.461477557495602028e-02
-1.459968272406735740e-02
-1.460639018153620829e-02
-1.460512767334390394e-02
-1.460270560515562581e-02
-1.461665298728711225e-02
-1.461251016734201567e-02
-1.461055206092709384e-02
-1.461016888150936700e-02
-1.461756090821180604e-02
-1.460256368662414019e-02
-1.459363143903515299e-02
-1.459410624508966289e-02
-1.458901010379261287e-02
-1.460134171094993466e-02
-1.460645665295681045e-02
-1.460923075178939372e-02
-1.459855730728373477e-02
-1.460005142205217030e-02
-1.459905156691598642e-02
-1.460616533104617913e-02
-1.460484426868816597e-02
-1.460450256894209493e-02
-1.461555561243670955e-02
-1.461074174611388075e-02
-1.460961292595849489e-02
-1.460431936609808343e-02
-1.460227512600710889e-02
-1.458775135725405049e-02
-1.458695914946269746e-02
-1.454643609382312228e-02
-1.457929031824665815e-02
-1.458930057897557531e-02
-1.461148079283510273e-02
-1.453000069640573814e-02
-1.453491093348257060e-02
-1.453645144720226712e-02
-1.456316944290522372e-02
-1.456257547123885471e-02
-1.454933514645825182e-02
-1.454631676325669060e-02
-1.454877551116100058e-02
-1.455455056831884975e-02
-1.454180427820684143e-02
-1.458636183558682450e-02
-1.458650307427844170e-02
-1.458708423810888520e-02
-1.458254561813711499e-02
-1.458883116487083749e-02
-1.458765758216061699e-02
-1.458848310097364369e-02
-1.456281027116142733e-02
-1.457205465601176322e-02
-1.457288407061241471e-02
-1.458470247619256428e-02
-1.458497048909035421e-02
-1.461113194587902557e-02
-1.461692276603778450e-02
-1.461350415348630291e-02
-1.460843662973710343e-02
-1.460743160767781837e-02
-1.460938198340328530e-02
-1.461035874903076313e-02
-1.460745942631742726e-02
-1.461367158392883579e-02
-1.460869050747794218e-02
-1.460093312104952454e-02
-1.460519441634721034e-02
-1.460465031540069715e-02
-1.459176630903180616e-02
-1.458392870707918634e-02
-1.458308228450103279e-02
-1.458648153079309708e-02
-1.457747479502717776e-02
-1.458366034689827055e-02
-1.458572187063792228e-02
-1.458217742854295979e-02
-1.461890774871472953e-02
-1.461402544278616634e-02
-1.458685233927372107e-02
-1.460059684623702184e-02
-1.460143504003698703e-02
-1.458023765804162403e-02
-1.459595531045386647e-02
-1.463177821089021134e-02
-1.462548915770343558e-02
-1.461941938887830784e-02
-1.461667715056436459e-02
-1.462757506165955103e-02
-1.459223377997866979e-02
-1.457941703298968120e-02
-1.460021358757443086e-02
-1.460376871237233608e-02
-1.460896263710074680e-02
-1.459824501389818743e-02
-1.459981580745976608e-02
-1.461471046557354103e-02
-1.460997652501403246e-02
-1.461159334938329050e-02
-1.461160584807676133e-02
-1.460338333128107478e-02
-1.459910728205610075e-02
-1.459271159357326125e-02
-1.460136448919854488e-02
-1.460931529406179867e-02
-1.461166487404724421e-02
-1.461276003089083224e-02
-1.462171758006832953e-02
-1.461469608593599437e-02
-1.461036408327223354e-02
-1.460825975421918381e-02
-1.460849687683405881e-02
-1.460968361372583582e-02
-1.460321424371476863e-02
-1.460733736394700770e-02
-1.461037849474729200e-02
-1.460571689647654353e-02
-1.460595092788043517e-02
-1.460236976816358702e-02
-1.459979169918090673e-02
-1.460114058659569246e-02
-1.461973141141975630e-02
-1.460516849706168865e-02
-1.461047568567358859e-02
-1.459066490100217363e-02
-1.459151666447956394e-02
-1.457493659937347981e-02
-1.457659294548468293e-02
-1.460508451769745170e-02
-1.460484954513819114e-02
-1.458654528578470604e-02
-1.458864278703775157e-02
-1.458683452423862985e-02
-1.460907567885226868e-02
-1.460364473852885682e-02
-1.460336613611647530e-02
-1.460585105596321626e-02
-1.461157599559290143e-02
-1.460520022212313460e-02
-1.459893517345516381e-02
-1.459660247378595684e-02
-1.459254155608659398e-02
-1.459231314406882023e-02
-1.460030025389600673e-02
-1.460384215767875429e-02
-1.459734153076154214e-02
-1.458719022075560812e-02
-1.459025715790596318e-02
-1.458378478131598308e-02
-1.456276018286386219e-02
-1.460192928947434514e-02
-1.459442347391972511e-02
-1.459888459751199075e-02
-1.459745957694490864e-02
-1.460097623763408764e-02
-1.460931917461591283e-02
-1.460519590334659508e-02
-1.460455279082650305e-02
-1.460947442417925499e-02
-1.461838042272666123e-02
-1.460224984717151293e-02
-1.462224886001389085e-02
-1.462132232509370973e-02
-1.459848086732360058e-02
-1.460099580067530760e-02
-1.460642489456609981e-02
-1.460642847414182245e-02
-1.460500870797987009e-02
-1.460829671664895177e-02
-1.460888497867076155e-02
-1.461517454904608972e-02
-1.461547529623347282e-02
-1.461641043316828058e-02
-1.461875548722743959e-02
-1.462486300215301051e-02
-1.462276560679671468e-02
-1.462328521463920894e-02
-1.462375017558490038e-02
-1.460094831680950299e-02
-1.461195097305822629e-02
-1.462652461329382210e-02
-1.462665097427312891e-02
-1.462638847866136807e-02
-1.461517255874625679e-02
-1.460914388732265090e-02
-1.461804630228399036e-02
-1.461936556635501025e-02
-1.461134828760756767e-02
-1.461145275610667427e-02
-1.461334477537872337e-02
-1.461607059024772233e-02
-1.462222802320003318e-02
-1.461732767187798841e-02
-1.462182517816853697e-02
-1.462300949640558956e-02
-1.462259381586687550e-02
-1.462052685271888509e-02
-1.459008885737358464e-02
-1.460862718256697793e-02
-1.459266475423950764e-02
-1.458753567009727671e-02
-1.459426262535780047e-02
-1.462159355202581786e-02
-1.458162869232615573e-02
-1.465198603114233056e-02
-1.465136269942430777e-02
-1.465040072559647792e-02
-1.464611972189584430e-02
-1.464778263074309299e-02
-1.464614087135800158e-02
-1.464639735341802425e-02
-1.464456447856857767e-02
-1.464455613267586463e-02
-1.464492169941719081e-02
-1.464596003603056869e-02
-1.464508454110641407e-02
-1.464725031963088134e-02
-1.464774382973252874e-02
-1.464653101642747479e-02
-1.463962161439398384e-02
-1.463995637160255166e-02
-1.463488450120117856e-02
-1.463382458452837549e-02
-1.463615583502404956e-02
-1.464945516190991302e-02
-1.465024858780577394e-02
-1.465870796253164812e-02
-1.465651187911266341e-02
-1.465561795717167451e-02
-1.465754903125172405e-02
-1.464967885012510157e-02
-1.463476482346796025e-02
-1.462950345611038067e-02
-1.461911682545854671e-02
-1.461983017369165687e-02
-1.461994831301179076e-02
-1.462821630749802648e-02
-1.461626035880604288e-02
-1.462130518050746598e-02
-1.462850292609600873e-02
-1.462926979049604045e-02
-1.462868446386037316e-02
-1.462910384469674405e-02
-1.460451015152474351e-02
-1.461957894777019158e-02
-1.464436300673420746e-02
-1.465002535757676388e-02
-1.465252557839924127e-02
-1.466572188195141083e-02
-1.462189458630426889e-02
-1.463895896851825050e-02
-1.462462700682082978e-02
-1.463931799010051785e-02
-1.461223233195858666e-02
-1.462457485140285056e-02
-1.461851007936335219e-02
-1.457353496156363684e-02
-1.461101818043349793e-02
-1.461942481530236621e-02
-1.461961896681303157e-02
-1.462263561052419732e-02
-1.459983580286835884e-02
-1.461207538608416158e-02
-1.461764604936547154e-02
-1.461187787552051427e-02
-1.461650694763664410e-02
-1.461918733909339622e-02
-1.462557616309889154e-02
-1.461869165491386582e-02
-1.460242699508626854e-02
-1.461419899680757237e-02
-1.460533248846033333e-02
-1.460749547634750990e-02
-1.462350409659433567e-02
-1.463982151344071087e-02
-1.462162190633916822e-02
-1.461905056845590710e-02
-1.460917689778433795e-02
-1.461538215730034777e-02
-1.461319491074597986e-02
-1.461294297796802456e-02
-1.460127237857791575e-02
-1.459948301503560808e-02
-1.463986789926278662e-02
-1.464488736520292225e-02
-1.462420550685760573e-02
-1.461967113570437037e-02
-1.461147353107687327e-02
-1.461336084235425464e-02
-1.459634494741007815e-02
-1.461180417285266528e-02
-1.461715737321327493e-02
-1.460535530499687713e-02
-1.460516165106760800e-02
-1.460561786000582826e-02
-1.460621636848776460e-02
-1.460178206664467480e-02
-1.461775986272906107e-02
-1.462183876830456218e-02
-1.462954450699295236e-02
-1.462383516321852546e-02
-1.462360129874466785e-02
-1.462536624423878273e-02
-1.461144515264495292e-02
-1.463346339285339498e-02
-1.459524260299035862e-02
-1.460785772122488030e-02
-1.461163903465907167e-02
-1.460399864352181568e-02
-1.457060410876128385e-02
-1.456357681040140219e-02
-1.456294546246927717e-02
-1.456317228055876122e-02
-1.461157103571099000e-02
-1.460488393013995544e-02
-1.453695054702326857e-02
-1.452972054604757465e-02
-1.452827473147400884e-02
-1.453007120563132651e-02
-1.453836500932248997e-02
-1.454090991676549281e-02
-1.457002064364155275e-02
-1.457658624250993649e-02
-1.457641891244414178e-02
-1.453949289021303458e-02
-1.453925298897922221e-02
-1.454653473853234277e-02
-1.452794268381630075e-02
-1.456795991723802870e-02
-1.455655011997269641e-02
-1.455190921942888654e-02
-1.457644869123564391e-02
-1.459079192984048812e-02
-1.458300849365786779e-02
-1.458282828357100429e-02
-1.456370747282157568e-02
-1.458542423795970884e-02
-1.460912792299345550e-02
-1.457825071682669095e-02
-1.458290046043597687e-02
-1.458193687610486421e-02
-1.458735876623431377e-02
-1.458594142803569006e-02
-1.459850401413020395e-02
-1.459927711439683654e-02
-1.460066702438395612e-02
-1.459890606020674414e-02
-1.455763016623715968e-02
-1.454875561160249957e-02
-1.454858534930041601e-02
-1.454727969785564803e-02
-1.454885613549945778e-02
-1.456416972444501273e-02
-1.455709984661336838e-02
-1.456804232086946101e-02
-1.457186871318132300e-02
-1.458613631726539753e-02
-1.457882189120736707e-02
-1.458187042868684322e-02
-1.458444308995533734e-02
-1.459221946524750894e-02
-1.457274474780589045e-02
-1.458528458340778260e-02
-1.458447257230853500e-02
-1.458236010171323239e-02
-1.458012986977625346e-02
-1.458974924470536269e-02
-1.458859873013578987e-02
-1.457526753105931744e-02
-1.458051259953166250e-02
-1.460715948081288580e-02
-1.462984202852971906e-02
-1.459409318104252541e-02
-1.463095816414889533e-02
-1.461811826189497038e-02
-1.457196135889379449e-02
-1.458343546893490703e-02
-1.456879649939210770e-02
-1.456866229076797699e-02
-1.456912490208935214e-02
-1.459815223281457630e-02
-1.459075355342396955e-02
-1.458917214126043832e-02
-1.458280429153657222e-02
-1.458531517071431048e-02
-1.454239537486293372e-02
-1.452502223890868305e-02
-1.455790710228338156e-02
-1.455380592215027580e-02
-1.463374110998433113e-02
-1.457038846933185992e-02
-1.457446761288992004e-02
-1.456783741233759304e-02
-1.456742156916190564e-02
-1.456403307531195165e-02
-1.457030079614103982e-02
-1.457083110378085133e-02
-1.458144651165582152e-02
-1.462000374310615074e-02
-1.457290618456687573e-02
-1.458082176420521896e-02
-1.456595802638116673e-02
-1.456553662995114205e-02
-1.458867027560874913e-02
-1.458099963128556102e-02
-1.453438352593629766e-02
-1.454990472843305238e-02
-1.457115683208245679e-02
-1.457620166865962810e-02
-1.458413330166250139e-02
-1.460440139581351861e-02
-1.459422268388113793e-02
-1.459157822566606831e-02
-1.459579834812444431e-02
-1.459876172080510487e-02
-1.459435194686498419e-02
-1.458910319971993066e-02
-1.459031697524491682e-02
-1.459426097299100673e-02
-1.459468044867035484e-02
-1.459119935170161142e-02
-1.459732638830294783e-02
-1.459631660846291180e-02
-1.460488090199285258e-02
-1.460409255178379308e-02
-1.461729696191822921e-02
-1.462610902796237372e-02
-1.458124666349992077e-02
-1.458698587137435831e-02
-1.458962250553534797e-02
-1.459251730929872655e-02
-1.459540677609046447e-02
-1.459823152890623969e-02
-1.453479215405146553e-02
-1.455850530618272611e-02
-1.459031390790284377e-02
-1.460445131153788670e-02
-1.457454439327345030e-02
-1.458139559861881644e-02
-1.458525186832520387e-02
-1.458827337659203069e-02
-1.461345895374422180e-02
-1.458289500412067452e-02
-1.457328152339628334e-02
-1.458699006538155887e-02
-1.458158837531020428e-02
-1.457755428607082626e-02
-1.457427515584767096e-02
-1.457621501610906201e-02
-1.458492668336274292e-02
-1.456876044597558637e-02
-1.459258593556724513e-02
-1.459492132445161343e-02
-1.458370777049678053e-02
-1.458993820096139531e-02
-1.458992509351508989e-02
-1.459324562225822706e-02
-1.458445024227960837e-02
-1.457457255802998425e-02
-1.458208610490974166e-02
-1.458973083913093355e-02
-1.459195600839519741e-02
-1.460328285229639880e-02
-1.459960369381745234e-02
-1.460559863720401613e-02
-1.453458521015141454e-02
-1.454765408137872508e-02
-1.454776649055418772e-02
-1.455669190417994627e-02
-1.455592764969504578e-02
-1.459977162867321862e-02
-1.460150587432119257e-02
-1.458406957759761369e-02
-1.458335606115531390e-02
-1.459269363314765790e-02
-1.458657777195709708e-02
-1.458841368589409472e-02
-1.459082797585417590e-02
-1.458919031530647899e-02
-1.459381306137362382e-02
-1.458410437489917819e-02
-1.459417236558413315e-02
-1.458927130085095267e-02
-1.458888257565543398e-02
-1.458621738716472938e-02
-1.458464205295693407e-02
-1.459214054829884553e-02
-1.459625218405611984e-02
-1.464363293172876029e-02
-1.464363293172875856e-02
-1.464350964272164574e-02
-1.455369535531087985e-02
-1.455351820701647828e-02
-1.455560655251840300e-02
-1.455293052189350449e-02
-1.454265555611139460e-02
-1.435186146143986076e-02
-1.433906371479287331e-02
-1.435682875671451253e-02
-1.435160554962612231e-02
-1.434579952749474342e-02
-1.461652926381630697e-02
-1.458850733532322808e-02
-1.459488221285155755e-02
-1.447639318976255002e-02
-1.457334594792566995e-02
-1.455767116391422887e-02
-1.456898542646686660e-02
-1.455516078927493982e-02
-1.458365205612754956e-02
-1.459453076371360590e-02
-1.458566056307347009e-02
-1.464848222461304257e-02
-1.460943140805129499e-02
-1.460813470168721186e-02
-1.460832676186002085e-02
-1.461039139700701268e-02
-1.461131125296717508e-02
-1.460628634297103656e-02
-1.458731232464736613e-02
-1.441202479649956320e-02
-1.441409913487400052e-02
-1.443768207925962867e-02
-1.443453538388752601e-02
-1.443286429806911464e-02
-1.442630633799429733e-02
-1.441854164852149518e-02
-1.444879486363992958e-02
-1.441470645450183483e-02
-1.441916626156694581e-02
-1.441574873776747118e-02
-1.441530059956853613e-02
-1.441599346930941966e-02
-1.459214849067537283e-02
-1.458769671378175314e-02
-1.459100931530045962e-02
-1.462391506421878949e-02
-1.456786372711893311e-02
-1.444683801443379968e-02
-1.444568541355946249e-02
-1.444423582543527540e-02
-1.442546504698815658e-02
-1.443781909397447681e-02
-1.443203123549115403e-02
-1.444562086786505863e-02
-1.449721370755618563e-02
-1.447948543799386714e-02
-1.448354103340796992e-02
-1.446225114586563616e-02
-1.450067692476953926e-02
-1.455597635277930575e-02
-1.455386372919597986e-02
-1.455448082258235624e-02
-1.455244183167510308e-02
-1.452779178606648965e-02
-1.451999815605895840e-02
-1.452884527554030789e-02
-1.461742675250658069e-02
-1.460581319457445078e-02
-1.460796242666682551e-02
-1.456003518076119836e-02
-1.457456157025801245e-02
-1.457875852871242696e-02
-1.454403317399130535e-02
-1.453862714929915999e-02
-1.453170987359483045e-02
-1.453148188870606768e-02
-1.453591884630775315e-02
-1.453482128140743367e-02
-1.448068177338979884e-02
-1.450966014486381427e-02
-1.446594907953460511e-02
-1.444053657655314411e-02
-1.444962273170416131e-02
-1.445574042790020823e-02
-1.445954215485547451e-02
-1.451618698737520627e-02
-1.452937687455653666e-02
-1.453054654669684760e-02
-1.452532631745087274e-02
-1.446653528891788006e-02
-1.447823980886029684e-02
-1.448919889188279506e-02
-1.455730964779074384e-02
-1.455589220170624629e-02
-1.453596095295398884e-02
-1.453824417954299904e-02
-1.454130914782373468e-02
-1.461019841441890156e-02
-1.461404852051530028e-02
-1.458209397393444608e-02
-1.458647066107763429e-02
-1.458898731471468084e-02
-1.459884101330982675e-02
-1.460221035989711300e-02
-1.459998205711223948e-02
-1.457525506921966696e-02
-1.457926287829135366e-02
-1.457908000157350989e-02
-1.458344883968078036e-02
-1.460997854411725215e-02
3.417087371559086872e-02
3.417118249785652123e-02
3.417748629348238421e-02
3.416397631832854276e-02
3.417181865742175556e-02
3.421262620682852945e-02
3.420452371481269571e-02
3.419238262626905778e-02
3.422725853621514519e-02
3.422449650314405428e-02
3.417205998424367036e-02
3.417175033778575149e-02
3.414538389712238470e-02
3.417569014616737150e-02
3.418029380454925409e-02
3.417320993834792320e-02
3.419857332041283116e-02
3.416481586729887970e-02
3.419065362523787677e-02
3.417031436748153850e-02
3.416969365547382204e-02
3.417305213215225679e-02
3.416901921869242714e-02
3.423160062634945239e-02
3.423246891720632679e-02
3.422262051850046005e-02
3.422726336389618484e-02
3.421646911172109007e-02
3.421542729385716047e-02
3.420799961112909460e-02
3.421473131174810473e-02
3.425815793787222868e-02
3.425297648632237568e-02
3.425091666500870713e-02
3.423620611755749665e-02
3.424585522935919002e-02
3.425134455978138398e-02
3.424504126411656579e-02
3.418161663584663029e-02
3.417527836414305242e-02
3.422900417253603444e-02
3.424722317631123669e-02
3.423756415368918449e-02
3.419156580535302747e-02
3.418922020995034117e-02
3.418132496047362329e-02
3.420566267756414147e-02
3.417220701429238283e-02
3.414025712417714103e-02
3.413637937005697953e-02
3.413332971385209941e-02
3.414556310215854928e-02
3.414871609027578248e-02
3.417999012190193336e-02
3.420130025722029066e-02
3.420702423004981507e-02
3.420693079845454204e-02
3.415537961526911998e-02
3.415656064102239042e-02
3.417851576725091517e-02
3.426015608827223669e-02
3.423528348403274968e-02
3.431503512626447178e-02
3.414103936317510607e-02
3.424758107567776183e-02
3.410231141289254975e-02
3.409255925277906302e-02
3.413507658208444345e-02
3.412830876963843935e-02
3.413312404579940673e-02
3.413208402228068428e-02
3.456778638516970481e-02
3.467037611545096404e-02
3.465337736755576964e-02
3.462874287843045740e-02
3.462806458283482908e-02
3.461956672667079044e-02
3.460193163261918170e-02
3.460758762224433460e-02
3.464341764568703436e-02
3.464173272298399359e-02
3.463617627267522731e-02
3.463838833223273350e-02
3.464365050607191160e-02
3.466005190479954506e-02
3.465367873160600520e-02
3.465075562899024714e-02
3.465687922411486710e-02
3.465904775893838274e-02
3.462962460390797692e-02
3.464047444189354702e-02
3.462621549776129931e-02
3.463826053393508769e-02
3.464526924079276010e-02
3.464124570915157186e-02
3.464136452126388016e-02
3.464103090793704820e-02
3.463269625260632228e-02
3.466468032938713195e-02
3.466311506104931967e-02
3.466351353736862179e-02
3.463210891184394236e-02
3.470295204305227227e-02
3.469783842089576437e-02
3.471909893603992991e-02
3.465101504631138557e-02
3.466728621472059402e-02
3.463672571299605818e-02
3.462842815281830244e-02
3.461903279252005056e-02
3.463847902834127357e-02
3.466320732333184190e-02
3.471507917355234896e-02
3.471344610307934564e-02
3.463877298360510532e-02
3.464190781878605935e-02
3.465927009983669344e-02
3.468405602573949864e-02
3.475904700568665379e-02
3.475423167459563284e-02
3.478889835228003019e-02
3.482159748329290150e-02
3.451949547622180231e-02
3.453525583632269941e-02
3.453818354722792972e-02
3.454167557460265797e-02
3.454738855618819104e-02
3.456416039867002410e-02
3.455957833952199437e-02
3.452446552931016238e-02
3.451050324432031885e-02
3.452104751141446548e-02
3.451976359951913764e-02
3.455798666720130002e-02
3.444333264895334951e-02
3.444566494952491786e-02
3.442422830306300641e-02
3.451570423942529331e-02
3.453287625848517478e-02
3.448311202080478477e-02
3.413486497078096343e-02
3.410557493713440441e-02
3.406230300908985598e-02
3.419383424850998970e-02
3.427838051320761248e-02
3.427894352103714321e-02
3.426471952523369585e-02
3.428653372591315696e-02
3.426558364309320592e-02
3.423714150807698198e-02
3.419851163617906170e-02
3.425231725102063224e-02
3.422563168752732615e-02
3.421290161241075101e-02
3.421774215832251026e-02
3.421895111910033122e-02
3.422314032098383585e-02
3.422997331859694431e-02
3.406828322495011885e-02
3.417927686182849895e-02
3.416834455962405176e-02
3.421003503089448117e-02
3.404256698594683439e-02
3.412028239549919767e-02
3.411697308871299711e-02
3.415810682704485679e-02
3.416295604540875441e-02
3.418339314943683038e-02
3.412333014488023314e-02
3.408952634045328556e-02
3.421027019592891294e-02
3.419265801622355799e-02
3.418052910686160406e-02
3.420950460208319055e-02
3.413057466091992675e-02
3.413401468565970681e-02
3.412762342271809940e-02
3.440848276090296282e-02
3.440598684882865965e-02
3.442184008358106090e-02
3.426078878843644149e-02
3.420587320479435978e-02
3.417353511952537365e-02
3.423021665840407513e-02
3.418795771792920712e-02
3.427709536106410271e-02
3.419037604966455868e-02
3.417246227793962338e-02
3.414601795023828462e-02
3.415095260904763702e-02
3.420717617443092690e-02
3.423635543828514732e-02
3.424701910560679075e-02
3.424803855632208016e-02
3.424226274655357144e-02
3.425946908392094731e-02
3.422708984755899742e-02
3.423725078585988790e-02
3.423547356043887824e-02
3.444133228805311420e-02
3.429585323151007614e-02
3.432872222272422696e-02
3.428491141483384907e-02
3.434033766456506820e-02
3.433866567259327013e-02
3.437405049794740181e-02
3.440880447496268840e-02
3.440461295368633238e-02
3.442530426770530616e-02
3.450345460766007788e-02
3.449771402286909427e-02
3.450841894511860741e-02
3.450959506696358453e-02
3.451011073624646319e-02
3.445096911272432089e-02
3.447348446892450208e-02
3.443330853214566362e-02
3.452312898963723342e-02
3.447487141508614322e-02
3.447206319382149775e-02
3.446573108784538320e-02
3.430500658501828976e-02
3.430409716973776418e-02
3.443302328628185249e-02
3.441898995553150514e-02
3.442315752308659771e-02
3.443033855828547818e-02
3.441274559543904682e-02
3.438250809096903698e-02
3.439239272291165495e-02
3.442809889345677110e-02
3.442792232670684877e-02
3.444421496138757449e-02
3.444284880561336581e-02
3.444422799386147316e-02
3.444685852048526287e-02
3.444570063161413176e-02
3.445903178698395131e-02
3.441710460503770441e-02
3.445325735821746366e-02
3.426326907846410225e-02
3.437894008718987704e-02
3.430478107638058882e-02
3.430315430084589223e-02
3.442764793474285823e-02
3.439701442376958546e-02
3.439252396142532947e-02
3.441931044517694549e-02
3.443914536660467457e-02
3.444371604156106631e-02
3.445432888764347196e-02
3.442506214737282855e-02
3.443759730538089453e-02
3.444571810342104273e-02
3.441731285045947220e-02
3.448304550662176921e-02
3.446244882503671919e-02
3.446244623380147892e-02
3.446846858577039957e-02
3.448635656732434301e-02
3.444827840781942291e-02
3.452018385850483956e-02
3.449788882108344862e-02
3.456941454601589886e-02
3.449856529094445096e-02
3.462128258209312692e-02
3.447419383631122186e-02
3.448404742333573136e-02
3.448484006251897882e-02
3.448190396628941085e-02
3.451646433736026837e-02
3.448600881232466442e-02
3.448837154138091610e-02
3.448967397556098463e-02
3.449132587840825909e-02
3.447958032109495891e-02
3.450759573337067870e-02
3.452427775201259708e-02
3.450938789052644673e-02
3.448730994711553949e-02
3.448142357652404788e-02
3.439324614168734473e-02
3.441058882215507209e-02
3.442733106904979218e-02
3.442326309209991358e-02
3.442135761031631103e-02
3.440873326938216625e-02
3.438593522264894731e-02
3.438691975533848116e-02
3.439337203653759084e-02
3.420886613485125960e-02
3.436140773536646570e-02
3.435169075124561849e-02
3.434741863234467424e-02
3.436516969439638164e-02
3.435686719016902563e-02
3.436791724362887185e-02
3.436431716002465164e-02
3.435689521755423692e-02
3.435825775959303746e-02
3.436843363468967960e-02
3.438694423187953902e-02
3.438348973921282609e-02
3.438396668669103234e-02
3.430310748230063628e-02
3.430516350664890995e-02
3.433263873507633179e-02
3.432254119392983555e-02
3.419318281313742797e-02
3.417140549382759879e-02
3.417069368007646935e-02
3.417212482785845357e-02
3.414037226184917645e-02
3.413350061458648305e-02
3.415325285516886827e-02
3.417637323708849761e-02
3.411662627165931022e-02
3.438593507686009410e-02
3.437644809017079139e-02
3.435724385766748823e-02
3.442459993823998587e-02
3.441917475039735219e-02
3.441364966014172355e-02
3.439728911110016135e-02
3.440075161566757966e-02
3.427562061893764389e-02
3.427707748349054229e-02
3.434962922838671884e-02
3.433453130635680944e-02
3.437569733733155525e-02
3.439771419211409137e-02
3.430440261029894106e-02
3.425246891736835608e-02
3.427557273434419377e-02
3.436860881085813252e-02
3.433387098637270124e-02
3.432334923857896514e-02
3.425606167534988450e-02
3.430392753916269855e-02
3.430891984818421753e-02
3.433536576807337537e-02
3.436218655744253947e-02
3.433134855473201491e-02
3.434919375086952636e-02
3.435590213960750677e-02
3.411802216032457785e-02
3.411447683977299888e-02
3.408046365504754233e-02
3.407031233459167224e-02
3.410303728530850870e-02
3.413182431453876814e-02
3.410014127965937947e-02
3.409713152942938502e-02
3.408120811339647449e-02
3.411169272783486084e-02
3.412663143765266860e-02
3.413769136431502732e-02
3.415674067687045345e-02
3.416249271179682551e-02
3.417648657990902256e-02
3.416204418738143928e-02
3.418028889241151586e-02
3.407076197908992521e-02
3.415793048897730610e-02
3.416539473325750503e-02
3.416006292518875692e-02
3.415794700600427447e-02
3.415520235480861561e-02
3.411996632134925433e-02
3.412188940177255519e-02
3.410109620243538531e-02
3.427105989968373678e-02
3.428325313504889532e-02
3.428009592814523776e-02
3.426511802667214779e-02
3.426974613134217001e-02
3.425833680146602583e-02
3.416911340162348543e-02
3.410148169599620110e-02
3.409481741338940552e-02
3.409057683849813641e-02
3.407104447316953305e-02
3.407337267714291573e-02
3.409253956663899771e-02
3.408610580034229787e-02
3.408212161462947226e-02
3.411222753991108303e-02
3.408940951041624506e-02
3.411578967965415987e-02
3.411598447978457516e-02
3.413761835138198059e-02
3.413352373134764112e-02
3.411056816342846604e-02
3.411684700505040330e-02
3.412878306664994532e-02
3.409801659179123590e-02
3.406607394622319235e-02
3.420451502310372510e-02
3.418868778342493836e-02
3.418779188643481654e-02
3.419481897057063263e-02
3.410526714528641645e-02
3.418228946660598760e-02
3.417046043668104521e-02
3.416995724963883818e-02
3.416992210230543336e-02
3.417133193268499097e-02
3.417304036092487507e-02
3.417057346509705384e-02
3.415506637187206568e-02
3.415048726072920926e-02
3.419000276464953525e-02
3.417958938516788697e-02
3.418002201954061653e-02
3.418847971058597973e-02
3.417545766393666890e-02
3.416594666020530968e-02
3.420400260160759431e-02
3.416368902836585536e-02
3.411387219200781584e-02
3.411709144963650381e-02
3.413625809174541254e-02
3.419371896569436270e-02
3.414420951150815703e-02
3.413291680930902183e-02
3.416243624279134000e-02
3.416263367550145813e-02
3.416994065637881522e-02
3.416152519587048464e-02
3.415573865152976563e-02
3.414949709416472551e-02
3.413502953853482513e-02
3.413232303806802703e-02
3.413409082217252338e-02
3.413231968089868590e-02
3.415636473537050216e-02
3.415299057334419963e-02
3.419781519132897296e-02
3.433056616520804849e-02
3.431999271366508591e-02
3.429763900346816108e-02
3.418501370627945180e-02
3.410901042000621247e-02
3.409409103563500881e-02
3.408394060037758105e-02
3.410463254036989744e-02
3.409462625904043087e-02
3.413007343268147087e-02
3.411038502372504277e-02
3.413215503400551104e-02
3.411632761350291698e-02
3.414032112178624900e-02
3.414015109024690769e-02
3.414715127822242485e-02
3.415275804671229903e-02
3.408362385955619051e-02
3.411739963914573598e-02
3.404082700599025957e-02
3.412255013638923473e-02
3.410623807720374739e-02
3.408511713349154232e-02
3.404077623833112048e-02
3.406137234263176966e-02
3.406145594920492042e-02
3.405945666430237190e-02
3.399729563787265429e-02
3.399964453644718776e-02
3.398724751589474180e-02
3.399098021177104217e-02
3.402728312187843634e-02
3.414151332456175775e-02
3.413232759418135392e-02
3.423178243178099517e-02
3.424450047900370886e-02
3.424852614929849159e-02
3.424928099503870421e-02
3.425467696669898254e-02
3.429241344784894618e-02
3.430302552129376598e-02
3.423751767073698882e-02
3.426680259706420262e-02
3.422266439267832028e-02
3.420975670819793868e-02
3.422038454784656625e-02
3.421668750213121418e-02
3.421404112928870533e-02
3.421492308846621477e-02
3.431730248822123519e-02
3.432356631557998555e-02
3.431672561185502429e-02
3.430916181984029756e-02
3.425263868356007851e-02
3.425367782723690718e-02
3.422466666334624680e-02
3.423580713005837384e-02
3.435397672306961941e-02
3.425565784733337893e-02
3.424563230709265493e-02
3.422265928591240736e-02
3.422399300121559823e-02
3.424020937501745521e-02
3.423920783234016968e-02
3.423714560014196051e-02
3.424806675806259249e-02
3.412772610531777939e-02
3.420384867627155462e-02
3.411397476282018726e-02
3.409544742858673649e-02
3.407816579250269595e-02
3.405063178866059997e-02
3.407204046817208926e-02
3.407131856025169547e-02
3.418319046988857468e-02
3.424070508662279549e-02
3.421405493634537692e-02
3.418042156948070120e-02
3.405452781578652971e-02
3.402827314023922772e-02
3.403666724442300229e-02
3.420195854669274421e-02
3.418172185062995361e-02
3.415128228714965630e-02
3.412849838270262670e-02
3.419269625446755279e-02
3.418865858895456938e-02
3.412685869063237371e-02
3.411517529390214326e-02
3.410446732343633963e-02
3.411815558806097909e-02
3.412224372790555182e-02
3.409470146089182280e-02
3.416257545855327926e-02
3.416224987656406309e-02
3.413105835918688047e-02
3.411894089849316219e-02
3.411902391517621091e-02
3.410994342452778466e-02
3.411592520706491910e-02
3.413279621583838186e-02
3.424139948802140676e-02
3.422623415858575685e-02
3.421326987987013263e-02
3.419847744489577096e-02
3.424693631358134011e-02
3.421353958575449467e-02
3.422457589936166861e-02
3.415645596834714776e-02
3.416256487931333685e-02
3.423306006497828929e-02
3.434395733797891703e-02
3.424889199285582886e-02
3.414331678455852226e-02
3.413236507422262589e-02
3.412928548505184123e-02
3.415179758054998765e-02
3.415394939412968317e-02
3.417323958288182723e-02
3.406909549272368193e-02
3.409559233791200489e-02
3.409109802421377705e-02
3.415256762405184665e-02
3.410439219761621926e-02
3.418871095985577535e-02
3.417859776907754277e-02
3.419212477535495120e-02
3.422315420553696114e-02
3.419097392631301885e-02
3.418572342608635489e-02
3.420454316308185055e-02
3.418411533881232645e-02
3.418515409839302521e-02
3.419105595788825280e-02
3.421089635396086515e-02
3.422586833029763603e-02
3.405896653330649226e-02
3.414690889499469306e-02
3.415373332120862776e-02
3.416942210115904432e-02
3.416968058826606869e-02
3.416604646045102306e-02
3.412258146943063924e-02
3.415314478196355280e-02
3.413597502985200871e-02
3.415196691811032276e-02
3.417711770568481605e-02
3.417156761903295675e-02
3.412915005655460521e-02
3.418889323260566188e-02
3.420628302401960280e-02
3.420238575551865640e-02
3.421653903245234357e-02
3.421862167704103203e-02
3.418817575041507156e-02
3.418011315501172376e-02
3.418467806459536684e-02
3.419017061561107490e-02
3.420367097155675717e-02
