6.557823718964932158e-02
6.535400164143462254e-02
6.534844077885271219e-02
6.462975656209193898e-02
6.432559693981176885e-02
6.434724940101423096e-02
6.446036972413814181e-02
6.454457760427985413e-02
6.494003443118001595e-02
6.495619249971112952e-02
6.496102636895872973e-02
6.500502896547299958e-02
6.481140220507217165e-02
6.479190333567431959e-02
6.444373673883177500e-02
6.445264820266963235e-02
6.445517650259417752e-02
6.453676762173589376e-02
6.495201481492622608e-02
6.495121466447285885e-02
6.495587924705352456e-02
6.498799264234803030e-02
6.496582855150676017e-02
6.481367506853330518e-02
6.486843760723007279e-02
6.489206560125977685e-02
6.483252467314493117e-02
6.483233320921144571e-02
6.483456730518870337e-02
6.485521158559090504e-02
6.483282195042076868e-02
6.508801156124074949e-02
6.492584527838156372e-02
6.488615563835437028e-02
6.514026321917805451e-02
6.514222293994942348e-02
6.514022345042305706e-02
6.522745200072915805e-02
6.521159592732603261e-02
6.515563729433263007e-02
6.549260988879719581e-02
6.518835300312922354e-02
6.528894708166371741e-02
6.516927463417636346e-02
6.516976030705640133e-02
6.505829318160552543e-02
6.511827220143420747e-02
6.519015368745417760e-02
6.521708428988984285e-02
6.520331229292865294e-02
6.537614433546237724e-02
6.540243893145691878e-02
6.525609999928540239e-02
6.528008193169532181e-02
6.540749979764504118e-02
6.513556191730630884e-02
6.557698759374938624e-02
6.501671956323734625e-02
6.507037939417294192e-02
6.507667724933267894e-02
6.519814406347268498e-02
6.517860922851928529e-02
6.443473422144220530e-02
6.475837279290867776e-02
6.520300743823360945e-02
6.504798957571472640e-02
6.458016992221034258e-02
6.453733646334494645e-02
6.452416006940886462e-02
6.484834762154631504e-02
6.560249338224337368e-02
6.527419217729305001e-02
6.560044480626575636e-02
6.506330125197948289e-02
6.543185197900798500e-02
6.549800464897563568e-02
6.542431117320729461e-02
6.542552268071621935e-02
6.542821925704885022e-02
6.526829196518567355e-02
6.533220680666512736e-02
6.521492998758558757e-02
6.520112928137926367e-02
6.519056030019682035e-02
6.535490176442462773e-02
6.537006641048588584e-02
6.537326336246204739e-02
6.531675649482467094e-02
6.540160646945523959e-02
6.535025437634173207e-02
6.535680811613553409e-02
6.536553645735515561e-02
6.540778640654958120e-02
6.532960690434633233e-02
6.525273599975991989e-02
6.498198202515474697e-02
6.502522154986883907e-02
6.499217640907359317e-02
6.518759798694911956e-02
6.505290611631159292e-02
6.506557519911666809e-02
6.505122818871196533e-02
6.525299826247164814e-02
6.528887176290529282e-02
6.527394624979118709e-02
6.534954441945543813e-02
6.529110197460145926e-02
6.528733858923614630e-02
6.529018981541727384e-02
6.526118494386901059e-02
6.525350876285382351e-02
6.526365826520737212e-02
6.532166255291932400e-02
6.521965308989290111e-02
6.519551377526408564e-02
6.519094380714469950e-02
6.523635545023144522e-02
6.524257965075720700e-02
6.510206648531814688e-02
6.521353749731248484e-02
6.504514209224841748e-02
6.517697447559181456e-02
6.519575152810726248e-02
6.520019348976546780e-02
6.512419656312640193e-02
6.514189475716743172e-02
6.497439288598234886e-02
6.494722211013929936e-02
6.525334407120630953e-02
6.517486062255495316e-02
6.517339314481795931e-02
6.516373527281234257e-02
6.522830922872056847e-02
6.538289889579243508e-02
6.521433985278554668e-02
6.534591998543737290e-02
6.544628288245700476e-02
6.544227463423508973e-02
6.555500935711047750e-02
6.553540239314206706e-02
6.555907366011012871e-02
6.518569771210508401e-02
6.516522290868556611e-02
6.534676351708354480e-02
6.523835976462867559e-02
6.374440181571548736e-02
6.404758061020267290e-02
6.400052972822754815e-02
6.409483430202098098e-02
6.381795439946051640e-02
6.383869607698346160e-02
6.398341458777792590e-02
6.358939178746997323e-02
6.358130005903939175e-02
6.355659274292331518e-02
6.356907867916763988e-02
6.376968107866111402e-02
6.393118936449489198e-02
6.381048373538547591e-02
6.390510100141488792e-02
6.373710429452571213e-02
6.371622321202896622e-02
6.374392385859874166e-02
6.375232672831407377e-02
6.384047841027415404e-02
6.390337290648204216e-02
6.399611526930841510e-02
6.367517134618964902e-02
6.415000544384684422e-02
6.384421727380817924e-02
6.394875523282234075e-02
6.397218812445912284e-02
6.419854040128657180e-02
6.385434209259709115e-02
6.397697348287943730e-02
6.390392839645324397e-02
6.418890301462423786e-02
6.372741164706435812e-02
6.329638777587393017e-02
6.332240477125461453e-02
6.339166589087902315e-02
6.331919768719081187e-02
6.318884626562851214e-02
6.333940681894335845e-02
6.353064539818430168e-02
6.291248272620346416e-02
6.306098166226313528e-02
6.314266071616948806e-02
6.312780920166681520e-02
6.332510021487862406e-02
6.330294726900026481e-02
6.330002867711043146e-02
-1.402053441526619586e-02
-1.406578241608181200e-02
-1.415536878131999632e-02
-1.428769473011316793e-02
-1.427763695886810277e-02
-1.428349843910640612e-02
-1.432525207605246306e-02
-1.433968481983985410e-02
-1.434581553152604501e-02
-1.435139179037081721e-02
-1.434711415356245204e-02
-1.434488922278448660e-02
-1.432175107678082711e-02
-1.433640481260227070e-02
-1.428847533300976053e-02
-1.429764376229740799e-02
-1.433667719587140149e-02
-1.432355706149143586e-02
-1.431656020644247844e-02
-1.436726568413695081e-02
-1.436117166620558966e-02
-1.423395687950131626e-02
-1.425919663409911178e-02
-1.422080764448826334e-02
-1.426528649600824518e-02
-1.428248926283207446e-02
-1.428948872164677829e-02
-1.426618855068942024e-02
-1.432821555491004158e-02
-1.429031847800164151e-02
-1.427781391873469974e-02
-1.431431509963729601e-02
-1.409917030455805180e-02
-1.409500262141121472e-02
-1.412286180446351881e-02
-1.406237756820259352e-02
-1.408257452503832059e-02
-1.407083938564674883e-02
-1.403189420556195423e-02
-1.403638594326871505e-02
-1.405092904192093393e-02
-1.405738860425963070e-02
-1.387328051023012203e-02
-1.387942057256421648e-02
-1.390221440838237607e-02
-1.387712325411644132e-02
-1.372752411731180053e-02
-1.374776691050774886e-02
-1.374725242078031658e-02
-1.364504828946071918e-02
-1.366308792699751432e-02
-1.367302361466841108e-02
-1.367065391624495800e-02
-1.346948264620033940e-02
-1.358191175405277194e-02
-1.366611242077198259e-02
-1.356838558263462682e-02
-1.356037270614850361e-02
-1.340989833319511729e-02
-1.334374167962752190e-02
-1.361400249235931829e-02
-1.356047666712378516e-02
-1.364621028470006971e-02
-1.360336215200695989e-02
-1.361235376102611604e-02
-1.361134752762706984e-02
-1.363243918514383916e-02
-1.362458657378291110e-02
-1.362852459569260065e-02
-1.362091251098510383e-02
-1.357188217921239705e-02
-1.356554064787738462e-02
-1.362518120993695507e-02
-1.368692633598428757e-02
-1.373166165621664096e-02
-1.374478741277097155e-02
-1.371097170631672621e-02
-1.363553191829210316e-02
-1.356519295598355990e-02
-1.357958954638766383e-02
-1.350204305932150781e-02
-1.360687150280929548e-02
-1.356513737577158367e-02
-1.297494206290919494e-02
-1.297926106680732071e-02
-1.333606959449231549e-02
-1.330760089315975551e-02
-1.323749570926971431e-02
-1.308244908189951788e-02
-1.321308617048391233e-02
-1.324411884755477033e-02
-1.325518399685806335e-02
-1.319850161433698196e-02
-1.315595704738607187e-02
-1.317629079862462325e-02
-1.323484029069800332e-02
-1.332421282888678581e-02
-1.317290837621206898e-02
-1.321983372394203680e-02
-1.321776267603538141e-02
-1.322603480974343312e-02
-1.312461516239185610e-02
-1.312301309776783137e-02
-1.314030504433403267e-02
-1.311745399013486760e-02
-1.311157965796692741e-02
-1.311653127893180719e-02
-1.309028688185455945e-02
-1.311444238319607256e-02
-1.325070364490931428e-02
-1.322264328788822114e-02
-1.321533277157349584e-02
-1.320854765590654539e-02
-1.328567484924373862e-02
-1.329873777306165780e-02
-1.324151391275467209e-02
-1.332350491385967707e-02
-1.331500055416668868e-02
-1.330529844680750258e-02
-1.383036145018197265e-02
-1.386686545420208992e-02
-1.392090617389785817e-02
-1.406571758320160348e-02
-1.321574618081246266e-02
-1.333181459338645541e-02
-1.324033112421485470e-02
-1.327970723730276595e-02
-1.312461550380154829e-02
-1.273013812558430359e-02
-1.265189203012904301e-02
-1.324313466510933061e-02
-1.352087643378145458e-02
-1.358888795051123484e-02
-1.339694886701258726e-02
-1.360045469540195270e-02
-1.352636921290179331e-02
-1.342308378266011092e-02
-1.354747874694215912e-02
-1.295848227142577802e-02
-1.274244273009739192e-02
-1.354134713202183142e-02
-1.275405425266660370e-02
-1.354992306991937255e-02
-1.317084842113088079e-02
-1.324474364729721736e-02
-1.338941026629135791e-02
-1.365359086271002165e-02
-1.363284636835227111e-02
-1.363042075375822150e-02
-1.363619858254785239e-02
-1.363510903597052633e-02
-1.367087243540348641e-02
-1.373090431569292183e-02
-1.380625719750561142e-02
-1.380956721813992975e-02
-1.379294070366858006e-02
-1.381512017650968725e-02
-1.361374291972417862e-02
-1.367718306210205341e-02
-1.383474748872229494e-02
-1.372477390934038338e-02
-1.378232334105608178e-02
-1.368288211384366231e-02
-1.368551488649499479e-02
-1.371730590020358610e-02
-1.372990588565977700e-02
-1.367161296508300275e-02
-1.369523278622898112e-02
-1.369284899354964238e-02
-1.368841887266212566e-02
-1.347931491862743199e-02
-1.349442526830747086e-02
-1.353034948317372380e-02
-1.364944391156620689e-02
-1.365862737783300578e-02
-1.365517238223325040e-02
-1.334764502277069505e-02
-1.335853366372627415e-02
-1.348225388569549398e-02
-1.344955908713940662e-02
-1.343651709136312392e-02
-1.347387054545191865e-02
-1.354069298605582380e-02
-1.348093189743441479e-02
-1.349797887929536991e-02
-1.348371973309486251e-02
-1.362523423145206060e-02
-1.349637945749076161e-02
-1.341267878427973743e-02
-1.352683746615897763e-02
-1.353445615042675812e-02
-1.353178689378968166e-02
-1.350218728906877816e-02
-1.350147317972922971e-02
-1.359344799036700351e-02
-1.358579462440946510e-02
-1.360516106589479066e-02
-1.360896127820524805e-02
-1.360831658389792705e-02
-1.360272504513321788e-02
-1.356355324972418307e-02
-1.355447986147302782e-02
-1.354077604360485500e-02
-1.356374227297419029e-02
-1.357759328016045278e-02
-1.363487607529231642e-02
-1.359541488907285364e-02
-1.363899977029816614e-02
-1.366446366885512749e-02
-1.365840766014650258e-02
-1.353408441465982215e-02
-1.351667839776205492e-02
-1.361226618236027405e-02
-1.358521668312400073e-02
-1.357252756226613559e-02
-1.355344182669013589e-02
-1.356141331548059263e-02
-1.356345349053334273e-02
-1.356311206073675980e-02
-1.356137808752351688e-02
-1.359066618208150737e-02
-1.347205714777380270e-02
-1.351372530137326042e-02
-1.358052715370901796e-02
-1.357739121602462469e-02
-1.350909557925920532e-02
-1.350564297154269351e-02
-1.350682203049512718e-02
-1.362075759747563217e-02
-1.361910744942423403e-02
-1.360655461383395923e-02
-1.363483024805862455e-02
-1.361007674060440292e-02
-1.361678412825092187e-02
-1.361666086181381741e-02
-1.360207973537989716e-02
-1.359852044917446608e-02
-1.361647536234424950e-02
-1.357976808091868742e-02
-1.356640337320304777e-02
-1.356028095986936549e-02
-1.356201130823423730e-02
-1.356091386640699906e-02
-1.359151470159793498e-02
-1.354636843393760594e-02
-1.357658009915277408e-02
-1.359400757776725414e-02
-1.357079977111757402e-02
-1.361419379691124372e-02
-1.357468707504262337e-02
-1.357294317799496476e-02
-1.359095732511734697e-02
-1.359305251649916245e-02
-1.361462408142716241e-02
-1.361369435721528770e-02
-1.357694612477920726e-02
-1.355610243507157815e-02
-1.355553490772359176e-02
-1.356663842692857648e-02
-1.356917555848130043e-02
-1.360995810017827205e-02
-1.360530596248027760e-02
-1.362652488182698567e-02
-1.360335889717902667e-02
-1.360943374533263306e-02
-1.349358922544368657e-02
-1.350109711844135751e-02
-1.344023474323056272e-02
-1.345243689263391287e-02
-1.345045829960156772e-02
-1.350658752180393732e-02
-1.350070158991884678e-02
-1.350107389128261948e-02
-1.350457563224828107e-02
-1.350374277205912237e-02
-1.349200905942084597e-02
-1.351609201494945178e-02
-1.346266140127914610e-02
-1.342050633582105371e-02
-1.363514437498500494e-02
-1.361735804853853905e-02
-1.351501048704372571e-02
-1.347692807826858519e-02
-1.347233526255892447e-02
-1.347565725634442338e-02
-1.347980132525790353e-02
-1.359498888411788016e-02
-1.358360734401100473e-02
-1.351235012413616599e-02
-1.336900202562562971e-02
-1.337773599944529386e-02
-1.338577005803561794e-02
-1.336386775230914183e-02
-1.356563008830184019e-02
-1.352171390730157879e-02
-1.351206517713514875e-02
-1.329362200007083890e-02
-1.325209323361131036e-02
-1.336108434445212531e-02
-1.380702266544481249e-02
-1.371670404266981183e-02
-1.375211726802639221e-02
-1.355097130837838552e-02
-1.354760713108354823e-02
-1.343570661138850618e-02
-1.297361083791425361e-02
-1.298981025946887267e-02
-1.299117533922516075e-02
-1.299195185154661258e-02
-1.298743824983244165e-02
-1.299125109801962767e-02
-1.342061505637229084e-02
-1.329294800093260703e-02
-1.376224898783588550e-02
-1.369492885886647998e-02
-1.369989288019966660e-02
-1.361065005985201762e-02
-1.332333284015167589e-02
-1.338909860434069239e-02
-1.330834266514714995e-02
-1.330922955339041217e-02
-1.338156790578595885e-02
-1.345855300976366888e-02
-1.329955149758304742e-02
-1.341828164075492547e-02
-1.344673950314139582e-02
-1.344068312409614149e-02
-1.343465021423168558e-02
-1.343793764696757549e-02
-1.342747494017916196e-02
-1.341402282120527159e-02
-1.347326721446333482e-02
-1.344554308752158103e-02
-1.340292624858035499e-02
-1.342510960508871976e-02
-1.339451718701515325e-02
-1.339282075924223825e-02
-1.340650584429457608e-02
-1.342264158420399672e-02
-1.349645702803869453e-02
-1.340353467948097142e-02
-1.342411154311462344e-02
-1.341451246364646320e-02
-1.365789883949796411e-02
-1.366294646334434947e-02
-1.366076421641705500e-02
-1.362135800306003841e-02
-1.351462176175840038e-02
-1.352858503775199173e-02
-1.351615984554202683e-02
-1.350319298652269927e-02
-1.351309259535815252e-02
-1.350483269549240285e-02
-1.350182414450046275e-02
-1.337447560999462798e-02
-1.341439809216156236e-02
-1.341199893155245806e-02
-1.341801905529880524e-02
-1.341112828691782069e-02
-1.343674109271628288e-02
-1.344494164544539697e-02
-1.350547855718695241e-02
-1.356273485669154746e-02
-1.355584704597680504e-02
-1.357896526809267840e-02
-1.360678122977816706e-02
-1.361278474065272248e-02
-1.560447028773040076e-02
-1.555548267410596271e-02
-1.572558923273118664e-02
-1.558243598874668387e-02
-1.580268516124831712e-02
-1.582771656765500842e-02
-1.582179313249658034e-02
-1.581288769890609736e-02
-1.582801070328469090e-02
-1.685359384982271572e-02
-1.687688070921851760e-02
-1.686514665865803189e-02
-1.689235419050219220e-02
-1.688861775988403924e-02
-1.691906196498335277e-02
-1.690952166302853860e-02
-1.697196489768897434e-02
-1.697870527589612558e-02
-1.697412043405045409e-02
-1.696719126703775948e-02
-1.696884419871742475e-02
-1.697855909256215309e-02
-1.686166150858501786e-02
-1.689789564963458182e-02
-1.694898255377575921e-02
-1.688827568167265702e-02
-1.549396799640298528e-02
-1.556905812534935263e-02
-1.559533815409823963e-02
-1.560645971066607247e-02
-1.558041271674503320e-02
-1.560279125170197650e-02
-1.550617273568024625e-02
-1.541967221458805971e-02
-1.540750316626105301e-02
-1.539277733244783300e-02
-1.541762147856597272e-02
-1.542468269893955760e-02
-1.505924132152571329e-02
-1.541900726314368933e-02
-1.543136892045548526e-02
-1.546263805012153270e-02
-1.547120450454726737e-02
-1.546589049960815990e-02
-1.545607457104487305e-02
-1.546764035264271663e-02
-1.545087502508729962e-02
-1.507873498956805065e-02
-1.508722975258273286e-02
-1.504767746984232886e-02
-1.501026468940699216e-02
-1.503100036054421523e-02
-1.501671656188697211e-02
-1.487127023672496669e-02
-1.463488543369702299e-02
-1.463335934707368953e-02
-1.487655724609185035e-02
-1.482853020757829432e-02
-1.475236363312733279e-02
-1.548746737892703167e-02
-1.541644282509629926e-02
-1.541008108238157287e-02
-1.548205597423745784e-02
-1.546956845862620770e-02
-1.539793708806119592e-02
-1.532242076219511757e-02
-1.532742363684333649e-02
-1.532349282487613373e-02
-1.535214075922683094e-02
-1.535820106196407464e-02
-1.535370099142847368e-02
-1.533593291852286891e-02
-1.482647715674878346e-02
-1.529004626936579861e-02
-1.533410948871479634e-02
-1.533175474721957567e-02
-1.528466966251874025e-02
-1.529823245270432210e-02
-1.532414606275322652e-02
-1.521984063880760588e-02
-1.523883167253586683e-02
-1.531701555055522447e-02
-1.531742447147733076e-02
-1.525652532705954953e-02
-1.520612343390151562e-02
-1.526111003010566583e-02
-1.529847614297703134e-02
-1.521359620494384425e-02
-1.525394460178188839e-02
-1.513858234035005482e-02
-1.514108648052062134e-02
-1.517110304304158074e-02
-1.516837123838598624e-02
-1.514798755748096581e-02
-1.520177825460982540e-02
-1.522246384947268001e-02
-1.772846014936176745e-02
-1.452883998635394643e-02
-1.497223026432038979e-02
-1.495838280281506193e-02
-1.488678658526716367e-02
-1.497346286488504020e-02
-1.499938051965412147e-02
-1.502112700353966726e-02
-1.481124587006225381e-02
-1.485201076799215480e-02
-1.485493790359035740e-02
-1.481116714394341977e-02
-1.482261325060595797e-02
-1.482261161892713813e-02
-1.473420614053133626e-02
-1.471017277732756222e-02
-1.481659480051483388e-02
-1.485802432715792668e-02
-1.476995843891802662e-02
-1.485801027348367109e-02
-1.481566613264612836e-02
-1.474665175968408772e-02
-1.535841593401335303e-02
-1.527012859880358744e-02
-1.534260668466447437e-02
-1.548151451918606050e-02
-1.577237728364683580e-02
-1.581084334682494180e-02
-1.592072374034947044e-02
-1.556268620273337962e-02
-1.552219785012685753e-02
-1.562285148029898298e-02
-1.561093286792417101e-02
-1.565330103817966223e-02
-1.446527171802605878e-02
-1.452221728408003426e-02
-1.479823153865525084e-02
-1.389457486815222353e-02
-1.572495352036603136e-02
-1.582396448169249431e-02
-1.578457552674254055e-02
-1.580333360581233360e-02
-1.586584481529437762e-02
-1.534567228717751558e-02
-1.533968272593211855e-02
-1.570233128687760493e-02
-1.547869985916076538e-02
-1.546666756585378041e-02
-1.545925052293065267e-02
-1.545156946850244004e-02
-1.497107079906000865e-02
-1.521556806245080024e-02
-1.523725543797048269e-02
-1.523600973880857162e-02
-1.415748478530997820e-02
-1.415438095044545090e-02
-1.475230558546317648e-02
-1.410275433078165587e-02
-1.655811481464515914e-02
-1.622748062396094787e-02
-1.659198892391804472e-02
-1.681288220415857668e-02
-1.610557188166302639e-02
-1.608473965918670243e-02
-1.643421687534036765e-02
-1.636100893107320792e-02
-1.621107402101019945e-02
-1.648571296517621979e-02
-1.644829220257434943e-02
-1.627199384507033511e-02
-1.630552394261329183e-02
-1.693001483559572473e-02
-1.770551717658840757e-02
-1.771617849463366645e-02
-1.766174859538763298e-02
-1.767117738184511427e-02
-1.769424442553869936e-02
-1.771159201608998868e-02
-1.775118550980342783e-02
-1.774438463771835228e-02
-1.773457778391232531e-02
-1.767212004220819477e-02
-1.760191451023815704e-02
-1.770564129558670555e-02
-1.774130716141666606e-02
-1.769470882354820876e-02
-1.775653203647382938e-02
-1.769168731300536576e-02
-1.777032225681839800e-02
-1.775332729649730171e-02
-1.772331757148176701e-02
-1.773002346025361747e-02
-1.772244198659571335e-02
-1.771468498966365449e-02
-1.767759677136704691e-02
-1.770326612071567232e-02
-1.770445118510556234e-02
-1.771427189600896512e-02
-1.773816056011215739e-02
-1.774189700793752864e-02
-1.773193545902476340e-02
-1.776649439907703951e-02
-1.773671997671126543e-02
-1.773563540019238577e-02
-1.773024352522368716e-02
-1.772596926290418914e-02
-1.769719753388033015e-02
-1.769548891907389565e-02
-1.771819333374461888e-02
-1.776212517717865730e-02
-1.760331806238904506e-02
-1.753749250725296360e-02
-1.757140717324444032e-02
-1.768442467267641524e-02
-1.776543183961603461e-02
-1.769642363553259115e-02
-1.758773537580785029e-02
-1.772746085708095873e-02
-1.770177113047306100e-02
-1.771456174568064937e-02
-1.757469253289255240e-02
-1.747712830355156038e-02
-1.744044816340086998e-02
-1.744607730396210629e-02
-1.752109023895301321e-02
-1.773713932368288851e-02
-1.773158201588716579e-02
-1.768540887225655833e-02
-1.783579730886336590e-02
-1.786576712799770733e-02
-1.786834269462526242e-02
-1.779041313745152730e-02
-1.787898616796271614e-02
-1.793463696358779322e-02
-1.796558564802642338e-02
-1.784797917739749940e-02
-1.801449719777948461e-02
-1.795844114679016543e-02
-1.812531056397178458e-02
-1.815445712018115901e-02
-1.816869194236710172e-02
-1.818415638709740961e-02
-1.818624037696940296e-02
-1.818362960701984388e-02
-1.819831967329848046e-02
-1.791274135583214439e-02
-1.764593849147267149e-02
-1.776995526826635058e-02
-1.777735247668342511e-02
-1.780386926383882920e-02
-1.781101588579525261e-02
-1.779715861977201191e-02
-1.788968971325818891e-02
-1.786919588607534248e-02
-1.753316376987014771e-02
-1.749631465148495865e-02
-1.751794376800680855e-02
-1.750171662043329204e-02
-1.764642617817358677e-02
-1.759331100571821446e-02
-1.761443136026063366e-02
-1.761805847906031466e-02
-1.764135305852050639e-02
-1.758713761343084353e-02
-1.754443572325701389e-02
-1.755046201198615791e-02
-1.729194260226540186e-02
-1.730795511452141999e-02
-1.730224426792403153e-02
-1.723039086628640193e-02
-1.768644990548976295e-02
-1.768213906564789287e-02
-1.765918127781786542e-02
-1.761923901338268220e-02
-1.692165099041426091e-02
-1.691285760296198926e-02
-1.691327179903253514e-02
-1.689806648982359813e-02
-1.687894706106035647e-02
-1.685651153201439892e-02
-1.691315631460286323e-02
-1.665901990292772972e-02
-1.762505432417870235e-02
-1.763567777108017778e-02
-1.763567777108018125e-02
-1.765250053702566851e-02
-1.706552591227198865e-02
-1.698514216213673281e-02
-1.725075660253438600e-02
-1.722190130705922653e-02
-1.719986122176241430e-02
-1.723709102554554784e-02
-1.728044739007139965e-02
-1.717672612583668462e-02
-1.720666756684485418e-02
-1.721809314170099844e-02
-1.721965183455755402e-02
-1.712034088747549365e-02
-1.712432454388054109e-02
-1.711357150569060154e-02
-1.713391266129466600e-02
-1.716049633236729766e-02
-1.715837734089244171e-02
-1.716341720222382128e-02
-1.712729622356113854e-02
-1.716221493535651996e-02
-1.715194705464965705e-02
-1.719190206300897847e-02
-1.712982797124794343e-02
-1.725709485605898125e-02
-1.727961570772554648e-02
-1.727691157792352050e-02
-1.723006735865036110e-02
-1.728142572350600814e-02
-1.728929306695256227e-02
-1.740431908405651665e-02
-1.739809678684067426e-02
-1.739272949723277839e-02
-1.739132389386371935e-02
-1.764835407263136424e-02
-1.764989734240094907e-02
-1.761888780460518084e-02
-1.762914091155326490e-02
-1.764089331088064191e-02
-1.761725914604460666e-02
-1.759788133938764917e-02
-1.763604912737414335e-02
-1.760958516374892119e-02
-1.803502823154334855e-02
-1.802247582530605227e-02
-1.800424662882731466e-02
-1.793076190633679373e-02
-1.789220032071897962e-02
-1.792757156738795238e-02
-1.793018462459662968e-02
-1.792690734547920661e-02
-1.799688780391229745e-02
-1.804813795545913771e-02
-1.721647656766643955e-02
-1.720679064442739992e-02
-1.719992434197618186e-02
-1.717270554092640428e-02
-1.725635876510313305e-02
-1.724553504337044199e-02
-1.726410918578566780e-02
-1.731764960133234943e-02
-1.732079182600348294e-02
-1.723537848590954089e-02
-1.727268168454086650e-02
-1.727263218851628895e-02
-1.727373011714555817e-02
-1.728984754097546636e-02
-1.727723814279881823e-02
-1.727069115510063146e-02
-1.727940934327945946e-02
-1.722413701452119722e-02
-1.729462259405687916e-02
-1.708356002789530870e-02
-1.707025950384153876e-02
-1.704382966202548297e-02
-1.700276782734189834e-02
-1.700308152682887888e-02
-1.718120100698278252e-02
-1.711008427336014465e-02
-1.698389007655244642e-02
-1.698741641116786188e-02
-1.698604858694557906e-02
-1.699479487061507713e-02
-1.699898782339993863e-02
-1.701854539566268962e-02
-1.694122611466011147e-02
-1.697092160423731635e-02
-1.698511345106424805e-02
-1.694310719331153584e-02
-1.693193941727282742e-02
-1.694885586693150453e-02
-1.695115705958016167e-02
-1.686910012704322115e-02
-1.688386078039982516e-02
-1.689263035593180709e-02
-1.708678347732754330e-02
-1.715454565543505366e-02
-1.712207305844925739e-02
-1.710506552460682936e-02
-1.710665155832158738e-02
-1.710144028916551345e-02
-1.715035858550872927e-02
-1.722027761360750073e-02
-1.605829448229958295e-02
-1.861568693537745192e-02
-1.863922214385007117e-02
-1.842924025911955171e-02
-1.853658374268940534e-02
-1.863645220958484727e-02
-1.859460867006144588e-02
-1.861574334845458173e-02
-1.860060790762010224e-02
-1.857941498506139252e-02
-1.861596500592814507e-02
-1.868338825980583526e-02
-1.867176792666998611e-02
-1.869071099267539948e-02
-1.868562310513963154e-02
-1.861174536677241698e-02
-1.862722087125566819e-02
-1.866453973202047284e-02
-1.850770642882365938e-02
-1.851043946394816120e-02
-1.851413130677065366e-02
-1.843262774500902673e-02
-1.844536924707011055e-02
-1.842641695633590385e-02
-1.852467056736381568e-02
-1.926258103391455256e-02
-1.902419382406115092e-02
-1.911336724130313289e-02
-1.911444596787217898e-02
-1.915696644902192131e-02
-1.915137568459421638e-02
-1.909788317513959333e-02
-1.910435836261657749e-02
-1.906254720861564819e-02
-1.904809720945932830e-02
-1.909799603229509618e-02
-1.936376969944457113e-02
-1.933570142881008841e-02
-1.930182556769330024e-02
-1.925960177586720848e-02
-1.927018276556463974e-02
-1.928042805362551945e-02
-1.926273857252154900e-02
-1.931559743021396200e-02
-1.932582204232248871e-02
-1.871517757602179574e-02
-1.871089925578912558e-02
-1.871350163250044135e-02
-1.871219858777562264e-02
-1.870792736723299668e-02
-1.870007255579447455e-02
-1.871858376733146270e-02
-1.893844861411562649e-02
-1.890433405279574874e-02
-1.899371097586090643e-02
-1.881105604318405317e-02
-1.890326916192807891e-02
