1.918030573014927256e-02
1.918942202338647096e-02
-7.866038748048304052e-02
-7.866012268488964398e-02
-7.871109653505962978e-02
-7.933497376837642112e-02
-7.938051359130157691e-02
-6.798437444343692626e-02
-7.595427996827280870e-02
-8.290107156598397475e-02
-8.290193838665438353e-02
-8.299708763693519620e-02
-8.300619123306522684e-02
-8.301127078968395523e-02
-8.301456844468242668e-02
-8.301436434026228384e-02
-8.301450191551365543e-02
-8.299429491477448850e-02
-8.299218874648468802e-02
-8.299449911920972478e-02
-8.299304079727500005e-02
-8.299669681175336766e-02
-8.300897024571812777e-02
-7.607784372697626307e-02
-7.613271290075770970e-02
-7.611453757799165054e-02
-7.605362350127223281e-02
-7.608457837708938742e-02
-7.608353110290122512e-02
-7.608859482355850856e-02
-7.609037964103103346e-02
-7.609252263543567207e-02
-7.602055985108643887e-02
-7.602354339587524823e-02
-7.601156790685886788e-02
-7.601018962844581506e-02
-7.600941955424553309e-02
-7.672335263338633804e-02
-7.629614792360178699e-02
-7.629732795624727393e-02
-7.637355940123158327e-02
-7.637531410137742005e-02
-7.469894444393956889e-02
-7.332810753043239593e-02
-7.134007674613561389e-02
-7.134187339920636250e-02
-7.127842804978794244e-02
-7.133611230816276627e-02
-7.134640278444581707e-02
-7.126312803123843742e-02
-7.126286939444440027e-02
-7.118693002304497808e-02
-7.119606204317487086e-02
-7.119516474495744818e-02
-7.119516167907366522e-02
-7.119059344237632647e-02
-7.119185057007802742e-02
-7.119766485830721081e-02
-7.119319806592118438e-02
-7.119656594924077264e-02
-7.122005873855209723e-02
-7.122218799167025216e-02
-7.121778335776154933e-02
-7.121938519823960145e-02
-7.119558750812324255e-02
-7.118863916913406586e-02
-7.119268044717079469e-02
-7.127802118616842486e-02
-7.127220111268661729e-02
-7.135597272549180914e-02
-7.967893694609166910e-02
-7.964976055372946506e-02
-7.193915472761400198e-02
-7.191000386701806857e-02
-7.193289884576192783e-02
-7.193451906716391564e-02
-7.193478303302959509e-02
-7.248798228493616436e-02
-7.245015362239649870e-02
-7.245915882251011131e-02
-7.244885689339804202e-02
-7.244819180594307129e-02
-7.244922102080222914e-02
-7.244890392367009380e-02
-7.245759504757544323e-02
-7.245804453429897929e-02
-7.246104869128745796e-02
-7.246011968569314454e-02
-7.245943395156774491e-02
-7.246012265539550357e-02
-7.246420846214536582e-02
-7.249833350257123277e-02
-7.246911496406205355e-02
-7.246047840749043900e-02
-7.226686432473752864e-02
-7.226673516537597541e-02
-7.235884834988359771e-02
-7.239457038919995535e-02
-7.202121509765825602e-02
-7.201902808759851060e-02
-7.202396226228535703e-02
-7.202091373303734501e-02
-7.199499887731006242e-02
-7.199611849228855498e-02
-7.199366367039407300e-02
-7.198663953791588355e-02
-7.247443595255678717e-02
-7.246716330509364590e-02
-7.246749262058763130e-02
-7.248626988520602554e-02
-7.248426054988944822e-02
-7.250293098989463170e-02
-7.250947252124044506e-02
-7.250840278577717901e-02
-7.251041321043832921e-02
-7.250850240511713674e-02
-7.250913263564086331e-02
-7.251127981271363043e-02
-7.251262479344317002e-02
-7.251240884725583535e-02
-7.251262806153563334e-02
-7.251325623210942706e-02
-7.251285411425106853e-02
-7.251108775584300115e-02
-7.251074244868421781e-02
-7.251417850226211936e-02
-7.487135054942435641e-02
-7.486958180581126943e-02
-7.495082153141952030e-02
-7.474609460379740000e-02
-7.469144444095401902e-02
-7.308516606818227235e-02
-7.309611774646064541e-02
-7.309922993595165119e-02
-7.309657177575600018e-02
-7.309877147444727996e-02
-7.295954734700541011e-02
-7.295937555313726508e-02
-7.304004088900460656e-02
-7.304201764678780462e-02
-7.306255822243579168e-02
-7.306056466418778261e-02
-7.305887263210948668e-02
-7.303806784396388307e-02
-7.304550704050813414e-02
-7.440153260220358500e-02
-7.440133835584622490e-02
-7.440387999344540149e-02
-7.440553673952851610e-02
-7.441119267680829097e-02
-7.441121760562689758e-02
-7.441026138966334857e-02
-7.886848050509541463e-02
-7.871439380592039348e-02
7.658369722345259936e-03
7.658688496993525628e-03
7.649598385428831721e-03
7.646912415789674893e-03
7.648305389681937967e-03
7.654263922968508604e-03
7.601838620027643462e-03
7.685563115549308259e-03
7.648774983642183008e-03
8.959600750712592640e-03
8.904767805656873744e-03
8.912620976439921544e-03
8.917232898602569721e-03
8.917094163224625197e-03
8.906136013319779568e-03
8.905419932579409018e-03
8.981424757017509447e-03
8.976495302333921053e-03
9.074678586966035757e-03
9.054820350786332156e-03
1.050846368646542184e-02
1.051279370244529582e-02
1.051011760005814664e-02
1.051201386332678393e-02
1.049889062035058371e-02
1.049940839024523891e-02
1.038122965277129932e-02
1.038506927326454492e-02
1.039430683969815895e-02
1.039485233217720198e-02
1.040560755713502636e-02
1.039293493550005019e-02
1.041846075809299901e-02
1.042643629404459149e-02
1.042301589431379044e-02
1.042242829341509872e-02
1.042300715937486029e-02
1.042434981444031149e-02
1.043812660700558365e-02
1.043822923472357243e-02
1.055963386490474040e-02
1.047298994538476379e-02
1.047333710116770365e-02
1.047341475417612813e-02
1.042035341021708972e-02
1.041969619157489917e-02
1.041911296375475082e-02
1.042819979796648193e-02
1.060475738215644823e-02
1.060409597374583832e-02
1.060345861148572280e-02
1.060259974592239578e-02
1.039358769730169135e-02
1.039466388085266528e-02
1.037806146542021891e-02
1.037847129219444768e-02
1.036489566854334639e-02
1.035216154755860471e-02
1.035487154297985886e-02
1.036855117097625935e-02
1.037733757552293523e-02
1.037835628634727406e-02
1.038883076389452396e-02
1.038647628788073353e-02
1.033179406586443028e-02
1.037352291211919401e-02
1.037277827770868160e-02
1.036541867643764672e-02
1.037084417422064718e-02
1.035872537815459710e-02
1.039164002788240879e-02
1.037071562106678044e-02
1.030051452471735657e-02
1.029954318728578885e-02
1.029944166889875008e-02
1.029926025181754183e-02
1.030031875764679007e-02
1.030010540656544835e-02
1.030035908491330580e-02
1.030064545538247889e-02
1.030063504158645372e-02
1.124117960615135872e-02
1.127850670222648247e-02
1.132333973293818408e-02
1.132578336800256144e-02
1.128776692498766228e-02
1.129597554016281528e-02
1.129596818078015472e-02
1.129570891370909776e-02
1.129571475357230535e-02
1.129566014243802395e-02
1.129552924358829223e-02
1.129537463510234090e-02
1.129777785560301569e-02
1.129624869303934298e-02
1.165834151554058160e-02
1.166189842379744372e-02
1.166551842070451261e-02
7.746306664314554433e-03
7.728797577909635869e-03
7.727252103348321646e-03
7.751981683917785922e-03
7.751833925848262280e-03
8.064257831402171089e-03
8.017834672322390194e-03
8.074845917845597035e-03
8.074781494660079884e-03
8.074819249167345184e-03
8.074797783724576433e-03
8.076269865461310760e-03
7.929956490157439100e-03
7.921535465850556429e-03
7.845844784101278085e-03
7.800933395213659020e-03
7.800178443975612844e-03
7.825487322857170580e-03
7.824203629841814181e-03
7.823232982779074543e-03
7.825186213332526591e-03
7.819679579009836123e-03
7.806038551214687995e-03
7.819462851538543785e-03
1.090906099422876002e-02
1.088893113539662373e-02
1.089191041049957648e-02
1.093355698601135295e-02
1.093554272640612744e-02
1.093428557279932552e-02
1.093809344336057338e-02
1.093371867529971744e-02
1.093325087853637238e-02
1.093320026838178090e-02
1.092791096777927587e-02
1.092747104389152173e-02
1.092101216521497095e-02
1.091068793237006361e-02
1.090923170167061584e-02
1.092983346816270296e-02
1.421864408416977955e-02
1.421289413404814954e-02
1.421372550300404290e-02
1.420059876367239793e-02
1.420387262720088084e-02
1.420291643364683491e-02
1.419645026869260224e-02
7.933997571797713269e-03
7.921209338536842892e-03
7.920926727558411096e-03
7.921957690627246668e-03
8.014350972045704291e-03
7.884550425348458430e-03
7.886048538942451100e-03
7.922775192580040413e-03
1.172511915135624957e-02
1.172491662892901840e-02
1.172763655129056490e-02
1.217622805023978183e-02
1.217581387550161626e-02
1.218039101920475285e-02
1.218078295669265849e-02
1.218015016627089012e-02
1.217979996028452014e-02
1.218114774350397694e-02
1.218147221126563914e-02
1.218165057808547058e-02
1.218163200124459944e-02
1.217907727589079801e-02
1.218059703006711333e-02
1.218017946045306041e-02
1.217949544513121166e-02
1.218130629488160983e-02
1.218415957682473030e-02
1.219635580018049725e-02
1.219550765401065592e-02
1.219458783390267587e-02
1.219606776036277589e-02
1.219620656713718033e-02
1.219408345286319452e-02
1.219430129427912131e-02
1.219271364097948736e-02
1.219170297403214878e-02
1.219437857328246541e-02
1.222027295560645065e-02
1.221672322878413104e-02
1.221221495920065715e-02
1.221352719512582702e-02
1.221663313671230051e-02
1.221650980868441497e-02
1.220349955892147641e-02
1.217395579663984977e-02
1.217304918425178052e-02
1.217632346043722238e-02
1.208957681491312081e-02
1.208839554060774091e-02
1.208825735751390719e-02
1.208675472103854648e-02
1.208173185027486968e-02
1.208219531544359182e-02
1.208730812971141322e-02
1.208728099082179500e-02
1.208720850465921058e-02
1.208714328896113438e-02
1.220769957403116529e-02
1.220731159180272682e-02
1.210869229307270749e-02
1.211216440341776092e-02
1.210751712672089586e-02
1.809739456856269621e-02
1.809671175939328580e-02
1.809809911375999739e-02
1.812465218469617306e-02
1.786677468308217956e-02
1.793662503521945353e-02
1.802313786706496307e-02
1.802346569155272027e-02
1.802212019433604637e-02
1.802139579150791038e-02
1.802230999290860974e-02
1.801935282193807206e-02
1.799148782032708796e-02
1.799206745981325045e-02
1.799153501878968109e-02
1.820821317697330841e-02
1.820563420172251895e-02
1.820569501171478977e-02
1.820253921512365175e-02
1.820314517067512031e-02
1.821002803088586294e-02
1.820868685708584497e-02
1.820917259146083780e-02
1.820885475554858898e-02
1.820857157985646124e-02
1.820927379013236383e-02
1.821278111700963542e-02
1.821225125507784648e-02
1.821606767701375654e-02
1.820869106218617542e-02
1.820587535745999200e-02
1.820320236328698549e-02
1.820305350839741473e-02
1.820262486158030421e-02
1.724035969895772874e-02
1.723751281399564864e-02
1.722916883698840870e-02
1.722595353794283482e-02
1.722837902003877472e-02
1.699107985346402436e-02
1.707945833874451036e-02
1.983838264589220940e-02
1.985420568766431068e-02
1.985426554909878669e-02
1.985112748173962702e-02
1.908913642218091830e-02
1.908253164184404993e-02
1.906665182472679770e-02
1.908991148211237887e-02
1.907828512867698958e-02
1.909810341530416775e-02
1.900844358883662169e-02
1.901807028457512885e-02
1.901812286466466467e-02
1.901657963683476768e-02
1.898517787918630947e-02
1.915116498880432838e-02
1.914352166039826053e-02
1.914656087582948182e-02
1.905150934922354364e-02
1.919648604822300417e-02
1.901224181744606834e-02
1.901066199900753109e-02
1.902104902864428307e-02
1.902082826341822824e-02
1.902109934685182469e-02
1.902052449054834546e-02
1.902064869861940649e-02
1.898154783787464953e-02
1.896484292403211730e-02
1.896648518404686623e-02
1.895802622637923068e-02
1.895802622637938334e-02
1.897808973504990296e-02
1.897843070418252925e-02
1.897839951419727847e-02
1.897617781298990142e-02
1.897632367074527510e-02
1.844495147162483403e-02
1.843986732109360871e-02
1.847829717283338766e-02
1.893589684340914528e-02
1.894347880002458448e-02
1.894440150698098804e-02
1.894116176812874613e-02
1.894679923164415206e-02
1.894689355675312908e-02
1.894680361045904260e-02
1.894322135198285920e-02
1.894203535316205458e-02
1.894100601526027203e-02
1.893828898433692204e-02
1.893871736415466897e-02
1.893938361966711337e-02
1.893386413738766538e-02
1.893939301376963702e-02
1.893836855491879551e-02
1.892848410872436521e-02
1.892514789250158286e-02
1.891858720872172106e-02
1.892028902477794344e-02
1.892038377739867216e-02
1.892081909649424160e-02
1.892082368902944442e-02
1.892120707464152105e-02
1.892271243805599898e-02
1.891723938580820719e-02
1.891590903377842955e-02
1.888841696945358847e-02
1.889375430605236272e-02
1.889173475461177962e-02
1.889115721011505600e-02
1.889175189645169242e-02
1.889009019995915167e-02
1.889136941197015404e-02
1.886975165388804498e-02
1.889007391936976116e-02
1.201886549083281894e-02
1.202528797666690269e-02
1.202377616140418853e-02
1.447104616582489331e-02
1.449390561975708383e-02
1.448075857713629171e-02
1.446611528747734909e-02
1.445404640081962913e-02
1.445143893130072799e-02
1.445028447768178549e-02
1.445167330946285980e-02
1.445216143420507450e-02
1.445223084533934881e-02
1.444972303507262301e-02
1.445532425500447964e-02
1.445545546151029079e-02
1.445550258616552612e-02
1.445584066509038139e-02
1.445605472087503965e-02
1.445751912237947315e-02
1.444909499249953655e-02
1.444881679924310373e-02
1.444833631955978401e-02
1.445814207465133568e-02
1.444718580269006673e-02
1.445916555448998643e-02
1.445936894177737679e-02
1.445763815974270526e-02
1.445892939091309760e-02
1.446301289830866782e-02
1.446372723636079466e-02
1.446349242020418188e-02
1.446087097767576740e-02
1.446129939381211350e-02
1.445816823132808730e-02
1.445743933787027938e-02
1.445943046373881526e-02
1.445962067765980442e-02
1.446030760760776308e-02
1.446054258463189829e-02
1.446090180080629971e-02
1.444440339301274190e-02
1.445283047255713389e-02
1.445369427940755742e-02
1.444986897509743795e-02
1.445589969357050086e-02
1.444659276521061131e-02
1.446275611387901408e-02
1.446310667045043810e-02
1.446362701635284589e-02
1.446272124619077566e-02
1.446387958570974873e-02
1.569670537152709211e-02
1.569747948200628587e-02
1.569315248882201252e-02
1.569385876206925295e-02
1.569403950494177580e-02
1.569243940285110217e-02
1.569146472943564602e-02
1.174023773704599254e-02
1.173747893151976321e-02
1.174185091797631114e-02
1.174184510591214266e-02
1.173838475731979469e-02
1.171336821792766901e-02
1.171406940880732883e-02
1.171589549851751420e-02
1.171015994615885215e-02
1.170991599530798316e-02
1.171107416265665911e-02
1.171137875680759374e-02
1.172616639196848512e-02
1.162087543766671636e-02
1.162024538685624969e-02
1.162011986942398933e-02
1.161975649275013775e-02
1.162010198116769644e-02
1.159812343193052445e-02
1.159862948138538387e-02
1.159869682205802964e-02
1.159709972511389735e-02
1.159770306753625177e-02
1.159784472549696931e-02
1.159790112349765208e-02
1.179876292685471013e-02
1.252123375984759771e-02
1.251928996290461137e-02
1.252838020491544614e-02
1.275533244564325437e-02
1.616752962473758798e-02
1.606332972393794203e-02
1.606197379082191165e-02
1.606194597229577276e-02
1.606260738465538004e-02
1.606193325849284564e-02
1.606199975665882282e-02
1.605866843893097307e-02
1.605355243557939071e-02
1.605069976666021608e-02
1.605378579630738906e-02
1.606498117302324058e-02
1.606468610183409834e-02
1.606503425223828121e-02
1.606487775460063716e-02
1.606466933900014757e-02
1.606462688848165135e-02
1.606336521039384430e-02
1.606355929581726460e-02
1.606253680416909121e-02
1.606456787340965892e-02
1.606461039118832479e-02
1.606594094423091992e-02
1.607043229077870228e-02
1.607091494561788472e-02
1.613687281298776741e-02
1.613510652757436242e-02
1.613592285134419352e-02
1.610853566081327931e-02
1.610696041390674571e-02
1.611266505087608977e-02
1.611493946968102497e-02
1.612930757231045495e-02
1.616488230329760079e-02
1.615205741073958215e-02
1.615250663216987945e-02
1.615251264815268858e-02
1.613813731703814605e-02
1.613817269781022898e-02
1.613633987452141663e-02
1.614410190780038792e-02
1.613876317639988123e-02
1.612547030399192824e-02
1.615483013968464776e-02
1.615496221939844573e-02
1.615508954367498098e-02
1.369571384993731149e-02
1.369559558052400525e-02
1.369700389822012428e-02
1.370257051918595537e-02
1.370289492511152403e-02
1.370415846589666947e-02
1.370415663146176168e-02
1.370474008692181868e-02
1.370414558850342919e-02
1.370243527428593316e-02
1.370514457882043673e-02
1.370170912973515953e-02
1.370164168955328304e-02
1.344302797682040036e-02
1.362247998961095205e-02
1.353513452089876584e-02
1.352652332042624840e-02
1.352632494464750361e-02
1.368114427932592969e-02
1.367784416849610052e-02
1.365126144935485848e-02
1.365275157982701743e-02
1.369501187837598132e-02
1.369526134258322939e-02
1.370597600169782757e-02
1.369885048556026934e-02
1.374964722413178457e-02
1.374781260278739800e-02
1.368220325332993557e-02
1.370751552722886298e-02
1.370768636014222178e-02
1.370780726497798294e-02
1.370750900886402376e-02
1.370733244567448605e-02
1.369343720967062736e-02
1.370108295652232126e-02
1.370189426288843590e-02
1.370073365632165814e-02
1.351236899637075876e-02
1.351193444706158715e-02
1.349692461337689657e-02
1.349690217677302663e-02
1.349731186621736315e-02
1.354215482306555043e-02
1.358845481432540553e-02
1.358740770576144161e-02
1.358684537008981660e-02
1.358706944532123324e-02
1.368608239136750657e-02
1.368592230159303320e-02
1.368646768726608336e-02
1.370499236489553310e-02
1.375739544688259729e-02
1.375819254658612427e-02
1.375692142091102139e-02
1.375761843789085302e-02
1.375749428964675829e-02
1.375567201668301438e-02
1.375236266205815891e-02
1.372753854886280510e-02
1.373048303495975203e-02
1.216866383664752353e-02
1.216018829809694356e-02
1.216816890577878708e-02
1.217323160858572138e-02
1.217358338254328522e-02
1.471472736318312109e-02
1.472251597958840891e-02
1.472073766765537133e-02
1.472063411864065439e-02
1.472104310914541282e-02
1.472073043788809862e-02
1.472090973549892989e-02
1.472262185661168780e-02
1.472325708380558401e-02
1.471225752075199476e-02
1.471248589504729927e-02
1.471070910511775368e-02
1.483204903330373643e-02
1.483222378954947296e-02
1.483623055388278399e-02
1.474233199273063816e-02
1.477462788677708083e-02
1.477519531102536136e-02
1.475131622548149328e-02
1.480190731556406750e-02
1.480664246195810552e-02
1.480660191209856071e-02
1.480618457510446753e-02
1.486242797298917458e-02
1.486235816985240037e-02
1.486341989280064689e-02
1.490092289477617550e-02
1.490452177074058637e-02
1.490594870198473296e-02
1.490041383943971343e-02
1.490526910963113627e-02
1.492024118395630927e-02
1.486531097760204062e-02
1.469386181091678761e-02
1.467631739929557526e-02
1.467516078185417301e-02
1.467731230893944833e-02
1.467737134116877534e-02
1.467701996332300939e-02
1.467852354583379544e-02
1.467782925536632518e-02
1.467766463659650640e-02
1.467781683277995242e-02
1.467861708717005213e-02
1.467833501659317197e-02
1.467696870719597049e-02
1.467591528215979151e-02
1.467687644925097339e-02
1.467758684986780922e-02
1.467497338257912551e-02
1.612386774254052912e-02
1.610549544887469528e-02
1.600238152877466249e-02
1.600737721309850384e-02
1.600744578699516557e-02
1.600765867910416626e-02
1.600626127538931978e-02
1.699041358386664882e-02
1.699270561869325319e-02
1.698971636772841215e-02
1.687106850856208082e-02
1.702793535210548465e-02
1.702756958783577246e-02
1.711336914430098069e-02
1.696517835904583910e-02
1.696211397055605655e-02
1.696231031029734465e-02
1.697178007197583730e-02
1.693795587893106788e-02
1.693951513723282107e-02
1.695737453177597817e-02
8.147074275109252028e-03
8.496811382511329849e-03
8.501234693027109532e-03
8.500536031467392437e-03
8.500602133081782905e-03
8.516483067614778399e-03
8.511419965812790089e-03
8.523542609604587567e-03
8.522308956101417796e-03
8.515904938861829782e-03
8.118104578006960989e-03
7.964644891033018093e-03
7.963812057977888784e-03
7.958672227269014340e-03
7.950907180571403429e-03
7.956304353371983565e-03
7.952862944229003792e-03
7.953298087771967784e-03
7.952823874982594549e-03
7.952884120528034076e-03
7.952854082705526975e-03
7.952726484413910266e-03
7.952736493796293965e-03
8.010646710145209737e-03
8.023657135642334182e-03
8.039553181354628861e-03
7.999604884263938551e-03
7.997490608440224746e-03
7.997494724240666528e-03
7.999087952809381952e-03
7.998544905938155883e-03
7.998213838259913416e-03
7.998197210261672949e-03
7.937412465826007568e-03
7.950576381137572021e-03
7.991676946859036998e-03
7.960583723509741944e-03
7.963132621518025783e-03
7.963514934428886360e-03
7.964402280785001786e-03
8.104000713543346029e-03
8.103224925525256278e-03
8.104566381861726815e-03
8.095247312661955214e-03
8.095348489800797617e-03
8.094558122347789847e-03
8.094194841269834045e-03
8.092086130913323655e-03
8.085037846034611939e-03
8.098925846246236154e-03
8.096648866388325358e-03
8.081007581153683630e-03
8.074941976455259074e-03
8.075130962775772109e-03
8.065960392717624536e-03
8.091659334584080238e-03
8.089710694101926933e-03
8.069933412335717274e-03
8.077023676054291557e-03
8.074883024158754571e-03
8.077097186936227011e-03
8.076210255935602905e-03
8.076870434350418362e-03
8.076822894122917193e-03
8.076659541003464171e-03
8.076565564014641374e-03
8.076670857942910495e-03
8.076883606265688673e-03
8.076786963606580674e-03
8.076776021490494201e-03
8.076461975941685162e-03
8.077122044200898965e-03
8.076594654180173014e-03
8.075569142144863044e-03
8.075371302839520413e-03
8.076832778122941883e-03
8.076527447962224618e-03
8.076372015370153132e-03
8.076977761393063990e-03
8.072094839353866069e-03
8.060468168854277235e-03
1.383082796048700804e-02
1.383070699638329175e-02
1.383079203201919606e-02
1.383070579384873544e-02
1.383079841928706692e-02
1.383099701791990106e-02
1.351336581379331166e-02
1.369669049561970074e-02
1.369443764924361748e-02
1.369691213631505852e-02
1.369300048300731328e-02
1.369261714918942018e-02
1.369631857695811916e-02
1.369484123986808473e-02
1.369643843239850937e-02
1.369599734834153586e-02
1.368962838867670770e-02
1.370079059792272784e-02
1.370047308970809112e-02
1.367915156872341782e-02
1.367994159542069120e-02
1.367981884115655397e-02
1.368200298757583054e-02
1.368204406461165715e-02
1.368174129703716470e-02
1.368078527727856555e-02
1.369683705532161698e-02
1.370333174382822733e-02
1.370181730589583625e-02
1.370208586512108515e-02
1.370080683926336133e-02
1.370338558683734456e-02
1.370339067789274820e-02
1.373191964440565946e-02
1.367282527810918802e-02
1.369612040698135400e-02
1.362668469627199147e-02
1.364334413822488289e-02
1.364106056424704144e-02
1.364181398965990007e-02
1.366985040884488578e-02
1.366399790882367841e-02
1.369919129013278010e-02
1.369946087542478139e-02
1.369889730569559365e-02
1.360426904865068461e-02
1.362453402299995849e-02
1.361558337724268208e-02
1.361579693378070326e-02
1.362205429206506807e-02
1.362072087387006247e-02
1.363521808108862123e-02
1.363381637852834061e-02
1.000438281090367150e-02
1.000388236927897238e-02
1.000566982951667586e-02
1.000954533071665535e-02
1.004052507531879961e-02
1.004072885394494304e-02
1.003848139399642764e-02
1.004073874528451336e-02
1.008988919599598105e-02
1.008326728201646913e-02
1.008407297665007453e-02
1.008727831995090939e-02
1.008831213222496741e-02
1.010358180944295921e-02
1.010986378642611885e-02
1.028069624329148654e-02
1.052634439193557078e-02
1.052309323670436170e-02
1.052524581855127095e-02
1.052373342728314676e-02
1.052698975323211952e-02
1.052954808121889067e-02
1.052896443068115570e-02
1.033743759914641444e-02
1.797272313901620081e-02
1.791776123614693614e-02
1.792322240615371737e-02
1.792327036380021374e-02
1.792295831224176295e-02
1.792277609423558946e-02
1.792248715585420191e-02
1.792186840601716138e-02
1.792763489926172196e-02
1.792889050209866067e-02
1.792979933537424894e-02
1.792848140162377896e-02
1.792751080277598524e-02
1.788193972556978081e-02
1.788008442800464309e-02
1.790406681931223584e-02
1.927241608602787634e-02
1.927205921911265274e-02
1.298992537247226943e-02
1.298423927114135575e-02
1.298811748835431747e-02
1.298558104164228982e-02
1.297567220955988740e-02
1.297683641998607744e-02
1.297929749453175137e-02
1.360712750142996190e-02
1.360890751782946155e-02
1.361219901860122837e-02
1.354346772553754324e-02
1.354375108287522549e-02
1.354349335997571090e-02
1.354300248482372473e-02
1.354384419419967650e-02
1.355050976875725455e-02
1.354547001371753621e-02
1.353789539372912860e-02
1.353777887876547043e-02
1.352305317776119828e-02
1.352619894727833706e-02
1.356992994685736649e-02
1.357252582722766505e-02
1.357252701237726157e-02
1.357040632770174088e-02
1.357235422821369449e-02
1.357855018890149860e-02
1.350290245924715658e-02
1.350862978200005268e-02
1.350702883469175747e-02
1.350701595463944804e-02
1.351147920197385589e-02
1.351367971236559773e-02
1.351285172785072868e-02
1.351101946245713940e-02
1.351345094383196027e-02
1.351653429234937233e-02
1.349505326957947497e-02
1.355919228652493168e-02
1.406933649555750648e-02
1.406969212646584817e-02
1.407011036946476806e-02
1.407162899034524080e-02
1.407163137569972244e-02
1.407035969736645034e-02
1.406905390578989425e-02
1.406860405932791082e-02
1.406845396539313509e-02
1.406752298963189277e-02
1.406694093596203010e-02
1.406918247451371257e-02
1.406090004815239644e-02
1.406285619755601700e-02
1.406425231325755289e-02
1.406569777666965074e-02
1.406661734228075930e-02
1.405493973058969011e-02
1.405475850342022617e-02
1.365589286968648189e-02
1.398437451605647440e-02
1.362958696786296421e-02
1.363051045126309133e-02
1.363050796879377788e-02
1.363002378726194640e-02
1.362999346191684329e-02
1.363016323945943215e-02
1.363046472392806172e-02
1.363081927442255127e-02
1.363010690649718755e-02
1.363198977636144796e-02
1.362103244202763144e-02
1.361373687126375513e-02
1.361157829461681623e-02
1.361468120944503771e-02
