4.059492912221670212e-03
4.063141552172681858e-03
4.052926360978325454e-03
4.052939522484256575e-03
4.051514983165757991e-03
4.052415701052984945e-03
4.052279566092175517e-03
4.053820133106290392e-03
4.050213461323816377e-03
4.051525443701092626e-03
4.053045509995167536e-03
4.053127745038041796e-03
4.054345555838511500e-03
4.053566608589635051e-03
4.052984998681501139e-03
4.051600891546111062e-03
4.052517401991677197e-03
4.052437069612182217e-03
4.053688929779814508e-03
4.049758948076910905e-03
4.056083354540679191e-03
4.046508499259549377e-03
4.055138271477674340e-03
4.042472826375132465e-03
4.042239205025961041e-03
4.044484948469157480e-03
4.041877675028313771e-03
4.044588950053761359e-03
4.042137006603666732e-03
4.034483682832150364e-03
4.035326215232787860e-03
4.035283450706036480e-03
4.034727451554632333e-03
4.043466369022477407e-03
4.042441934516120654e-03
4.032631524214826992e-03
4.031889594179364003e-03
4.030816029301538192e-03
4.031211088039588462e-03
4.081009102776018624e-03
4.082691245465424300e-03
4.088368094101103856e-03
4.088592413695286629e-03
4.088417384883602859e-03
4.089918516707281675e-03
4.038561241039178608e-03
4.038560313806233669e-03
4.038985487240523246e-03
4.030742183793160731e-03
4.030942734752280751e-03
4.031185224385834195e-03
4.031271247042317492e-03
4.031216362833616243e-03
4.031190987682273241e-03
4.031311838861895841e-03
4.031295908570554573e-03
4.002731600436331555e-03
4.024796704314452002e-03
4.021076116938812964e-03
4.015679387054821650e-03
3.917056461572083863e-03
6.356903430185380927e-03
6.387677704524728946e-03
6.386881204729162945e-03
6.384789960061700367e-03
6.388879366051019443e-03
6.388180937859217617e-03
6.384412566567492474e-03
6.378836113850420118e-03
6.930670575375172740e-03
6.824030003136843242e-03
6.824075523305170657e-03
6.561931959930926428e-03
6.562350926833842961e-03
6.562250134068031357e-03
6.560812577089514264e-03
6.560740583484797606e-03
6.625228077182561057e-03
6.625175411188300063e-03
6.623907323641703773e-03
6.656358114817126533e-03
6.671885089167027723e-03
6.679247430013401758e-03
6.679601390216252828e-03
6.665207107643404856e-03
6.607570071936903593e-03
6.608725001548094308e-03
6.583065237607446663e-03
6.583225864326147821e-03
6.582970736161602651e-03
6.561874542164166518e-03
6.560243382825726305e-03
6.561387271893023843e-03
6.561474187583511523e-03
6.559601186086235804e-03
6.560280056522681431e-03
6.560218955719922945e-03
6.567722733758923209e-03
6.567630504328776306e-03
6.563708101434552293e-03
6.617974472072815292e-03
6.619574902049365356e-03
6.628334798271309780e-03
6.628024284489501990e-03
6.626514490192910584e-03
6.624418352668570535e-03
6.624294371199994542e-03
6.624435441151402433e-03
6.624027490998887595e-03
6.624358056135850638e-03
6.624329487894170358e-03
6.624253670177762329e-03
6.618218134607841731e-03
6.618465936499468710e-03
6.618532387788843459e-03
6.618968987695361510e-03
6.616509803302161354e-03
6.615969835303451597e-03
6.615294339443746410e-03
6.615535426227928464e-03
6.616937329433004999e-03
6.618535761425015963e-03
6.618326494718130074e-03
6.618410066547546905e-03
6.617454647066652040e-03
6.615068241872055360e-03
6.615102626578225377e-03
6.616771077661354368e-03
6.615668122222048350e-03
6.617728420720303019e-03
6.621528128182676068e-03
6.621645853155396812e-03
6.627441738629482638e-03
6.637249161441147356e-03
6.637364447345366243e-03
6.639016992150843441e-03
6.638708041444448676e-03
6.625585010147012378e-03
6.624894412075696577e-03
6.628636588934978292e-03
6.626246522305129401e-03
6.625733182841236912e-03
6.632996070863865501e-03
6.632502045253185069e-03
6.632211493427462787e-03
6.629336410681203016e-03
6.627782775145562785e-03
6.626748843452441584e-03
6.626586034897230353e-03
6.627594466909073577e-03
6.623745038717661349e-03
6.627136059402953527e-03
6.625329561790122349e-03
6.629662965001741418e-03
6.636635600906777566e-03
6.636518208943798132e-03
6.646609740595716201e-03
6.640483828102664542e-03
6.610207012745406181e-03
6.611603645264706001e-03
6.635624990755719342e-03
6.629135495073563283e-03
6.629474175617846438e-03
6.624654952487037812e-03
6.630928974508522832e-03
6.637028417241704406e-03
6.637392437752701914e-03
6.637426219051460220e-03
6.638624738953436723e-03
6.638421433561423994e-03
6.599793924771761404e-03
6.634137943943226555e-03
6.631394543221878594e-03
6.630331209958555475e-03
6.630197190454206226e-03
6.630364081039129970e-03
6.633146890471855461e-03
6.633334930446794543e-03
6.603224185166957708e-03
6.623199804063346907e-03
6.600301411392449011e-03
6.600461445755858615e-03
6.588720382400986911e-03
6.590473638272746626e-03
6.628271314518361691e-03
6.618833030206593485e-03
6.615728212103589440e-03
6.742600185062556928e-03
6.742599719651319601e-03
6.743692321816488304e-03
6.744003189017399105e-03
6.743983373737225465e-03
6.743886783324646618e-03
6.742693025621506776e-03
6.779886252429780796e-03
6.816377038410646391e-03
6.814018525404317954e-03
6.435396662627778513e-03
6.415649391580769377e-03
6.700870602747687095e-03
6.499513809118957763e-03
6.890995091042666047e-03
6.261900754487069107e-03
6.251580679371222110e-03
6.248130208384701165e-03
6.247974658369583566e-03
6.247453126090854805e-03
6.243094041687481839e-03
6.275064540691643704e-03
6.298530131949777594e-03
6.286972885887523108e-03
6.283327429089899038e-03
6.283878567694241996e-03
6.282779323521568531e-03
6.285944510677182739e-03
6.291009383267712023e-03
6.289407699262962968e-03
6.290605888391317436e-03
6.291554385074904672e-03
6.292322799841282115e-03
6.300434207888083206e-03
6.300833815163610699e-03
6.300008954519275423e-03
6.300543523145170008e-03
6.302110918998691039e-03
6.301855658376398842e-03
6.297601467864600254e-03
6.297445432865990921e-03
6.301718002619770276e-03
6.302972348144368804e-03
6.271436162509357558e-03
6.263231205590057311e-03
6.282785589119286272e-03
6.248847018441523564e-03
6.241140027938059907e-03
6.242463120158229899e-03
6.251115171045034703e-03
6.245035368243652060e-03
6.243176650598433221e-03
6.243426069893283706e-03
6.242886355529679056e-03
6.245005214573783742e-03
6.244358019583829550e-03
6.252048679165923654e-03
6.249512934138203024e-03
6.248179143457638536e-03
6.247014590038802058e-03
6.246912455924998574e-03
6.249368014772082799e-03
6.252817575102181079e-03
6.255204377950642457e-03
6.256430127285180984e-03
6.256513641755256580e-03
6.248167378283754798e-03
6.246874395034320709e-03
6.247044994091988622e-03
6.247167848887749675e-03
6.244858563720508474e-03
6.245012139286874008e-03
6.244896045483823085e-03
6.248040674074352603e-03
6.248151007080252582e-03
6.245218227238459249e-03
6.245202982939463375e-03
6.245454591842536894e-03
6.246569660159618370e-03
6.245456031156819236e-03
6.241429759507363846e-03
6.243513848569632110e-03
6.244083353603368906e-03
6.244543312631791951e-03
6.244620037163680325e-03
6.245204594439397738e-03
6.240083187391730173e-03
6.244641255180459656e-03
6.244548181307547040e-03
6.235271590899057678e-03
6.244441720598137464e-03
6.244053467077352766e-03
6.245592480522375693e-03
6.245169627917835850e-03
6.266845908241904482e-03
6.261818022089093300e-03
6.275599274331211154e-03
6.308812516218722730e-03
6.272163882921430282e-03
6.290390299658282433e-03
6.290710811337371991e-03
6.287645020773641180e-03
6.291239144766264633e-03
6.291036079937122744e-03
6.291288501889110048e-03
6.272217960129175020e-03
6.236926821454241709e-03
6.255306496299302410e-03
6.255004706034627236e-03
6.261646908230797046e-03
6.275268873511348836e-03
6.276168653170413961e-03
6.275095348371156206e-03
6.274835318841064970e-03
6.271891632871080986e-03
6.261800763991389775e-03
6.359811262957300836e-03
6.360424890835776612e-03
6.359919907296276639e-03
6.359234238543374357e-03
6.359234238543309305e-03
6.357858387024722252e-03
6.356602329549889373e-03
6.360765579983701686e-03
6.251504339591825755e-03
6.250495178878351377e-03
6.250549234621162985e-03
6.248263483567640351e-03
6.247918943377297162e-03
6.246993448322064532e-03
6.247222372393524195e-03
6.301335913722608782e-03
7.748216054273473347e-03
7.753577052895433905e-03
7.750310000205007724e-03
7.689337418066877206e-03
7.688143017701355719e-03
7.636828517578573769e-03
7.635487105119923013e-03
7.632906019705497716e-03
7.632942448826003472e-03
7.618055168337950663e-03
7.618396592050006612e-03
8.665550694223604980e-03
7.445135925921829954e-03
7.444612394817864791e-03
7.444312585752639773e-03
7.846776781267600712e-03
7.365723275027213912e-03
7.281054814282938298e-03
7.283572180794313858e-03
7.399544507496970749e-03
7.240027991906588557e-03
7.239507290057865807e-03
7.219668241220227219e-03
7.210468932912424654e-03
7.220138159048092481e-03
7.219481246101402093e-03
7.220889125236955655e-03
7.219900768091274193e-03
7.225660213269745683e-03
7.208703648552561814e-03
7.203542403753450223e-03
7.243874318002714412e-03
7.273065705699236459e-03
7.242844706378559830e-03
7.265474032966106471e-03
7.266470899196067132e-03
7.271939884428023707e-03
7.271662720353257864e-03
7.271164842053880716e-03
7.271583171191467118e-03
7.268828583329481688e-03
7.268801933988907997e-03
7.268166194614349325e-03
7.268264173476977549e-03
7.268155336340781716e-03
7.251564148357454200e-03
7.254348925913457757e-03
7.254905485312986707e-03
7.254634475968887823e-03
7.254826090374058740e-03
7.250878896995498375e-03
7.250546439578215048e-03
7.249922047979143018e-03
7.250640230711760496e-03
7.250020366582283007e-03
7.250132840799972458e-03
7.232897560442563302e-03
7.232299907661936256e-03
7.231927231827714117e-03
7.240653020269154083e-03
7.240158541500555343e-03
7.241311126664711113e-03
7.242554890872167708e-03
7.242681018441837412e-03
7.239255751625975864e-03
7.217422737320120137e-03
7.220157950022712892e-03
7.108920009336936949e-03
7.110659372079741226e-03
7.107214688442694064e-03
7.107280408847267347e-03
7.107069262903949192e-03
7.108618407913926303e-03
7.108734788372720638e-03
7.107293826318310422e-03
1.007574907873855577e-02
1.004008274630530453e-02
1.001775072042536581e-02
1.002913089340357576e-02
1.003003964183132174e-02
1.003006884835564230e-02
1.002993968320780790e-02
1.003013739947935731e-02
1.003416217150577064e-02
1.003065660868971906e-02
1.003230730016086043e-02
1.003085711768400383e-02
1.004764787220125202e-02
1.019851283654678135e-02
1.019880192852918449e-02
1.020016886028015171e-02
1.021015428619763757e-02
1.020961325348720451e-02
1.020653311540350994e-02
1.020664343556738733e-02
1.020669983878723895e-02
1.002817552697418853e-02
1.002858112149176452e-02
1.004192237437738673e-02
1.003837786102608660e-02
1.003751093804044689e-02
1.003774595716472318e-02
1.002981348253495671e-02
1.002756487401138333e-02
6.264642617182130009e-03
6.243181116572535036e-03
6.240905743882424125e-03
6.245252251532293006e-03
6.244003731526994935e-03
6.243038246745762944e-03
6.215704671058888860e-03
6.215239753507542826e-03
6.216930514155590351e-03
6.228500240107367678e-03
6.170979067951967018e-03
6.169547593889967638e-03
6.157717985031075855e-03
6.157465211829906901e-03
6.164365324035116223e-03
6.163996938175490999e-03
6.165318950633320687e-03
6.165974711602832496e-03
6.166768809115276070e-03
6.162760515194604626e-03
6.365486655100441836e-03
6.365452020410181967e-03
6.387714238194720090e-03
6.387581982104827832e-03
6.387838158773804717e-03
6.393590173613743384e-03
6.362322200855374116e-03
6.385471711372898290e-03
6.383292228129017025e-03
5.932018857417510095e-03
5.931365464170196278e-03
5.931083647767781443e-03
6.266399810513732273e-03
6.262733141678049863e-03
6.337111786261734846e-03
6.339018338452193438e-03
6.336742200342952540e-03
6.360254625374953293e-03
6.131105782000357239e-03
4.033480581060279631e-03
4.032858894921356047e-03
4.033688472560834765e-03
4.034206540624987736e-03
4.064165221054872115e-03
4.138686808186284316e-03
3.961469268197974694e-03
3.960878233508471381e-03
3.959727282152950001e-03
3.976666775801530017e-03
3.953203681969965494e-03
3.960977827987870181e-03
3.959964233623295034e-03
3.984007628177963986e-03
3.983588194814808095e-03
3.981152947028385354e-03
3.979420396375897388e-03
3.979834817539139487e-03
3.979619987021589672e-03
3.979676199732451632e-03
3.980863544242630413e-03
3.977665144367754750e-03
3.969577465040833274e-03
3.990548091033353610e-03
3.970395476032910834e-03
3.970896307167477886e-03
3.974822998018490150e-03
3.973798637015268399e-03
3.970420738686918603e-03
3.971431043115840852e-03
3.969184678863020219e-03
3.969047985923760020e-03
3.970714476117119009e-03
3.969867478635900199e-03
3.922501478379803765e-03
3.958631586221545047e-03
3.959256747414562072e-03
3.947236253291340827e-03
4.085077162971824730e-03
4.087601599569655811e-03
4.086750129901642499e-03
4.059549121728486636e-03
4.058134899520186335e-03
4.059824353579036781e-03
6.059085490855722032e-03
6.872432173177194306e-03
6.869867733006738628e-03
6.816708187459711264e-03
6.816855288690765007e-03
6.819609946947584496e-03
6.997607370608012467e-03
6.994975791436769917e-03
7.002200258277693594e-03
7.002353986929147137e-03
7.003870370961408874e-03
7.009199508878619610e-03
7.007917867737779860e-03
7.007958237962645144e-03
7.008538262313001969e-03
7.007100220776840867e-03
7.007725517180977103e-03
7.003774286968011790e-03
7.002817581831222681e-03
6.381782939379668576e-03
6.384186422729183283e-03
6.367625782187328817e-03
6.292757145179316003e-03
6.297624021823022486e-03
6.288771486708946007e-03
6.276085172926366626e-03
6.274746770094327165e-03
6.359153916446615845e-03
6.355121601669817301e-03
6.354665003479290433e-03
6.356650151026376448e-03
6.355678809627800588e-03
6.356608165528934012e-03
6.356436164383912762e-03
6.354039128576405293e-03
6.351514333606879045e-03
6.352613673700159037e-03
6.347339811424744689e-03
6.349155382792346855e-03
6.353784930014354931e-03
6.200895716945511310e-03
6.208931664385900460e-03
6.211835834349317687e-03
6.291855080177693321e-03
6.166022399612864670e-03
6.164776818844066621e-03
6.149085811879582975e-03
6.149646256890929467e-03
6.165074202326882233e-03
6.165381399151326734e-03
6.164070392191633128e-03
6.164568796769996813e-03
6.146866156478041424e-03
6.146823697729372586e-03
6.147041113024066458e-03
6.157546330601761098e-03
6.162050102395716551e-03
6.161174659533317013e-03
6.162127028994343267e-03
6.143946438026776265e-03
7.086671788037323880e-03
7.094607920479100230e-03
7.095344136005621652e-03
6.702662343225108781e-03
6.702224255032375975e-03
6.700595099921552097e-03
6.698386979039273013e-03
6.687385519670228408e-03
6.734264486148162747e-03
6.701603449911741964e-03
7.257494291413784347e-03
6.647686396134832275e-03
6.647592276308738821e-03
6.646943481840960136e-03
5.965377361482762132e-03
6.060315343713868277e-03
6.059336656145488005e-03
6.059270638623157242e-03
6.054584648515728973e-03
6.049292983302823230e-03
6.074235883057951292e-03
6.074533421478254223e-03
6.074782791619611801e-03
6.076070632141456623e-03
6.074423839789284789e-03
6.074430111486421244e-03
6.076149277775954455e-03
6.076324832741936306e-03
6.076417776135616469e-03
6.076463936281894726e-03
6.074539608499756119e-03
6.076259654348085786e-03
6.076883512279276228e-03
6.076321542368868546e-03
6.077175513934491950e-03
1.014826097184324052e-02
1.014748897172047283e-02
1.013883289623448807e-02
1.014845178265414045e-02
1.030308119039523643e-02
1.030138550163198045e-02
1.030148653228102514e-02
1.030162991427411266e-02
1.030135898075510738e-02
1.030143370991452000e-02
1.029971258082304497e-02
1.030048319410619903e-02
1.029394005998060177e-02
1.028449540549578739e-02
1.024365095148986951e-02
1.027157433905476203e-02
1.026947674428898595e-02
1.020520607724180115e-02
1.022222396739746152e-02
1.022547288790887250e-02
1.035590208381326899e-02
1.035697928023117040e-02
1.038449863936097284e-02
7.181800489292154872e-03
7.207036456080016633e-03
7.207385801545176766e-03
7.333670300877634038e-03
7.332082510158341969e-03
7.331953107681192516e-03
7.161929381484574871e-03
7.413788796852059312e-03
7.417672571067181544e-03
7.423592504152768702e-03
7.434987781257391785e-03
7.439940384965512514e-03
7.439762948723930083e-03
7.428086156806390332e-03
7.354922888013534950e-03
7.355955825322181216e-03
7.355926585107406580e-03
7.343226255623737028e-03
7.343687248853279781e-03
7.344017850288841499e-03
7.342969659258713130e-03
7.342757130329630004e-03
7.349696128552063272e-03
7.350218197094591024e-03
7.354177088198981908e-03
7.354829370826035037e-03
7.336951801199994780e-03
7.338288594787332336e-03
7.363540593325512869e-03
7.355281237195034419e-03
7.356666379643658077e-03
7.357837960143750848e-03
7.603542188666055461e-03
7.601275416523207637e-03
7.600158733860699727e-03
7.598208079583486894e-03
7.601750510092308670e-03
7.601625635564112499e-03
7.487897544153185488e-03
7.488084839247181185e-03
7.501634591686475069e-03
7.514546363817741978e-03
7.506453699696376096e-03
7.390636431945304084e-03
7.429240820534158997e-03
7.429283468344375502e-03
7.341504516020736990e-03
7.341746240112252686e-03
7.345489520704649722e-03
7.345520893454963139e-03
7.345252032545759521e-03
7.345103564753880342e-03
7.344979174656253613e-03
7.346566254305884197e-03
7.345275557538404401e-03
7.361802682031939361e-03
7.356224040797235131e-03
7.355351196955940696e-03
7.370152614321354677e-03
7.372262098010231961e-03
7.373105328067946530e-03
7.375155956077553490e-03
7.374539675448442237e-03
7.284725748167625650e-03
7.280005741389849669e-03
7.299124303252981470e-03
7.300034326667399244e-03
7.298326189914033230e-03
7.307499872640730795e-03
7.307664587259960452e-03
7.334868806112337936e-03
7.326902261935708954e-03
7.326541870157361747e-03
7.324787960744432933e-03
7.328217095095361858e-03
7.323749142641963403e-03
7.323617540083478955e-03
7.322990260656867326e-03
7.380000811499025370e-03
7.408917940536554128e-03
7.409863727070703163e-03
7.409993449776546004e-03
7.218327070116389334e-03
7.218321922035833733e-03
7.217410764988073379e-03
7.171542580439049623e-03
7.165637893388238262e-03
7.027493077556854276e-03
7.015540395294390767e-03
7.015446990925195032e-03
7.026125769081636302e-03
7.025990747146397021e-03
7.025769734443226139e-03
7.025427537829396357e-03
7.012200035214142049e-03
7.012617954499435723e-03
7.014141158413214616e-03
7.008365295389736883e-03
7.011900312147285180e-03
7.005383146616794669e-03
7.003892672147943484e-03
7.020752937902522035e-03
7.022793506978972089e-03
7.015331996507568821e-03
7.106595327950242756e-03
7.012432321300905019e-03
6.945446824796024966e-03
6.945547401696726061e-03
6.946876685882048472e-03
6.945647351127484832e-03
6.920292422184344538e-03
6.913500761080238269e-03
6.910762123372387808e-03
6.910435522507580967e-03
6.910152040964015301e-03
6.909963578346399286e-03
6.911113869622871955e-03
6.909305721176852745e-03
6.912135129628559430e-03
6.906352399522512446e-03
6.902697065125536213e-03
7.131466084091125056e-03
7.131216984150635235e-03
7.130939824511494871e-03
7.131078289677976814e-03
7.131150367060628582e-03
7.132021449883233638e-03
7.120370924652541164e-03
7.120566610050729599e-03
7.121168716383807079e-03
7.120969631000061660e-03
7.120957801496271070e-03
7.122192908199756131e-03
6.768451249240293316e-03
6.766258885555265223e-03
6.767939000498507211e-03
6.768894369868483189e-03
6.774437094451697672e-03
6.775199626793566680e-03
6.777264562041617098e-03
6.777004366199200838e-03
6.775639865242507817e-03
6.775564870440201233e-03
6.774495066166815252e-03
6.775061400759977044e-03
6.775702217150636648e-03
6.775487804112703683e-03
6.775609528338381871e-03
6.775595542282316849e-03
6.743087313578918079e-03
6.741641078116546691e-03
6.699784980435901163e-03
6.701132227587368491e-03
6.699791152034724299e-03
6.699150144373065656e-03
6.698282952737995982e-03
6.698727439732877521e-03
6.699365538375374324e-03
6.698556277727227108e-03
6.698780369978757365e-03
6.716453901811671179e-03
6.715841413432724859e-03
6.713697725434954536e-03
6.746058179722382031e-03
6.740364384788303208e-03
6.753037074450669516e-03
6.746245589974306060e-03
6.747816377726614974e-03
6.746673614742381038e-03
6.751155838211070001e-03
6.697124159318512855e-03
6.698140786144819378e-03
6.696994568525781524e-03
6.698269630275000344e-03
6.710861629923915370e-03
7.182614578442605806e-03
7.180233604454850163e-03
7.962193756116394544e-03
7.965875878831440646e-03
7.965791150425075018e-03
7.958220398923637404e-03
7.958347708702366921e-03
7.951658218255556326e-03
8.318401463040182159e-03
8.320739572452743801e-03
8.325448452975883415e-03
8.325108854870835046e-03
8.324984489111455013e-03
8.323558353387345426e-03
8.321186951048012426e-03
8.323192488337594411e-03
8.320533443318935130e-03
8.320594866246920282e-03
7.794808796880217487e-03
7.794982069421368606e-03
7.794824777445338686e-03
7.795074502068072807e-03
7.790690749120662492e-03
7.801513597289285243e-03
7.801215038746552206e-03
7.799834296930065886e-03
7.809454341423003113e-03
7.807042815764109189e-03
7.803186214435658616e-03
7.786530678189704756e-03
7.794805776183033781e-03
7.795782070403973682e-03
7.794142931797568355e-03
7.794635618509280529e-03
7.794603817026191268e-03
7.794409475005745214e-03
7.938329028005283033e-03
7.944033336992915861e-03
7.945108049205619818e-03
7.944028116546941048e-03
7.934810709781452837e-03
7.946727348717527728e-03
7.946388424687016866e-03
8.091317447421485926e-03
8.084459081172832781e-03
8.087130573242066328e-03
8.086857741364300925e-03
8.085315930863031658e-03
8.085069963629508069e-03
8.030547888200630091e-03
7.457415252843076561e-03
7.450635995936938545e-03
7.465365886847112956e-03
7.463874959609239843e-03
7.496198855894900884e-03
7.400141164976230430e-03
7.399751043200506091e-03
7.399952957755866374e-03
7.397068213554706603e-03
7.398081017223843807e-03
7.398163040178829149e-03
7.398130825864184489e-03
7.398262020597102216e-03
7.398031167585070178e-03
7.398010130768006669e-03
7.398290360348164577e-03
7.398699121336987233e-03
7.399320003457065392e-03
7.399826180445712165e-03
7.400054047964049926e-03
7.399483303715171170e-03
7.401232538489424702e-03
7.400906634346711074e-03
7.401248632226656472e-03
7.374816218835495048e-03
7.374859748198084319e-03
7.383641196906440621e-03
7.375717627253216765e-03
7.376261561597235138e-03
7.375225575793749495e-03
7.367026236503350367e-03
7.371425321821703860e-03
7.372886378073544196e-03
7.370947851045040952e-03
7.370467748628438225e-03
7.370689668227560672e-03
7.370804567138697881e-03
7.370285573781753738e-03
7.366854474222715721e-03
7.367848782537722747e-03
7.368996056406021400e-03
7.367939361334134921e-03
7.367361806327871014e-03
7.367367589273617415e-03
7.404741277885085876e-03
7.409233933066442998e-03
7.409824242165553854e-03
5.774152631095544157e-03
5.771181516248082705e-03
5.775031461471662013e-03
6.022491109674524279e-03
6.022418208060335322e-03
6.022109212864910910e-03
6.029793182641378022e-03
6.029852982061305149e-03
9.220470533948938591e-03
9.222082538845401828e-03
9.211865069169638404e-03
9.214958873747292056e-03
9.216645706308770891e-03
9.213249195618581841e-03
9.236090716846020662e-03
9.237244706593145463e-03
5.373784004781861912e-03
5.354405311304542489e-03
5.358635301037274583e-03
4.428345763967861393e-03
4.427832608220252410e-03
4.427928100824511312e-03
4.428603262306094086e-03
4.427968834418330446e-03
4.428957299905969709e-03
4.671465842803632952e-03
4.670700785040469982e-03
4.679232063644031200e-03
5.731366466203634616e-03
5.730565559252001444e-03
5.740884186144263983e-03
5.741241070189704102e-03
5.606782885310365207e-03
5.608871804188076890e-03
5.608017134697980931e-03
5.607779356131888972e-03
5.607733305021169075e-03
5.607146547550942439e-03
6.021037436530069821e-03
6.021020376240730602e-03
6.019961545695908488e-03
6.021744388422982895e-03
7.754393116383082041e-03
7.759407744153240180e-03
7.853667232428848677e-03
7.853679466607544832e-03
7.803129043362745480e-03
7.804187410330039668e-03
4.231346432103906888e-03
4.231206676808195802e-03
4.228094626823095115e-03
4.238477001588803784e-03
4.233406831612606357e-03
4.231738560145210243e-03
4.232131658705754092e-03
3.979900757495945934e-03
3.980184310297044462e-03
3.974659561529108980e-03
3.980139875195842607e-03
3.977805793867609727e-03
3.983503800269162787e-03
3.981617432479915390e-03
4.005570858527922329e-03
3.990364086659933286e-03
3.991524178379964212e-03
3.985330417952020685e-03
3.986666244071398330e-03
3.984605435540492131e-03
3.989595478451690887e-03
3.988240748888479542e-03
3.986355590620813995e-03
4.019901329932716767e-03
4.023841412143690059e-03
4.005130754539129069e-03
3.992942282928768280e-03
3.985959555414160700e-03
3.984603761206466539e-03
3.998030857739491052e-03
3.997980997982385036e-03
3.998980222426463602e-03
5.623462539396727883e-03
5.622881336397789545e-03
5.622892921857997918e-03
5.711225424740912042e-03
5.682116223032966304e-03
5.657241767480502247e-03
5.657180058875552371e-03
5.656478643125868039e-03
5.658809844122892133e-03
5.659596871387487585e-03
5.661705797050647221e-03
5.661967151814052170e-03
5.661931179787639025e-03
5.661740980684351610e-03
5.661569688450589916e-03
5.662260445577850347e-03
5.660300743064498874e-03
5.660047826721540699e-03
5.660043776453648791e-03
5.660285959212665169e-03
5.659786764923118753e-03
5.661715366866353592e-03
5.678161711286827326e-03
5.679222574224616037e-03
5.112696020988285669e-03
5.109315374875378693e-03
5.109139943672516386e-03
5.103934865274829293e-03
5.114804421401094280e-03
5.114359434998758114e-03
5.114367012304964211e-03
5.113553353500744150e-03
5.104458194100283674e-03
5.126229394254545185e-03
5.124349770184980293e-03
5.123841179172853276e-03
5.123699751259522261e-03
5.122952354448203488e-03
5.125346258955111069e-03
5.125429023750618582e-03
5.131375876182485592e-03
5.130035589599048207e-03
5.131399839765793391e-03
5.121225490212707315e-03
5.121603056209996473e-03
5.121810244602303767e-03
5.121421280365911176e-03
5.126381066563104154e-03
5.141546567931757489e-03
5.140131224523006997e-03
5.140416015140120143e-03
5.139058544027494228e-03
5.140225154523626536e-03
5.139612606093251108e-03
5.139404447202430663e-03
5.139892615525053741e-03
5.255805492440648700e-03
5.251882284705002013e-03
5.253893017796136891e-03
5.252473850046439179e-03
5.256655545339790521e-03
5.259087594116052325e-03
5.310783406913374867e-03
5.276164777092076305e-03
5.275885208799797887e-03
5.276550790288811466e-03
5.277090924298619319e-03
5.326247032566807857e-03
5.314188629220980946e-03
5.305300060279602263e-03
5.313113491414040920e-03
5.308886647050378195e-03
5.310366049640435383e-03
5.312632490467752641e-03
5.312792811126614001e-03
5.312648972121310209e-03
5.312271280356332254e-03
5.311985502641988766e-03
5.312218200813364696e-03
5.365892862494424549e-03
5.357643291848858055e-03
5.357190019893366857e-03
5.378647572138578990e-03
5.353605829829005854e-03
5.354519276821603259e-03
5.331470887746518270e-03
5.331806886559466163e-03
5.367688375215144345e-03
5.367659288714621106e-03
5.367719587316995347e-03
5.367730572721613434e-03
5.368375540191047159e-03
5.368375128946942416e-03
5.368296344581172455e-03
5.367834418271088051e-03
5.367679185949569311e-03
5.367964457605429486e-03
5.367456772459848306e-03
5.356637465069859390e-03
5.428735710471243973e-03
5.429024428319439120e-03
5.427026753443547728e-03
5.399428956678042728e-03
5.391279322254765964e-03
5.404907496808016194e-03
5.405231102584514592e-03
5.393555858202986504e-03
5.394481801089590078e-03
5.394005810971455248e-03
5.393458126911326346e-03
5.393219937214925770e-03
5.390703214370975993e-03
5.390706074031303106e-03
5.390567749369346712e-03
5.390660562164037786e-03
5.390427406773660481e-03
5.390733555303014492e-03
5.396244440658338505e-03
5.396234510669730214e-03
5.397555145829123144e-03
5.398074869291414127e-03
5.390633383787415620e-03
5.389470530257477188e-03
5.391896282571504578e-03
5.377394428566653270e-03
5.398619664804570235e-03
5.398912151298617366e-03
5.398277280352756571e-03
5.140599844064150208e-03
5.140735470801848471e-03
5.140225420561658418e-03
5.140388230915462174e-03
5.141970316247632296e-03
5.239443640895185758e-03
5.247275418765696628e-03
5.247705009245842017e-03
5.242414503617484449e-03
5.009564190878968218e-03
5.012515064729034138e-03
5.012459034570180411e-03
5.007634452838251662e-03
4.990663157068266596e-03
4.989093307557008507e-03
4.949755533250372805e-03
4.949757757646488024e-03
4.955999082823005393e-03
4.955023302526246481e-03
4.953742221420387795e-03
4.954363525375729722e-03
4.953038531868239440e-03
4.956088161908126649e-03
4.956154472114616440e-03
4.955194043969865514e-03
4.955440212724018280e-03
4.999566753245781280e-03
4.999140055431847487e-03
4.957659540210902598e-03
4.957749984476120426e-03
4.963075370200221124e-03
5.000344149853428594e-03
4.999417019798204666e-03
5.022789574060058763e-03
5.022781643065370519e-03
4.993502864340213475e-03
5.093881620497203722e-03
5.090212978329984941e-03
5.097800916112992312e-03
5.096600957981415290e-03
5.100375537336469464e-03
5.466686805466494832e-03
5.466564588358468861e-03
5.466430148646122741e-03
5.466506358063018788e-03
5.469112029220218191e-03
5.505466091107710444e-03
5.500600831110054496e-03
5.470622892807165509e-03
5.507079628306136079e-03
5.509647937539770973e-03
5.510373298582608124e-03
5.510026756332396351e-03
5.635007316702137642e-03
5.026276226935307880e-03
5.011094202648900056e-03
5.009029014850498347e-03
5.007167537951608474e-03
5.108487782701864356e-03
5.098430156727429795e-03
5.079997485253062717e-03
5.061111936752094378e-03
5.058830742570978936e-03
5.124347556615097346e-03
5.121838874542843610e-03
5.121639835824118997e-03
5.121650633413618592e-03
5.122249429388466349e-03
5.120672496990752963e-03
5.076351834299636101e-03
5.082817481801941116e-03
5.081844052125240180e-03
5.083180425730704673e-03
5.082875039216519508e-03
5.384394773990444465e-03
5.384252534816167009e-03
5.384947050528845168e-03
5.375694746233943867e-03
5.376420864765717178e-03
5.397407187913790330e-03
5.396948337618057145e-03
5.396923925534571377e-03
5.396995318366923887e-03
5.397723491283304073e-03
5.135548322593838991e-03
5.130334508116256818e-03
5.130356328693626983e-03
5.131078559367517437e-03
5.127211582114018021e-03
4.470639700092311590e-03
4.979391685772240755e-03
5.409256250626020245e-03
5.406424779772151315e-03
5.401583023954039872e-03
5.400867078953348367e-03
5.403712331869401503e-03
5.403695339044194655e-03
5.403066673625274256e-03
5.567959267197993695e-03
5.572032052461582154e-03
5.572072659686077428e-03
5.572045930306841408e-03
5.573316184905274286e-03
5.530443896488142740e-03
5.530421620827213197e-03
5.530623010768219786e-03
5.524631657584808987e-03
4.800613179872320613e-03
4.784329442652375183e-03
4.744424683108305722e-03
4.753909056850112898e-03
4.759649420247469113e-03
4.761737819084042173e-03
4.758686134048014695e-03
4.758020362425988484e-03
4.764310455428542868e-03
4.759402680615081038e-03
4.757820232852675787e-03
4.762477620660372259e-03
5.391743986306703033e-03
5.244890688340860321e-03
5.244329680641782350e-03
5.232128198371962038e-03
5.117852018569598108e-03
5.121569778270466597e-03
5.068744362709788447e-03
5.067503853262191917e-03
5.067130419227673828e-03
5.067740316812107196e-03
5.255334507240602346e-03
5.328785587049526991e-03
5.326417974180025668e-03
5.328564558988807542e-03
5.193731834112281891e-03
5.223682266263515034e-03
5.220429759435592926e-03
5.209831456918367562e-03
5.768469023685867531e-03
5.768519739117433653e-03
5.769594442700995071e-03
5.761649484621151132e-03
5.352261807733274014e-03
5.352090825494286962e-03
5.352412230651194293e-03
5.309086579898207765e-03
5.303520142828995095e-03
5.305642081853295146e-03
5.302845822046181601e-03
5.301608157420965341e-03
5.285869680836496887e-03
5.285717249962732477e-03
5.226212880599689567e-03
5.231577571555344128e-03
5.231309426652748680e-03
5.232021546653675345e-03
5.260779673313473702e-03
5.261597162379012815e-03
5.260869381059883783e-03
5.262016129554559357e-03
5.263104921502327789e-03
5.262018238413088134e-03
5.261101596146715992e-03
5.260772157228919485e-03
5.259942402538317005e-03
5.262191851946306301e-03
5.261935898864309943e-03
5.261203765792706044e-03
5.260893840931459009e-03
5.261581416751085448e-03
5.261160720741233157e-03
5.262723821406481428e-03
5.262466745076633569e-03
5.262684279022261137e-03
5.220027371943281209e-03
5.218983597898474609e-03
5.231911397277099786e-03
5.232119826279047273e-03
5.233152017202696328e-03
5.232687170347523169e-03
5.231645005395508738e-03
5.250914303570898209e-03
5.250956812474524490e-03
5.251546050563284627e-03
5.248028568921329386e-03
5.145353113768573634e-03
4.418913680834682042e-03
4.448706236036657422e-03
4.449081250990923053e-03
5.734205436873105431e-03
5.729615735370115898e-03
5.731012865829089586e-03
5.703569005285152003e-03
5.701760685561281516e-03
5.701837741180931264e-03
5.788233454338649435e-03
5.788690687605042330e-03
3.000581547917563745e-03
3.005219510364418641e-03
2.961057492744831928e-03
3.773120650665545348e-03
3.504996050156041452e-03
-1.196220768740673557e-03
7.111650356721010112e-03
7.109022037396711159e-03
7.109100975240341749e-03
7.100957343480792175e-03
7.101993444456515016e-03
7.100330770042531658e-03
7.114111388141929407e-03
7.108078753802125199e-03
7.107733746537352529e-03
7.112282148452262788e-03
7.112199554585816111e-03
7.108118485095129072e-03
7.104803584166094650e-03
7.105527678442271483e-03
7.105380889719050720e-03
7.116348781226307374e-03
6.556940643652227688e-03
6.556562747694179294e-03
6.556751545112642944e-03
6.556887725306968090e-03
6.545768436086638574e-03
6.546127210076841015e-03
6.545982366786979798e-03
6.554237777974275363e-03
6.526579522052308735e-03
6.582266165330959672e-03
6.911912854719444617e-03
5.303986378792323146e-03
5.353987292125883535e-03
5.360380924863555191e-03
5.360129100111400008e-03
5.233671417199384918e-03
5.234205266305793844e-03
5.234081588980198617e-03
5.314724919326972892e-03
5.315853725540368828e-03
5.315920011890358510e-03
5.316093625489719081e-03
5.316200541148002369e-03
5.314462814782942336e-03
5.314757088728402044e-03
5.319109849017449043e-03
5.326506953004137360e-03
5.280765420563054632e-03
5.407845081175556394e-03
5.183234807954597428e-03
5.193467061364358262e-03
5.193256715124693230e-03
5.255077010739968302e-03
5.245187442991931445e-03
5.239614338459333553e-03
5.239725283114844701e-03
5.235312279827280917e-03
5.232638159848336350e-03
5.242914623949795905e-03
5.238390254965006460e-03
5.239813643302938979e-03
5.239245261522459084e-03
5.243035993184850391e-03
5.235770866248309029e-03
5.248711615723312268e-03
5.231792356761124849e-03
5.227470248060048751e-03
5.053748290058943278e-03
5.051579372486678272e-03
5.058180716117368324e-03
5.061911189455727683e-03
5.062111209047184292e-03
5.061286768336708403e-03
5.061362524127744483e-03
5.048493278613151898e-03
5.043121230751194430e-03
5.043852649766766144e-03
5.043621149590474424e-03
5.043981884336154985e-03
5.043503317677429897e-03
5.043527389498566119e-03
5.043700001902508452e-03
5.042116394004331030e-03
5.043303215155782795e-03
5.043332802194063977e-03
5.045868757099360863e-03
5.050210117326634808e-03
5.026937604482356950e-03
5.027471658709598522e-03
5.021967185077293346e-03
5.033360660058668057e-03
5.033871359319822686e-03
5.033678229605030932e-03
5.030496265607004025e-03
5.033366282815359728e-03
5.032216222257715650e-03
5.028552327948474301e-03
5.027724580422009842e-03
5.019740011478902864e-03
5.023447090541458340e-03
5.023644129035204249e-03
5.020803287847740333e-03
5.019116354379366679e-03
5.021031640417688083e-03
5.259964168535646162e-03
5.260476291727430448e-03
5.260755190097094088e-03
5.210603976721643084e-03
5.069885088302397182e-03
5.070700950495676991e-03
5.067053068214808116e-03
5.070491361168753645e-03
5.081781992506228737e-03
5.082360924869821529e-03
5.088173722392562957e-03
5.114385349852183620e-03
5.299827916273625560e-03
5.302519537393874521e-03
5.319883933337037074e-03
5.319674688922946398e-03
5.318749360684924855e-03
5.292377030322300245e-03
5.402611121094633324e-03
5.397515173863606103e-03
5.126960620465828740e-03
5.059176884355411248e-03
5.059812941013667499e-03
5.057694991860015726e-03
4.249212291425279349e-03
4.247358986167820705e-03
4.250441001151981056e-03
4.249151741828302402e-03
4.248469552633341376e-03
4.248356423167794216e-03
4.234329467652667676e-03
4.243535162307642689e-03
5.111841094814056560e-03
5.110435937632234853e-03
5.112424923298494912e-03
5.112678301800435178e-03
5.109503318300241681e-03
5.118911008013261356e-03
5.051049364398823779e-03
5.168783637052273491e-03
5.168789567810708196e-03
5.165989354544762643e-03
5.167512545954448290e-03
5.167873644891982608e-03
5.168543734370597588e-03
5.251509684412445679e-03
5.251657622943029478e-03
5.038481038497864654e-03
5.036539324885542547e-03
5.032574610517477447e-03
5.042381305323999016e-03
5.042418094592608820e-03
5.042262951710600564e-03
5.026848090591334341e-03
5.027245958536137246e-03
5.026750502471117633e-03
5.026022986579174040e-03
5.031823102881716539e-03
5.026331372488250515e-03
5.024728342794917459e-03
5.024245799008207787e-03
5.026275224811894114e-03
5.025324464594161170e-03
5.022910952188976326e-03
5.024335456615879221e-03
5.024618801921478667e-03
5.024601681272098698e-03
5.025848279639933899e-03
5.023346509326967468e-03
5.023676691941874814e-03
5.025612836770433807e-03
5.025401175356293375e-03
5.025261477854896762e-03
5.024640808254397795e-03
5.041036929717225556e-03
5.041664324607373487e-03
5.144467658478168483e-03
5.145185520684417493e-03
5.145419820061756383e-03
5.147229163257586830e-03
5.149014838217044754e-03
5.150225642407585923e-03
5.148031826744351759e-03
5.138237197396988871e-03
5.138810638848726256e-03
5.138889046289460763e-03
5.138877082236727872e-03
5.140088651932976475e-03
5.140097751597572096e-03
5.144136521786487823e-03
5.151399553471398135e-03
5.163560231308126497e-03
5.164244386559518028e-03
5.172617245320973618e-03
5.173173341931503605e-03
5.182323379449654821e-03
5.265224088634167486e-03
5.266547456989866850e-03
5.265988261056543662e-03
5.266556068933097440e-03
5.266858413752821197e-03
5.265990926087364687e-03
5.266159952181933418e-03
5.266172762028212620e-03
5.250928917795370278e-03
5.250604931438447066e-03
5.250376804969928562e-03
5.251035147957724449e-03
5.252603895132760235e-03
5.255433833065538754e-03
5.244609826165183911e-03
5.250297816569859596e-03
5.249642706332290076e-03
5.249436832986007981e-03
5.249814831469778661e-03
5.249959287206051699e-03
5.252090781605015142e-03
5.248076642844550117e-03
5.191254941663354244e-03
5.276406905259201779e-03
5.263310384164159896e-03
5.261347449101561914e-03
5.254439845805240587e-03
5.253255939798248848e-03
5.270617478007971757e-03
5.252498002535089736e-03
5.252361602926367348e-03
5.264843364872386598e-03
3.666744419701929020e-03
3.656670509065058222e-03
3.657924792004192162e-03
3.657907145063147430e-03
3.656969490761133919e-03
5.199187960721595239e-03
5.172279445815587684e-03
5.207395497686868359e-03
5.239284118802802100e-03
5.239230043032002543e-03
5.239194327196182444e-03
5.239386554974199799e-03
5.243211654930551857e-03
5.608855245517640337e-03
5.608905309882311618e-03
5.680737295527702943e-03
5.679034128406366608e-03
5.675443851876059778e-03
5.681414103273173949e-03
5.681422011236782546e-03
5.681924562344436297e-03
5.668733854031418953e-03
5.668864201129667629e-03
5.673296404014839360e-03
5.672277780225274887e-03
5.676648261041731050e-03
5.677671364002872569e-03
5.677465879881584722e-03
5.677743264028293005e-03
5.679337597110557627e-03
5.679486117151111811e-03
5.679106872480118272e-03
5.679085540763982587e-03
5.677210218519428489e-03
5.679155401219626066e-03
5.680506661272500396e-03
5.645919634358172005e-03
5.689088211241943339e-03
5.682513540438945479e-03
5.682979466604713530e-03
5.682951210189877977e-03
5.684354322568031283e-03
5.683950711987206285e-03
5.683660649928937159e-03
5.683820978419447043e-03
5.687448425151730991e-03
5.689201710965616741e-03
5.684542740499764699e-03
5.683645153778634981e-03
5.692912296113740792e-03
5.692695835923643893e-03
4.755430222304448014e-03
4.756443431496927554e-03
4.729004619476544040e-03
4.728950394106740292e-03
4.729161290284051959e-03
4.824866900764004755e-03
4.687535046926772850e-03
4.669793448097201045e-03
7.295874311148651918e-03
7.302425071291297927e-03
7.309716315798944243e-03
7.311950398957959771e-03
7.310998444099994602e-03
7.303403100111785159e-03
7.302518327620286832e-03
7.304703637469458360e-03
7.302059111017659976e-03
7.307098606777123924e-03
7.299040441394462342e-03
7.296314290165879096e-03
7.297278038293994636e-03
7.303569654536322918e-03
7.286665994516127766e-03
7.288453967392915199e-03
7.289016671958557965e-03
7.286950059315996063e-03
7.288104893302608210e-03
7.288326510152293158e-03
7.289512944562979643e-03
7.288255454433679482e-03
7.288946133130845030e-03
7.286596471777730816e-03
7.286476409024507037e-03
7.286609717641885468e-03
7.287089101037242875e-03
7.291709090724633052e-03
7.291831800920694703e-03
7.297839862224286302e-03
7.297004931139449563e-03
7.297847185259832316e-03
7.298212235039161846e-03
7.295407596588654627e-03
7.311802668061056186e-03
6.826344733714744158e-03
6.807072356261803861e-03
6.807036749189392631e-03
6.801403711993702847e-03
6.803148308551454533e-03
6.803194322849974440e-03
6.799665728789913710e-03
6.801985401674327456e-03
6.816587068668135234e-03
6.816348493669092436e-03
6.816114880918654716e-03
6.814686405856842412e-03
6.860449292674646905e-03
6.888944035624019503e-03
6.888597010506117453e-03
6.888281096313123714e-03
6.808718850253340019e-03
6.808022524433939363e-03
6.811090581872390227e-03
6.808767828022040981e-03
6.804490071356456178e-03
6.851839583352744775e-03
6.848263864262826503e-03
6.847518039721866775e-03
6.841040600085441896e-03
6.841342096129090188e-03
6.840939546568271419e-03
6.840821251120331528e-03
6.841184972595819140e-03
6.837983230900194533e-03
6.838328552265501847e-03
6.843247007764628569e-03
6.850520924405302872e-03
6.862629316495548817e-03
6.863034122933277768e-03
6.846699063661795814e-03
6.846909941067051524e-03
6.841022732062314836e-03
6.841712925652063473e-03
6.667720318472953114e-03
6.670954355751079409e-03
6.649199273735817602e-03
6.649606689798473295e-03
6.649117926469212507e-03
6.649340936721957057e-03
6.648792050126391476e-03
6.650213740825634649e-03
6.650992137184856025e-03
6.651860501747042242e-03
6.651473923279194178e-03
6.647550047221534308e-03
6.647967633900030843e-03
6.648129031040898168e-03
6.645614664048956656e-03
6.644447156654452805e-03
6.643606714893217358e-03
6.643561144772803205e-03
6.648480666597692858e-03
6.648529397167222965e-03
6.647780722326208230e-03
6.645073502160878456e-03
6.639526844505800988e-03
6.477393658148029691e-03
6.478651295633731239e-03
6.323073745444489357e-03
6.730660966253021460e-03
6.729198128445027655e-03
6.729838394185035447e-03
5.646174505965080928e-03
5.646309646459271060e-03
5.646629167465199058e-03
5.639311806197307847e-03
5.664980278963066204e-03
5.664863307150300002e-03
5.666463700046388968e-03
5.666269211014621394e-03
5.667166623064392138e-03
5.658527667701284021e-03
5.651941137336500415e-03
5.651954678918456876e-03
5.651924216346707920e-03
5.654321864816397661e-03
7.154039938811574545e-03
7.154248064739762367e-03
7.154653918849389338e-03
7.147419056234378607e-03
7.148273371482198428e-03
7.310719609922192858e-03
7.310469016801375390e-03
7.311039378282179965e-03
7.315654084031975382e-03
7.315964858738223213e-03
7.315044945716416350e-03
7.314778270249691627e-03
7.313838586828580977e-03
9.200299781063160653e-03
9.200288603402840756e-03
9.195003135805722774e-03
9.178012031092669387e-03
9.165284683201877988e-03
9.277642143959685325e-03
9.277445061666021731e-03
9.277498954322060953e-03
9.277007873486816172e-03
9.210842392015684138e-03
9.209866780472851858e-03
6.553297759647421818e-03
6.550237638474165451e-03
6.549950893501935330e-03
6.550906724930101628e-03
6.542843189581982501e-03
6.545267316158972712e-03
6.546609194533144042e-03
6.546879641414555390e-03
6.547995791792629756e-03
6.546588108545923872e-03
6.545644579834430238e-03
6.546102769161170343e-03
6.544634842520304086e-03
6.543634664941236183e-03
6.543663494073906697e-03
6.543596056522843311e-03
6.544645267245525165e-03
6.546191098347016978e-03
6.544240331933032055e-03
6.542716492209681503e-03
6.543042111029921150e-03
6.546338314575911831e-03
6.545827964234633700e-03
6.545269201170425197e-03
6.548311319290000057e-03
6.548952958870597751e-03
6.544994862591715229e-03
6.544933430262978198e-03
6.542203670425346222e-03
6.544639405065316891e-03
6.546031823692968765e-03
6.549124052837177259e-03
6.532187984467576099e-03
7.118412526963117416e-03
7.112143844753721425e-03
7.111058208006348219e-03
7.109901061940542173e-03
7.110991882490862170e-03
7.111831846125449968e-03
7.113196563351948006e-03
7.113290294385767910e-03
7.113911852129133420e-03
7.112968701647738069e-03
7.113602094506329097e-03
7.113515562318561448e-03
7.024270654800284300e-03
7.097702029225107581e-03
7.089905417762569842e-03
7.085193208501731552e-03
7.084911728987290831e-03
7.085228541462582075e-03
7.085356466393380633e-03
7.085198307406181256e-03
7.085597197988526517e-03
7.085040453936292983e-03
7.085968213598132018e-03
7.085648900766184678e-03
7.085371322020920376e-03
7.085507187128989824e-03
7.085123318967943666e-03
7.085410887516128617e-03
6.874260722807087713e-03
6.875027694899102371e-03
6.875354100422240156e-03
6.875068044296205397e-03
6.875721059636825429e-03
6.876093006415541498e-03
6.875841354677659362e-03
6.876330022807435570e-03
6.875781184204224870e-03
6.333500311853022292e-03
6.348193354148551869e-03
6.907771730276451340e-03
6.897437132814387278e-03
6.900172572843541255e-03
7.065463709238574246e-03
7.110160450126497625e-03
7.106514092422394797e-03
6.733983103993584386e-03
6.780189767606184179e-03
6.826035899183440642e-03
7.462355640568278485e-03
7.477193683174976693e-03
7.372508949937965801e-03
7.374494971234684358e-03
7.367904008013626861e-03
7.346250643727406798e-03
7.343456913354664412e-03
7.336015517698493867e-03
7.358903299591343025e-03
7.362376057501781451e-03
7.362281749056518235e-03
7.359648990398104558e-03
7.359012489216803198e-03
7.360096333375598827e-03
7.361055226755300329e-03
7.361813903717804621e-03
7.358765184385988867e-03
7.360981978981870344e-03
7.360261375619556179e-03
7.361217577212828510e-03
7.127500896919446854e-03
7.123091811537628562e-03
7.123170843523179974e-03
7.123485041467144535e-03
7.123325264584209372e-03
7.122793819902568241e-03
7.120163677906388676e-03
7.126492578818001238e-03
7.127316584133875678e-03
7.127727344131041740e-03
7.126860984971946505e-03
7.128594323472030661e-03
7.129382576498435875e-03
7.129014000751150368e-03
7.132098480455154738e-03
7.128297413060172456e-03
7.118427901854456653e-03
7.138097856657923783e-03
6.938950721596383493e-03
6.939125162747161214e-03
6.934137939670018819e-03
6.936778063803831357e-03
6.933724852699441922e-03
7.140803783823129053e-03
7.133170239547010141e-03
7.137723578184657601e-03
7.061405610843119775e-03
7.034455190361794258e-03
7.041239687704535163e-03
6.666882213094462058e-03
6.978228998520602522e-03
6.979040486816722941e-03
6.980478199105546316e-03
6.984145255402293695e-03
6.984521126351054231e-03
6.976663849785559764e-03
6.976357867543738975e-03
7.058373749460674675e-03
7.062482567473300256e-03
7.058811655761958528e-03
7.059862161036801163e-03
7.065558890629471643e-03
7.059231059725811983e-03
6.892427011146746302e-03
6.886809628829671306e-03
6.887057383627803384e-03
6.860399287920436288e-03
7.089020236775395861e-03
7.088927005742775254e-03
7.088378940057525959e-03
7.086293201611929861e-03
7.085047088428324258e-03
7.075564794674502750e-03
7.076568691152205874e-03
6.981476036848763972e-03
7.000783076823730543e-03
6.990894494065071942e-03
6.985006760545055954e-03
6.987949095900104941e-03
6.966521943500020124e-03
6.924038397542053511e-03
6.946413750300309969e-03
6.966382077675427852e-03
6.936802029265239262e-03
6.936762099421838780e-03
6.945305501674797766e-03
6.943952426007878910e-03
6.944243057057110889e-03
6.943491310700656595e-03
6.938704990122323939e-03
6.938997180782465087e-03
6.938720785135169336e-03
6.939559425263783048e-03
6.939371064516886359e-03
6.939216881663486797e-03
6.939749261788976178e-03
6.939947954807105905e-03
6.940457148322877988e-03
6.941640619676508681e-03
6.947677316362861448e-03
6.952451957107366569e-03
6.949845233249397729e-03
6.951068611365376210e-03
6.956344512962760532e-03
6.943596444599372738e-03
6.944054690086214586e-03
6.951966501391928371e-03
6.934542147072882655e-03
6.934098483110430651e-03
6.938188068022371237e-03
7.055401797530795951e-03
7.049691000882571217e-03
7.048279154165813104e-03
7.047184683225451649e-03
7.044920739152075138e-03
7.047922814712610610e-03
7.049389450565614855e-03
7.048868204891991195e-03
7.048070945899641629e-03
7.099278099565152662e-03
7.099370347873217024e-03
7.096942891380264920e-03
7.107276826891043529e-03
7.106619547569466115e-03
7.106044872192111665e-03
7.106327039278239471e-03
7.106132394181747386e-03
7.108593637389425818e-03
7.107745780660854919e-03
7.104619844204143608e-03
7.104734075661259078e-03
7.070993148829667584e-03
7.090982231124877931e-03
6.916656783046170633e-03
6.924837328973912007e-03
6.881509783800840267e-03
6.883161243765835262e-03
7.377009522000276681e-03
7.379859069218823280e-03
7.227092418344042632e-03
7.228961617633328056e-03
7.229997569525828567e-03
5.380479838312589129e-03
5.380493619930724024e-03
5.380319399497713283e-03
5.380231258042987227e-03
5.379589719833879728e-03
5.380967213035884461e-03
5.380396873533099984e-03
5.380472836521852514e-03
5.380384461585037761e-03
7.217715818033486851e-03
7.215071343934307234e-03
7.214845150945912132e-03
7.214965341341607157e-03
7.214535103773071952e-03
7.228399218251954639e-03
7.264218330727266991e-03
7.265329547201479499e-03
7.265060862323945157e-03
7.300541289971493666e-03
7.309155073874619435e-03
7.305756246987837356e-03
7.307224534896183954e-03
7.307437160886677205e-03
7.307997633031253389e-03
7.308571825702962418e-03
7.308557602493952546e-03
7.308674670004734232e-03
7.371689763853370159e-03
7.340060310941627295e-03
7.346763394999547905e-03
7.346958887767806971e-03
7.297899481800978506e-03
7.297631642829879341e-03
7.297270000442317855e-03
7.297078204160338186e-03
7.338400545401235590e-03
7.315155418231360403e-03
7.314476238672649663e-03
7.315150796918130742e-03
7.314264529454968591e-03
7.314253050288587257e-03
7.314725933275156161e-03
7.315723319442465206e-03
7.314838685002055668e-03
7.313710020967969724e-03
7.314143577256283953e-03
7.314385153248779622e-03
7.314386724138552051e-03
7.314428775512520076e-03
7.314746337451312995e-03
7.314655216258418927e-03
7.313716123694308756e-03
7.312605278154108920e-03
7.261831766282830433e-03
7.261895577061482782e-03
7.263038333561547613e-03
7.263043840232189657e-03
7.265765209660662513e-03
7.261578203831184873e-03
7.264771721059592839e-03
7.264937966959938292e-03
7.264046633244112226e-03
7.263327036572870578e-03
7.263518796858554026e-03
7.262683932037494738e-03
7.263907397488444072e-03
7.263457956130735423e-03
7.262788753419839594e-03
7.259714120638412899e-03
7.229542551270463566e-03
7.229923160202012325e-03
7.229927371618294872e-03
7.232724126177679687e-03
7.232634580919747140e-03
7.233705653663593735e-03
7.233208214618858795e-03
7.270661015670339469e-03
7.268266103061186978e-03
7.267601375009992946e-03
7.267596950145598783e-03
7.269579923249168928e-03
7.270916350172241562e-03
7.270576315392704089e-03
7.270374821906056689e-03
7.270346873785452427e-03
7.270180324359663479e-03
7.268369184177306437e-03
7.268577422011679098e-03
7.270715095970559268e-03
7.264623606854342386e-03
7.265721138874262075e-03
7.385341610003566017e-03
7.383808000398534022e-03
7.394019982095639126e-03
7.399569142106258123e-03
7.399676018720519922e-03
7.398866500156031645e-03
7.403542884977448030e-03
7.408238472621011921e-03
7.404982438372184096e-03
7.405236160828962064e-03
7.406917055871747174e-03
7.411874644437513489e-03
7.404061636377272902e-03
7.405564907456152653e-03
7.408895210268083738e-03
7.409319890660980013e-03
7.409801230696658539e-03
7.409947841357559205e-03
7.411810582102692016e-03
7.398424224573776041e-03
7.392171127449834872e-03
7.389014276143334066e-03
7.389121404466948879e-03
7.387173314408365145e-03
7.389538264931010472e-03
7.390152666849713128e-03
7.389488802911805231e-03
7.377789610423741984e-03
7.378790564165283589e-03
7.315178593852153521e-03
7.310983216397164142e-03
7.312226121643116382e-03
7.311529396270517039e-03
7.416202619549985310e-03
7.416562293812809827e-03
7.231262029592734966e-03
6.306251888070348727e-03
6.300324293951736591e-03
6.338520375272176446e-03
6.338689018321677290e-03
6.338400033725316920e-03
6.337892262745670191e-03
6.337759196661949847e-03
6.340487610459306055e-03
6.340572202181309069e-03
6.333771647034667357e-03
6.333431129796092754e-03
6.333609540349543349e-03
6.330630462264907193e-03
6.334433990356638268e-03
6.331230735084988730e-03
6.329491595789830255e-03
6.334426624126943475e-03
6.355102078393546489e-03
6.354926211240953006e-03
6.358460292105044820e-03
6.354402569611410437e-03
1.379902422578512672e-02
1.374077035888119497e-02
1.374875130463738306e-02
1.396225705222505116e-02
1.398779752424239749e-02
1.287322846043032973e-02
1.291968343150374718e-02
1.291994227610003890e-02
1.291526920902278698e-02
1.291488837214797500e-02
1.290086048325863634e-02
1.290264099203103365e-02
1.290223866310828867e-02
1.290272636050411419e-02
1.290344354789331807e-02
1.291811594154127982e-02
1.285693332238966799e-02
1.285821005121161494e-02
1.285729524708951327e-02
1.285731314539294810e-02
1.285450636434446424e-02
1.292754182142548044e-02
1.292757359484249247e-02
1.293833936801621308e-02
1.293949701764724597e-02
1.293947710131852953e-02
1.293894604035107643e-02
1.293863591939174544e-02
1.293876907704882145e-02
1.293929273758090588e-02
1.293831501663200885e-02
1.293899821883633464e-02
1.293917738138232292e-02
1.293996452005385066e-02
1.293777122020407094e-02
1.290054744400014226e-02
1.290956230324946143e-02
1.290729245369766527e-02
1.290783409417737941e-02
1.290795681755590313e-02
1.293890439461198652e-02
1.293031742870549665e-02
1.293016889046197208e-02
1.295788347422050305e-02
1.295272590549687020e-02
1.295179827049727436e-02
1.295180411062353716e-02
1.295170755132928585e-02
1.295213826183952942e-02
1.295227057110505745e-02
1.295172655205970892e-02
1.295267070457709578e-02
1.295118142342908431e-02
1.293392855126510380e-02
1.291954912147007598e-02
1.291933546239075990e-02
1.292841351474665126e-02
1.292969214972255684e-02
1.292889230568112016e-02
1.292611155697746990e-02
1.292614426187044946e-02
1.292597963658078525e-02
1.292593351823803464e-02
1.293025681513747423e-02
1.292774330135398886e-02
1.293738723054060034e-02
1.253950079575458926e-02
1.262470687685980988e-02
1.233646282245720940e-02
1.227896189800868100e-02
1.227898519663398087e-02
1.227929744943567422e-02
1.352650360388764697e-02
1.338611307220300556e-02
1.340970123042737640e-02
1.346631393829918026e-02
1.330550033511130638e-02
1.330627845654670967e-02
1.330573175120720354e-02
1.331430621326119314e-02
1.331519217973571242e-02
1.332598199020950704e-02
1.332615419506446436e-02
1.336201137073779813e-02
1.335819022506822863e-02
1.335951155091070520e-02
1.328368709795352438e-02
1.328090224963067445e-02
1.328189976776857247e-02
1.328059491204803752e-02
1.327815540795524059e-02
1.327878643230927420e-02
1.327964180965323857e-02
1.327559936434921650e-02
1.327463013657051091e-02
1.327369127780330012e-02
1.328173392742937504e-02
1.327543253754197468e-02
1.328079462877583723e-02
1.328317378318259051e-02
1.324583032470025463e-02
1.324438256611168083e-02
1.324480916946608675e-02
1.324402309074979890e-02
7.085652093791265128e-03
7.104350995656530041e-03
7.103517818439525518e-03
7.017268560222130955e-03
8.573622801450771561e-03
8.574000780493843191e-03
8.471339841059178505e-03
8.447535825044715646e-03
9.955905311884991060e-03
9.972067992065621750e-03
9.972355841501185161e-03
9.961898149918362727e-03
9.963644797854205246e-03
9.960493050214173916e-03
9.960514514829684266e-03
9.961350019340325240e-03
9.962443390409419716e-03
9.961633889106492543e-03
9.960302799220574141e-03
9.959007297119014043e-03
9.876175382479175993e-03
9.890277315975500375e-03
9.891053140517948317e-03
9.890976528432885231e-03
9.852346938231660439e-03
9.859093982428169395e-03
1.424477376742970536e-02
1.426634212386696139e-02
2.475638291738694111e-02
2.475626992312048025e-02
2.475701555124001571e-02
2.488857696238991682e-02
2.484482461919277144e-02
2.449704608933984604e-02
2.467198492666619267e-02
2.467553826572182335e-02
2.467360290549200710e-02
2.467345737599059563e-02
2.467346313889590484e-02
2.339366836155692964e-02
2.354854181248496742e-02
2.256721389781276427e-02
2.206765979389314208e-02
2.207158343046368085e-02
2.207013758867333933e-02
2.250880052744470144e-02
2.247562497972205656e-02
2.247958966318532384e-02
2.247715240571728640e-02
2.247837718635929682e-02
2.253312957496165711e-02
2.252802473358968272e-02
2.252842625593079115e-02
2.252640273943572885e-02
2.248751249452458217e-02
2.257688224974666036e-02
2.257533789395188215e-02
2.257757117094463112e-02
2.258458430823899465e-02
2.239834519432223545e-02
2.242755513245639140e-02
2.275186722185599045e-02
2.277739075472724750e-02
2.648564542907077060e-02
2.648664557892174351e-02
2.648511106831100484e-02
2.648551969565473771e-02
2.644963206120729687e-02
2.645117943775915012e-02
2.682152525449489275e-02
2.681883411679573601e-02
2.682200744612213070e-02
2.682012343300054294e-02
2.682225349581202761e-02
2.682191798413217920e-02
2.681845782430761216e-02
2.681881092791162102e-02
2.669994845080982809e-02
2.669863966678100164e-02
2.669820523387787109e-02
2.669509306593642259e-02
2.674021338244594523e-02
2.672836689784169675e-02
2.670984493399146398e-02
2.671829829867378853e-02
2.674840428700038519e-02
2.674831993068550740e-02
2.674841355976907004e-02
2.674676288760280754e-02
2.674747661959416337e-02
2.674603937218060848e-02
2.674615560701572303e-02
2.674599916886216677e-02
2.684249960140487265e-02
2.625960936383182551e-02
2.656676843101389227e-02
2.656592802573866374e-02
2.656609702805782028e-02
2.656611085770526487e-02
2.656264467041447030e-02
2.622265247755875550e-02
2.622278913496452549e-02
2.622388471002721697e-02
2.622378101431380171e-02
2.622422351903806390e-02
2.622397776755003990e-02
2.622300524505716268e-02
2.076373564644615893e-02
5.273920303103195838e-03
5.539415321715627019e-03
6.271921068330753996e-03
6.273073023020842715e-03
6.288581960872648494e-03
6.288123389521543122e-03
6.289394617709326632e-03
6.288672234925827415e-03
2.055025916176433237e-02
2.052561834645584560e-02
2.053014051165805848e-02
2.053014817535647393e-02
2.050596703836255266e-02
2.050644865204006087e-02
2.050889380567220283e-02
2.054738345695543422e-02
2.049858581798065169e-02
2.049802298877175660e-02
2.054816355131459243e-02
2.027225697781282615e-02
2.027390266092141125e-02
2.026747770499908244e-02
2.026807580066659550e-02
2.026725907133487478e-02
2.026673102369425800e-02
2.028241119532207815e-02
2.033922082847148399e-02
2.031942690197833384e-02
2.033066570168092294e-02
2.032684100509628278e-02
2.032395492170654266e-02
2.031913906064752515e-02
1.930752041966786459e-02
1.931364257482567903e-02
1.931121460334294868e-02
1.931131939082577492e-02
1.931603237247517951e-02
1.930911203929639580e-02
1.930632959642972907e-02
1.930474848919602401e-02
1.786605436912354697e-02
1.788335975199098482e-02
2.054301564603540353e-02
2.054796533909955536e-02
2.055589017779291955e-02
2.055619913054474585e-02
2.055629370277594486e-02
2.062084613170281702e-02
2.062054261125710261e-02
2.062185430081580131e-02
2.063501487379848856e-02
2.063667520443163150e-02
2.063915812972711913e-02
2.065943161898142408e-02
2.065580374936411626e-02
2.065605911196028571e-02
2.064757128223780255e-02
2.064672764962617590e-02
2.053878403701565186e-02
2.102184697822556333e-02
2.102221878247546513e-02
2.103981173017838852e-02
2.103772773028513357e-02
2.106587237265046542e-02
2.106731964917179720e-02
2.106716972081383588e-02
2.106728660178452256e-02
2.106554651900513150e-02
2.106819199982555568e-02
2.106979974093965008e-02
2.106419496260753671e-02
1.909025039940058163e-02
1.908609531099337425e-02
1.907154179011990094e-02
1.920872382150545093e-02
1.982856812659534659e-02
1.982831093598890967e-02
2.003478342487889294e-02
2.002818727168062182e-02
2.002198775098706571e-02
1.998530606573659801e-02
2.004752115154564626e-02
2.004718058202219211e-02
2.004975978364069780e-02
2.005187508903431490e-02
2.005695931429754900e-02
1.970994806378651223e-02
1.971201149952905157e-02
1.971714192380071701e-02
1.971012315052936628e-02
1.970844543955959510e-02
1.970857745030409058e-02
1.970884935538938856e-02
1.970873210984760635e-02
1.974307029685489628e-02
1.962795727839923218e-02
1.962396159633517101e-02
1.962732755328117779e-02
1.995190339653060696e-02
1.995158877389549557e-02
1.994145386254022115e-02
1.994363871454573126e-02
1.994151259207329815e-02
1.996017155405135218e-02
1.996364707768121666e-02
1.996652489396093591e-02
1.991239131703511148e-02
1.997094592618675959e-02
1.997123202256004953e-02
1.996862758600579865e-02
1.996756038352107826e-02
1.997016415017140514e-02
1.997229475378832150e-02
1.852154400907709067e-02
1.850775772080053005e-02
1.857475500291761242e-02
1.853603850370852055e-02
1.853326599839632757e-02
1.853423958547581463e-02
1.853567339205417983e-02
1.859652613138012417e-02
1.859052449769774476e-02
2.194514486682872662e-02
2.194508821919635005e-02
2.194471689514064516e-02
2.176079534033029464e-02
2.176040536621670282e-02
2.176423572246764804e-02
2.176583128767772823e-02
2.176552723458344621e-02
2.197883849984795870e-02
-5.464821648904343368e-03
-5.464645483946374907e-03
-5.464377042974964162e-03
-5.464152908415243967e-03
-5.464333874025403305e-03
-5.464156093873078109e-03
-5.464809792501678157e-03
-5.464089955681749114e-03
-5.464034728642423733e-03
-5.453161133717189871e-03
-5.454355442976339778e-03
-5.454071370881729414e-03
-5.454345842722012165e-03
-5.457639402102068896e-03
-5.457275596300797081e-03
-5.456898855046178783e-03
-5.454080723417153477e-03
-5.457700741034999213e-03
-5.457624859165784853e-03
-5.448917385155359165e-03
-5.447998893603373492e-03
-5.448338410510063928e-03
-5.339779970672415069e-03
-5.339846597162683541e-03
-5.340003232896023931e-03
-5.339487613207519016e-03
-5.341779071090246162e-03
-5.341847542234681896e-03
-5.342372670700463663e-03
-5.340412436851502999e-03
-5.340488585030721790e-03
-5.340534116111524988e-03
-5.338791854239707466e-03
-5.341045929196292820e-03
-5.351665917555182249e-03
-5.350378098569333503e-03
-5.349626875053545803e-03
-5.354977033999278567e-03
-5.339110717469989879e-03
-2.884470832401988746e-02
-2.884432679649523781e-02
-2.884490394616759379e-02
-2.888613329582328387e-02
-2.884210221639028557e-02
-2.884058196295811657e-02
-2.884346165326623357e-02
-2.885673074550520675e-02
-2.885364092993010846e-02
-2.885159106559438344e-02
-2.883326664343100615e-02
-2.883226914729214441e-02
-2.883208552207391570e-02
-2.888909385232567642e-02
-2.889011464458505693e-02
-2.766236029082173517e-02
-3.070762727205116754e-02
-3.070682992899132283e-02
-3.066984911757231549e-02
-3.066645470646899366e-02
-3.066659592222458278e-02
-3.092539922468750049e-02
-3.112865726253425183e-02
-3.113056676443043055e-02
-3.113002470061990504e-02
-3.009824526351792540e-02
-3.009905987257041615e-02
-3.009715023986558532e-02
-3.017361437178175607e-02
-3.017824869209050423e-02
-3.017869399487490764e-02
-3.017014071379245377e-02
-3.017989963775098705e-02
-3.018378320359924732e-02
-3.018405602827567077e-02
-3.015773157977505795e-02
-3.155260353605975759e-02
-3.217018564806291281e-02
-3.217243672561168055e-02
-3.217218354818841830e-02
-3.217237804865688555e-02
-3.216247074392447614e-02
-3.216293637074316841e-02
-3.154876946717566355e-02
-3.154900461523638122e-02
-3.152772685417517401e-02
-3.153883511688648084e-02
-3.152797965379575129e-02
-3.152715603693727331e-02
-2.977550669019653901e-02
-2.972614974559253595e-02
-2.973287034276522744e-02
-2.975910207417096359e-02
-2.974016046062562951e-02
-2.974116642490532911e-02
-2.974102404824903803e-02
-2.974427734434206480e-02
-2.974209725698793300e-02
-2.974225605155663560e-02
-2.974057453122010836e-02
-2.974070410684097679e-02
-2.974056117651084630e-02
-2.974048997627806376e-02
-2.973774081222754773e-02
-2.972888766985803607e-02
-2.972355179267692146e-02
-2.972392464359527309e-02
-2.972693275579212785e-02
-2.977086994857219490e-02
-2.976778361908464371e-02
-2.977159918647090397e-02
-2.602722858919484863e-02
-2.951973822508794504e-02
-2.951366898129576324e-02
-2.951038782348448450e-02
-2.950535341797211678e-02
-2.933127960515688123e-02
-2.966202104155710520e-02
-2.965475954705859216e-02
-2.966078726873514274e-02
-2.966099090815417852e-02
-2.968004487337065969e-02
-2.963642993617441462e-02
-2.965870799549211873e-02
-2.965714478279789235e-02
-2.966210412157305187e-02
-2.963752391356785226e-02
-2.963461332479785937e-02
-2.963083332517152391e-02
-2.963041141405706180e-02
-2.963168091702438056e-02
-2.963214799675586292e-02
-2.963083571949404540e-02
-2.963443382043154384e-02
-2.964596886508497758e-02
-2.964971565773983492e-02
-2.964637552738495774e-02
-2.964618570487994112e-02
-2.963580736426832396e-02
-2.963146129320393812e-02
-2.963201172119097129e-02
-2.963263940871708330e-02
-2.963282141439110839e-02
-2.963104338691736547e-02
-2.963087249570895212e-02
-2.963223461898728886e-02
-2.963050288229908402e-02
-2.963377957511992636e-02
-2.970797128252311917e-02
-2.957571106672864103e-02
-2.957799729242175171e-02
-2.955936053335228228e-02
-2.963981004994396817e-02
-2.964032023792405671e-02
-2.963891789419286285e-02
-2.962992011462049421e-02
-2.963663648926030333e-02
-2.963602275756789181e-02
-2.963905752101144223e-02
-2.963668102986555253e-02
-2.963586261691093446e-02
-2.963717339573095078e-02
-2.964174719151318332e-02
-2.964543552582262625e-02
-2.965289074633488051e-02
-2.965163970897038287e-02
-2.965212843548855823e-02
-2.962845620549067749e-02
-2.972152448721520832e-02
-2.972265811466217114e-02
-2.972261382876541930e-02
-2.972072733980723677e-02
-2.972292874668998677e-02
-2.972217650966279059e-02
-2.972246389284553467e-02
-2.972254930525562722e-02
-2.972243140750614743e-02
-2.972352240453867908e-02
-2.972346519683257901e-02
-2.972230725414954852e-02
-2.972281548921606315e-02
-2.971704675890412747e-02
-2.971342770393288826e-02
-2.972418575531045673e-02
-2.973056247350544523e-02
-2.973215964817559412e-02
-2.973451700961031799e-02
-2.973479493560581000e-02
-2.972408665723444074e-02
-2.972667815062671193e-02
-2.973064064392633155e-02
-2.970567757881201892e-02
-2.972038657630789518e-02
-2.972040406984746003e-02
-2.972247576699681496e-02
-2.972327767345131141e-02
-2.972420405254432366e-02
-2.972806017078628849e-02
-2.972242035880929764e-02
-2.972021646909088488e-02
-2.972584046812585395e-02
-2.972395950642476789e-02
-2.972341098878435173e-02
-2.972277605579839652e-02
-2.972521437881651962e-02
-2.972695434353518629e-02
-2.971836163123452862e-02
-2.963212436580470177e-02
-2.962711510883372229e-02
-2.962695274550151275e-02
-2.961362362449948549e-02
-2.961245306885058881e-02
-2.963123534142120957e-02
-2.963147790193501260e-02
-2.963270931520823465e-02
-2.963144842872789120e-02
-2.963163951855617845e-02
-2.962658004634154477e-02
-2.963608549167759745e-02
-2.963283468677178900e-02
-2.963582783318730735e-02
-2.963713647708334994e-02
-2.963968666782267058e-02
-2.964058373365201920e-02
-2.963422665969124223e-02
-2.961392157741303197e-02
-2.917030727373750437e-02
-2.918696629212767096e-02
-2.900624989233599460e-02
-2.900530190624363291e-02
-2.900566197340763430e-02
-2.900599134460503381e-02
-2.901943210194005141e-02
-2.906281423490417182e-02
-2.906485444008256522e-02
-2.905257165706710831e-02
-2.905059135933105510e-02
-2.905099015296151374e-02
-2.905083784119640022e-02
-2.905009782944108568e-02
-2.904913631492988743e-02
-2.903324416942852648e-02
-2.907823886507934080e-02
-2.908432633730288416e-02
-2.908531010619746365e-02
-2.908152912073658919e-02
-2.902009283703941428e-02
-2.902675139346578073e-02
-3.487504847223599214e-02
-3.487356080846740897e-02
-3.467185662946507124e-02
-3.446231578038560367e-02
-3.446213886675416477e-02
-3.446105338642861671e-02
-3.446103672101390875e-02
-3.446190020837501533e-02
-3.446245274332453840e-02
-3.446057373752735298e-02
-3.434837706580565198e-02
-3.434678678642676120e-02
-3.433600678758817748e-02
-3.434965522835266988e-02
-3.656327417523053819e-02
-3.656410056278418946e-02
-3.656280147626992522e-02
-3.656664506943005377e-02
-3.656910183551716209e-02
-3.656276424745737164e-02
-3.655462080055114221e-02
-3.655327556643181430e-02
-3.657506852739728087e-02
-3.657519998595792216e-02
-3.657453041783639142e-02
-3.651977742937950744e-02
-3.651996102581970410e-02
-3.649386923048639209e-02
-3.667710995930177631e-02
-3.667551276419189765e-02
-3.650154427074183555e-02
-3.656013669495544738e-02
-3.655900481658146128e-02
-3.656045172650814606e-02
-3.654908076605733330e-02
-3.648554821450496893e-02
-3.662368466267180295e-02
-3.658450538626681348e-02
-3.658504922086221189e-02
-3.340755824176257216e-02
-3.342209808521299369e-02
-3.342193852878955901e-02
-3.342006418024835029e-02
-3.341809089027657914e-02
-3.341694274543875742e-02
-3.260161582995787372e-02
-3.242981613883069714e-02
-3.242977636675451608e-02
-3.273539293767384339e-02
-3.281462026435897489e-02
-3.280177465113556790e-02
-3.275439240248116668e-02
-3.275439070342949649e-02
-3.275439999334158608e-02
-3.275817667938628330e-02
-3.279818496583428167e-02
-3.280162464819659507e-02
-3.280119717480252384e-02
-3.279939464665055510e-02
-3.279618252400230693e-02
-3.279622307917794827e-02
-3.242065316928352536e-02
-3.245117810172645084e-02
-3.244668992457733214e-02
-3.253175856983157865e-02
-3.254249890332649997e-02
-3.267209035530952571e-02
-3.267503535975703477e-02
-3.260723585388096424e-02
-3.260709298613179846e-02
-3.235397014926737203e-02
-3.235548691507213886e-02
-3.235719767228012467e-02
-3.235170947915350093e-02
-3.235624704665181900e-02
-3.234916990211160470e-02
-3.235679243696739510e-02
-3.235345158646656810e-02
-3.235163862162530879e-02
-3.235439501834286302e-02
-3.260033198586231862e-02
-3.259881152831224649e-02
-3.296750327291091825e-02
-3.296728097980087396e-02
-3.296799054787473426e-02
-3.305872032342444672e-02
-3.300881140637497435e-02
-3.336574678880640382e-02
-3.336634640670495949e-02
-3.525708962892953879e-02
-3.318624563104045216e-02
-3.391766644785543933e-02
-3.378355344259156845e-02
-3.377390466605188768e-02
-3.405400164250261402e-02
-3.405458642280426163e-02
-3.406145288141868011e-02
-3.406201174033829382e-02
-3.406820277525463708e-02
-3.407378752437458663e-02
-3.397443140375638881e-02
-3.394497894868828830e-02
-3.399966442103274922e-02
-3.398462018564332027e-02
-3.398655668874978747e-02
-3.397578168457793951e-02
-3.397620619319752233e-02
-3.397313666355918776e-02
-3.397096212572907337e-02
-3.397272802881982912e-02
-3.397610092031550649e-02
-3.396921085443023458e-02
-3.396912100231057330e-02
-3.396732606780641928e-02
-3.396902918060647203e-02
-3.396826429757242999e-02
-3.397302794876200238e-02
-3.397536704913989986e-02
-3.397334316120356745e-02
-3.396985125660997168e-02
-3.396996136216968304e-02
-3.397068829154249736e-02
-3.397350109859877815e-02
-3.397527763441832160e-02
-3.397272514239103869e-02
-3.396902332217215797e-02
-3.396893774380783243e-02
-3.397453454675877088e-02
-3.397020422538277878e-02
-3.396790408475526546e-02
-3.396798168861531186e-02
-3.397635479086003052e-02
-3.396824762177809431e-02
-3.397212370785664126e-02
-3.397197111412205567e-02
-3.399258847996759064e-02
-3.409924748109898623e-02
-3.388158604668760343e-02
-3.386634093826881853e-02
-3.387678709500677177e-02
-3.387830757570182982e-02
-3.387000633250230458e-02
-3.386789392804152865e-02
-3.387558830571568702e-02
-3.387640167731587743e-02
-3.386431968713129320e-02
-3.386292920561002895e-02
-3.385101491940905455e-02
-3.385065463587671325e-02
-3.386788134333720834e-02
-3.386545087172634222e-02
-2.253374673505589149e-02
-2.253298878671308389e-02
-2.253048395386562583e-02
-2.252934032077753834e-02
-2.253781605988646602e-02
-2.253078097014354214e-02
-2.252865851577332684e-02
-2.254601405228570665e-02
-2.254612233194905682e-02
-2.245382179687370819e-02
-2.245586041302326946e-02
-2.245544587583345533e-02
-2.245472842168861130e-02
-2.245611124582601661e-02
-2.245629410293645614e-02
-2.245643738202529952e-02
-2.247184564762138778e-02
-2.247137796781076627e-02
-2.246555680452237344e-02
-2.246664215221001737e-02
-2.246536360739665936e-02
-4.417118209586696348e-02
-4.416770611804866215e-02
-4.414709239223952447e-02
-4.417476054932080454e-02
-4.290828793294595295e-02
-4.281516814017077843e-02
-4.606360560577463931e-02
-4.600959709183669033e-02
-4.603217988694074253e-02
-4.632472216164819356e-02
-4.632548743713005290e-02
-4.632405155940864244e-02
-4.631986815925415168e-02
-4.632347359983476909e-02
-4.633635601445500185e-02
-4.633316003039103514e-02
-4.635039460684492463e-02
-4.635305186807468086e-02
-4.635028944826243003e-02
-4.635134938078670080e-02
-4.640837305978071786e-02
-4.640394333908438168e-02
-7.190226422228966630e-02
-7.190421191888923813e-02
-7.190021437073422506e-02
-7.190181150299812529e-02
-7.190377663343489045e-02
-7.190480165941530444e-02
-7.170047366372653275e-02
-5.852023447546264578e-02
-5.851961221627175608e-02
-5.875248931545315467e-02
-5.876369668760321463e-02
-5.863401079346320516e-02
-5.869177746228378817e-02
-5.839992187892573128e-02
-5.839974538852453489e-02
-5.840145398857626846e-02
-5.847138995409353196e-02
-5.848005873189292964e-02
-5.847613599065133727e-02
-6.084735963899313288e-02
-6.084686745507806444e-02
-5.701577666267888117e-02
-5.703684175338886997e-02
-5.705058621489877274e-02
-5.705121113634388508e-02
-5.705742054687722858e-02
-5.704695285528308540e-02
-5.705809842794062198e-02
-5.705666519470145581e-02
-5.705385698209839568e-02
-5.705760572961802307e-02
-5.705589665623608114e-02
-5.705432609281434891e-02
-5.705140744032415751e-02
-5.705206744194172425e-02
-5.705317475395191990e-02
-5.702620177098194354e-02
-5.702786248507905886e-02
-5.702697032696698448e-02
-5.702615376473939290e-02
-5.702754678678517014e-02
-5.702778038001175831e-02
-5.702725509120380037e-02
-5.702796781406502952e-02
-5.702605461195182912e-02
-5.701970233148618422e-02
-5.702179174980395726e-02
-5.702405268343245515e-02
-5.702323055596062590e-02
-5.702524360019177452e-02
-5.702515457606183863e-02
-5.703761169784768437e-02
-5.703628253546581817e-02
-5.703978366258724564e-02
-5.703686685040839505e-02
-5.703092629569866956e-02
-5.703068979748143058e-02
-5.703630184148288790e-02
-5.704212302576004701e-02
-5.704801706954895635e-02
-5.704523677446302066e-02
-5.703230276894181994e-02
-5.702881819293808413e-02
-5.702494883622218763e-02
-5.702634029601282711e-02
-5.702490653023715300e-02
-5.702496693218404855e-02
-5.690353027963488547e-02
-5.689805413987910482e-02
-5.689824206635670650e-02
-5.618773161061699911e-02
-5.618372505815168172e-02
-5.623061507052176666e-02
-5.624100051288724589e-02
-5.623872065913476659e-02
-5.602798815577874486e-02
-5.604657381872321653e-02
-5.534096756268912926e-02
-5.534003436714454022e-02
-5.534009362620437300e-02
-5.707430506492083139e-02
-5.707507542860366240e-02
-5.708288605416240308e-02
-5.707965415253559577e-02
-5.708111706834393534e-02
-5.708308324005924306e-02
-5.707522447813430377e-02
-5.707403585390283252e-02
-5.710114329418013862e-02
-5.678001277327419938e-02
-5.678367771477115661e-02
-5.678401275180336438e-02
-5.678410036135588673e-02
-5.677928959832762718e-02
-5.678144750544147218e-02
-5.678146893196277245e-02
-5.672790319212332039e-02
-5.673215119226124314e-02
-5.673523733009074033e-02
-5.673400415852428852e-02
-5.652764450262221657e-02
-5.654196983116845793e-02
-5.653058785866173913e-02
-5.638704748227206520e-02
-5.638547170794170477e-02
-5.637260489223839405e-02
-5.660709751267613277e-02
-5.647950797942777323e-02
-5.647107527005831851e-02
-5.483357208765336083e-02
-5.484342319631038687e-02
