-2.788728379206527330e-02
-2.788781331039459632e-02
-2.789288557916350109e-02
-2.789195533665211890e-02
-2.787457061350323562e-02
-2.786162510096130973e-02
-2.785991416139723537e-02
-2.786516371228764388e-02
-2.786610759798405224e-02
-2.785924273669507234e-02
-2.785667628742033441e-02
-2.784710368602399955e-02
-2.784887792785417648e-02
-2.785080978444584576e-02
-2.785305247120853367e-02
-2.785350741347331766e-02
-2.786511723062710250e-02
-2.787008884380423601e-02
-2.787477684062741878e-02
-2.787258837543858669e-02
-2.787612621380194944e-02
-2.787143003098278837e-02
-2.787109137989497720e-02
-2.786739104452634619e-02
-2.787093692451352717e-02
-2.788116533848163450e-02
-2.786239695199921318e-02
-2.783938468980372283e-02
-2.784294404464402600e-02
-2.786348131114841503e-02
-2.785148003248564402e-02
-2.786566727957609513e-02
-2.786254086508602179e-02
-2.786762012662978225e-02
-2.785686637374258645e-02
-2.783856042024682523e-02
-2.783531239476067648e-02
-2.783483338365178375e-02
-2.784473781193719244e-02
-2.784599435914059465e-02
-2.783081440204690157e-02
-2.782989867600879977e-02
-2.787437147410772725e-02
-2.787300890413569113e-02
-2.787697762460719306e-02
-2.786434849256365712e-02
-2.786232857103318819e-02
-2.786056233275236230e-02
-2.785683396596610323e-02
-2.786228379680107808e-02
-2.786438577229033431e-02
-2.786133110759450582e-02
-2.786204080393423280e-02
-2.786264644261508827e-02
-2.785216145231091470e-02
-2.785111444280504930e-02
-2.784573213727271554e-02
-2.785055915938581400e-02
-2.785071660144751438e-02
-2.784700132908514078e-02
-2.784734961552792418e-02
-2.785140270898598530e-02
-2.785004443314781711e-02
-2.790016685843686728e-02
-2.792145574714137435e-02
-2.792014189230745957e-02
-2.791997007074930107e-02
-2.792059166195486053e-02
-2.791818302713548750e-02
-2.791963839610673084e-02
-2.792177185379366225e-02
-2.793319941870142653e-02
-2.793292637974444104e-02
-2.795598174089514512e-02
-2.795208622055802769e-02
-2.794992014755679974e-02
-2.794889705020207546e-02
-2.797006814866725283e-02
-2.796404337273818153e-02
-2.792504956479302525e-02
-2.793335156279097564e-02
-2.792668894578391112e-02
-2.797836040516445480e-02
-2.801652061063155189e-02
-2.793940273173288469e-02
-2.801987443107445408e-02
-2.799068593802334776e-02
-2.798410680742156181e-02
-2.799547185006608790e-02
-2.799443784874384306e-02
-2.798091368226072323e-02
-2.796114609912118618e-02
-2.801529822275844808e-02
-2.801184446991560745e-02
-2.801896040599806750e-02
-2.800215620768956026e-02
-2.699262087037062469e-02
-2.698063635659303169e-02
-2.698000562511875325e-02
-2.698321554927564370e-02
-2.699002848223331155e-02
-2.699021197184676285e-02
-2.699220277009950139e-02
-2.700477534967120688e-02
-2.701178709179491433e-02
-2.700715208460064895e-02
-2.701328041815168751e-02
-2.700682478315666671e-02
-2.697998753137108990e-02
-2.696586204536458725e-02
-2.699009527759056726e-02
-2.699296112159800878e-02
-2.696879802896053405e-02
-2.697195084337882312e-02
-2.697628395760841291e-02
-2.697421992946103658e-02
-2.697915253659095500e-02
-2.697429657524819113e-02
-2.697859553778312464e-02
-2.697267032512732157e-02
-2.699266707118091677e-02
-2.699155834205987231e-02
-2.697753920105070216e-02
-2.698617460143626010e-02
-2.698526682581437949e-02
-2.698261234907261760e-02
-2.698333936763364430e-02
-2.704274549545709894e-02
-2.701691993400710118e-02
-2.700989708522825994e-02
-2.700935494987426883e-02
-2.700866118415012201e-02
-2.701030929243280684e-02
-2.698931860345971101e-02
-2.698737491199213953e-02
-2.698005952702715177e-02
-2.698131976582806082e-02
-2.702821325723078413e-02
-2.708268318114865486e-02
-2.657093033963338347e-02
-2.657175306966041289e-02
-2.654192376128358330e-02
-2.655828327298827632e-02
-2.653885584630060954e-02
-2.654452006880916176e-02
-2.653718183742337713e-02
-2.659344723312411646e-02
-2.657643098239764745e-02
-2.656937259555687200e-02
-2.657284295886988904e-02
-2.657263642701625239e-02
-2.679367998277599680e-02
-2.665517774369185328e-02
-2.665961463902179196e-02
-2.665702038674627392e-02
-2.666213383473632278e-02
-2.666523384455543599e-02
-2.665938809023473896e-02
-2.666275040715241490e-02
-2.665970795536716162e-02
-2.658390932756820105e-02
-2.657505734894138535e-02
-2.659896998440842986e-02
-2.659474267929319569e-02
-2.662669856422025111e-02
-2.662373222931908173e-02
-2.660538653370377038e-02
-2.658459970644700548e-02
-2.660473864599688723e-02
-2.659897633523412505e-02
-2.658784573049311623e-02
-2.661338551828985530e-02
-2.663810549674493211e-02
-2.660878677033991918e-02
-2.659960918066752236e-02
-2.662583590966889624e-02
-2.660159051510329470e-02
-2.660768985799650405e-02
-2.664685714282010592e-02
-2.664217741576910270e-02
-2.664153311879534011e-02
-2.662549715677591661e-02
-2.662695161358704862e-02
-2.662850673338830118e-02
-2.662723426693285392e-02
-2.662427434207082291e-02
-2.661937575971786221e-02
-2.662154614770037911e-02
-2.662554906623832568e-02
-2.662314001830118695e-02
-2.661756033694494608e-02
-2.661495330544238341e-02
-2.661425664694572896e-02
-2.660379587733753201e-02
-2.657049413825504289e-02
-2.653986404600306576e-02
-2.653913425152211111e-02
-2.671850402373747435e-02
-2.745493276886770348e-02
-2.748320426266101860e-02
-2.748185638199037231e-02
-2.747776916547178469e-02
-2.742768894965058948e-02
-2.742594248340679552e-02
-2.743189436749620541e-02
-2.744195863254596940e-02
-2.744386754638330345e-02
-2.744436115380456676e-02
-2.737208745343163926e-02
-2.738403305976923677e-02
-2.736606740419672557e-02
-2.738014840550982709e-02
-2.742029866735378948e-02
-2.747588361566130968e-02
-2.746811064308643524e-02
-2.746253350850267130e-02
-2.746419457894432037e-02
-2.742905382924647542e-02
-2.744337434129850636e-02
-2.744947345861374968e-02
-2.734275385756407620e-02
-2.733675083117793198e-02
-2.733178072594861369e-02
-2.734446587351736443e-02
-2.732027357656258842e-02
-2.731997386966854985e-02
-2.748199077683528835e-02
-2.748057784387220037e-02
-2.748538132724309691e-02
-2.736514670426243995e-02
-2.831054913548499904e-02
-2.828447758553457800e-02
-2.826982597928102969e-02
-2.826106533792907549e-02
-2.825966932002915363e-02
-2.828441474917543427e-02
-2.828035012254874123e-02
-2.792840976708382134e-02
-2.781453424189722287e-02
-2.814370440983156654e-02
-2.813536812842340820e-02
-2.814157825206109118e-02
-2.816860690331781519e-02
-2.816900133620306446e-02
-2.816906573990250046e-02
-2.817669681530028669e-02
-2.817678070631927587e-02
-2.817671019113153139e-02
-2.815009965153772442e-02
-2.818495888694266815e-02
-2.811788397996130631e-02
-2.815748660338498327e-02
-2.817030042544841142e-02
-2.817248488528317427e-02
-2.816800897074444796e-02
-2.817452803160694699e-02
-2.818071270247987647e-02
-2.818007123528755431e-02
-2.816216296458932955e-02
-2.816606479995225829e-02
-2.816769900895859172e-02
-2.816658492169281380e-02
-2.816472230824438802e-02
-2.816197293444143782e-02
-2.816039079817291013e-02
-2.816353962981362966e-02
-2.816123826562997798e-02
-2.816665935940295198e-02
-2.816191690882679718e-02
-2.816109856540358058e-02
-2.815307241132270280e-02
-2.816376898236845269e-02
-2.816711158113041971e-02
-2.817096424912155644e-02
-2.817132742684630778e-02
-2.817345322304065647e-02
-2.817172239036925749e-02
-2.817416296353513275e-02
-2.817406130016350888e-02
-2.816891206969664857e-02
-2.816824434675850933e-02
-2.816226533631869047e-02
-2.816082378352756030e-02
-2.815881185107730125e-02
-2.759845111076117061e-02
-2.766717721108544539e-02
-2.764749606412936211e-02
-2.762252163416384701e-02
-2.761855980056321033e-02
-2.763054310312497083e-02
-2.763692961333158796e-02
-2.763619678711842081e-02
-2.766248115612909148e-02
-2.767022452111551206e-02
-2.760784006241882860e-02
-2.764260445056651930e-02
-2.763121935619328520e-02
-2.763940628364016522e-02
-2.763187108187302107e-02
-2.763146808609101904e-02
-2.764445517891438511e-02
-2.761279989156681033e-02
-2.761998163472258877e-02
-2.762141154222151618e-02
-2.762285522825996473e-02
-2.762632072801230951e-02
-2.762902411317842352e-02
-2.763482349847724145e-02
-2.762000928880612230e-02
-2.762373386349215726e-02
-2.757830236340709507e-02
-2.760946090151109034e-02
-2.756785725926451033e-02
-2.757188083236141937e-02
-2.757135408037045959e-02
-2.756918009202035877e-02
-2.767946764234466978e-02
-2.762855084679115281e-02
-2.769040161462962141e-02
-2.768314176262539478e-02
-2.763599616288202679e-02
-2.764140659060902033e-02
-2.764858875788159601e-02
-2.769620541037519021e-02
-2.768574055254542990e-02
-2.789483325658089971e-02
-2.787678829653564630e-02
-2.788916256901531263e-02
-2.787890947900803496e-02
-2.787092828840051495e-02
-2.786508992985530647e-02
-2.788829137800065416e-02
-2.788567726683529799e-02
-2.768234554370334680e-02
-2.772375214056816209e-02
-2.786320859823051763e-02
-2.785600154287693614e-02
-2.790040642509654736e-02
-2.789261996327483534e-02
-2.789972640371679927e-02
-2.790188546614460682e-02
-2.789833475962492926e-02
-2.788386079528394623e-02
-2.788606767547787552e-02
-2.788828949023192810e-02
-2.789393372408660934e-02
-2.788949497974276687e-02
-2.789147040275184036e-02
-2.789648435238565455e-02
-2.790284464878677040e-02
-2.788610412491496215e-02
-2.788785354187240176e-02
-2.788435356891316719e-02
-2.788868103945869870e-02
-2.790565733623483549e-02
-2.788771924462139090e-02
-2.789077686411839049e-02
-2.787197564979693523e-02
-2.787325126814581625e-02
-2.786588052844347560e-02
-2.786691646576719417e-02
-2.808147202349825858e-02
-2.808458698464350728e-02
-2.808059389792591162e-02
-2.808003433346882224e-02
-2.808504345882515546e-02
-2.808521977363776650e-02
-2.808250118465357645e-02
-2.807965330160105272e-02
-2.806729907499610002e-02
-2.784039887358724305e-02
-2.788452660302874128e-02
-2.792432995613405161e-02
-2.791026050404412512e-02
-2.790767128521241813e-02
-2.787458748658305091e-02
-2.785876669260334976e-02
-2.786523680562915870e-02
-2.791565989334671496e-02
-2.788535662465464401e-02
-2.795313579295458095e-02
-2.795484261503333734e-02
-2.794800389303913474e-02
-2.793104939294748651e-02
-2.795116257997122197e-02
-2.576362411047944043e-02
-2.576900389983281803e-02
-2.577908813734440877e-02
-2.577754328474270162e-02
-2.578034137199412823e-02
-2.573385897419167706e-02
-2.548590404144876476e-02
-2.537944443584785187e-02
-2.522041179686053056e-02
-2.540297201311797828e-02
-2.546292476703493346e-02
-2.546307011311145160e-02
-2.547608806173284543e-02
-2.543538629244926005e-02
-2.545195160404894671e-02
-2.553263170787486644e-02
-2.552982626678877015e-02
-2.553030632043443854e-02
-2.552355749772926979e-02
-2.551377844796659869e-02
-2.551210865826393850e-02
-2.551595139082778879e-02
-2.551594691818639959e-02
-2.553935240267102627e-02
-2.550646902996612370e-02
-2.551547141597917956e-02
-2.552309674295329470e-02
-2.552812903298308164e-02
-2.552627763500502772e-02
-2.535140340301074782e-02
-2.534979229255846997e-02
-2.533106723870331284e-02
-2.536056480399560484e-02
-2.507010572731704912e-02
-2.506745806731852308e-02
-2.505203660227767887e-02
-2.506043922426600887e-02
-2.506278571353768789e-02
-2.506482792903291096e-02
-2.505467524528404849e-02
-2.506064562805677964e-02
-2.502734282441754221e-02
-2.499619876547346659e-02
-2.504962239288125586e-02
-2.502697962580030869e-02
-2.502018537513659227e-02
-2.500873597927574452e-02
-2.495122529829484764e-02
-2.494565201170248492e-02
-2.496672368515451962e-02
-2.498387217095470944e-02
-2.498794854503236587e-02
-2.495395818913776625e-02
-2.495967405016239274e-02
-2.504936989880109793e-02
-2.501180514729894194e-02
-2.506711154333599034e-02
-2.502949629276756890e-02
-2.507080770741327777e-02
-2.507107714930766756e-02
-2.507126319363396638e-02
-2.507197689256317891e-02
-2.508410461223536253e-02
-2.538768431818878152e-02
-2.546864423742375635e-02
-2.544238320123260247e-02
-2.545209068694823107e-02
-2.545252159148837443e-02
-2.546089216562671953e-02
-2.537453698462941581e-02
-2.535731253627075688e-02
-2.536274625134348273e-02
-2.541109594156164275e-02
-2.537666651584301325e-02
-2.535553502606728224e-02
-2.535460348367037792e-02
-2.535360232828651889e-02
-2.534666230121404920e-02
-2.536165114369132167e-02
-2.540789806539171802e-02
-2.540783143455021403e-02
-2.540324557476118794e-02
-2.540429684360592452e-02
-2.537040857341636008e-02
-2.537056991741960116e-02
-2.531967696452139607e-02
-2.541422044275451833e-02
-2.539190584298980924e-02
-2.539743755363821354e-02
-2.537440076631144320e-02
-2.536905592443440896e-02
-2.540143740342368228e-02
-2.541568554753759895e-02
-2.540161710812303617e-02
-2.541380168412774726e-02
-2.539080713302999115e-02
-2.539940106365981901e-02
-2.537546527955000450e-02
-2.537589337612031551e-02
-2.540164140799113651e-02
-2.540868903213526833e-02
-2.542738117951250446e-02
-2.542196478328986528e-02
-2.541328850652885621e-02
-2.541292534113507445e-02
-2.541201799486336038e-02
-2.543633637225528599e-02
-2.543513112516417735e-02
-2.543514925277342784e-02
-2.543875415847603183e-02
-2.544575758766683127e-02
-2.544368091076576813e-02
-2.544548689290182866e-02
-2.539707233614576370e-02
-2.538882486397334506e-02
-2.538222074465559808e-02
-2.540352711490019913e-02
-2.541046439251485461e-02
-2.537943822996429136e-02
-2.537228092417073352e-02
-2.541642598362742200e-02
-2.542321379947273460e-02
-2.532601610809293718e-02
-2.531288435068318118e-02
-2.533799471265987813e-02
-2.540890134281533277e-02
-2.551913058736509851e-02
-2.554548616696724131e-02
-2.546914553258363204e-02
-2.541649217878072173e-02
-2.552056447793947525e-02
-2.523216651294256721e-02
-2.528191432410395109e-02
-2.526741342697797627e-02
-2.526431644573846197e-02
-2.525925566822890406e-02
-2.526388469154553298e-02
-2.526665832276835805e-02
-2.523914187755574995e-02
-2.523121817808153880e-02
-2.523108355806938027e-02
-2.521883108635628382e-02
-2.521922142810633857e-02
-2.522164665393663782e-02
-2.522531640150399435e-02
-2.521868407406707355e-02
-2.522114746044874789e-02
-2.520988606736739718e-02
-2.523333097245705758e-02
-2.521447229720125832e-02
-2.521185225312789352e-02
-2.522179165253361083e-02
-2.524154147917032770e-02
-2.524224458052657522e-02
-2.522534458250791020e-02
-2.520613427067890794e-02
-2.517790037547351992e-02
-2.518168497117597229e-02
-2.519477500152437349e-02
-2.520876531041810892e-02
-2.520906432008960738e-02
-2.520731324726352071e-02
-2.520969446412639481e-02
-2.521710699536512668e-02
-2.521715311901354117e-02
-2.523520809135229581e-02
-2.521562489367427246e-02
-2.520949759338212207e-02
-2.521884986904019896e-02
-2.520399668790745257e-02
-2.519544718601636132e-02
-2.520287311258021662e-02
-2.520477559162259684e-02
-2.520559175146988920e-02
-2.520362924071602173e-02
-2.520280307059168112e-02
-2.519357541593028951e-02
-2.519983743603051995e-02
-2.519657288191117298e-02
-2.519740470894433343e-02
-2.517193404656328792e-02
-2.521503354311107822e-02
-2.511413760221459235e-02
-2.511895632614373486e-02
-2.521274137937169757e-02
-2.520721065308866027e-02
-2.521493141407778887e-02
-2.521393322594721320e-02
-2.523658533357994033e-02
-2.523555122666132702e-02
-2.521791324428950681e-02
-2.522319891972421915e-02
-2.522672458273108459e-02
-2.522871634147247702e-02
-2.521182367168582628e-02
-2.522636656080064210e-02
-2.522850529243554629e-02
-2.523526356059020703e-02
-2.521646380702764409e-02
-2.521453821759069708e-02
-2.521786741301946036e-02
-2.521419710870353298e-02
-2.524011033402799586e-02
-2.523503252139903605e-02
-2.523899102880239331e-02
-2.523747844632287865e-02
-2.523488854890870367e-02
-2.525132488605454084e-02
-2.508226524937661947e-02
-2.508233648559035980e-02
-2.508190467427952666e-02
-2.505436547877467127e-02
-2.506154763747129796e-02
-2.507334718465995330e-02
-2.529106459696212061e-02
-2.528720007756002711e-02
-2.524277639775129173e-02
-2.519681945242090160e-02
-2.518701246935105970e-02
-2.518880320554608976e-02
-2.519179618808419646e-02
-2.516518798064436985e-02
-2.517685368055523273e-02
-2.518259329558092049e-02
-2.517045811616452217e-02
-2.518876567647743842e-02
-2.518941414270005341e-02
-2.518885910859274685e-02
-2.514464855063153551e-02
-2.514585826410113689e-02
-2.561978811935247333e-02
-2.557894585943472701e-02
-2.557573899915774329e-02
-2.557634172078641563e-02
-2.558046294282819919e-02
-2.557768389620680011e-02
-2.557810069809772491e-02
-2.556688787913220101e-02
-2.557605953548172661e-02
-2.557738647886724156e-02
-2.556431375642728709e-02
-2.557782831294456299e-02
-2.563769925131191216e-02
-2.562803781178519050e-02
-2.561091976969129269e-02
-2.566731234446422566e-02
-2.563233067523595227e-02
-2.558053270130284870e-02
-2.562548999809816097e-02
-2.565363012300279910e-02
-2.555816819414861302e-02
-2.577217535848573549e-02
-2.572637634993119038e-02
-2.573974296823902663e-02
-2.573368618255325591e-02
-2.574755328905286786e-02
-2.573836660287719819e-02
-2.560087236292618931e-02
-2.546221726905979754e-02
-2.540670788048527903e-02
-2.541327272608061641e-02
-2.511587140191680681e-02
-2.509291548704707317e-02
-2.518772562646637292e-02
-2.518371433176902138e-02
-2.519407356105454049e-02
-2.521426073105802190e-02
-2.520239749107172286e-02
-2.519291795137518566e-02
-2.517175786627911735e-02
-2.516167854378709504e-02
-2.516049555810844635e-02
-2.516641530129090643e-02
-2.512545227423694863e-02
-2.515765513175126020e-02
-2.511849692592830335e-02
-2.513266448065389763e-02
-2.512372503266779161e-02
-2.512824921581308449e-02
-2.513085042868857047e-02
-2.512980647936489953e-02
-2.512402594896138985e-02
-2.512521146261203348e-02
-2.512199622964761056e-02
-2.518661140609233448e-02
-2.518621961103565884e-02
-2.518606657287955283e-02
-2.520560394883502794e-02
-2.524212891634306996e-02
-2.526009001693899081e-02
-2.526658428873660572e-02
-2.529302399609087426e-02
-2.522094330702579976e-02
-2.522111771143794451e-02
-2.523209114562103422e-02
-2.524457028954575286e-02
-2.539750427291746077e-02
-2.539019968857684356e-02
-2.536081946902176212e-02
-2.536415575165090058e-02
-2.536744161184533927e-02
-2.536633005476125746e-02
-2.535677615138340682e-02
-2.532792370581744487e-02
-2.532352612676133305e-02
-2.532126837262134791e-02
-2.532725869813589464e-02
-2.534137504072605726e-02
-2.534381272279667696e-02
-2.532467162562394153e-02
-2.531521796099361551e-02
-2.535703079761975759e-02
-2.534322090631085239e-02
-2.535463090408645800e-02
-2.533272932688407711e-02
-2.531849106532881380e-02
-2.531274608649353858e-02
-2.533085372313932659e-02
-2.533940211474912038e-02
-2.522533456400729082e-02
-2.519828752569448424e-02
-2.547842558479821579e-02
-2.547735735098034804e-02
-2.532322240975097907e-02
-2.526456107764137038e-02
-2.526858748732421084e-02
-2.527276321651552443e-02
-2.526006373309182262e-02
-2.526162971999193832e-02
-2.525676958772546041e-02
-2.527101771771565752e-02
-2.526507273231840683e-02
-2.526265169802334454e-02
-2.526675502303372955e-02
-2.526492033006757024e-02
-2.526607392927495907e-02
-2.526260203004200913e-02
-2.525715884548576998e-02
-2.526260072839845230e-02
-2.525982761504707783e-02
-2.525074258374418804e-02
-2.532405103894451101e-02
-2.531911922904716769e-02
-2.532558186464300976e-02
-2.530554144847970213e-02
-2.532385848369545986e-02
-2.530855288431375569e-02
-2.532790545012275976e-02
-2.532593227543978101e-02
-2.532602505982282232e-02
-2.532032503465813517e-02
-2.531560449518391320e-02
-2.531573604773880090e-02
-2.532238446643556365e-02
-2.592530211094183634e-02
-2.593686237843739403e-02
-2.593727357491283289e-02
-2.593087867181472633e-02
-2.597477233380062270e-02
-2.597609063806212426e-02
-2.596725351252029274e-02
-2.596643951536051209e-02
-2.596639274847060280e-02
-2.596571395158431966e-02
-2.582171299337797030e-02
-2.582802425462793830e-02
-2.582006446096029445e-02
-2.579743579999919587e-02
-2.596288133239528159e-02
-2.595803422125262522e-02
-2.595426463502325046e-02
-2.595149920646515340e-02
-2.595399856866624846e-02
-2.594777665081267337e-02
-2.593955326359178443e-02
-2.599658435117272945e-02
-2.599514263076372830e-02
-2.598796783888502118e-02
-2.599861328695901933e-02
-2.598512654358038285e-02
-2.597979514690852004e-02
-2.597913769083968691e-02
-2.599266192956305177e-02
-2.599367410455006785e-02
-2.587068970475704666e-02
-2.587894489314731400e-02
-2.588045718974612067e-02
-2.586977657263508923e-02
-2.588220147564484347e-02
-2.589142387093532408e-02
-2.588086258627993186e-02
-2.588535891512029966e-02
-2.588016049531271720e-02
-2.588866874269335483e-02
-2.590441453770559593e-02
-2.589253789308898837e-02
-2.591913172379717994e-02
-2.592400999794070016e-02
-2.594995544629288831e-02
-2.595067672521552196e-02
-2.594937135142711890e-02
-2.594920869801123353e-02
-2.594834215295311469e-02
-2.595182391098541791e-02
-2.594749411344184770e-02
-2.594865825928636613e-02
-2.591775633135649098e-02
-2.591478733147631330e-02
-2.592226266728232115e-02
-2.589028641016418927e-02
-2.589562119773517607e-02
-2.591442581063145567e-02
-2.592922878210617010e-02
-2.593375377141994564e-02
-2.592296388370668447e-02
-2.593232532910581464e-02
-2.593314646204730733e-02
-2.593223074840312822e-02
-2.593580247203676123e-02
-2.593551003457781126e-02
-2.593062027060966460e-02
-2.593076156969060728e-02
-2.584892707317034896e-02
-2.584964977391281116e-02
-2.584275332426292857e-02
-2.583305221500937013e-02
-2.583456373542539555e-02
-2.584420211996447253e-02
-2.582090771282441119e-02
-2.582934397351455483e-02
-2.584692325639783780e-02
-2.585473861791681358e-02
-2.593240966437412864e-02
-2.590729483338604158e-02
-2.592690462485448474e-02
-2.592982172581680470e-02
-2.592286450759506353e-02
-2.593131745091924178e-02
-2.592335114380702604e-02
-2.592515156287395969e-02
-2.592084133493396947e-02
-2.591890034072233742e-02
-2.591998340102594223e-02
-2.591158558961894134e-02
-2.590829876682622032e-02
-2.592473511841062936e-02
-2.593931723333126396e-02
-2.588955428440052609e-02
-2.613811453810813840e-02
-2.614372083591364956e-02
-2.615089744297485405e-02
-2.615166928101218119e-02
-2.616259850384187319e-02
-2.616799087202617558e-02
-2.615839130846974239e-02
-2.615849937579606960e-02
-2.614455909491841118e-02
-2.614784552986862409e-02
-2.613597337888699454e-02
-2.618913799027819053e-02
-2.615536771605219898e-02
-2.615668065615231463e-02
-2.616034108880367984e-02
-2.613988999428468532e-02
-2.613617152362254087e-02
-2.615329250049401588e-02
-2.608697066486905317e-02
-2.609644932676430731e-02
-2.609341738835128932e-02
-2.609973128605481626e-02
-2.609959086568309355e-02
-2.609861207058269267e-02
-2.608559982559536736e-02
-2.606819516865000602e-02
-2.607144616583944446e-02
-2.608208233486713351e-02
-2.608208233486712657e-02
-2.610844099488673214e-02
-2.606108997763039586e-02
-2.605125441035244238e-02
-2.605269651446579307e-02
-2.605490335974068941e-02
-2.605834508995451271e-02
-2.605965725618348411e-02
-2.605931252743360835e-02
-2.605483783599881961e-02
-2.606294502670881627e-02
-2.605973327960612804e-02
-2.605884857515177247e-02
-2.605737289665351411e-02
-2.604364531383283193e-02
-2.603351074622817923e-02
-2.603942620448374337e-02
-2.606239152117402480e-02
-2.606101124972701882e-02
-2.606886346100249427e-02
-2.606099128874859658e-02
-2.606358855866497057e-02
-2.605531993453464104e-02
-2.605187605617487190e-02
-2.604438488012987205e-02
-2.604724327120539612e-02
-2.603976436022635219e-02
-2.604665501543485667e-02
-2.606828872532092681e-02
-2.607428325597859267e-02
-2.608627443731877799e-02
-2.607002602993279891e-02
-2.596246346405172920e-02
-2.595638132246792795e-02
-2.595293047373876602e-02
-2.595213063394492467e-02
-2.595208693759930643e-02
-2.594056550883785950e-02
-2.595183262604359650e-02
-2.595183262604359303e-02
-2.595025518669391573e-02
-2.594278776058732416e-02
-2.594854602155399412e-02
-2.591908480796158848e-02
-2.599217619809057744e-02
-2.597097105899317041e-02
-2.595498415672081727e-02
-2.596428250754936190e-02
-2.598193169416743165e-02
-2.599731021405005810e-02
-2.598047535013136775e-02
-2.591042140080827491e-02
-2.581873044570566142e-02
-2.584787341644439324e-02
-2.582646577150677497e-02
-2.584204621723435596e-02
-2.597580949888923796e-02
-2.601844123191611804e-02
-2.602360926674928202e-02
-2.602527083783232748e-02
-2.603963936172785237e-02
-2.603339681126323052e-02
-2.602961310016810650e-02
-2.603486818558223975e-02
-2.602781116378303020e-02
-2.602676012572196010e-02
-2.599804955517041882e-02
-2.601227640107296041e-02
-2.600861217896518335e-02
-2.601774029587185580e-02
-2.601230933006174265e-02
-2.601144355352336471e-02
-2.601208748191372044e-02
-2.602820568402429077e-02
-2.602881369298335260e-02
-2.601945140943291712e-02
-2.603126541569754371e-02
-2.598035534316061462e-02
-2.596145076976833985e-02
-2.567338213909689179e-02
-2.567422159327990491e-02
-2.567879171686544837e-02
-2.568109718490403995e-02
-2.544173892201499754e-02
-2.551904908984646905e-02
-2.573428691344730943e-02
-2.583380533142646401e-02
-2.565128226223782268e-02
-2.565102193721929824e-02
-2.565102684743796740e-02
-2.566426879088954185e-02
-2.565598082660954654e-02
-2.565600700975545490e-02
-2.565525236381843363e-02
-2.566021179397187310e-02
-2.578101456485689183e-02
-2.581419949456384769e-02
-2.581422423460431881e-02
-2.578285609948467380e-02
-2.577975384635802780e-02
-2.577622772243710544e-02
-2.577653360525184942e-02
-2.564974898539567477e-02
-2.564758901603724633e-02
-2.563972340674647646e-02
-2.565473260118058402e-02
-2.560591876133622158e-02
-2.564018820004437815e-02
-2.559641141263705247e-02
-2.559922605307514767e-02
-2.558560792670670075e-02
1.216154151469654374e-02
1.216508197970411938e-02
1.211908487144613099e-02
1.211623856641293184e-02
1.212249037168702630e-02
1.212516723075381976e-02
1.212234048239884884e-02
1.212020526449398769e-02
1.213254124599247655e-02
1.211525085380472065e-02
1.211643887825098430e-02
1.211941961214919004e-02
1.212266504811899785e-02
1.208482083920743404e-02
1.211484407822889867e-02
1.212218653893684661e-02
1.211707067488546410e-02
1.212147662241525384e-02
1.212156698135551450e-02
1.210233528136324919e-02
1.209903979503015349e-02
1.211331443001241806e-02
1.210443633081566793e-02
1.210695163905900137e-02
1.211714048149435154e-02
1.214330513976474672e-02
1.221523149676516894e-02
1.220741353158993729e-02
1.220676013031713435e-02
1.222190315787041737e-02
1.215358942947819543e-02
1.215656532149262704e-02
1.215159559468032870e-02
1.220569499947663124e-02
1.220509746412690860e-02
1.220425984199955023e-02
1.219637399654750071e-02
1.220637447255458301e-02
1.224424765611206029e-02
1.224185539616865458e-02
1.223576734143672941e-02
1.223752117217742109e-02
1.223766340486746179e-02
1.223382504413777529e-02
1.223629757359548549e-02
1.223482082580473057e-02
1.223482796944290463e-02
1.223792723840098733e-02
1.223652162756018111e-02
1.223501116923586540e-02
1.224022795943544191e-02
1.224047954933177480e-02
1.223942541627966694e-02
1.223842857479323816e-02
1.223820378500211324e-02
1.223881910065688881e-02
1.224518195681017531e-02
1.224305367361200846e-02
1.224393208047334057e-02
1.224187480722358293e-02
1.224305532516112467e-02
1.223674315064500820e-02
1.223757508400523213e-02
1.224628380231468708e-02
1.224979782744009364e-02
1.214064992002203587e-02
1.213459344987885026e-02
1.216544294540726490e-02
1.216660420908739423e-02
1.214860270733626214e-02
1.215274338465993122e-02
1.217431198397004623e-02
1.216230299411740455e-02
1.229254095908768017e-02
1.228844071614912034e-02
1.229928546028579740e-02
1.230114067600708051e-02
1.225071691824852066e-02
1.225035909175445532e-02
1.225471212360715323e-02
1.225687208096764257e-02
1.225732553502180064e-02
1.225048351693411829e-02
1.225223198352700174e-02
1.224148945369404363e-02
1.224146236551481789e-02
1.224913733567918432e-02
1.224884386293256973e-02
1.224575669936323226e-02
1.224847376464870304e-02
1.225528052447475043e-02
1.224954955035817764e-02
1.225432867242345035e-02
1.225046038809385861e-02
1.225693569373403728e-02
1.226163795306395125e-02
1.225619580566969860e-02
1.226185512605043257e-02
1.226288120762795107e-02
1.214495568372663849e-02
1.213858781760924523e-02
1.215386823293873597e-02
1.215481943583388361e-02
1.209848100477633331e-02
1.209724566296780518e-02
1.209686988642111848e-02
1.210095941768283938e-02
1.210149789039135192e-02
1.208879992944426711e-02
1.209009573087988301e-02
1.209886730231836231e-02
1.209606362900336046e-02
1.207314621444736426e-02
1.212562485152003829e-02
1.210610843308307892e-02
1.210252841509796944e-02
1.210262547062134972e-02
1.208770910228750169e-02
1.208005351507674373e-02
1.208013702956597588e-02
1.222456479416234379e-02
1.222199277983326837e-02
1.220579489089849805e-02
1.219896618402806394e-02
1.220120327360361967e-02
1.220134521213720249e-02
1.219640877764320563e-02
1.218846979544369047e-02
1.220809527057874731e-02
1.260091102751344574e-02
1.261294582776055842e-02
1.260539252703199616e-02
1.257110758459180355e-02
1.256393734874658615e-02
1.256399937829540993e-02
1.257870727974553030e-02
1.275133252710138575e-02
1.275167024502401811e-02
1.274612080535588929e-02
1.274644087379606106e-02
1.275044805177232357e-02
1.274755400905364447e-02
1.273553831985261252e-02
1.273606739412827538e-02
1.273206210195155022e-02
1.273072847078789149e-02
1.271837691959122607e-02
1.273389197170886333e-02
1.273316410881873348e-02
1.273143474494138096e-02
1.272254699933509335e-02
1.273445019120370870e-02
1.273972625168913464e-02
1.274470114536780004e-02
1.273772384388644451e-02
1.263246824205270687e-02
1.262247646180954773e-02
1.262384818429894938e-02
1.263140773698670505e-02
1.262990927271774762e-02
1.262837689861561266e-02
1.262895729908992959e-02
1.263019116475479556e-02
1.263039075960656170e-02
1.262832280886604271e-02
1.262526318312414894e-02
1.262930179601292648e-02
1.262033656219651960e-02
1.262376211563642076e-02
1.262199668529914720e-02
1.262060122952812259e-02
1.262241099317319357e-02
1.262463441647461090e-02
1.262526197433641931e-02
1.262324652506713850e-02
1.262463763340000364e-02
1.262469113817239232e-02
1.262091479331572778e-02
1.262739168282085017e-02
1.262742707281504055e-02
1.261884423922232830e-02
1.262469077503500063e-02
1.261840879541863136e-02
1.262189524480464634e-02
1.262156765787260555e-02
1.263045183044091482e-02
1.262323783881798972e-02
1.261839433046550545e-02
1.262143590530502915e-02
1.262105719375011814e-02
1.262258730648587769e-02
1.262786168252941037e-02
1.262705404270418955e-02
1.262700040761556737e-02
1.262113824558175161e-02
1.263210624722964533e-02
1.261593767527447590e-02
1.261580356868654586e-02
1.262445134050653450e-02
1.262486764279366694e-02
1.262538103027540520e-02
1.261668669229695089e-02
1.261295797826748367e-02
1.260759026563584677e-02
1.261269471406550706e-02
1.264159703925043544e-02
1.264300480977560703e-02
1.264057037838665562e-02
1.263836619501990631e-02
1.264137525802307496e-02
1.262666994698751627e-02
1.264388101409774992e-02
1.264507988276158956e-02
1.264578717716011678e-02
1.262854764954097694e-02
1.262904279217263309e-02
1.262036024174497360e-02
1.261821843776208922e-02
1.263287140409614408e-02
1.263123923538487375e-02
1.263174745664938023e-02
1.262353189604784216e-02
1.264037033513324207e-02
1.263679526908830474e-02
1.264099517826727283e-02
1.264025440611436443e-02
1.263743852209744771e-02
1.263911969090847874e-02
1.263903501175895824e-02
1.262656444998540989e-02
1.264321431621464285e-02
1.264493428044232391e-02
1.263653463802869720e-02
1.264138139334572246e-02
1.264398474498129241e-02
1.264487284951474819e-02
1.264016982364400167e-02
1.264001578493739383e-02
1.264441691256909701e-02
1.264296011307327813e-02
1.264689173456241822e-02
1.264684697842630677e-02
1.264317821768834969e-02
1.264067616513440614e-02
1.264038641774255407e-02
1.263886500847581640e-02
1.264387375921889427e-02
1.264419397023304643e-02
1.265085425175462713e-02
1.265990662693105076e-02
1.261359529362687110e-02
1.261722669525334843e-02
1.264152793450529395e-02
1.265007466487159081e-02
1.264767723713240526e-02
1.264525074179131958e-02
1.264523014940293136e-02
1.264375779490231264e-02
1.264589452141286208e-02
1.264119143202306443e-02
1.264240967970950771e-02
1.264072875728769127e-02
1.264665374867357008e-02
1.264330262969247734e-02
1.263603877303851215e-02
1.263804146314716215e-02
1.264861821131722276e-02
1.265206276697222222e-02
1.264444602302025947e-02
1.263699121851533796e-02
1.263349543692014222e-02
1.262858999498230224e-02
1.262944267640380910e-02
1.263818608914496489e-02
1.262695266957247764e-02
1.262594986484266713e-02
1.262571747327638320e-02
1.262629449716192072e-02
1.262142256890026043e-02
1.262411650784592103e-02
1.263919637930423223e-02
1.264252893597478562e-02
1.264072652835142654e-02
1.264001149826322890e-02
1.264103695138619685e-02
1.264490305784962340e-02
1.264191876851183949e-02
1.264148392763914976e-02
1.264276867734289052e-02
1.264556480733512386e-02
1.264879978323210641e-02
1.265050839878657796e-02
1.264195948355170511e-02
1.263937529248851735e-02
1.266759170132786445e-02
1.266310606645774071e-02
1.267565525418554509e-02
1.267476411703052051e-02
1.264732636980144161e-02
1.267346305322471917e-02
1.264941653423312141e-02
1.264936853101803101e-02
1.265234077695379274e-02
1.264952921027833951e-02
1.265078026135582796e-02
1.264697829537846617e-02
1.265364343224840982e-02
1.265165168763268504e-02
1.265233293852784449e-02
1.265009883140147569e-02
1.264602019030774786e-02
1.264846327285600210e-02
1.264922017056456342e-02
1.264307292070757441e-02
1.262653804549733992e-02
1.263653527193506036e-02
1.261919681808256789e-02
1.262708269703898510e-02
1.262775191504347111e-02
1.263024627244451262e-02
1.262197566070359829e-02
1.261998876989010518e-02
1.262031200406510054e-02
1.262071740247957229e-02
1.263148434901456389e-02
1.263276395743620495e-02
1.263008291518756716e-02
1.262996430839851553e-02
1.262923260445267953e-02
1.262541348722922424e-02
1.263178595248350480e-02
1.262529637549719523e-02
1.262530717569015394e-02
1.262402013010455702e-02
1.262372357923111088e-02
1.262718110136188884e-02
1.264567903367271734e-02
1.263516497659913744e-02
1.263954469783623406e-02
1.262447863129483906e-02
1.261438867414163383e-02
1.261814188944397445e-02
1.261563491535175503e-02
1.262382333905447303e-02
1.262450420843993018e-02
1.261370798845785728e-02
1.261638755617705207e-02
1.262295603904801250e-02
1.261425685952058916e-02
1.261606856078963286e-02
1.262128472163387069e-02
1.260929365935107085e-02
1.260547956322181917e-02
1.264849863241388796e-02
1.265173857411231936e-02
1.264751328383813267e-02
1.265056396804914614e-02
1.264978338139642958e-02
1.264729607222149846e-02
1.264719948859823612e-02
1.264888177907042693e-02
1.265133515109151396e-02
1.265168221623529619e-02
1.265202239286692364e-02
1.265086140674702604e-02
1.265083103194820056e-02
1.265071667832581154e-02
1.265076175578276792e-02
1.265266742399271185e-02
1.265013928296362077e-02
1.265190417408315268e-02
1.264886428982775653e-02
1.264707419382652374e-02
1.265680154941396622e-02
1.264721753987770383e-02
1.265989468394151593e-02
1.266017647961625164e-02
1.265324302679393491e-02
1.263491792496559442e-02
1.263489535147292904e-02
1.264048772338649193e-02
1.264066577262192362e-02
1.263107694538367909e-02
1.262711775282891573e-02
1.263003028811637667e-02
1.262780149087544025e-02
1.262784769875451539e-02
1.263130221682809418e-02
1.262059539896652656e-02
1.261335499162438527e-02
1.262914234897517633e-02
1.262517775925640386e-02
1.262745594153402533e-02
1.262209399118841176e-02
1.262298089909062206e-02
1.262823225861683940e-02
1.262571133413808132e-02
1.262327156604618403e-02
1.262677021372762484e-02
1.262458756817618107e-02
1.262483246984376188e-02
1.262544802159763779e-02
1.262688333971041625e-02
1.262389837749599945e-02
1.262403859752226493e-02
1.262781461572840686e-02
1.262642412275918197e-02
1.262605773243609744e-02
1.261725711462079180e-02
1.262071944268414354e-02
1.262172957952053566e-02
1.263221639588674693e-02
1.262886801901525607e-02
1.263525084642224197e-02
1.263071690998398590e-02
1.262812293767382431e-02
1.262610297436003032e-02
1.262973058598440036e-02
1.262985375226372171e-02
1.263021781306323740e-02
1.263383701783810445e-02
1.263562686107169535e-02
1.262870820253613260e-02
1.262672222587875315e-02
1.262409417973957629e-02
1.260864553458880023e-02
1.263780762069835993e-02
1.262445144718715717e-02
1.262881108925202785e-02
1.261652152786461173e-02
1.262269578699155327e-02
1.262875872956098315e-02
1.262025005912751664e-02
1.261510215257993436e-02
1.262141979830720163e-02
1.262605490155496377e-02
1.262508574321190812e-02
1.263034346997233756e-02
1.262212721014415590e-02
1.263293136563720456e-02
1.263529472089755003e-02
1.264573994829226548e-02
1.264649533806500893e-02
1.259590587920733813e-02
1.261408296861252568e-02
1.262400710428221960e-02
1.261109503940596385e-02
1.261071789636369553e-02
1.260332221288829740e-02
1.265267198663403564e-02
1.261128099248662142e-02
1.261328600580570621e-02
1.261378697936559566e-02
1.261362610905919328e-02
1.260977286680523349e-02
1.260959763625488748e-02
1.266700931380030162e-02
1.268075001743962892e-02
1.267954964968756940e-02
1.267050976665343165e-02
1.267047572504802731e-02
1.267104510890489089e-02
1.266945886371136608e-02
1.267061471383631836e-02
1.261963275896886214e-02
1.261395823977531395e-02
1.262785084571364444e-02
1.261877982328613382e-02
1.263478813895180589e-02
1.255595938929438514e-02
1.261609252294313734e-02
1.259427887136112256e-02
1.261162916812400524e-02
1.259033154632549674e-02
1.258825668747237843e-02
1.259156762124793820e-02
1.258008286133683110e-02
1.260642573354304671e-02
1.259796281539868681e-02
1.259172957229557320e-02
1.259622148330366391e-02
1.259703513187286281e-02
1.259476870507363587e-02
1.259448109756805372e-02
1.259612843783488798e-02
1.259854429138583705e-02
1.259718792337007412e-02
1.259590383753636696e-02
1.258647019284209710e-02
1.254728859825106520e-02
1.258395641120396181e-02
1.256836819691282102e-02
1.257113129854964782e-02
1.258637387731536585e-02
1.258455849660422218e-02
1.258938121725824630e-02
1.259395101166309316e-02
1.259261510810943084e-02
1.260839297978214035e-02
1.260671143517952571e-02
1.260816892375365116e-02
1.262447884260697005e-02
1.262463252895232486e-02
1.261777486954151865e-02
1.260636792874469773e-02
1.258423775473491504e-02
1.259349092814758542e-02
1.260174777976901146e-02
1.260044916081410823e-02
1.261198606960738967e-02
1.260894643212184633e-02
1.259799887707093065e-02
1.260022904281940526e-02
1.260716158362075803e-02
1.259697275289140689e-02
1.259804260617083081e-02
1.259831760026804137e-02
1.259564612843020598e-02
1.264401671074505927e-02
1.263534016794972542e-02
1.263520544750489430e-02
1.263570790455574751e-02
1.264072077657806686e-02
1.264023008334995771e-02
1.264809718278107203e-02
1.263934656052248008e-02
1.264050016244379175e-02
1.264224334472143808e-02
1.264258314373551371e-02
1.264597422486713960e-02
1.264604797401918182e-02
1.264577862212354180e-02
1.264506533051352327e-02
1.264418363182716332e-02
1.264470717851046838e-02
1.264908920915720769e-02
1.264811894556732916e-02
1.264592570565287004e-02
1.265009470587678646e-02
1.265093647421973444e-02
1.265160939937285539e-02
1.265227013546505429e-02
1.265226964316481899e-02
1.265042349225074282e-02
1.265073549907294419e-02
1.264988601347097168e-02
1.265282687573371541e-02
1.264439645771918072e-02
1.264215091610588863e-02
1.263957187571376067e-02
1.262935438578787102e-02
1.262775894758767607e-02
1.263344070017529547e-02
1.263729966236236575e-02
1.263337637537953299e-02
1.260955836011942721e-02
1.264202716687566445e-02
1.264874220235409803e-02
1.263414041699276701e-02
1.263203581791058801e-02
1.262790375570221717e-02
1.263735206870737239e-02
1.264484057519589012e-02
1.265006759463880963e-02
1.264771929894171684e-02
1.264804793384419895e-02
1.264725612483812156e-02
1.264517602610974560e-02
1.264327401185609372e-02
1.264349618164242565e-02
1.264747734773651565e-02
1.264414323894049071e-02
1.264685021060757766e-02
1.259508218867030904e-02
1.260331481709190543e-02
1.259993881323241867e-02
1.260290891750969963e-02
1.260434041429198647e-02
1.262150484794051161e-02
1.262285726946919297e-02
1.261405832878154804e-02
1.261419904954125086e-02
1.262211265530375527e-02
1.262236655353328983e-02
1.261882997347609815e-02
1.261938033609351535e-02
1.262111270889810198e-02
1.261952084071312798e-02
1.262120934092703615e-02
1.262026829876887468e-02
1.261957927327216934e-02
1.261396949495154247e-02
1.261693047514161371e-02
1.261753253536122311e-02
1.261629850756092533e-02
1.261510792426352202e-02
1.261582730863742251e-02
1.260072193613973220e-02
1.259839780000202372e-02
1.260442785436651295e-02
1.260392128353582560e-02
1.258613157286012085e-02
1.257462203985428018e-02
1.258228509996547027e-02
1.257552282553267738e-02
1.257531635848060415e-02
1.261610196041365768e-02
1.262298356129904799e-02
1.261450004988260570e-02
1.262408787304938537e-02
1.261514053710500322e-02
1.263401642417118047e-02
1.259989072100698923e-02
1.259898948695427519e-02
1.260163996673290335e-02
1.260454818422529835e-02
1.258973881392531739e-02
1.258838737424085828e-02
1.258906772720071524e-02
1.258816599684877378e-02
1.258055428740745968e-02
1.258094342678665011e-02
1.258278756144120755e-02
1.258036106663343486e-02
1.258349019170812780e-02
1.258806300211500438e-02
1.258294228906478227e-02
1.258059136255436014e-02
1.257771952181831188e-02
1.259193628823266492e-02
1.258797535820663054e-02
1.260948281217155569e-02
1.260907310268163765e-02
1.260749747872245453e-02
1.260545911408029671e-02
1.261312842456464509e-02
1.261038208731132468e-02
1.261040246374736488e-02
1.259523847481719069e-02
1.259410213233446742e-02
1.259843448915015478e-02
1.261020946148389173e-02
1.260127875010734304e-02
1.260232386219596601e-02
1.260070413056700069e-02
1.260098218463119590e-02
1.259659933566952862e-02
1.260073901617822165e-02
1.260299534628842727e-02
1.260536261562119481e-02
1.259544637362228388e-02
1.261165079091331777e-02
1.260892267173624633e-02
1.260555872075096694e-02
1.261260102779450908e-02
1.262787777095254228e-02
1.261192793672229716e-02
1.259309532393094663e-02
1.259624972053096856e-02
1.259806780139463046e-02
1.259947313634576620e-02
1.259632404749465133e-02
1.259643097477006722e-02
1.259659357146878170e-02
1.259632550202177508e-02
1.259747939849044374e-02
1.259426812466736892e-02
1.259720757070993680e-02
1.259894054463291460e-02
1.260700455903179633e-02
1.260763177625987691e-02
1.260205195341049592e-02
1.264415673970282344e-02
1.264106708305404864e-02
1.266760050284665255e-02
1.266559502449085897e-02
1.268411021639072496e-02
1.268412405399647370e-02
1.267784866586992888e-02
1.267302224025275426e-02
1.268221620908390433e-02
1.267875981572412492e-02
1.267611305307388310e-02
1.267768871259973042e-02
1.263773190338067336e-02
1.263602840284249081e-02
1.263949281189026552e-02
1.264107099008482914e-02
1.264258692440262469e-02
1.264019944245906718e-02
1.264018948746942206e-02
1.263948701092730553e-02
1.263771642981235781e-02
1.263875119844430107e-02
1.266300249953774062e-02
1.266560220564938444e-02
1.266317094064020946e-02
1.266439155655104884e-02
1.263335922014280181e-02
1.264414889612057447e-02
1.264313243845649644e-02
1.264344859635897940e-02
1.264345427435360943e-02
1.264208768221765714e-02
1.264268593713193181e-02
1.264858082983850128e-02
1.263015868440275392e-02
1.263055340362054420e-02
1.264001086708087945e-02
1.263739081485694069e-02
1.263922147335105710e-02
1.264042658428590413e-02
1.263960806996654827e-02
1.264092810164492084e-02
1.262638214202073915e-02
1.262685420235410728e-02
1.264359858549984027e-02
1.264656158067193649e-02
1.263253286549535781e-02
1.263612343319931927e-02
1.263985078903751350e-02
1.264045856196065881e-02
1.264452153789313860e-02
1.264408971527559815e-02
1.265490281443868055e-02
1.264681094283542223e-02
1.261843499352116420e-02
1.261760950880744248e-02
1.261452501696452844e-02
1.261699574378830763e-02
1.261666575327301081e-02
1.261788248237188936e-02
1.261752169363038190e-02
1.265581817491426980e-02
1.266411823362465112e-02
1.266021218268431614e-02
1.265689674442799055e-02
1.266431407862288021e-02
1.264827243631648501e-02
1.264252267049482091e-02
1.264544392908424283e-02
1.264403916077847835e-02
1.262486411668045476e-02
1.261260474902279119e-02
1.262187931674495049e-02
1.261792692705434801e-02
1.261410534003719677e-02
1.263247939941806661e-02
1.263335482747093147e-02
1.263317107361652120e-02
1.264927668583058253e-02
1.265044666933160672e-02
1.264703231874343692e-02
1.264972926797600615e-02
1.264879434322513894e-02
1.264722271254057652e-02
1.262103194118292977e-02
1.263972773718322756e-02
1.263870897685557063e-02
1.264588588105470396e-02
1.264079352443581335e-02
1.264347708446639414e-02
1.264619889946993689e-02
1.264380162164504239e-02
1.264523719261771706e-02
1.263922017770869634e-02
1.262445659674895325e-02
1.263341427037726131e-02
1.263544481831371281e-02
1.263537154737175844e-02
1.262384597724075866e-02
1.262088710734480222e-02
1.262213525017944968e-02
1.260901066871078849e-02
1.260642639856701316e-02
1.261307857001112837e-02
1.262385621116918211e-02
1.261834550733042723e-02
1.262398361268168324e-02
1.262299576283150079e-02
1.262258970718076710e-02
1.262960078084416314e-02
1.263303894214530196e-02
1.263488865673397313e-02
1.264028645816640296e-02
1.264458278291295118e-02
1.264045693864832183e-02
1.264539093928303444e-02
1.264360569777563635e-02
1.263346854474226011e-02
1.263993583023020721e-02
1.262970039293359603e-02
1.262837732145619812e-02
1.262737176164929233e-02
1.264199310739068036e-02
1.263533837272434908e-02
1.263629623388426090e-02
1.263697363068072566e-02
1.263764577254267683e-02
1.263802461367261563e-02
1.263876035515052419e-02
1.263772094964413575e-02
1.263633824362623594e-02
1.263335755631699031e-02
1.262665639156297995e-02
1.263719211458928793e-02
1.263335829818806530e-02
1.265531811235416637e-02
1.265701338511421824e-02
1.263140072615310909e-02
1.262640956768677596e-02
1.263734584318259788e-02
1.264074006886520794e-02
1.263741476924158322e-02
1.263706517435760068e-02
1.263752320784420832e-02
1.263942714553802950e-02
1.263717819758680347e-02
1.263697178478663356e-02
1.262521357279692419e-02
1.261907567803994060e-02
1.261874915830942662e-02
1.262202042153696621e-02
1.262296500903279696e-02
1.262587775465798257e-02
1.262755387702058085e-02
1.262830941811667572e-02
1.262716102770088458e-02
1.262709739560554517e-02
1.261564231788099913e-02
1.261785086002028058e-02
1.261865815166017535e-02
1.261712773505358452e-02
1.262399648894151592e-02
1.262565311375265197e-02
1.262366715795426066e-02
1.262900184848502610e-02
1.262962589705040467e-02
1.263105342001555505e-02
1.262893214057209980e-02
1.263191645106080327e-02
1.263729079843092622e-02
1.262836951397168159e-02
1.262931533895102557e-02
1.263834752104968200e-02
1.263764845577375513e-02
1.262359399743169693e-02
1.262883739242496792e-02
1.263811017927338881e-02
1.263401319032128947e-02
1.264223765119405242e-02
1.264426976530377139e-02
1.264321082437158163e-02
1.263085429533731055e-02
1.262885240628831493e-02
1.263054852523611687e-02
1.263068873334517728e-02
1.262578225726957055e-02
1.263199587742794283e-02
1.263259060305279083e-02
1.263749085320650146e-02
1.263255575704020153e-02
1.263213378739505566e-02
1.263208296536361304e-02
1.263626431088708986e-02
1.263657558408590523e-02
1.264814985544559893e-02
1.263245657951412443e-02
1.263356470225127787e-02
1.263992960206891669e-02
1.264053482691986953e-02
1.264051012234797787e-02
1.263929396236623121e-02
1.264090162889024843e-02
1.263695910828962696e-02
1.264820489214274479e-02
1.264615820937009354e-02
1.262855288806469939e-02
1.263247707770450041e-02
1.262525535534353427e-02
1.262999317823995313e-02
1.262674288259115277e-02
1.262074970695805168e-02
1.262121322419641582e-02
1.263253646392844924e-02
1.263233804617472714e-02
1.264032681209968992e-02
1.263773248725410733e-02
1.264327157364513420e-02
1.264591369639395807e-02
1.264287966261009970e-02
1.263962057700266338e-02
1.263382603675022690e-02
1.263611800610071542e-02
1.263342333508132853e-02
1.265523586794168806e-02
1.265420436802660795e-02
1.265396824795151157e-02
1.263290809349647444e-02
1.264501209573306445e-02
1.264295420816984560e-02
1.264586041683679433e-02
1.263605675999623923e-02
1.263564066973371126e-02
1.264532171168412066e-02
1.264513473143166235e-02
1.264596907928096717e-02
1.264670863494157631e-02
1.263353880282264835e-02
1.263784121777395374e-02
1.262470566540231307e-02
1.263039274313359703e-02
1.260525227673091504e-02
1.261096860836239709e-02
1.261479661484651155e-02
1.261125651849526012e-02
1.260978914651373489e-02
1.261288053130461655e-02
1.263263712288495086e-02
1.263484142971656003e-02
1.263477581813928115e-02
1.263168987941833306e-02
1.263208164433273113e-02
1.262138718330485521e-02
1.261630343495458509e-02
1.262102196795164381e-02
1.262010755428900899e-02
1.261028092883097369e-02
1.263147628608396640e-02
1.263371490968491842e-02
1.265374098439780125e-02
1.264279722647920247e-02
1.264375923063200055e-02
1.265391314159923335e-02
1.265050148523311560e-02
1.264402719170815148e-02
1.262833657492865892e-02
1.262830597008881596e-02
1.264101192159025090e-02
1.264199477982569896e-02
1.263865536814375717e-02
1.264447166739744201e-02
1.264495181883583744e-02
1.263600011106015726e-02
1.263902132747671617e-02
1.264563076318981141e-02
1.264545169524665391e-02
1.265014888826387907e-02
1.263497559217715942e-02
1.263610187145301593e-02
1.263780167707784230e-02
1.263666246425540832e-02
1.263819637689992878e-02
1.263529764959135833e-02
1.263396216007874051e-02
1.263128337065189816e-02
1.263307876465830440e-02
1.262528617580756241e-02
1.263199502731864043e-02
1.263214900092412586e-02
1.263553589544225142e-02
1.263355825167492008e-02
1.263152116565238563e-02
1.263297556449696248e-02
1.262944779497367914e-02
1.262791759704978527e-02
1.263637351290702870e-02
1.262545901100610088e-02
1.262486977670958764e-02
1.261921495362325861e-02
1.265649352458572859e-02
1.265657186690792059e-02
1.262001445906676261e-02
1.265806149435658515e-02
1.261907211574400320e-02
1.266522412921820308e-02
1.263307529657957742e-02
1.262443492946111086e-02
1.262318674228166820e-02
1.262593160367491557e-02
1.262579056883820876e-02
1.262323685778406548e-02
1.262355855320929955e-02
1.262393372762799296e-02
1.265156326165605555e-02
1.264491193638796369e-02
1.264671287991063139e-02
1.264119196000095154e-02
1.262888371923094610e-02
1.263443518274031535e-02
1.263941985227360308e-02
1.263975238433292202e-02
1.261853376373403557e-02
1.262501027037234679e-02
1.261585566158350546e-02
1.262120550537375666e-02
1.261931682814955435e-02
1.262606151346767035e-02
1.261592899629141243e-02
1.263376288649551392e-02
1.264008331067190127e-02
1.263303246702484478e-02
1.263225614683552087e-02
1.263431058821324997e-02
1.264085390086975950e-02
1.261583926554579911e-02
1.264495919777825460e-02
1.264531467324016625e-02
1.265010152953458672e-02
1.264775089270125594e-02
1.262382461332584027e-02
1.263576496120813637e-02
1.262840525048853149e-02
1.262246949154743197e-02
1.262190402248724100e-02
1.261874883620293583e-02
1.262527010430460409e-02
1.267318948332396208e-02
1.267118946298639685e-02
1.264505771408080785e-02
1.263222860894398607e-02
1.269114228297338678e-02
1.269307145349190223e-02
1.269139653775380565e-02
1.269062126977174750e-02
1.269668557507946764e-02
1.269264620242827740e-02
1.269585663831326698e-02
1.266429009015374030e-02
1.264687122074700625e-02
1.265761678930276204e-02
1.270407957653145285e-02
1.270288989764256464e-02
1.270353718479638912e-02
1.270419871345637372e-02
1.270423923276918672e-02
1.269639317286594751e-02
1.270029597802532079e-02
1.270313362266000355e-02
1.269345545155894754e-02
1.270050054884090673e-02
1.269523215071912368e-02
1.264234227114912137e-02
1.266569689556338620e-02
1.267182557619401205e-02
1.267205534407377619e-02
1.266745670308035490e-02
1.268569058382485772e-02
1.268448939298193363e-02
1.266762601531395450e-02
1.267475670446835054e-02
1.266760032091523817e-02
1.266914577804767982e-02
1.267029393563195994e-02
1.269797433033730688e-02
1.269901958629361324e-02
1.268949425879573739e-02
1.268662897995290542e-02
1.269831756269021970e-02
1.269580655307757898e-02
1.269868787990010954e-02
1.269294241821467863e-02
1.269962164517514369e-02
1.267598319952006197e-02
1.267741827175425037e-02
1.267364599368104791e-02
1.267074686078400146e-02
1.267179518459561616e-02
1.267459967263748558e-02
1.267430796991801840e-02
1.268846096323800361e-02
1.268868877572861854e-02
1.267671093536731908e-02
1.265509191045536587e-02
1.264872313760911395e-02
1.264768508998220971e-02
1.266980051713493920e-02
1.266686185513649435e-02
1.266782945766835311e-02
1.266160932872815136e-02
1.265912091422730264e-02
1.266402953604967886e-02
1.266459042248816759e-02
1.267725628117570211e-02
1.267547327314019583e-02
1.268027859319975290e-02
1.264559264728335776e-02
1.264950819393803258e-02
1.266117898868352777e-02
1.265607643755824185e-02
1.266799146649488783e-02
1.265827113886156506e-02
1.266203891539848317e-02
1.267014777627713945e-02
1.264917805203473640e-02
1.265170857992386523e-02
1.265586858854891687e-02
1.267020759228976515e-02
1.266734625870876048e-02
1.267092606543807239e-02
1.265812764397697757e-02
1.265797610169685193e-02
1.265960546661627426e-02
1.265628980251343010e-02
1.265659545506158008e-02
1.265763229074352327e-02
1.265786409903451974e-02
1.265952504364618175e-02
1.265725308619828834e-02
1.266653918821277792e-02
1.266977761388735600e-02
1.266959132995272921e-02
1.266957884588389496e-02
1.267181592079237237e-02
1.266540230026654001e-02
1.267000218597723500e-02
1.266004504599805604e-02
1.265873568715505763e-02
1.265391556856095522e-02
1.265581766576613643e-02
1.265542036955055218e-02
1.265334475178267817e-02
1.265245656071528266e-02
1.265488971009858313e-02
1.265522743308036997e-02
1.265558521064525516e-02
1.265612157023617013e-02
1.265341899864086406e-02
1.264238255610251015e-02
1.264216776093844349e-02
1.266215137318146139e-02
1.265459197045629841e-02
1.265416717879998612e-02
1.264516706788821297e-02
1.264520026303391984e-02
1.264517603505550120e-02
1.264700700393299460e-02
1.264667623813283542e-02
1.264647373696616874e-02
1.264803732142010841e-02
1.265151736645449797e-02
1.264197181988735430e-02
1.263826573709649244e-02
1.264003724982915022e-02
1.264082641780231962e-02
1.264305992461671815e-02
1.264288174062154317e-02
1.264044813796970888e-02
1.264062809530661600e-02
1.263951672489185135e-02
1.263945217658164755e-02
1.263706683906596316e-02
1.264416799584557050e-02
1.265168201174479007e-02
1.264448765218768519e-02
1.266202259213495239e-02
1.266436621589748721e-02
1.266817260061556781e-02
1.266722214425994829e-02
1.266940824475565504e-02
1.267124408248949258e-02
1.267098473566762550e-02
1.265849921410077197e-02
1.265539881541749741e-02
1.265586081820501557e-02
1.265687665186395611e-02
1.266018673255252767e-02
1.266827880754753388e-02
1.266293895927122180e-02
1.265837589856186676e-02
1.267668375740753361e-02
1.266867477089571488e-02
1.267366525842779715e-02
1.267210719638033230e-02
1.266797168396459512e-02
1.266793707324427934e-02
1.266703499769806542e-02
1.266931345409688311e-02
1.267216011737843685e-02
1.267163427894646942e-02
1.267747541582636174e-02
1.267720364209118378e-02
1.265204718771282058e-02
1.265116268723786609e-02
1.266349163160010970e-02
1.265618325261439261e-02
1.265722118961120669e-02
1.265381832134989532e-02
1.264884625222663199e-02
1.264834684080385664e-02
1.266873737739264601e-02
1.265911002189127124e-02
1.265736834729987680e-02
1.265957622799898478e-02
1.266043964447090275e-02
1.266289677478162588e-02
1.266551859314951449e-02
1.266241133990624219e-02
1.266197670557189792e-02
1.267079502590340301e-02
1.265889029900117181e-02
1.265130084196551194e-02
1.268151777545306787e-02
1.267881126865683279e-02
1.267908508136097144e-02
1.268163048661329582e-02
1.268301694921064593e-02
1.268055289219113292e-02
1.266537404017170458e-02
1.266814169489267894e-02
1.265535017502042621e-02
1.268159372859048797e-02
1.267563688103388007e-02
1.267689766436547530e-02
1.267639949165764307e-02
1.267772074986166578e-02
1.267629551679837902e-02
1.267434942837509376e-02
1.267390231919380585e-02
1.267476860805897589e-02
1.267343798533326037e-02
1.267817497312612868e-02
1.267852205551286277e-02
1.267762045123283984e-02
1.267718341479587979e-02
1.267425082141278650e-02
1.267562648270180274e-02
1.267221111296349886e-02
1.267714914555299888e-02
1.267619341184767975e-02
1.266996390972507415e-02
1.266346543937075207e-02
1.267143541336843322e-02
1.267058191492569791e-02
1.266946348032758560e-02
1.267570601405276776e-02
1.267429488679051690e-02
1.267333645463002145e-02
1.267832596357411530e-02
1.267851525284570922e-02
1.267961987041186893e-02
1.267771184150451140e-02
1.267293832340765647e-02
1.267371572242769091e-02
1.267197468086813522e-02
1.268164648735013722e-02
1.268292553937785082e-02
1.267316404801351742e-02
1.267920285931392783e-02
1.267740235421670712e-02
1.267477160869254736e-02
1.267724680295981288e-02
1.267643561055554861e-02
1.267457955520717196e-02
1.267658571892561238e-02
1.267794527379830123e-02
1.266643921404241382e-02
1.266522399284891569e-02
1.267024458587763351e-02
1.267010519097171509e-02
1.266959642856033824e-02
1.267099841886236249e-02
1.267133420358716907e-02
1.267037364419803733e-02
1.267363092360821071e-02
1.266989340402678924e-02
1.267031174134507915e-02
1.266469382155757835e-02
1.266609581289624732e-02
1.266692583895507804e-02
1.266778083308224730e-02
1.266940479999228639e-02
1.267113803325940063e-02
1.267014959950455745e-02
1.266896589213096190e-02
1.267052366651521059e-02
1.266765420735575798e-02
1.266810572163974344e-02
1.266750960325993547e-02
1.267378712921678197e-02
1.266723414497159320e-02
1.266812450328077926e-02
1.266796246644456662e-02
1.266777209171652228e-02
1.266577241046515367e-02
1.266810164946374773e-02
1.266884537010859978e-02
1.266913004667998693e-02
1.266862782731202446e-02
1.266917671681932686e-02
1.266805126897922219e-02
1.267203924231742433e-02
1.266846988220052261e-02
1.266120869901922116e-02
1.266152119922487988e-02
1.266733140732828090e-02
1.267263673523969306e-02
1.267282872463861010e-02
1.267520134974631750e-02
1.267412602057314472e-02
1.266696183250349758e-02
1.266036703105364973e-02
1.266396158313240310e-02
1.266599782275570907e-02
1.267150006697495730e-02
1.267219648148179383e-02
1.267216116080319317e-02
1.265829987389004672e-02
1.263799279149242782e-02
1.263859706551063826e-02
1.264269588301856345e-02
1.264640330643227069e-02
1.264933056371552594e-02
1.264864193733700702e-02
1.269296806650605826e-02
1.270124423090015532e-02
1.269886366243187098e-02
1.272278669195698979e-02
1.268483349376704240e-02
1.267716129040014073e-02
1.268642499953726022e-02
1.268808485883387606e-02
1.268600154395243922e-02
1.268094334829357114e-02
1.268379798705484424e-02
1.268106591748682614e-02
1.268691746159331980e-02
1.268525456584422735e-02
1.268966650487804784e-02
1.269419935241123884e-02
1.269249793761332602e-02
1.269042305675655014e-02
1.269172222918662357e-02
1.269132427168822956e-02
1.269253662968193412e-02
1.269077221952135195e-02
1.269236762691138345e-02
1.269221971067127988e-02
1.269202634896397959e-02
1.268982145483218103e-02
1.269011037668387604e-02
1.268490583451242076e-02
1.268142486853280661e-02
1.268509948265655017e-02
1.268568153328273468e-02
1.268234987393444292e-02
1.268121839203869249e-02
1.267951777540260797e-02
1.268036156824367544e-02
1.268543718453326793e-02
1.268434236521392457e-02
1.268570545272101543e-02
1.267837440275425102e-02
1.267975679457450378e-02
1.268690561867087153e-02
1.267963973664504133e-02
1.267150753697725458e-02
1.264661271573587140e-02
1.264117545550279796e-02
1.265135976535937574e-02
1.265090579902550076e-02
1.272791627988914889e-02
1.265861204385377789e-02
1.265805820773803665e-02
1.266100944611217929e-02
1.266676101643179550e-02
1.266941308411471089e-02
1.266426946086733618e-02
1.266454456827717338e-02
1.266365304206925300e-02
1.265741692034513637e-02
1.265803930846143982e-02
1.266525012194007725e-02
1.267194285708329350e-02
1.267268923088314507e-02
1.266990386457098224e-02
1.266803527426484631e-02
1.266873685152318692e-02
1.267148520650457529e-02
1.267102800345689360e-02
1.267124309048357940e-02
1.266946622391041354e-02
1.266573110859632416e-02
1.266450606283530192e-02
1.266763059084063774e-02
1.264574060076113608e-02
1.262960180506025876e-02
1.264593266980167628e-02
1.265205524208442428e-02
1.265668823710672936e-02
1.264898579482407436e-02
1.265065470449950290e-02
1.260667789675998240e-02
1.253038136644279640e-02
1.257318977085061448e-02
1.257272615609464003e-02
1.256500704338965775e-02
1.258449631259248545e-02
1.260793222782541530e-02
1.261979842522416642e-02
1.261953503856577327e-02
1.265454137609997760e-02
1.265730047147961557e-02
1.264649748056230830e-02
1.264284667990488685e-02
1.264300937262730247e-02
1.264064707109065905e-02
1.264129630939095535e-02
1.263601063607190308e-02
1.264445879115365032e-02
1.264931207438802115e-02
1.264963370441064133e-02
1.264555775006016500e-02
1.265438149111542017e-02
1.262653715544518294e-02
1.261981932549918924e-02
1.260364634408404731e-02
1.259367592630867422e-02
1.259191300854835098e-02
1.258592939445565308e-02
1.259458363212405396e-02
1.259144146247915229e-02
1.259408648341982760e-02
1.259378383372204528e-02
1.261232316303880982e-02
1.263144049187747177e-02
1.263340446322609723e-02
1.261381385782293051e-02
1.262704480384916651e-02
1.262985317488523121e-02
1.263060365934757893e-02
1.262770951367413012e-02
1.263277752559368271e-02
1.259954975849163043e-02
1.260546671958690836e-02
1.260308706205135083e-02
1.262538439604788884e-02
1.261158200759187470e-02
1.261688936056543434e-02
1.261672824191686047e-02
1.259812035589705573e-02
1.259586711456359663e-02
1.259932185555030955e-02
1.260125428434160158e-02
1.258826443300946514e-02
1.259336259733002603e-02
1.259571292080003367e-02
1.260153733354745648e-02
1.260047505295760692e-02
1.260825436527304722e-02
1.260812871804641022e-02
1.260934256598011949e-02
1.261041319176970862e-02
1.261173712685555170e-02
1.263874037446014072e-02
1.263777625411524434e-02
1.263589457966687868e-02
1.264477515758380237e-02
1.264667470265202348e-02
1.264674426657241314e-02
1.263611406745533162e-02
1.263354352986479322e-02
1.262964979885352126e-02
1.263463874540136228e-02
1.263395276354908892e-02
1.263556754257248553e-02
1.263393545317013228e-02
1.260691959152695878e-02
1.260779218420602331e-02
1.260456787712565391e-02
1.260823580051875607e-02
1.260947317996332501e-02
1.260730070279230709e-02
1.260410047670208582e-02
1.260530852273550502e-02
1.260672930137757969e-02
1.260817191935587923e-02
1.260772388441612837e-02
1.261102651857486968e-02
1.261369087885656076e-02
1.260645070607898342e-02
1.260814904888511202e-02
1.260684677285609998e-02
1.260615164851305696e-02
1.260568799910342756e-02
1.261115064034859339e-02
1.260818084362836343e-02
1.260919494445777826e-02
1.260405044842012427e-02
1.261699147002839569e-02
1.262400814456984301e-02
1.262254232318285249e-02
1.262403311691717017e-02
1.262033475603921429e-02
1.262561389662280285e-02
1.263604247321181012e-02
1.262337078941004956e-02
1.262339166780352025e-02
1.261143970312997471e-02
1.261342888128822934e-02
1.262151415047676854e-02
1.262142243483660616e-02
1.261939047423355463e-02
1.262047058255928549e-02
1.262253093758528358e-02
1.262293450787866506e-02
1.262654808790923677e-02
1.262693560400285006e-02
1.263094727634639543e-02
1.263092199038044587e-02
1.263965825586630710e-02
1.264711570576868699e-02
1.260276513454254912e-02
1.260057255277159498e-02
1.260326373591836094e-02
1.261493309713885257e-02
1.261079693105004312e-02
1.260244265990190411e-02
1.265484539575364824e-02
1.261812658349381437e-02
1.262133513069166497e-02
1.262704310703839650e-02
1.261946527539045855e-02
1.262650076414855056e-02
1.262637471280474502e-02
1.262326485026762750e-02
1.261976735150809222e-02
1.261594406210989582e-02
1.264935991360481571e-02
1.264901789659357047e-02
1.264767260958589261e-02
1.264539205997725936e-02
1.264782937519161321e-02
1.264365967285822553e-02
1.264279447498841205e-02
1.264447078112316061e-02
1.264029187052207771e-02
1.263962864182435926e-02
1.264180946741493179e-02
1.264953262402333106e-02
1.264558691125630685e-02
1.264598058461600602e-02
1.261843413960968448e-02
1.262260142919471341e-02
1.263934733922081333e-02
1.261649006059855672e-02
1.261423414448234991e-02
1.262238063918388713e-02
1.262694020682360654e-02
1.258835404943855867e-02
1.260195780544152121e-02
1.259726780112448152e-02
1.259473813821695813e-02
1.259939124321930379e-02
1.259677684681012773e-02
1.259641782418558301e-02
1.259518011407176341e-02
1.259882378592220610e-02
1.260115360026665098e-02
1.259794869534116776e-02
1.259946067598100711e-02
1.259626739410331549e-02
1.259692904382338913e-02
1.259690640594081194e-02
1.259738765761107826e-02
1.259692943947310351e-02
1.260713012208352496e-02
1.259622239865277292e-02
1.258859659391333048e-02
1.259555357744957665e-02
1.258790175296925322e-02
1.259038626605494052e-02
1.259925787492348868e-02
1.260723101767695364e-02
1.261667265850142244e-02
1.262191575921027889e-02
1.260152819201787976e-02
1.260301095492303604e-02
1.260243989870716771e-02
1.260159055238264936e-02
1.261140972114347704e-02
1.260426348789552183e-02
1.260451328147157470e-02
1.260534889062860792e-02
1.259911986571524666e-02
1.261319969849143685e-02
1.260176955885008998e-02
1.259922600349254809e-02
1.260169737789642620e-02
1.260321015666804670e-02
1.259917640482682843e-02
1.259979721670398227e-02
1.259719815737525908e-02
1.259433938308649262e-02
1.260004754198676413e-02
1.259777975438585405e-02
1.260177304810677912e-02
1.259255450055539113e-02
1.262057621536667035e-02
1.261808947850927461e-02
1.261817523050041620e-02
1.265628479364675103e-02
1.265807236413388735e-02
1.261953317397422267e-02
1.260647103841077907e-02
1.261124328546080545e-02
1.259774229872866018e-02
1.261297973806431612e-02
1.260809198050613471e-02
1.260203985479762916e-02
1.260487573061055619e-02
1.263488141116976722e-02
1.262274942469538211e-02
1.264011656917192299e-02
1.262268200302475545e-02
1.261985090369827436e-02
1.261982264046596081e-02
1.259734035408826766e-02
1.258157197745222479e-02
1.258159383752508256e-02
1.258068763683419314e-02
1.257565027325604871e-02
1.257522572859545718e-02
1.262520335206858760e-02
1.262233439261886692e-02
1.261864921689483630e-02
1.260190339073695431e-02
1.259405389530350410e-02
1.259677645040956952e-02
1.257547966920763254e-02
1.258067428519963130e-02
1.258058733412448921e-02
1.258547694393960352e-02
1.258406766903883214e-02
1.257465247445141605e-02
1.257349191611425131e-02
1.257646578951165939e-02
1.257683127206055823e-02
1.257476241456369909e-02
1.256956187948325698e-02
1.256628045372559788e-02
1.255967484949094271e-02
1.255876059966223521e-02
1.255699812266073204e-02
1.255747531096264996e-02
1.259547710345111475e-02
1.260696124890615076e-02
1.260969791092875561e-02
1.260915411667610370e-02
1.260578108531217219e-02
1.263440064092455871e-02
1.261832824253674573e-02
1.262372875720223914e-02
1.262104608921838303e-02
1.262301196354977291e-02
1.261759281161591549e-02
1.262030563131816274e-02
1.262009687971447393e-02
1.262015050233739923e-02
1.261666045767813500e-02
1.262492046608242567e-02
1.261547259496986415e-02
1.261841944120692914e-02
1.260735772883391469e-02
1.261333716476594792e-02
1.260365369932191053e-02
1.260352213944070099e-02
1.261281212900071391e-02
1.260750378624505251e-02
1.260262388876895283e-02
1.262220459387858318e-02
1.261884029137761050e-02
1.258994614586271023e-02
1.258821756313290019e-02
1.259578747813710348e-02
1.261377804460421699e-02
1.261325930390780337e-02
1.259113065225745190e-02
1.260783309258241627e-02
1.260932127275677696e-02
1.260943007724884581e-02
1.261262404378936906e-02
1.263145297400877949e-02
1.263075323719342613e-02
1.261601246769447626e-02
1.261539742778693476e-02
1.262534995950566862e-02
1.262677723827002052e-02
1.262196114942182486e-02
1.261737600733523271e-02
1.261369783704645309e-02
1.261479610635201504e-02
1.262183751108193058e-02
1.262153000544159569e-02
1.262258177455868532e-02
1.262309674819106671e-02
1.262340409825406240e-02
1.262428253015072943e-02
1.262268430954496985e-02
1.262297759468815686e-02
1.262513710402161059e-02
1.262221768399412157e-02
1.262337325021100840e-02
1.260154105796467729e-02
1.260084512157141380e-02
1.259912246329224564e-02
1.260488100676732982e-02
1.262417170882944306e-02
1.257515949468078660e-02
1.261837855026849871e-02
1.261294655603782677e-02
1.257392735172422303e-02
1.259717733848949792e-02
1.259011527707754215e-02
1.259155901757785280e-02
1.259352773734361691e-02
1.259701383244754558e-02
1.259616336861081078e-02
1.260003449715828630e-02
1.259617308945453797e-02
1.259786194201286715e-02
1.259765774738443034e-02
1.259672739597927915e-02
1.255622892277596242e-02
1.254449427949671202e-02
1.254926891570433758e-02
1.256420678265217014e-02
1.256257329902525643e-02
1.256096233990640181e-02
1.254836329038617332e-02
1.254728932519463998e-02
1.255481654168367177e-02
1.256405374586574628e-02
1.258663042296723558e-02
1.259369284939825147e-02
1.258219782544657377e-02
1.258166293476415711e-02
1.257801179480755663e-02
1.257795703066251665e-02
1.257229849067754805e-02
1.257185362882353753e-02
1.243057708609465739e-02
1.243475276365475432e-02
1.244703112099451378e-02
1.243354493079101147e-02
1.286954185967055346e-02
1.288022577148390663e-02
1.286454795578038067e-02
1.285481939263658467e-02
1.285500663339268421e-02
1.285604943587178098e-02
1.285470117496805530e-02
1.285829910978082691e-02
1.285750919435956624e-02
1.285534614528036426e-02
1.285523358686165886e-02
1.285596396679456084e-02
1.285174285402546253e-02
1.285435695552307467e-02
1.284739334613375396e-02
1.285287362453940360e-02
1.285250465166098283e-02
1.284975330346115226e-02
1.285225361096545803e-02
1.284840342094656536e-02
1.283523637860997484e-02
1.286487423345902825e-02
1.287307895880203217e-02
1.287511516900966164e-02
1.287717712464955637e-02
1.288321100396142699e-02
1.286615925251208617e-02
1.288380810292242933e-02
1.288325034421372757e-02
1.288658607033668115e-02
1.287707289696703346e-02
1.287418148880643300e-02
1.287763516760455536e-02
1.285662182669414580e-02
1.285738272141967453e-02
1.286091295933695401e-02
1.286385559126336335e-02
1.286195471725442088e-02
1.286448427772809468e-02
1.286074307234206550e-02
1.286212359363537484e-02
1.286368590430225604e-02
1.283015993239996697e-02
1.282164498193906141e-02
1.282225100915901014e-02
1.282867374021245954e-02
1.282776386994151883e-02
1.281087364752487093e-02
1.281091055618591504e-02
1.281901034233093144e-02
1.282215013590317851e-02
1.282029965215268283e-02
1.282250953973474925e-02
1.281346370756243289e-02
1.281169902545915840e-02
1.282202923467091159e-02
1.281750277346015501e-02
1.281793586255961133e-02
1.281857278733970935e-02
1.281183948721460394e-02
1.282354097987187941e-02
1.282370867092113079e-02
1.282089408359374585e-02
1.281909104333826301e-02
1.281860240229260213e-02
1.282727421411426066e-02
1.297983652972241504e-02
1.298849939640343842e-02
1.297553815692797582e-02
1.297263030875183895e-02
1.299562593960173346e-02
1.297114962756531174e-02
1.297110075541314453e-02
1.297468053686357675e-02
1.297418944887367316e-02
1.297658527137688506e-02
1.295321814052719650e-02
1.297794376174999861e-02
1.297786742108486373e-02
1.298108125104048896e-02
1.295944515245900375e-02
1.295682580070382263e-02
1.296894788871883961e-02
1.296094602790472984e-02
1.296875666287489008e-02
1.296382754950408354e-02
1.297064226505685071e-02
1.296285052265438477e-02
1.296961373418049381e-02
1.297148165169143344e-02
1.295765567090651285e-02
1.296760426316959265e-02
1.296597650613782321e-02
1.296543511225177817e-02
1.296594991716722330e-02
1.296413826239454191e-02
1.297076962398962911e-02
1.297619118801572428e-02
1.297705641828864227e-02
1.297755849833238766e-02
1.297774387903333736e-02
1.297705140957596329e-02
1.297631304900728061e-02
1.297588225764687020e-02
1.297434280471596729e-02
1.297678293374076273e-02
1.297639728569829030e-02
1.297653633589305675e-02
1.297341596590446955e-02
1.297225777855414743e-02
1.297429483888210347e-02
1.298222900751249027e-02
1.297812670012329396e-02
1.297902991169050044e-02
1.297839369065794876e-02
1.296807312652147742e-02
1.296598023418445503e-02
1.297458526516054311e-02
1.297533657665059237e-02
1.297520128696951804e-02
1.296976920041437512e-02
1.296724089292284297e-02
1.296955415091630669e-02
1.296807258313303381e-02
1.296791969594512234e-02
1.297069066239030059e-02
1.296631729360935709e-02
1.296693630131508235e-02
1.296575875333163749e-02
1.296936463012749417e-02
1.297134138711372904e-02
1.297439964415646706e-02
1.297769096010484638e-02
1.298983230993651546e-02
1.298950874516866145e-02
1.298976211608732570e-02
1.298854753346648239e-02
1.298824902196192045e-02
1.298897807291971018e-02
1.298848936468136039e-02
1.298845054306246687e-02
1.297444083834065932e-02
1.297790316554623888e-02
1.297731569019734341e-02
1.296786292657235197e-02
1.296329225446739807e-02
1.296926045461528447e-02
1.298537514497704118e-02
1.298725410269882530e-02
1.299224239266363531e-02
1.298306449337336028e-02
1.298307389076148489e-02
1.298170951784368386e-02
1.298296658022325342e-02
1.298446158737863627e-02
1.298676857170437925e-02
1.296861408448669525e-02
1.297579012008148389e-02
1.297711042736877408e-02
1.298286994132667738e-02
1.298191008033846780e-02
1.297431037093661928e-02
1.297816694229555166e-02
1.301485369547979859e-02
1.299107960621487604e-02
1.299903927670746293e-02
1.300632085055796611e-02
1.299682204336138382e-02
1.299570310757449526e-02
1.300095902828122402e-02
1.299913817181923455e-02
1.299936007965336003e-02
1.299934083141726475e-02
1.299718823000252377e-02
1.299730614934462708e-02
1.299825762495752761e-02
1.299696879367693084e-02
1.299815609807156679e-02
1.300060465023544429e-02
1.299785541448699594e-02
1.300504239218556665e-02
1.298769721166686576e-02
1.300668130200347168e-02
1.299474908734255842e-02
1.299210184423005114e-02
1.298837081791667097e-02
1.294981365873456441e-02
1.301730353563310474e-02
1.261696687635443723e-02
1.261632798232526116e-02
1.261427291101072622e-02
1.259736893515141579e-02
1.260245189276015636e-02
1.260371554417609452e-02
1.258667782679547854e-02
1.259398620733569868e-02
1.258336231049635504e-02
1.258775161781141606e-02
1.258588055205933816e-02
1.258610921759565834e-02
1.258476915626262869e-02
1.258093183074605187e-02
1.258240323369488010e-02
1.258456108306834145e-02
1.259435576919611284e-02
1.259190175381838007e-02
1.258759638062273249e-02
1.259200393024425581e-02
1.259086117115523415e-02
1.260787102487410417e-02
1.260662701169987070e-02
1.260881390826358930e-02
1.260859511742675257e-02
1.260546226337255597e-02
1.260653539281072349e-02
1.260571282889244409e-02
1.260524400321230178e-02
1.259914224386805837e-02
1.260670099036443823e-02
1.260744773967704783e-02
1.260537913725096049e-02
1.260558247087922162e-02
1.260339600787130192e-02
1.260363501689492662e-02
1.260207421600684913e-02
1.260217448294736510e-02
1.252265640625852515e-02
1.248395876799672163e-02
1.249057424237083429e-02
1.249982453979212385e-02
1.248720889751872912e-02
1.248192529699540011e-02
1.248394521528114164e-02
1.248006573253127027e-02
1.248319038569935951e-02
1.248382223667657276e-02
1.247939576031380747e-02
1.248497266405692967e-02
1.248528559441292041e-02
1.248548136411336412e-02
1.248406801474229166e-02
1.248357565027055811e-02
1.248663099146172205e-02
1.248933339596934415e-02
1.248837354323832464e-02
1.249852671683124479e-02
1.248601783137450773e-02
1.248569074915558026e-02
1.249026032130714538e-02
1.248669039740737431e-02
1.248603825654464108e-02
1.259209302587572035e-02
1.258706486137348493e-02
1.259690835476194419e-02
1.269641006877246514e-02
1.269367071188042505e-02
1.269632717667116585e-02
1.269640288467605710e-02
1.269077030208455928e-02
1.269501621893749828e-02
1.268861992703256523e-02
1.269052413170388728e-02
1.268762734595619765e-02
1.268841298183464444e-02
1.268888742409364154e-02
1.268889419990450011e-02
1.268865207561003031e-02
1.269009608668608853e-02
1.268392715674165200e-02
1.268567938912023782e-02
1.268552636706390090e-02
1.268171154339740175e-02
1.267962171620495501e-02
1.270691791001332151e-02
1.270654533206988339e-02
1.270830547252661813e-02
1.270360667601174755e-02
1.270101963092422868e-02
1.270737296498500660e-02
1.270732650857842733e-02
1.271055006471372324e-02
1.270740561864990015e-02
1.269902641706661950e-02
