-9.145158843976165450e-03
-9.145140327605660868e-03
-9.145141565581604848e-03
-9.145130308553260645e-03
-9.144835890051307425e-03
-9.144707589051503938e-03
-9.144692092110212958e-03
-9.145243369463448499e-03
-9.145225724935214170e-03
-9.145258111384257579e-03
-9.145258111384155231e-03
-9.145252269764911346e-03
-9.145235001606400599e-03
-9.145232256796743259e-03
-9.145234978246508453e-03
-9.145234978246485902e-03
-9.145242201751252464e-03
-9.145111814223137736e-03
-9.145116503680147946e-03
-9.145116503680064679e-03
-9.145119404974366706e-03
-9.145119912110692695e-03
-9.145114614337482989e-03
-9.145114433612700627e-03
-9.145114667150839108e-03
-9.145114925981882512e-03
-9.145109451593918734e-03
-9.145105290916194507e-03
-9.145102204398410095e-03
-9.145099782943083913e-03
-9.145101218896143497e-03
-9.145110997371710959e-03
-9.145110472298011162e-03
-9.145111812851366984e-03
-9.145104677584581579e-03
-9.145106424906875378e-03
-9.145108570005507087e-03
-9.145107383952919347e-03
-9.145107884466107534e-03
-9.145105473106653407e-03
-9.145105756250836854e-03
-9.145105074030093414e-03
-9.145095159963678375e-03
-9.145094793141227488e-03
-9.145094452411879973e-03
-9.145094130130640084e-03
-9.145094133837187306e-03
-9.145093071779460819e-03
-9.145093005378820625e-03
-9.145094257339111271e-03
-9.145087299726866251e-03
-9.145086160884559334e-03
-9.145086785846358660e-03
-9.145089892450702224e-03
-9.145092684247549744e-03
-9.145091518755903842e-03
-9.145091518755692206e-03
-9.145090807494224081e-03
-9.145092266157794220e-03
-9.145093783642725335e-03
-9.145094147054957934e-03
-9.145098844401402041e-03
-9.145085900976804294e-03
-9.145097603596052949e-03
-9.145096862430531631e-03
-9.145094869234825924e-03
-9.145092185921016928e-03
-9.145093171194853404e-03
-9.145092832717936771e-03
-9.145095264556511033e-03
-9.145097655923178220e-03
-9.145104981856850418e-03
-9.145103252049107193e-03
-9.145101754470738586e-03
-9.145109287197110068e-03
-9.145109999246751539e-03
-9.145108667992627241e-03
-9.145108234590498819e-03
-9.145108247549198904e-03
-9.145107965325000032e-03
-9.145092492002635312e-03
-9.145095294501305941e-03
-9.145090333211763553e-03
-9.145092879125659921e-03
-9.145091366913160602e-03
-9.145092527231351090e-03
-9.145117467659570273e-03
-9.145119359039395601e-03
-9.145117610738004790e-03
-9.145119767322825236e-03
-9.145120169043377892e-03
-9.145125916064185054e-03
-9.145122781764634251e-03
-9.145123034163291781e-03
-9.145123034163300454e-03
-9.145123016818320835e-03
-9.145124022376318815e-03
-9.145123292534152945e-03
-9.145122868056096074e-03
-9.145133556017794041e-03
-9.145131537525840598e-03
-9.145133411825519601e-03
-9.145151468959679050e-03
-9.145110400662204500e-03
-9.145118250194903681e-03
-9.145116658232133738e-03
-9.145115962346874600e-03
-9.145123810039677489e-03
-9.145114546245254952e-03
-9.145115912911736325e-03
-9.145117915546868703e-03
-9.145116073513910246e-03
-9.145114171760440266e-03
-9.145108544765578884e-03
-9.145102674041217378e-03
-9.145105309856729411e-03
-9.145104456970932702e-03
-9.145103733987757638e-03
-9.145105103171635025e-03
-9.145105103171648903e-03
-9.145105343304787970e-03
-9.145112387321881545e-03
-9.145112812344740466e-03
-9.145113128001368039e-03
-9.145114619038342482e-03
-9.145106434502140932e-03
-9.145108526308315389e-03
-9.145111575220883984e-03
-9.145110673411107824e-03
-9.145109841502616077e-03
-9.145107597232542476e-03
-9.145109284093313334e-03
-9.145115443671957348e-03
-9.145113677675134611e-03
-9.145114361819877205e-03
-9.145113514674930999e-03
-9.145103201920905256e-03
-9.145109835070393267e-03
-9.145106551413409793e-03
-9.145106551413397650e-03
-9.145106523840177901e-03
-9.145111161694681121e-03
-9.145115425868960424e-03
-9.145120149220743039e-03
-9.145114973190858823e-03
-9.145115485167608013e-03
-9.145121447706282616e-03
-9.145121268556762745e-03
-9.145119617224186856e-03
-9.145118212154978304e-03
-9.145121320770947110e-03
-9.145108021055383882e-03
-9.145109156420645757e-03
-9.145116208328044061e-03
-9.145114140673808734e-03
-9.145119766703747530e-03
-9.145117523631457121e-03
-9.145109735911836901e-03
-9.145111014218330545e-03
-9.145111014218332279e-03
-9.145111876221551084e-03
-9.145110192084153836e-03
-9.145111617771040091e-03
-9.145110311093409411e-03
-9.145110752406341789e-03
-9.145113874712061316e-03
-9.145114281202874548e-03
-9.145108864046683911e-03
-9.145112617522063378e-03
-9.145111662119341164e-03
-9.145113312241279560e-03
-9.145113956563619834e-03
-9.145106440101526471e-03
-9.145109734473766752e-03
-9.145109032585418962e-03
-9.145110157925384273e-03
-9.145110008770461485e-03
-9.145111778608895278e-03
-9.145109479044087608e-03
-9.145113069880502280e-03
-9.145114169670785428e-03
-9.145113824127895988e-03
-9.145119632828499837e-03
-9.145121763218088534e-03
-9.145116808092795813e-03
-9.145117950355750175e-03
-9.145117699956541862e-03
-9.145111254317944346e-03
-9.145111254317951285e-03
-9.145111639820220281e-03
-9.145113917808310108e-03
-9.145113236098227627e-03
-9.145109103501535691e-03
-9.145109694668120126e-03
-9.145108382235932892e-03
-9.145107894737637688e-03
-9.145106895655888066e-03
-9.145112781929845905e-03
-9.145112906859292901e-03
-9.145109007114675392e-03
-9.145049184247702745e-03
-9.145047974709930722e-03
-9.145047811731584625e-03
-9.145053544690208078e-03
-9.145054163321909499e-03
-9.145050959083061287e-03
-9.145050922644198943e-03
-9.145053514962248400e-03
-9.145067399365389496e-03
-9.145067487069264908e-03
-9.145067763492421842e-03
-9.145066517880648393e-03
-9.145068275987171605e-03
-9.145068591632521740e-03
-9.145062776022429285e-03
-9.145065046786604937e-03
-9.145062036565699062e-03
-9.145060892862049914e-03
-9.145060897915302869e-03
-9.145051549467427682e-03
-9.145050142759101469e-03
-9.145051727148221371e-03
-9.145056089866474003e-03
-9.145056707865735143e-03
-9.145047014412235192e-03
-9.145044245840261085e-03
-9.145044444957622573e-03
-9.145045550538492482e-03
-9.145046855457932347e-03
-9.145062747897279506e-03
-9.145060697286926110e-03
-9.145059610384300916e-03
-9.145056440257499225e-03
-9.145055814669825547e-03
-9.145063986826020355e-03
-9.145064845898028330e-03
-9.145071460064525815e-03
-9.145074033300532035e-03
-9.145072224473933115e-03
-9.145072291385693969e-03
-9.145071713974132696e-03
-9.145075122673391316e-03
-9.145074487640212496e-03
-9.145073137994627968e-03
-9.145059109065312858e-03
-9.145059109065316327e-03
-9.145067708492615050e-03
-9.145070473476839268e-03
-9.145069427210376911e-03
-9.145069226654738842e-03
-9.145067201800732154e-03
-9.145063074127556674e-03
-9.145066705581263861e-03
-9.145064305342804484e-03
-9.145065051305268158e-03
-9.145062042066847210e-03
-9.145064654693769307e-03
-9.145063525395444315e-03
-9.145070876299364604e-03
-9.145069806425116382e-03
-9.145069136605753213e-03
-9.145072255532443045e-03
-9.145072037136759563e-03
-9.145070686453175487e-03
-9.145067189272564415e-03
-9.145065764089689922e-03
-9.145061694382807665e-03
-9.145061551730809812e-03
-9.145065117213973735e-03
-9.145061813218837224e-03
-9.145049912460069888e-03
-9.145059467132177211e-03
-9.145059489801786456e-03
-9.145057716306900786e-03
-9.145055353605676882e-03
-9.145055420245663813e-03
-9.145055862738173461e-03
-9.145060587826851425e-03
-9.145057803009512890e-03
-9.145060416761224484e-03
-9.145057067261002162e-03
-9.145059001751656633e-03
-9.145058122593864927e-03
-9.145057031094678754e-03
-9.145058917109068555e-03
-9.145064665535431944e-03
-9.145066628898036384e-03
-9.145065373726798605e-03
-9.145065630563881456e-03
-9.145064209375887779e-03
-9.145057345516634240e-03
-9.145057036664515013e-03
-9.145057036664528891e-03
-9.145055783538332331e-03
-9.145059093019020091e-03
-9.145071877800647550e-03
-9.145071088702725129e-03
-9.145071410393694131e-03
-9.145072670388637581e-03
-9.145062651600380232e-03
-9.145058097958244994e-03
-9.145055317268368719e-03
-9.145064302037327064e-03
-9.145055680424743483e-03
-9.145057127391572824e-03
-9.145059131073643779e-03
-9.145060230759964950e-03
-9.145054945423601936e-03
-9.145056600612017084e-03
-9.145059856125131378e-03
-9.145052625284009334e-03
-9.145058139425239763e-03
-9.145064143505949802e-03
-9.145059855266651425e-03
-9.145047448969635673e-03
-9.145046558874856540e-03
-9.145046274417012108e-03
-9.145051951471942428e-03
-9.145047451041823580e-03
-9.145049501582612830e-03
-9.145049977236009708e-03
-9.145042678816805645e-03
-9.145057565185294238e-03
-9.145064636683629053e-03
-9.145052782208284992e-03
-9.145066427881076362e-03
-9.145066355161863766e-03
-9.145067840209780002e-03
-9.145064089676120320e-03
-9.145065131358650484e-03
-9.145062769951467843e-03
-9.145067857235227027e-03
-9.145074004429836270e-03
-9.145073011054601769e-03
-9.145072005999134099e-03
-9.145063233534308361e-03
-9.145067138214510796e-03
-9.145064623667606765e-03
-9.145066561147451728e-03
-9.145059479432783925e-03
-9.145070119485161284e-03
-9.145065584254579577e-03
-9.145065584254584781e-03
-9.145066500848909527e-03
-9.145065588114394822e-03
-9.145066011750919988e-03
-9.145063419337785132e-03
-9.145063419337781663e-03
-9.145067965923564871e-03
-9.145066373255369627e-03
-9.145058958462846596e-03
-9.145067166512492809e-03
-9.145067107641367821e-03
-9.145062680721422615e-03
-9.145050653108917696e-03
-9.145059852459636388e-03
-9.145056242863616736e-03
-9.145066839673064024e-03
-9.145065205220312063e-03
-9.145066034876898550e-03
-9.145064612966151418e-03
-9.145064967968205213e-03
-9.145067045707522616e-03
-9.145066157203967164e-03
-9.145067253241252400e-03
-9.145056174662029996e-03
-9.145060259199767547e-03
-9.145060406622180366e-03
-9.145065330862161418e-03
-9.145075520752317041e-03
-9.145075577744845793e-03
-9.145077172043190178e-03
-9.145078647292874743e-03
-9.145078859329415846e-03
-9.145078789221113003e-03
-9.145075730195455221e-03
-9.145075997576248075e-03
-9.145078759977283422e-03
-9.145076696728308974e-03
-9.145076632128061947e-03
-9.145074909704445018e-03
-9.145074611779579685e-03
-9.145053101069566120e-03
-9.145045539928788395e-03
-9.145045636117862461e-03
-9.145035501448604137e-03
-9.145033260628036842e-03
-9.145073881598259763e-03
-9.145077673451951911e-03
-9.145076401340228658e-03
-9.145073778615901011e-03
-9.145077556130757485e-03
-9.145076795420672283e-03
-9.145078474630146878e-03
-9.145077933057297812e-03
-9.145071485499764799e-03
-9.145071910980588983e-03
-9.145073528351721839e-03
-9.145085193789181596e-03
-9.145088542878744564e-03
-9.145090818076396372e-03
-9.145091165919596796e-03
-9.145083406565364739e-03
-9.145085501712245379e-03
-9.145086366819420512e-03
-9.145088211930347405e-03
-9.145085722649900703e-03
-9.145087810221497193e-03
-9.145088102742889719e-03
-9.145087529476814484e-03
-9.145086262689309728e-03
-9.145088016851222676e-03
-9.145087676700029006e-03
-9.145087802471925376e-03
-9.145086238483719071e-03
-9.145075955605019499e-03
-9.145075955605031642e-03
-9.145070363078884601e-03
-9.145068329472729601e-03
-9.145067283401607516e-03
-9.145060210194913553e-03
-9.145069815637766122e-03
-9.145070458568414079e-03
-9.145069498018904355e-03
-9.145066858581126640e-03
-9.145066475629907293e-03
-9.145062510236790995e-03
-9.145072671346067897e-03
-9.145071056644481916e-03
-9.145070338978855337e-03
-9.145070493893372315e-03
-9.145062858590168389e-03
-9.145057517047564324e-03
-9.145068029474283378e-03
-9.145073085584752917e-03
-9.145072143223772002e-03
-9.145066705898045184e-03
-9.145066705898036510e-03
-9.145062313069982074e-03
-9.145064963963490251e-03
-9.145067692716698018e-03
-9.145056733451051995e-03
-9.145093216307282821e-03
-9.145093942619253458e-03
-9.145092989078500156e-03
-9.145096408171635508e-03
-9.145097114532934821e-03
-9.145088173542627319e-03
-9.145085981506087189e-03
-9.145087050400261749e-03
-9.145087730490148933e-03
-9.145084158093355620e-03
-9.145086205592047046e-03
-9.145085215569051171e-03
-9.145083432715223060e-03
-9.145094923846594157e-03
-9.145093425626495826e-03
-9.145097402458546992e-03
-9.145098639117816772e-03
-9.145098134615987570e-03
-9.145097436806318147e-03
-9.145093795596236433e-03
-9.145094345742206879e-03
-9.145093262511807403e-03
-9.145095752223587893e-03
-9.145094370329209452e-03
-9.145093764347118556e-03
-9.144332656002803969e-03
-9.144241366728488724e-03
-9.144241366728471376e-03
-9.144252272868138090e-03
-9.144224870334033417e-03
-9.144228083730075729e-03
-9.144208489844936338e-03
-9.144170046606692540e-03
-9.144319613076656861e-03
-9.144302011427865584e-03
-9.144296485936601396e-03
-9.144343702837150548e-03
-9.144322274712440163e-03
-9.144311348831417330e-03
-9.144346366914279586e-03
-9.144336989778055827e-03
-9.145284774960430949e-03
-9.145283805410592964e-03
-9.145283690316915320e-03
-9.145284439407415020e-03
-9.145290698565960649e-03
-9.145271009497843440e-03
-9.145275553035762603e-03
-9.145278474928483434e-03
-9.145285781116898119e-03
-9.145286571973876982e-03
-9.145292924118843259e-03
-9.145288000947989632e-03
-9.145288925707083585e-03
-9.145285580450022642e-03
-9.145281029442250617e-03
-9.145286551285245619e-03
-9.145282323287875006e-03
-9.145275844751830571e-03
-9.145278088283085444e-03
-9.145264990732497948e-03
-9.145266080841343154e-03
-9.145272501275624605e-03
-9.145270199560738208e-03
-9.145272202637732412e-03
-9.145272202637735881e-03
-9.145273101755370393e-03
-9.145261387094054742e-03
-9.145259294542009906e-03
-9.145264727529937507e-03
-9.145259634731246062e-03
-9.145262581683988659e-03
-9.145258505676339203e-03
-9.145258792715415738e-03
-9.145261287648124085e-03
-9.145259920429350126e-03
-9.145261708528425182e-03
-9.145264519125794606e-03
-9.145264007414171878e-03
-9.145262161667317910e-03
-9.145257767643237556e-03
-9.145341694672085020e-03
-9.145328645600029477e-03
-9.145267101336619978e-03
-9.145267533552879288e-03
-9.145280414359477708e-03
-9.145293737984646135e-03
-9.145295372534409037e-03
-9.145291650651523815e-03
-9.145291047897461875e-03
-9.145287339415768268e-03
-9.145282824061466004e-03
-9.145290008970036882e-03
-9.145279834073018199e-03
-9.145283303355481938e-03
-9.145290184727429897e-03
-9.145273178070833023e-03
-9.145276308095948853e-03
-9.145269242808793178e-03
-9.145267733533074886e-03
-9.145265132531736965e-03
-9.145266394104846833e-03
-9.145274409887795691e-03
-9.145268780675385248e-03
-9.145273132994265544e-03
-9.145271531341567922e-03
-9.145275538368123971e-03
-9.145275020097059018e-03
-9.145262884635232611e-03
-9.145266407223249031e-03
-9.145264478798858371e-03
-9.145266121830879572e-03
-9.145258708381497417e-03
-9.145264507486611932e-03
-9.145258965508175006e-03
-9.145264990634562399e-03
-9.145262183295369690e-03
-9.145264016681647554e-03
-9.145265342909080983e-03
-9.145280449260868513e-03
-9.145280666884933116e-03
-9.145286369092498618e-03
-9.145285200806317280e-03
-9.145271597981497608e-03
-9.145274574220350200e-03
-9.145279030538445986e-03
-9.145274503578708358e-03
-9.145274507197010197e-03
-9.145269241820266209e-03
-9.145272488094553787e-03
-9.145259563892168403e-03
-9.145260692325038118e-03
-9.145266820536367136e-03
-9.145274249065474953e-03
-9.145269160954466042e-03
-9.145268492500132490e-03
-9.145260933797250136e-03
-9.145262021792952348e-03
-9.145261508678765791e-03
-9.145264356917886042e-03
-9.145264029181440421e-03
-9.145262716989534940e-03
-9.145261052571782012e-03
-9.145257107416438977e-03
-9.145252379013623853e-03
-9.145251830640110588e-03
-9.145261926847432152e-03
-9.145266603155271373e-03
-9.145266603155266169e-03
-9.145262619860599837e-03
-9.145262479943766509e-03
-9.145263165237164926e-03
-9.145260198720044434e-03
-9.145260054072750291e-03
-9.145260081051037951e-03
-9.145265875911750761e-03
-9.145259244838093576e-03
-9.145253945797963274e-03
-9.145255202666121436e-03
-9.145250868984140455e-03
-9.145247876402924636e-03
-9.145250123407399484e-03
-9.145251374067967648e-03
-9.145240983086028175e-03
-9.145245551240077653e-03
-9.145244485356919875e-03
-9.145246405127907888e-03
-9.145246080402244862e-03
-9.145251980775486941e-03
-9.145253157069635833e-03
-9.145243235789116479e-03
-9.145246103470061616e-03
-9.145266912640840490e-03
-9.145266912640840490e-03
-9.145267831478457593e-03
-9.145286072172725128e-03
-9.145284104689134150e-03
-9.145284629527804937e-03
-9.145288552608904498e-03
-9.145299022523218496e-03
-9.145294097751954093e-03
-9.145294246721002995e-03
-9.145294246721002995e-03
-9.145292302283355643e-03
-9.145297622795551390e-03
-9.145263420234965579e-03
-9.145281033700051326e-03
-9.145281169638983312e-03
-9.145282556494129661e-03
-9.145281202879147406e-03
-9.145274717071015524e-03
-9.145279820115792199e-03
-9.145276825157066733e-03
-9.145279545747621655e-03
-9.145279874141504922e-03
-9.145281492248141450e-03
-9.145269715904926627e-03
-9.145275472217932744e-03
-9.145281025232062863e-03
-9.145281025232069802e-03
-9.145274266284444259e-03
-9.145271581174370737e-03
-9.145275010615589589e-03
-9.145273369718169912e-03
-9.145278165662651740e-03
-9.145278370031336909e-03
-9.145256024280219373e-03
-9.145258775718052152e-03
-9.145257164606101705e-03
-9.145252928398225900e-03
-9.145258363655634978e-03
-9.145259607376670860e-03
-9.145252155997542556e-03
-9.145262991919601500e-03
-9.145266227942306508e-03
-9.145193350723106185e-03
-9.145212361650256402e-03
-9.145204613353274947e-03
-9.145195031971148011e-03
-9.145212604589218752e-03
-9.919535087222113370e-03
-9.919514671117240709e-03
-9.919510478774304363e-03
-9.919523928721194969e-03
-9.919551936705118395e-03
-9.919549914265862398e-03
-9.919545755001651574e-03
-9.919539714809752842e-03
-9.919464090845474605e-03
-9.919461487634773783e-03
-9.919514451997473239e-03
-9.919526800549176987e-03
-9.919523919409881096e-03
-9.919595956213726057e-03
-9.919558798162673302e-03
-9.919563436556998182e-03
-9.919560762970505360e-03
-9.919564420242752562e-03
-9.919509009980613523e-03
-9.919504151567750533e-03
-9.919545622337716181e-03
-9.919576051916343881e-03
-9.919576631720794860e-03
-9.919548486097705745e-03
-9.919556453223392356e-03
-9.919528314310225789e-03
-9.919599721533254449e-03
-9.919608448145456406e-03
-9.919629220449597065e-03
-9.919615909564421727e-03
-9.919501026531092266e-03
-9.919509520628422283e-03
-9.919500873354846274e-03
-9.919519590261783801e-03
-9.919487431038463005e-03
-9.919533122514393939e-03
-9.919505730200312010e-03
-9.919540694953453419e-03
-9.919535240431879425e-03
-9.919540785040070405e-03
-9.919540673067970410e-03
-9.919537444449382652e-03
-9.919543000588119247e-03
-9.919543697459173165e-03
-9.919549647769830558e-03
-9.919551123736408682e-03
-9.919584900364635666e-03
-9.919564829221735186e-03
-9.919558524330353635e-03
-9.919564236437387536e-03
-9.919557543905005090e-03
-9.919546805024510167e-03
-9.919529959907701783e-03
-9.919577826436733886e-03
-9.919564937583291026e-03
-9.919546023461947235e-03
-9.919628123325318486e-03
-9.919617708856874605e-03
-9.919615399468032987e-03
-9.919597649239971296e-03
-9.919600585777118423e-03
-9.919557336245252849e-03
-9.919517904474383502e-03
-9.919530389962755851e-03
-9.919527455613258091e-03
-9.919583908879840359e-03
-9.919555614856601436e-03
-9.919566219054067741e-03
-9.919580513865124821e-03
-9.919587829872445611e-03
-9.919596152536123632e-03
-9.919607016346516579e-03
-9.919611810421079257e-03
-9.919608418283858836e-03
-9.919627646900890799e-03
-9.919621031361822855e-03
-9.919547753042018412e-03
-9.919535842134074438e-03
-9.919531788072841888e-03
-9.919545570996326708e-03
-9.919533606247251528e-03
-9.919545150455653243e-03
-9.919519176615442663e-03
-9.919239695744366467e-03
-9.919226601708901192e-03
-9.919247770441175227e-03
-9.919245354087963956e-03
-9.919231659288674577e-03
-9.919231659288676312e-03
-9.919234017770742207e-03
-9.919234017770749146e-03
-9.919235586773295088e-03
-9.919223882398161066e-03
-9.919226829824457151e-03
-9.919226508411416871e-03
-9.919245374144833316e-03
-9.919251075983239255e-03
-9.919249882044669717e-03
-9.919250235745196917e-03
-9.919259193474437575e-03
-9.919254566784472399e-03
-9.919287490710197025e-03
-9.919245796878192051e-03
-9.919247210249081126e-03
-9.919244840092229093e-03
-9.919245921083079745e-03
-9.919243742104979361e-03
-9.919243338372856975e-03
-9.919271094798886093e-03
-9.919269620080401612e-03
-9.919270184668853990e-03
-9.919263734479127903e-03
-9.919250056606225899e-03
-9.919253064712425794e-03
-9.919253699647221506e-03
-9.919276716745610220e-03
-9.919275142447270960e-03
-9.919281298593837434e-03
-9.919281428310349272e-03
-9.919251857860715213e-03
-9.919253444550975296e-03
-9.919251209487752255e-03
-9.919250701406362794e-03
-9.919251094246031575e-03
-9.919247226956228944e-03
-9.919248555315432828e-03
-9.919247156385721173e-03
-9.919249699491173092e-03
-9.919249697514839065e-03
-9.919250231212312433e-03
-9.919226497806361842e-03
-9.919229525683892143e-03
-9.919226816341776901e-03
-9.919223730566702202e-03
-9.919234561086412438e-03
-9.919260248844385258e-03
-9.919254193126400901e-03
-9.919261400314042729e-03
-9.919262148808472360e-03
-9.919256264323354430e-03
-9.919236140045148767e-03
-9.919236908887527418e-03
-9.919234287132613556e-03
-9.919247707930883146e-03
-9.919245169984953342e-03
-9.919247917107612902e-03
-9.919228661174759459e-03
-9.917515813814430786e-03
-9.917587777395786910e-03
-9.917578055936290132e-03
-9.917597177976036904e-03
-9.917601640832737417e-03
-9.917618842457710804e-03
-9.917609514784014868e-03
-9.917514802919493583e-03
-9.917561348234042382e-03
-9.917561810230559813e-03
-9.917557199876530713e-03
-9.917549477379678652e-03
-9.917558836843301182e-03
-9.917526967843617175e-03
-9.917549523155006624e-03
-9.917551419170719113e-03
-9.917570296068307575e-03
-9.917562528938720506e-03
-9.917528100936760793e-03
-9.917493809927931461e-03
-9.917528071586462560e-03
-9.917528056994844715e-03
-9.917510292965968366e-03
-9.917543275683867246e-03
-9.917344918083057306e-03
-9.917417266641399484e-03
-9.917437913279383843e-03
-9.917451208638718152e-03
-9.917462790864315161e-03
-9.917547739373810955e-03
-9.917541529048943746e-03
-9.917561232902665988e-03
-9.917516008098536950e-03
-9.917526009107120732e-03
-9.917546142550439509e-03
-9.917535676564634070e-03
-9.917523121726610699e-03
-9.917538751887619922e-03
-9.917535331753508238e-03
-9.917478195862616461e-03
-9.917478195862609522e-03
-9.917687044527298199e-03
-9.917693279242195334e-03
-9.917689420523224247e-03
-9.917687142860629260e-03
-9.917690696340106943e-03
-9.917697770959542358e-03
-9.917681788344304139e-03
-9.917691199996773663e-03
-9.917598709556045555e-03
-9.917604764572797438e-03
-9.917616497838621648e-03
-9.917617202067309165e-03
-9.917611211712343625e-03
-9.917652693408484169e-03
-9.917653271991958702e-03
-9.917657437138840612e-03
-9.917656547235233211e-03
-9.917659016065718744e-03
-9.917638462621834392e-03
-9.917696317364679826e-03
-9.917699200538679719e-03
-9.917706383485802232e-03
-9.917703225892773172e-03
-9.917691203517641288e-03
-9.917709821181976831e-03
-9.917692195977316494e-03
-9.917644059154448466e-03
-9.917638716724311299e-03
-9.917630205402825153e-03
-9.917638638235580159e-03
-9.917638941948562006e-03
-9.917615987244521661e-03
-9.917607813359508376e-03
-9.917506695871210892e-03
-9.917486848565188265e-03
-9.917494381885225488e-03
-9.917483829649582916e-03
-9.917483829649593324e-03
-9.917484009003866077e-03
-9.917486641266437183e-03
-9.917144962738263375e-03
-9.917158950352599270e-03
-9.917153143184522998e-03
-9.917154422912979883e-03
-9.917152677538367683e-03
-9.917151733603120009e-03
-9.917146257865921272e-03
-9.917151065152561215e-03
-9.917150407311690896e-03
-9.917150407311694366e-03
-9.917151428508344177e-03
-9.917150182552037299e-03
-9.917150367362024058e-03
-9.917151163376458980e-03
-9.917151176879688765e-03
-9.917151227249492579e-03
-9.917151139354901668e-03
-9.917155698250896753e-03
-9.917151840110835850e-03
-9.917135721997266326e-03
-9.917138138540523493e-03
-9.917142881005982027e-03
-9.917137979023653294e-03
-9.917138557543130409e-03
-9.917138152195180759e-03
-9.917137330536453591e-03
-9.917136510203870478e-03
-9.917136686461556008e-03
-9.917130042441489254e-03
-9.917131627021555373e-03
-9.917131223785681862e-03
-9.917138453074840487e-03
-9.917133681847543555e-03
-9.917129179637364234e-03
-9.917126617695391430e-03
-9.917128152900448260e-03
-9.917128910016833471e-03
-9.917128836282797233e-03
-9.917128836282797233e-03
-9.917130675042804336e-03
-9.917130094029140072e-03
-9.917126605022268462e-03
-9.917128797373492635e-03
-9.917124378096855292e-03
-9.917132003170429574e-03
-9.917133266561867916e-03
-9.917129922021209604e-03
-9.917132890196586961e-03
-9.917129728126231406e-03
-9.917130332762714648e-03
-9.917130607302825779e-03
-9.917122538398666365e-03
-9.917126759977924408e-03
-9.917129316676341622e-03
-9.917139090121103451e-03
-9.917141571018943044e-03
-9.917142629664437228e-03
-9.917139988136510279e-03
-9.917140027280908071e-03
-9.917140027280904602e-03
-9.917139732134589228e-03
-9.917141056533004817e-03
-9.917142128289788833e-03
-9.917140979548913840e-03
-9.917144589359619400e-03
-9.917140908556340909e-03
-9.917139366180875715e-03
-9.917137756540373231e-03
-9.917138916177946698e-03
-9.917135380893268848e-03
-9.917140792148310124e-03
-9.917139717055651130e-03
-9.917142419438989068e-03
-9.917134373951013576e-03
-9.917137066570883702e-03
-9.917134289546132922e-03
-9.917143184730964692e-03
-9.917141658177875893e-03
-9.917135201653546825e-03
-9.917139432444049482e-03
-9.917138757127104756e-03
-9.917138402703286337e-03
-9.917141952843331124e-03
-9.917138093424952491e-03
-9.917136334386809915e-03
-9.917132043528812876e-03
-9.917130698624126994e-03
-9.917135170571472411e-03
-9.917128700112293541e-03
-9.917129276484993108e-03
-9.917099990085897349e-03
-9.917108589167958344e-03
-9.917108942682245631e-03
-9.917114854005955674e-03
-9.917110959439036713e-03
-9.917121990651419500e-03
-9.917122019011322467e-03
-9.917120984086936694e-03
-9.917122130248050629e-03
-9.917120987950066996e-03
-9.917121779971968185e-03
-9.917120512814835490e-03
-9.917115520293499908e-03
-9.917126425231926126e-03
-9.917126425231927861e-03
-9.917125451576042777e-03
-9.917124954499582923e-03
-9.917123392840615850e-03
-9.917135394271824056e-03
-9.917134126856855941e-03
-9.917133902036003035e-03
-9.917122088713113681e-03
-9.917125725141395440e-03
-9.917122204007722611e-03
-9.917119149866959402e-03
-9.917133213255989108e-03
-9.917133213255985638e-03
-9.917131080665891538e-03
-9.917123906186219723e-03
-9.917113152251423244e-03
-9.917113996653714389e-03
-9.917115202745845071e-03
-9.917111841965508753e-03
-9.917113383608545940e-03
-9.917122309962764226e-03
-9.917136513547312321e-03
-9.917133184931311435e-03
-9.917127097005160388e-03
-9.917121852526283171e-03
-9.917121852526277967e-03
-9.917112337042699802e-03
-9.917113703874973901e-03
-9.917113418766566532e-03
-9.917111757676457320e-03
-9.917116719486284912e-03
-9.917117896650536404e-03
-9.917112984685073560e-03
-9.917112984685073560e-03
-9.917115271562689655e-03
-9.917119487464954100e-03
-9.917120279562777196e-03
-9.917122583625412324e-03
-9.917126353076319983e-03
-9.917114910475225906e-03
-9.917121118736956994e-03
-9.917118022621603315e-03
-9.917117318336070644e-03
-9.917127742673271379e-03
-9.917128343564183060e-03
-9.917141169826108882e-03
-9.917123503023175107e-03
-9.917127437514517210e-03
-9.917132240273228774e-03
-9.917121326132830039e-03
-9.917123372348412430e-03
-9.917144195970560225e-03
-9.917144865530802544e-03
-9.917146344159934873e-03
-9.917145590815093503e-03
-9.917142076121638825e-03
-9.917140720967625514e-03
-9.917136027193256334e-03
-9.917133539682250129e-03
-9.917141128857977217e-03
-9.917140995238993284e-03
-9.917136741661487440e-03
-9.917135772760836757e-03
-9.917133418311676815e-03
-9.917133337395285173e-03
-9.917071158067568976e-03
-9.917077864331633880e-03
-9.917074470797631464e-03
-9.917074470797627994e-03
-9.917077522423212166e-03
-9.917085883210909752e-03
-9.917048900933093242e-03
-9.917048900933096711e-03
-9.917089150327417640e-03
-9.917116705975731125e-03
-9.917108545931203889e-03
-9.917107915978922578e-03
-9.917106530585379637e-03
-9.917103793658866087e-03
-9.917104443130471056e-03
-9.917094514899233923e-03
-9.917091199451921399e-03
-9.917093066810938815e-03
-9.917089662460057756e-03
-9.917090635876833760e-03
-9.917089644899110268e-03
-9.917089566060232134e-03
-9.917132230658329620e-03
-9.917132462349277297e-03
-9.917129702015069562e-03
-9.917118271975389199e-03
-9.917104279827693505e-03
-9.917111325838386809e-03
-9.917110366924601628e-03
-9.917114604309015466e-03
-9.917114292999049813e-03
-9.917108623117825567e-03
-9.917102181709866460e-03
-9.917103117728328851e-03
-9.917103588771744929e-03
-9.917099783063784355e-03
-9.917101801292294017e-03
-9.917147741822824811e-03
-9.917158302711656659e-03
-9.917121234554111472e-03
-9.917116953529222720e-03
-9.917125387145595689e-03
-9.917131735166558743e-03
-9.917121024449672417e-03
-9.917122188647596245e-03
-9.917127636695650603e-03
-9.917119587460979449e-03
-9.917135137093583547e-03
-9.917127572496946958e-03
-9.917132292078176259e-03
-9.917132606353580571e-03
-9.917130861191177094e-03
-9.917119210942810376e-03
-9.917127101218092475e-03
-9.917127702984494808e-03
-9.917115762650747027e-03
-9.917120209094475863e-03
-9.917125425628276272e-03
-9.917148330814367849e-03
-9.917142992527517090e-03
-9.917144235801795757e-03
-9.917152338327277911e-03
-9.917133565315721169e-03
-9.917115195831275459e-03
-9.917115086825571690e-03
-9.917146580897961625e-03
-9.917125499619738535e-03
-9.917139716062674595e-03
-9.917137596548900036e-03
-9.917139174460755033e-03
-9.917138716422078601e-03
-9.917131580779175656e-03
-9.917133905612501507e-03
-9.917133833897490841e-03
-9.917136887062576178e-03
-9.917148811009548343e-03
-9.917144257199932492e-03
-9.917148002481746341e-03
-9.917148002481742872e-03
-9.917131653267154817e-03
-9.917125149256586850e-03
-9.917149178041951077e-03
-9.917151177564214118e-03
-9.917152239383768275e-03
-9.917132954512439952e-03
-9.917134145568853171e-03
-9.917135721320321715e-03
-9.917147439198664705e-03
-9.917147118556454005e-03
-9.917150444551657215e-03
-9.917144883707129308e-03
-9.917132699051308536e-03
-9.917132780631032415e-03
-9.917125818556145334e-03
-9.917138218730811930e-03
-9.917138286286819593e-03
-9.917143895618664093e-03
-9.917141926986918626e-03
-9.917141121915384883e-03
-9.917141364465005896e-03
-9.917139464351918191e-03
-9.917140967166724816e-03
-9.917132417253185506e-03
-9.917124122804614819e-03
-9.917095656861951020e-03
-9.917118911046714572e-03
-9.917098577667845041e-03
-9.917098463723466803e-03
-9.917093757242720006e-03
-9.917081886601253685e-03
-9.917076062855224861e-03
-9.917108692886608332e-03
-9.917109624601882709e-03
-9.917106961619806538e-03
-9.917110961952914708e-03
-9.917106810928034977e-03
-9.917110596746898238e-03
-9.917108054567408751e-03
-9.917096114041380750e-03
-9.917096656810472574e-03
-9.917092198018194471e-03
-9.917083408070037978e-03
-9.917083408070036243e-03
-9.917118214624239328e-03
-9.917118225900351317e-03
-9.917110991040025900e-03
-9.917110991040025900e-03
-9.917108812222422132e-03
-9.917129366993102796e-03
-9.917126052054397317e-03
-9.917127460977049475e-03
-9.917122830353702900e-03
-9.917117057935137189e-03
-9.917121264561953170e-03
-9.917121264561953170e-03
-9.917110849402723319e-03
-9.917125037558212342e-03
-9.917119667838293628e-03
-9.917121661836727012e-03
-9.917122054736578554e-03
-9.917119522240719701e-03
-9.917108499485722747e-03
-9.917125580722250394e-03
-9.917128181696445097e-03
-9.917123802979150096e-03
-9.917109823565892907e-03
-9.917113640034530553e-03
-9.917123915372081863e-03
-9.917125454731435391e-03
-9.917127162204353655e-03
-9.917126338551671139e-03
-9.917126317268345342e-03
-9.917128283805649869e-03
-9.917131217502836091e-03
-9.917127308887864479e-03
-9.917112796865187180e-03
-9.917119617120596226e-03
-9.917119738387009803e-03
-9.917120105230339822e-03
-9.917135707654137211e-03
-9.917133205562747231e-03
-9.917134501221516740e-03
-9.917128279643918146e-03
-9.917125911104041763e-03
-9.917135154292598329e-03
-9.917134526714471709e-03
-9.917130247521424927e-03
-9.917095337001092734e-03
-9.917096220595732897e-03
-9.917091986106780707e-03
-9.917092109334705100e-03
-9.917110988297894725e-03
-9.917116528451661028e-03
-9.917112637486244844e-03
-9.917113632885903377e-03
-9.917113702934196931e-03
-9.917115227180778314e-03
-9.917102508333509522e-03
-9.917105049128075583e-03
-9.917114149571278417e-03
-9.917130001342443213e-03
-9.917127375614004717e-03
-9.917112238675536429e-03
-9.917110079270942055e-03
-9.917111182844884354e-03
-9.917103246230966201e-03
-9.917111007027688482e-03
-9.917114632184394554e-03
-9.917121026357915078e-03
-9.917114171467889677e-03
-9.917109633785397768e-03
-9.917112179132717836e-03
-9.917115793203826191e-03
-9.917096672814158798e-03
-9.917096672814157063e-03
-9.917108041771319910e-03
-9.917106094393631985e-03
-9.917107688245840186e-03
-9.917112621620309543e-03
-9.917109452474245912e-03
-9.917108398364519323e-03
-9.917109788526798017e-03
-9.917108858478232078e-03
-9.917108250383147375e-03
-9.917105693841091196e-03
-9.917106012025179648e-03
-9.917118476807483193e-03
-9.917119192412076137e-03
-9.917119218043373569e-03
-9.917119437453053230e-03
-9.917114583474152117e-03
-9.917149287522245699e-03
-9.917151235604269519e-03
-9.917136394863280968e-03
-9.917136394863282703e-03
-9.917125637472908387e-03
-9.917121481933056926e-03
-9.917122774734060328e-03
-9.917123784691918992e-03
-9.917123914741624371e-03
-9.917056789672371378e-03
-9.917056487406877494e-03
-9.917066644103304102e-03
-9.917061119604012043e-03
-9.917056161607273185e-03
-9.917049013097962648e-03
-9.917065202755473083e-03
-9.917064526025342816e-03
-9.917072783800667465e-03
-9.917068915296485543e-03
-9.917089166084684659e-03
-9.917090240867216730e-03
-9.917096662632851611e-03
-9.917081636372789000e-03
-9.917083512177727461e-03
-9.917082712798215224e-03
-9.917084149610923965e-03
-9.917097375561513897e-03
-9.917085045592794260e-03
-9.917087413018535816e-03
-9.917087413018532346e-03
-9.917095207190735826e-03
-9.917051957362414683e-03
-9.917054235045724003e-03
-9.917057627998777936e-03
-9.917083810167606761e-03
-9.917078162985187156e-03
-9.917081949478200389e-03
-9.917081203186047314e-03
-9.917082932322695416e-03
-9.917062697398624019e-03
-9.917070576596650686e-03
-9.917061349114342922e-03
-9.917090958622896274e-03
-9.917091940920214413e-03
-9.917081071907696277e-03
-9.917078613951840066e-03
-9.917076914424709927e-03
-9.917081383495911576e-03
-9.917077030536326776e-03
-9.917078395151034467e-03
-9.917083004718727293e-03
-9.917083004718725558e-03
-9.917083408619518578e-03
-9.917063656630026661e-03
-9.917078655124070621e-03
-9.917064589722987197e-03
-9.917062707544811728e-03
-9.917065713796966928e-03
-9.917070962227342995e-03
-9.917067420901235636e-03
-9.917067490308266106e-03
-9.917067061895408833e-03
-9.917068730965055215e-03
-9.917069090597616793e-03
-9.917060252052706942e-03
-9.917058797978068468e-03
-9.917072389129987647e-03
-9.917083275852665511e-03
-9.917081648492183030e-03
-9.917088604450598199e-03
-9.917088748760226682e-03
-9.917081318933169271e-03
-9.917079777556748674e-03
-9.917079375174681771e-03
-9.917078690934097440e-03
-9.917079435572660057e-03
-9.917079233009667635e-03
-9.917026633983545142e-03
-9.917024292535830607e-03
-9.917002843873951035e-03
-9.917066553973971285e-03
-9.917073843734285771e-03
-9.917079759245746653e-03
-9.917082424036239088e-03
-9.917086817974408997e-03
-9.917141672551022663e-03
-9.917112844881620023e-03
-9.917114517477110952e-03
-9.917102756567220886e-03
-9.917063500670996248e-03
-9.917068089572269110e-03
-9.917070204255591659e-03
-9.917100962951857016e-03
-9.917137934579252009e-03
-9.917111604711351461e-03
-9.917124945360535765e-03
-9.917129843301772385e-03
-9.917125167643750169e-03
-9.917127619816994144e-03
-9.917125487437125977e-03
-9.917126698963711628e-03
-9.917125766611993229e-03
-9.917135426358312036e-03
-9.917139490097204302e-03
-9.917131148647621158e-03
-9.917121785080966478e-03
-9.917087704204333512e-03
-9.917095578869045483e-03
-9.917108261290346130e-03
-9.917103171665367714e-03
-9.917101596662316124e-03
-9.917105185748578688e-03
-9.917092434201336959e-03
-9.917092196240512303e-03
-9.917102318210814157e-03
-9.917119276257897048e-03
-9.917095143085542450e-03
-9.917135037032349942e-03
-9.917134330215413365e-03
-9.917134330215413365e-03
-9.917126357221622140e-03
-9.917135084248553112e-03
-9.917129950863483659e-03
-9.917152011583845253e-03
-9.917152127517526311e-03
-9.917155336548758027e-03
-9.917144415361379972e-03
-9.917146687781441122e-03
-9.917171474630327027e-03
-9.917170534504176488e-03
-9.917169399374056379e-03
-9.917157735619590644e-03
-9.917155657956640974e-03
-9.917157089664570269e-03
-9.917160893246514466e-03
-9.917169718124611844e-03
-9.917169437021406894e-03
-9.917168129410791622e-03
-9.917167780290274404e-03
-9.917168485287595342e-03
-9.917170390118986920e-03
-9.917178001664469361e-03
-9.917168120486189245e-03
-9.917166563394974599e-03
-9.917171362972970056e-03
-9.917166432222845884e-03
-9.917179981715162213e-03
-9.917180192134143063e-03
-9.917180192134151737e-03
-9.917177483238564725e-03
-9.917178783980471271e-03
-9.917177584754809788e-03
-9.917178870900890050e-03
-9.917175081245325000e-03
-9.917175954511846594e-03
-9.917175913289746209e-03
-9.917177378307634461e-03
-9.917180404015612030e-03
-9.917171697539056696e-03
-9.917176464471611982e-03
-9.917177879495614468e-03
-9.917178214799480737e-03
-9.917177807505275430e-03
-9.917178629410767013e-03
-9.917175732147388151e-03
-9.917177488791555084e-03
-9.917178402035192047e-03
-9.917179867444949129e-03
-9.917176509196734893e-03
-9.917167555892829334e-03
-9.917168935869778018e-03
-9.917170181800997325e-03
-9.917170586835506729e-03
-9.917173406757401680e-03
-9.917172615511090153e-03
-9.917172341204757297e-03
-9.917171860450027868e-03
-9.917173680373484596e-03
-9.917174311042728854e-03
-9.917174896953449836e-03
-9.917175169827910711e-03
-9.917186004993812365e-03
-9.917186699093126848e-03
-9.917186079084169478e-03
-9.917185187049275610e-03
-9.917187069165205732e-03
-9.917187079665963981e-03
-9.917204533012199258e-03
-9.917175289531629870e-03
-9.917178170552357411e-03
-9.917179422475483341e-03
-9.917174231953583899e-03
-9.917172898486164082e-03
-9.917182007105441316e-03
-9.917179414746356975e-03
-9.917179324491622733e-03
-9.917179019837372989e-03
-9.917180247715283448e-03
-9.917179827253558982e-03
-9.917181446905169728e-03
-9.917184354364215818e-03
-9.917174574103701165e-03
-9.917178345998598279e-03
-9.914177317885301127e-03
-9.914175732861234269e-03
-9.914162860800287622e-03
-9.914161556875822692e-03
-9.914163878395476290e-03
-9.914171550838915548e-03
-9.914167644812019523e-03
-9.914162778770800252e-03
-9.914150572175256873e-03
-9.914147251791766147e-03
-9.914147251791766147e-03
-9.914148416148202067e-03
-9.914147245349669291e-03
-9.914147225051093970e-03
-9.914153553037275898e-03
-9.914166954858714964e-03
-9.914167756630950373e-03
-9.914166503066240005e-03
-9.914169025374612587e-03
-9.914168461266404525e-03
-9.914169449290332822e-03
-9.914161814641109238e-03
-9.914160836208345609e-03
-9.914161343763909159e-03
-9.914159358485970588e-03
-9.914153175358840497e-03
-9.914152184476086177e-03
-9.914158238796750774e-03
-9.914158415839476740e-03
-9.914136874662731608e-03
-9.914145875876833811e-03
-9.914142595778170641e-03
-9.914140704890937392e-03
-9.914155680559548836e-03
-9.914157309710975446e-03
-9.914156853918512646e-03
-9.914153714117369606e-03
-9.914151565189127657e-03
-9.914147167344464565e-03
-9.914149780491241654e-03
-9.914150062296369498e-03
-9.914154523198683705e-03
-9.914139801593141454e-03
-9.914134451238534179e-03
-9.914134310366622821e-03
-9.914135451929824427e-03
-9.914136011733538228e-03
-9.914148305970482689e-03
-9.914140017594707047e-03
-9.914138795049124916e-03
-9.914146773023879700e-03
-9.914177228954025589e-03
-9.914174454454891677e-03
-9.914181573338226930e-03
-9.914179505819509935e-03
-9.914181563770399497e-03
-9.914176544257318272e-03
-9.914177611498018600e-03
-9.914176099748555140e-03
-9.914177575253164260e-03
-9.914175714821032992e-03
-9.914172480420714237e-03
-9.914172203178115567e-03
-9.914175719714313217e-03
-9.914175083386586596e-03
-9.914170837394766303e-03
-9.914171422040027326e-03
-9.914176060974331725e-03
-9.914173681371629340e-03
-9.914181535313894983e-03
-9.914181535313900187e-03
-9.914170559151150655e-03
-9.914176214971164372e-03
-9.914178039254538041e-03
-9.914176115039636042e-03
-9.914175764961796061e-03
-9.914184384744116271e-03
-9.914179557934428219e-03
-9.914179557934435158e-03
-9.914185358011166557e-03
-9.914185358011163088e-03
-9.914184650820386663e-03
-9.914183010620317149e-03
-9.914186996529166657e-03
-9.914186297408783544e-03
-9.914187572117792030e-03
-9.914181949952036513e-03
-9.914185246123644740e-03
-9.914180995665749369e-03
-9.914182856828920865e-03
-9.914182203259243320e-03
-9.914182732477563528e-03
-9.914181327188164791e-03
-9.914181327188166526e-03
-9.914177730898842897e-03
-9.914179068617474944e-03
-9.914178540357381289e-03
-9.914181773717424540e-03
-9.914181773717424540e-03
-9.914183833080233293e-03
-9.914173432106643952e-03
-9.914179523145676479e-03
-9.914176860207206052e-03
-9.914179259524152563e-03
-9.914176686181424419e-03
-9.914180902790283370e-03
-9.914180777719485901e-03
-9.914186969441003347e-03
-9.914188588957250151e-03
-9.914188651265752258e-03
-9.914196504142153490e-03
-9.914197528501186851e-03
-9.914202103298328655e-03
-9.914201888331418064e-03
-9.914203311151809084e-03
-9.914202789401299967e-03
-9.914204347882751497e-03
-9.914204387555611980e-03
-9.914205954758829875e-03
-9.914206023726680403e-03
-9.914206023726680403e-03
-9.914205226883831754e-03
-9.914202893745676856e-03
-9.914203196814127400e-03
-9.914199774979827115e-03
-9.914197896670884705e-03
-9.914198134140503327e-03
-9.914195917847225953e-03
-9.914196172159923590e-03
-9.914195414767948064e-03
-9.914196977876260988e-03
-9.914201808127664703e-03
-9.914202724498383593e-03
-9.914201175674325003e-03
-9.914201925528628653e-03
-9.914199679213702918e-03
-9.914200239733453324e-03
-9.914200239733455058e-03
-9.914200076605220180e-03
-9.914199943569847531e-03
-9.914202095071359203e-03
-9.914200552147159340e-03
-9.914201114648059365e-03
-9.914201329903915907e-03
-9.914199097411169684e-03
-9.914199170643036435e-03
-9.914200797948233279e-03
-9.914201561627557918e-03
-9.914201417999498819e-03
-9.914200924624303954e-03
-9.914208570173986892e-03
-9.914207800158272507e-03
-9.914209262307592530e-03
-9.914209991107690925e-03
-9.914210375903035818e-03
-9.914208171121267205e-03
-9.914203490237928282e-03
-9.914201552307192258e-03
-9.914199746201999772e-03
-9.914198497882673392e-03
-9.914197773630476981e-03
-9.914194291939073048e-03
-9.914194246518161224e-03
-9.914193228391033480e-03
-9.914193092965713217e-03
-9.914189517150503311e-03
-9.914144907988239885e-03
-9.914179681596760330e-03
-9.914179053885746953e-03
-9.914171687958193285e-03
-9.914170408027679279e-03
-9.914174293491062606e-03
-9.914174349139187603e-03
-9.914169473739688557e-03
-9.914175306399545390e-03
-9.914170565143808414e-03
-9.914174964824397016e-03
-9.914181541879400067e-03
-9.914175219867767119e-03
-9.914176334395560092e-03
-9.914175568068577318e-03
-9.914175702130243600e-03
-9.914171719937522193e-03
-9.914186597063220224e-03
-9.914186423285084246e-03
-9.914186455347188953e-03
-9.914186210070223548e-03
-9.914184565307590166e-03
-9.914157322998553082e-03
-9.914157322998553082e-03
-9.914158976622297961e-03
-9.914155214015851064e-03
-9.914163414723665274e-03
-9.914155405419950232e-03
-9.914166413993095311e-03
-9.914163400245975394e-03
-9.914163989923943307e-03
-9.914168198593477713e-03
-9.914188102000764599e-03
-9.914191291987605251e-03
-9.914184032642847991e-03
-9.914169609796606025e-03
-9.914166071947979123e-03
-9.914163203750011796e-03
-9.914171230191292511e-03
-9.914168294090391909e-03
-9.914168294090384970e-03
-9.914176550719298528e-03
-9.914175172473133762e-03
-9.914173452614393964e-03
-9.914177457164366838e-03
-9.914170543102250599e-03
-9.914175300982088976e-03
-9.914178222065290688e-03
-9.914183475482087754e-03
-9.914185308296940766e-03
-9.914187037482402251e-03
-9.914187504702024617e-03
-9.914187504702026352e-03
-9.914198087842596846e-03
-9.914176740878440433e-03
-9.914169345782236631e-03
-9.914165892188330984e-03
-9.914188841339573524e-03
-9.914200922296405663e-03
-9.914201268168047754e-03
-9.914172532937028451e-03
-9.914175592067956191e-03
-9.914177216881529808e-03
-9.914097612819488051e-03
-9.914104555607459318e-03
-9.914092037512818589e-03
-9.914103536944175385e-03
-9.914101545450726069e-03
-9.914098410463098934e-03
-9.914101958435343059e-03
-9.914111131742606164e-03
-9.914110458303966242e-03
-9.914107855199803462e-03
-9.914103919108343752e-03
-9.914108249486726018e-03
-9.914098658045510104e-03
-9.914115207132589980e-03
-9.914082112579559666e-03
-9.914078286578533253e-03
-9.914078382491635366e-03
-9.914092878447498119e-03
-9.914079325912632940e-03
-9.914107231530895278e-03
-9.914027408702032890e-03
-9.914051012835175744e-03
-9.914058119554904069e-03
-9.914058119554907539e-03
-9.914054462930504963e-03
-9.914049292729463364e-03
-9.914038391895682589e-03
-9.914060666212334144e-03
-9.914091168103100760e-03
-9.914073393468373144e-03
-9.914088052918145280e-03
-9.914082663827915656e-03
-9.914103985836610761e-03
-9.914123948500885852e-03
-9.914142275384549285e-03
-9.914128832457177326e-03
-9.914140958262327233e-03
-9.914128154152520092e-03
-9.914119964198699064e-03
-9.914108851884958010e-03
-9.914115618828635290e-03
-9.914096872949775680e-03
-9.914089063163626300e-03
-9.914088766910366529e-03
-9.914104138724150195e-03
-9.914089158441450125e-03
-9.914089158441448391e-03
-9.914119146445167507e-03
-9.914115881174133046e-03
-9.914115329447652572e-03
-9.914390084130210098e-03
-9.914399600749686930e-03
-9.914405614417616877e-03
-9.914391539254953020e-03
-9.914405099219663134e-03
-9.914396583581322822e-03
-9.914398115945381382e-03
-9.914392532121710580e-03
-9.914400546859101701e-03
-9.914393621761450129e-03
-9.914399358760931508e-03
-9.914391384136253885e-03
-9.914391384136241742e-03
-9.914361666548021645e-03
-9.914371860154492719e-03
-9.914362727462499442e-03
-9.914352361839164074e-03
-9.914344210443196137e-03
-9.914344519186723409e-03
-9.914342484862269725e-03
-9.915342785992589322e-03
-9.915321091874419041e-03
-9.915344713175419308e-03
-9.915310834723726000e-03
-9.915323660920545915e-03
-9.915317138707224406e-03
-9.915365210827307638e-03
-9.915364285630846528e-03
-9.915346547171651967e-03
-9.915336961300933241e-03
-9.915353235555238523e-03
-9.915367160269054556e-03
-9.915311448739926731e-03
-9.915307855552616539e-03
-9.915406177288461562e-03
-9.915406177288454623e-03
-9.915411246703450046e-03
-9.915382390616837849e-03
-9.915369617892027740e-03
-9.915363402747718810e-03
-9.915363277100561201e-03
-9.915369720141224696e-03
-9.915356143358828450e-03
-9.915374349451182637e-03
-9.915359308150436049e-03
-9.915405647320718260e-03
-9.915407693733889125e-03
-9.915403290156495769e-03
-9.915400942159450712e-03
-9.915403234219096959e-03
-9.915398696865758421e-03
-9.915399057897192336e-03
-9.915435351778502382e-03
-9.915438658922815993e-03
-9.915452491535709650e-03
-9.915441697287748907e-03
-9.915444377304112253e-03
-9.915438056187919277e-03
-9.915435019874296874e-03
-9.915435132977235347e-03
-9.915438246442391176e-03
-9.915430299865577932e-03
-9.915442112851816439e-03
-9.915436107365506804e-03
-9.915324495091228096e-03
-9.915341745724445127e-03
-9.915328389138684112e-03
-9.915307361118709528e-03
-9.915328986230209640e-03
-9.915411446558454120e-03
-9.915581047907599463e-03
-9.915582249728563391e-03
-9.915647759176164297e-03
-9.915607746717436041e-03
-9.915621223056000216e-03
-9.915606575548480822e-03
-9.915608885496847089e-03
-9.915558596417210421e-03
-9.915623549137971351e-03
-9.915623750966466241e-03
-9.915625319654192832e-03
-9.915591105782203818e-03
-9.915598925940818237e-03
-9.915522541061871920e-03
-9.915528127002578435e-03
-9.915532727509720340e-03
-9.915680129747335772e-03
-9.915410951645492812e-03
-9.915404628822231323e-03
-1.071562880341954231e-02
-1.071562783445137272e-02
-1.071562866804394616e-02
-1.071562096898783824e-02
-1.071561988169719357e-02
-1.071561737732781676e-02
-1.071561430168076375e-02
-1.071562322395353678e-02
-1.071562373807422204e-02
-1.071562596057189926e-02
-1.071562596057189058e-02
-1.071562368474196503e-02
-1.071562208332380028e-02
-1.071561431275709110e-02
-1.071561630763876762e-02
-1.071561196227069704e-02
-1.071561489233528383e-02
-1.071561550570145419e-02
-1.071561739041587517e-02
-1.071561355442904491e-02
-1.071561449934430900e-02
-1.071561452866361119e-02
-1.071560866036478862e-02
-1.071561563358857175e-02
-1.071561392766122618e-02
-1.071562269771930524e-02
-1.071561953872051526e-02
-1.071562265554507412e-02
-1.071562224629758753e-02
-1.071562100651080041e-02
-1.071562094060171839e-02
-1.071561785177038706e-02
-1.071562080641444425e-02
-1.071561878999357717e-02
-1.071561703304878960e-02
-1.071562051271100595e-02
-1.071562175626484398e-02
-1.071561376942678501e-02
-1.071562038068986540e-02
-1.071561681914417336e-02
-1.071561509760309006e-02
-1.071561534372556836e-02
-1.071561480212296358e-02
-1.071561637414661199e-02
-1.071561637414661546e-02
-1.071561796138734493e-02
-1.071561330731442968e-02
-1.071561329898181557e-02
-1.071562351380017306e-02
-1.071562347928897013e-02
-1.071562845432076465e-02
-1.071561193904892878e-02
-1.071561980310287328e-02
-1.071561574235923783e-02
-1.071552055838624791e-02
-1.071552268955575614e-02
-1.071551004917119417e-02
-1.071553353531194859e-02
-1.071553406061528414e-02
-1.071551632392683112e-02
-1.071551117574819946e-02
-1.071551113386852612e-02
-1.071550820559889240e-02
-1.071551594989172268e-02
-1.071551594989172095e-02
-1.071551594989171921e-02
-1.071551196865766845e-02
-1.071551975585573711e-02
-1.071551125877043958e-02
-1.071552912751182716e-02
-1.071552397876596174e-02
-1.071551793924674020e-02
-1.071551970155572298e-02
-1.071552004017803372e-02
-1.071549036122258249e-02
-1.071548863450379717e-02
-1.071549587027410128e-02
-1.071552004763516759e-02
-1.071551925858867799e-02
-1.071551959655045981e-02
-1.071550042739186949e-02
-1.071553014876948720e-02
-1.071551576245711491e-02
-1.071553819509912103e-02
-1.071553651252270256e-02
-1.071551613721571754e-02
-1.071551478746909924e-02
-1.071551597083425511e-02
-1.071551623872822774e-02
-1.071551748835492153e-02
-1.071552972485186918e-02
-1.071552907511903394e-02
-1.071551855710253277e-02
-1.071551792412618435e-02
-1.071552120952347364e-02
-1.071554063566258590e-02
-1.071554039720264313e-02
-1.071554554616531429e-02
-1.071554298467415449e-02
-1.071554796688966790e-02
-1.071554611192191732e-02
-1.071555062303699950e-02
-1.071554774315085050e-02
-1.071554541644049313e-02
-1.071554141882550409e-02
-1.071553836153357059e-02
-1.071553529142058210e-02
-1.071553702763607639e-02
-1.071553666091490560e-02
-1.071555233708538710e-02
-1.071552298366961961e-02
-1.071551729238773287e-02
-1.071550386257573428e-02
-1.071550541186896792e-02
-1.071548722954351537e-02
-1.071549096286382105e-02
-1.071548721060397967e-02
-1.071549098664073552e-02
-1.071549638320472633e-02
-1.071549941855036783e-02
-1.071549885441677036e-02
-1.071550402814656737e-02
-1.071551167325567044e-02
-1.071551441339833703e-02
-1.071550890903271401e-02
-1.071551504963183347e-02
-1.071549806294607408e-02
-1.071549855690726201e-02
-1.071549855690726027e-02
-1.071549909260809987e-02
-1.071548314158443822e-02
-1.071548791422779860e-02
-1.071550771947899806e-02
-1.071551415347113401e-02
-1.071551415347112707e-02
-1.071551551455349714e-02
-1.071551851393594441e-02
-1.071551437011903675e-02
-1.071551448874902800e-02
-1.071550411452143123e-02
-1.071562995251559847e-02
-1.071562707623580427e-02
-1.071562533728813611e-02
-1.071562548798748842e-02
-1.071562577511596913e-02
-1.071563192214112711e-02
-1.071563718278112365e-02
-1.071562543463670109e-02
-1.071561776821023868e-02
-1.071562505255207326e-02
-1.071562514370947954e-02
-1.071564350787608533e-02
-1.071564289413170709e-02
-1.071563148681842388e-02
-1.071563152721997231e-02
-1.071563678569967433e-02
-1.071562794606148970e-02
-1.071564061681712539e-02
-1.071564067444856667e-02
-1.071563841510483027e-02
-1.071563733309816545e-02
-1.071563073686587937e-02
-1.071562818975709853e-02
-1.071563089406254998e-02
-1.071563601274655095e-02
-1.071563726613878817e-02
-1.071563714151188042e-02
-1.071562885020953086e-02
-1.071563342351884024e-02
-1.071561777535996740e-02
-1.071561655207285517e-02
-1.071561912716854047e-02
-1.071562876704085406e-02
-1.071562518829404127e-02
-1.071562181744640380e-02
-1.071564883628503377e-02
-1.071565684068543668e-02
-1.071565761212593150e-02
-1.071565597906383102e-02
-1.071565597906382582e-02
-1.071566884773731722e-02
-1.071567426205604495e-02
-1.071567438005759793e-02
-1.071567544839604168e-02
-1.071566730661088415e-02
-1.071566538960362289e-02
-1.071566912101680480e-02
-1.071566902074395922e-02
-1.071567044825480486e-02
-1.071567053305675851e-02
-1.071566334303075338e-02
-1.071566223947472730e-02
-1.071567252224661128e-02
-1.071567112741779459e-02
-1.071566894370255471e-02
-1.071566504687953940e-02
-1.071567803378243970e-02
-1.071566726424644581e-02
-1.071566044812541016e-02
-1.071565969868848445e-02
-1.071566295895709856e-02
-1.071566683409957629e-02
-1.071566683409957282e-02
-1.071566772407469073e-02
-1.071566457503256471e-02
-1.071566592801628109e-02
-1.071567088595386935e-02
-1.071566579062146508e-02
-1.071566875456581719e-02
-1.071565099483447886e-02
-1.071566279621118806e-02
-1.071565173038010674e-02
-1.071566114341394003e-02
-1.071566114341394003e-02
-1.071566495516909460e-02
-1.071566409463239021e-02
-1.071565941867913541e-02
-1.071566284331850610e-02
-1.071566583824969457e-02
-1.071567208345841973e-02
-1.071567311551398401e-02
-1.071567973485816616e-02
-1.071566871566980751e-02
-1.071566871566980925e-02
-1.071566806108612685e-02
-1.071565817907730277e-02
-1.071565047918250635e-02
-1.071565303486492204e-02
-1.071565300207992684e-02
-1.071565839904175220e-02
-1.071565804648287601e-02
-1.071565581384736725e-02
-1.071565786687051457e-02
-1.071566042806147354e-02
-1.071566415885040133e-02
-1.071566222558240251e-02
-1.071566179251241813e-02
-1.071566020153873200e-02
-1.071564740733000828e-02
-1.071564898927319064e-02
-1.071564690694387124e-02
-1.071565180688236092e-02
-1.071565237693696340e-02
-1.071564735347508603e-02
-1.071563970124046403e-02
-1.071563970124046750e-02
-1.071564441696018673e-02
-1.071564166033166926e-02
-1.071564387993748438e-02
-1.071564727264862071e-02
-1.071564706300758008e-02
-1.071564786077733832e-02
-1.071564843881895809e-02
-1.071565647310677993e-02
-1.071567072158423166e-02
-1.071565024794949965e-02
-1.071565016226730394e-02
-1.071565090192424206e-02
-1.071564951509998594e-02
-1.071564541177901821e-02
-1.071564541177901821e-02
-1.071564761000400393e-02
-1.071565129175534523e-02
-1.071565095445487989e-02
-1.071565045109474333e-02
-1.071564742937398604e-02
-1.071564574337222422e-02
-1.071564694009734774e-02
-1.071564671373547058e-02
-1.071565385997299766e-02
-1.071565397914904690e-02
-1.071566040179097908e-02
-1.071564582976837834e-02
-1.071564582976837661e-02
-1.071564515278551101e-02
-1.071564311588092504e-02
-1.071564295859292124e-02
-1.071564212131706495e-02
-1.071564797654978723e-02
-1.071564977724064581e-02
-1.071564786597215338e-02
-1.071564811239355403e-02
-1.071564257202408527e-02
-1.071564388651028918e-02
-1.071564400472589662e-02
-1.071564271069050910e-02
-1.071564291450538726e-02
-1.071564629881864225e-02
-1.071564396171579073e-02
-1.071564479524616045e-02
-1.071564267427895303e-02
-1.071564656670042671e-02
-1.071564042513154479e-02
-1.071564409534575026e-02
-1.071564385772684133e-02
-1.071564243889839771e-02
-1.071564299621551378e-02
-1.071564337303783712e-02
-1.071565789204025586e-02
-1.071566014001430409e-02
-1.071565883438108449e-02
-1.071566153047819221e-02
-1.071566076082474533e-02
-1.071566440736275785e-02
-1.071566637248048091e-02
-1.071565837342770139e-02
-1.071566202720746278e-02
-1.071565137857097456e-02
-1.071565198421440580e-02
-1.071564749459012235e-02
-1.071564957969643739e-02
-1.071564848249102926e-02
-1.071564829745619112e-02
-1.071564693187664064e-02
-1.071564520856733115e-02
-1.071564851609272534e-02
-1.071564861685733207e-02
-1.071564902295375939e-02
-1.071562961627620103e-02
-1.071562812302575413e-02
-1.071564417217072025e-02
-1.071562782121623404e-02
-1.071562855756773118e-02
-1.071564071243370775e-02
-1.071563521670507516e-02
-1.071563364158520382e-02
-1.071563579283084378e-02
-1.071563649935882920e-02
-1.071563671257862171e-02
-1.071563570431565207e-02
-1.071562648554737207e-02
-1.071562009302104088e-02
-1.071561821549905404e-02
-1.071562052672377953e-02
-1.071561804001000193e-02
-1.071562167200272933e-02
-1.071563336091785335e-02
-1.071563486925644799e-02
-1.071563526850532154e-02
-1.071562860297779925e-02
-1.071563418967750973e-02
-1.071563166075435551e-02
-1.071562664345143516e-02
-1.071562701410326557e-02
-1.071562898188627676e-02
-1.071562386915181006e-02
-1.071562703073039059e-02
-1.071562792600880623e-02
-1.071563110297970613e-02
-1.071563053598619322e-02
-1.071563213636428889e-02
-1.071562817083480598e-02
-1.071562678829896149e-02
-1.071563126927640823e-02
-1.071568217558469330e-02
-1.071568196445642912e-02
-1.071567598566503486e-02
-1.071565678902248152e-02
-1.071565666096429420e-02
-1.071565668812571662e-02
-1.071566619029987524e-02
-1.071566642773632248e-02
-1.071566883317793227e-02
-1.071567078757965433e-02
-1.071566943830937722e-02
-1.071566943830937375e-02
-1.071566630334903035e-02
-1.071567378668739599e-02
-1.071567147214230742e-02
-1.071567028737806931e-02
-1.071566987505479136e-02
-1.071567227204549798e-02
-1.071566140340819706e-02
-1.071566278596493282e-02
-1.071566005929291618e-02
-1.071566110223022561e-02
-1.071565727317623853e-02
-1.071566094758729520e-02
-1.071566484458638321e-02
-1.071565743960207866e-02
-1.071566003110588881e-02
-1.071568070380157778e-02
-1.071567791652781876e-02
-1.071569096648423113e-02
-1.071569718275166595e-02
-1.071569326931893704e-02
-1.071569490283373095e-02
-1.071568514108220925e-02
-1.071568963630515660e-02
-1.071569728099082235e-02
-1.071569556673142819e-02
-1.071568765135187153e-02
-1.071567682341460596e-02
-1.071567730066192749e-02
-1.071568161727630593e-02
-1.071567855038645795e-02
-1.071568905782432912e-02
-1.071568465373806157e-02
-1.071569556121472824e-02
-1.071567206483689701e-02
-1.071567356887613738e-02
-1.071567371079125593e-02
-1.071567165019695657e-02
-1.071567731195486456e-02
-1.071567632031830003e-02
-1.071566714573724162e-02
-1.071567921795253328e-02
-1.071567820398560376e-02
-1.071567582558466576e-02
-1.071567582558466576e-02
-1.071567692878151214e-02
-1.071567850391664557e-02
-1.071567218133165009e-02
-1.071567085626886490e-02
-1.071567912296941122e-02
-1.071567836835562830e-02
-1.071566873457984945e-02
-1.071567440780714191e-02
-1.071565978924835481e-02
-1.071566386110809309e-02
-1.071566469895397951e-02
-1.071566445589619554e-02
-1.071566425461159024e-02
-1.071566817295702308e-02
-1.071566833702974550e-02
-1.071566833702974723e-02
-1.071566826643658051e-02
-1.071567431311736852e-02
-1.071566972815396479e-02
-1.071569952409359705e-02
-1.071568478567182930e-02
-1.071568158621807876e-02
-1.071567597402431696e-02
-1.071568048596621171e-02
-1.071567557042759147e-02
-1.071567643408004138e-02
-1.071567832606008276e-02
-1.071567432001194545e-02
-1.071567518200273149e-02
-1.071567433906855417e-02
-1.071567447304733883e-02
-1.071567590707273206e-02
-1.071567741243685361e-02
-1.071567663186435461e-02
-1.071567870712417624e-02
-1.071571438384338534e-02
-1.071571696341886044e-02
-1.071572060204133668e-02
-1.071569419204970383e-02
-1.071571371108968537e-02
-1.071569052353546665e-02
-1.071569683108168983e-02
-1.071569538504804804e-02
-1.071570256887084509e-02
-1.071571441086552334e-02
-1.071571785752389178e-02
-1.071571360870451212e-02
-1.071571771374217608e-02
-1.071573955845336705e-02
-1.071572636484908331e-02
-1.071568026296094295e-02
-1.071568026296094121e-02
-1.071567944660855622e-02
-1.071568070089740261e-02
-1.071567871107080745e-02
-1.071567912385953773e-02
-1.071568155416832181e-02
-1.071559242796939204e-02
-1.071558787275713083e-02
-1.071559899764847057e-02
-1.071558141009527378e-02
-1.071558507385435115e-02
-1.071559992850032797e-02
-1.071560377877204054e-02
-1.071560890648333257e-02
-1.071560682213612906e-02
-1.071561316410384393e-02
-1.071561195817230874e-02
-1.071561531229478850e-02
-1.071560772190219279e-02
-1.071559937373909102e-02
3.377588892324822484e-02
3.377589364202213118e-02
3.377588655019119618e-02
3.377590781049325669e-02
3.377590913458938110e-02
3.377588729743697532e-02
3.377589014872592332e-02
3.377589077263924017e-02
3.377591177081959439e-02
3.377591049047969779e-02
3.377590965707492204e-02
3.377584434311227402e-02
3.377583483169049189e-02
3.377584057218772917e-02
3.377582838663086701e-02
3.377582304863938761e-02
3.377582592309171655e-02
3.377582857461920718e-02
3.377581859174731693e-02
3.377583244360551906e-02
3.377583625211141166e-02
3.377582714802963848e-02
3.377583586236326818e-02
3.377584866833569649e-02
3.377580141586769558e-02
3.377584523064948441e-02
3.377584056898390308e-02
3.377584887177055573e-02
3.377584471052057918e-02
3.377584360449165102e-02
3.377598270588186291e-02
3.377584854101611800e-02
3.377584046151779762e-02
3.377584409052240139e-02
3.377584454142724957e-02
3.377586386909845612e-02
3.377587665993034283e-02
3.377587298127872339e-02
3.377587575546605464e-02
3.377587445354283957e-02
3.377587500445521085e-02
3.377588256395269023e-02
3.377587468248485075e-02
3.377587468248482300e-02
3.377587468248482994e-02
3.377585828158800874e-02
3.377585948047163306e-02
3.377579669190465539e-02
3.377581495390317295e-02
3.377580232320647607e-02
3.377580993197666637e-02
3.377581858768078510e-02
3.377587728183727850e-02
3.377585180433049367e-02
3.377586848759032284e-02
3.377586652484521057e-02
3.377586449112856409e-02
3.377586103398129425e-02
3.377586863736366934e-02
3.377587376135632313e-02
3.377587633987997467e-02
3.377586169632228186e-02
3.377586782116805825e-02
3.377587052710206289e-02
3.377588057408749400e-02
3.377587296084831603e-02
3.377587357116306616e-02
3.377586732995942198e-02
3.377586593500996742e-02
3.377586765408758379e-02
3.377587025286541561e-02
3.377586681121483997e-02
3.377587734084588900e-02
3.377587822081354330e-02
3.377587263848525617e-02
3.377584314703072771e-02
3.377584650341271255e-02
3.377584525492752232e-02
3.377585815907588329e-02
3.377586018128059947e-02
3.377586023761058875e-02
3.377585797250125949e-02
3.377585858523535906e-02
3.377586067741687043e-02
3.377586121658408130e-02
3.377586914411193769e-02
3.377587635867605742e-02
3.377587801154718211e-02
3.377587938302691745e-02
3.377587951690467355e-02
3.377588377772748618e-02
3.377587425891817596e-02
3.377586164592649709e-02
3.377585467788495055e-02
3.377584059826170548e-02
3.377584169380035833e-02
3.377584798740197042e-02
3.377586033197276655e-02
3.377584117078379772e-02
3.377583493098883921e-02
3.377584766894553558e-02
3.377584928114499979e-02
3.377585446942710928e-02
3.377581789136645946e-02
3.377583302421870853e-02
3.377582660830864836e-02
3.377583174379099329e-02
3.377581530615574035e-02
3.377584312467187683e-02
3.377580470389858480e-02
3.377581776462001972e-02
3.377581775464039149e-02
3.377582744826428118e-02
3.377580935407160229e-02
3.377582212965273695e-02
3.377581885431755332e-02
3.377582443355299502e-02
3.377582443355300196e-02
3.377581646202983817e-02
3.377582442837125110e-02
3.377579782516716700e-02
3.377583340637726333e-02
3.377582877338897865e-02
3.377580618206838664e-02
3.377581265197627386e-02
3.377581564035127271e-02
3.377579171927306417e-02
3.377582816520385833e-02
3.377582842047355260e-02
3.377582641194636082e-02
3.377583447008482287e-02
3.377581711130801106e-02
3.377583532978187947e-02
3.377583523069854071e-02
3.377583632230107824e-02
3.377582797328597397e-02
3.377583252807579706e-02
3.377582424680935363e-02
3.377582019391200258e-02
3.377581513037493377e-02
3.377582218505978395e-02
3.377580954023357701e-02
3.377581355383341144e-02
3.377583489920635978e-02
3.377585417894505421e-02
3.377584693758214907e-02
3.377584959800578740e-02
3.377583685020980192e-02
3.377585144720000182e-02
3.377586780065713890e-02
3.377586071206226115e-02
3.377584922576046256e-02
3.377587686843381426e-02
3.377594803858571804e-02
3.377594041613500575e-02
3.377591097914971197e-02
3.377591596459686429e-02
3.377592578530917711e-02
3.377592688396879178e-02
3.377592322851754453e-02
3.377592522819618248e-02
3.377591664738002070e-02
3.377592806024444505e-02
3.377590776093900016e-02
3.377592074896133140e-02
3.377592121869123221e-02
3.377593097077627449e-02
3.377592876010426792e-02
3.377593584070060634e-02
3.377592120979847762e-02
3.377594256979839227e-02
3.377594588992256786e-02
3.377593832592562517e-02
3.377593975895123307e-02
3.377589869673847806e-02
3.377589823353038812e-02
3.377589847956823793e-02
3.377589998834921309e-02
3.377590095889353855e-02
3.377589593952445152e-02
3.377589818026731361e-02
3.377589826189651701e-02
3.377586762138181514e-02
3.377587248839681450e-02
3.377585462998492633e-02
3.377574584000087032e-02
3.377575293116753113e-02
3.377571144038975237e-02
3.377571144038975237e-02
3.377571393288981982e-02
3.377573224810624664e-02
3.377563409223017371e-02
3.377566573281388929e-02
3.377570260946269332e-02
3.377570323704309763e-02
3.377570720991609349e-02
3.377571175225475841e-02
3.377576504493613740e-02
3.377576668541000526e-02
3.377574555776658577e-02
3.377579278146114472e-02
3.377579950228712380e-02
3.377576944685493215e-02
3.377576521774199730e-02
3.377575506089361412e-02
3.377575506089362106e-02
3.377574107278621257e-02
3.377576609963050397e-02
3.377576739957931229e-02
3.377571129389107113e-02
3.377571353391872755e-02
3.377564832636661268e-02
3.377583036209864248e-02
3.377583733387578419e-02
3.377584364482458246e-02
3.377584792486108128e-02
3.377582599649173872e-02
3.377584165849949888e-02
3.377583184055374388e-02
3.377583091175231228e-02
3.377581712558590937e-02
3.377578719570305948e-02
3.377580286002557219e-02
3.377583617589411530e-02
3.377585232652723785e-02
3.377580379990654386e-02
3.377575504291587677e-02
3.377577049621445504e-02
3.377577049621444116e-02
3.377577049621445504e-02
3.377573462418528849e-02
3.377586213759312117e-02
3.377584147816794363e-02
3.377575273318349919e-02
3.377575099705907441e-02
3.377572724141975763e-02
3.377573269271543638e-02
3.377573120940599583e-02
3.377575378072431717e-02
3.377573900304010890e-02
3.377573111897466673e-02
3.377573111897463898e-02
3.377575015389674279e-02
3.377573593925976142e-02
3.377573973334953988e-02
3.377575892318779999e-02
3.377576755365004763e-02
3.377576703882972237e-02
3.377577570512673572e-02
3.377576428128326036e-02
3.377573698781390077e-02
3.377576052770611681e-02
3.377577815429980840e-02
3.377578192866038942e-02
3.377578766718201952e-02
3.377561445266161200e-02
3.377556934154758717e-02
3.377556472217314865e-02
3.377553255414379035e-02
3.377553295586682713e-02
3.377553539239609715e-02
3.377553784697408246e-02
3.377554043963205965e-02
3.377554049337106595e-02
3.377555204576685594e-02
3.377556481035162705e-02
3.377556312792558135e-02
3.377556679151239027e-02
3.377556431164101952e-02
3.377548034755178258e-02
3.377547522358502474e-02
3.377548663642088861e-02
3.377546367167921088e-02
3.377548167202248930e-02
3.377543893786572743e-02
3.377554744939032655e-02
3.377552670556727143e-02
3.377551868634674076e-02
3.377552600154811596e-02
3.377554241768773030e-02
3.377550249384361769e-02
3.377551026675054691e-02
3.377560004950815042e-02
3.377558587316712574e-02
3.377556499032591253e-02
3.377555581520069738e-02
3.377555721719590481e-02
3.377555915580591345e-02
3.377557724244695248e-02
3.377558919261912374e-02
3.377558667128367775e-02
3.377558185604143809e-02
3.377557473854907871e-02
3.377557361769341349e-02
3.377557844071288340e-02
3.377558931281474108e-02
3.377561918568940807e-02
3.377560645507639292e-02
3.377562457892210185e-02
3.377562312302709313e-02
3.377561560088061104e-02
3.377560488996581012e-02
3.377560488996579624e-02
3.377559738055216365e-02
3.377560541032098573e-02
3.377560541032099961e-02
3.377560541032101349e-02
3.377557781580523694e-02
3.377558931566090883e-02
3.377557837441218930e-02
3.377558921906351208e-02
3.377558921906351208e-02
3.377558457708855488e-02
3.377560445447781723e-02
3.377558536287765534e-02
3.377560769372662391e-02
3.377561530183609967e-02
3.377561312697005547e-02
3.377561454789473200e-02
3.377562980622442201e-02
3.377563594911101030e-02
3.377562856897398796e-02
3.377562430256918907e-02
3.377560068471432975e-02
3.377560882805077241e-02
3.377561079927903637e-02
3.377561788871369375e-02
3.377562139200779301e-02
3.377561711442020331e-02
3.377561745691060741e-02
3.377561234374792942e-02
3.377563155727940358e-02
3.377560979703345123e-02
3.377556794033060444e-02
3.377556083024449429e-02
3.377558150560659722e-02
3.377557738816207994e-02
3.377569554890291065e-02
3.377569862473583234e-02
3.377567995806191742e-02
3.377572135924802182e-02
3.377571889899735891e-02
3.377572635582121868e-02
3.377572225577706727e-02
3.377573119047338340e-02
3.377571675428257814e-02
3.377561897760251314e-02
3.377562142822929797e-02
3.377562315282190558e-02
3.377563327652102071e-02
3.377561879125372257e-02
3.377561256321517935e-02
3.377563682414359142e-02
3.377562113870896665e-02
3.377560961859230743e-02
3.377563139903037859e-02
3.377562748825642391e-02
3.377562086463888058e-02
3.377562930439691191e-02
3.377563871082957941e-02
3.377561818274395222e-02
3.377563686473081944e-02
3.377563686473081944e-02
3.377563627323406509e-02
3.377569964318313106e-02
3.377570543175775764e-02
3.377570023146884287e-02
3.377569619679479662e-02
3.377568878157179155e-02
3.377570675257991761e-02
3.377570555499760652e-02
3.377569522631080484e-02
3.377569522631079096e-02
3.377572199804349667e-02
3.377570950024887803e-02
3.377571313805004249e-02
3.377571252701783849e-02
3.377569752042917928e-02
3.377569752042919315e-02
3.377569889961665184e-02
3.377571096215193497e-02
3.377571068092140305e-02
3.377570049951299225e-02
3.377570017130996499e-02
3.377570722610852977e-02
3.377570313978322386e-02
3.377570313978320998e-02
3.377570281747314246e-02
3.377571754960314449e-02
3.377571855664206202e-02
3.377571762058970833e-02
3.377570746584478145e-02
3.377570746584477451e-02
3.377571723089941441e-02
3.377567667591934580e-02
3.377568279124165684e-02
3.377568295093035661e-02
3.377568510316112521e-02
3.377567800690152444e-02
3.377568060023082575e-02
3.377568698506729777e-02
3.377568729274670750e-02
3.377568698506729777e-02
3.377569401743003158e-02
3.377570194295539951e-02
3.377570000149947987e-02
3.377569711163044136e-02
3.377569318728798620e-02
3.377569709273599285e-02
3.377569981891093837e-02
3.377570125496874576e-02
3.377568484385404246e-02
3.377552514478771029e-02
3.377551383434068688e-02
3.377553741384646535e-02
3.377552243884385935e-02
3.377550211600371249e-02
3.377559655202672095e-02
3.377558596832479221e-02
3.377557056892160903e-02
3.377557211842439205e-02
3.377564783472735560e-02
3.377579128966804595e-02
3.377579547312608427e-02
3.377579569674075965e-02
3.377577618881306976e-02
3.377579752866853580e-02
3.377580146407804795e-02
3.377579324016350554e-02
3.377580237589341422e-02
3.377579723920540178e-02
3.377578799558871719e-02
3.377578300229957392e-02
3.377578856257124756e-02
3.377582246920020348e-02
3.377579604852396639e-02
3.377579142057342276e-02
3.377579231487789352e-02
3.377579260598352617e-02
3.377579260598353311e-02
3.377579189462572712e-02
3.377577580675516361e-02
3.377578693196227333e-02
3.377579042384607627e-02
3.377579007749285239e-02
3.377578675168434880e-02
3.377577878652427562e-02
3.377578707633045740e-02
3.377577897664626322e-02
3.377576685033116533e-02
3.377576479673791154e-02
3.377575557969116765e-02
3.377575678859365965e-02
3.377577478421293911e-02
3.377576149281427687e-02
3.377575953155939614e-02
3.377575171180609986e-02
3.377576071311590156e-02
3.377577119481103840e-02
3.377576766345813386e-02
3.377576776936521558e-02
3.377577947335673458e-02
3.377579294112108971e-02
3.377578077518811339e-02
3.377578406496020008e-02
3.377578830433054791e-02
3.377578859007224210e-02
3.377579432876643556e-02
3.377577788044293372e-02
3.377578144886035638e-02
3.377569746477209617e-02
3.377569974585230977e-02
3.377574098481782305e-02
3.377574339653053453e-02
3.377573651014239425e-02
3.377572588179780094e-02
3.377570643956182700e-02
3.377572417904660396e-02
3.377571254408467949e-02
3.377573394683768687e-02
3.377574351400002006e-02
3.377574185819037095e-02
3.377574657881982079e-02
3.377576414432255369e-02
3.377568790424022305e-02
3.377568494107189428e-02
3.377570468870946807e-02
3.377569445833359524e-02
3.377569548693126755e-02
3.377570218187938428e-02
3.377570083143825730e-02
3.377570741398314147e-02
3.377570741398316922e-02
3.377570755661841312e-02
3.377570796421067861e-02
3.377571798893192617e-02
3.377571831539837727e-02
3.377571575764715811e-02
3.377571714604281350e-02
3.377571714604282044e-02
3.377571816959671486e-02
3.377571789071221603e-02
3.377571578559911136e-02
3.377571691342124566e-02
3.377570844797211230e-02
3.377570844797211924e-02
3.377571188347437692e-02
3.377571103444781259e-02
3.377570774196925890e-02
3.377571341895941465e-02
3.377571263823283404e-02
3.377571295099134063e-02
3.377570865632381625e-02
3.377570810434453452e-02
3.377571662237844469e-02
3.377571909115367754e-02
3.377571487673571710e-02
3.377571445285299651e-02
3.377571783514159848e-02
3.377570537429520903e-02
3.377571961855986571e-02
3.377571266517749582e-02
3.377570800985624927e-02
3.377570347715637411e-02
3.377570639273263370e-02
3.377570696735425482e-02
3.377571389066660879e-02
3.377570584173463647e-02
3.377570491824804372e-02
3.377571241201735713e-02
3.377571168698085408e-02
3.377570388785381544e-02
3.377570141564262968e-02
3.377570136840812171e-02
3.377570248499379285e-02
3.377570942315347852e-02
3.377570884954876618e-02
3.377570407620535120e-02
3.377570499831025752e-02
3.377570862985041639e-02
3.377571084525705924e-02
3.377570828900932493e-02
3.377571588656499979e-02
3.377571040759136389e-02
3.377571073005134622e-02
3.377570700985974700e-02
3.377570342178246032e-02
3.377570243000795752e-02
3.377570314917053423e-02
3.377571037605787974e-02
3.377571589879069941e-02
3.377571589879071329e-02
3.377571733938111720e-02
3.377571470858743014e-02
3.377571475979383731e-02
3.377572034117651278e-02
3.377572034117651278e-02
3.377572084327902513e-02
3.377572117328231371e-02
3.377572474391376395e-02
3.377572474391377783e-02
3.377571027241037249e-02
3.377571659488708827e-02
3.377571306093358344e-02
3.377571547342898828e-02
3.377571480878966553e-02
3.377572698321950478e-02
3.377572343674352384e-02
3.377572745691527489e-02
3.377572620560684996e-02
3.377572648638306474e-02
3.377572117500730192e-02
3.377571957466022484e-02
3.377571781760919239e-02
3.377571763210152761e-02
3.377571826084925510e-02
3.377571692666526959e-02
3.377571717071290586e-02
3.377571788958123183e-02
3.377571542510719033e-02
3.377571587247131524e-02
3.377569217115599515e-02
3.377569505007608358e-02
3.377569300814335651e-02
3.377569343843382643e-02
3.377569798960886049e-02
3.377569691495351661e-02
3.377569854775867852e-02
3.377569302320487105e-02
3.377569978431105291e-02
3.377569768146502366e-02
3.377569768146503060e-02
3.377569754016893772e-02
3.377569205635167632e-02
3.377569125129147726e-02
3.377569359232444196e-02
3.377570293830439718e-02
3.377569914432566184e-02
3.377570940828377583e-02
3.377570955379810558e-02
3.377569793028746548e-02
3.377569897752712158e-02
3.377569897752712158e-02
3.377569731969046890e-02
3.377573017353891621e-02
3.377573138218090826e-02
3.377573637085078823e-02
3.377573709941668334e-02
3.377573794093169379e-02
3.377574007574287579e-02
3.377573776943198353e-02
3.377573891169726589e-02
3.377574244248315871e-02
3.377571127590059397e-02
3.377571060553791193e-02
3.377571082732908070e-02
3.377571412794916350e-02
3.377571352601196897e-02
3.377571195022793099e-02
3.377571957892219062e-02
3.377571787439766909e-02
3.377572087754442814e-02
3.377563233758834604e-02
3.377561770475530356e-02
3.377563508576787027e-02
3.377564394755219745e-02
3.377563296484083905e-02
3.377563729444774815e-02
3.377563959700079221e-02
3.377563241234885633e-02
3.377564741264475756e-02
3.377570990832172437e-02
3.377571332729583514e-02
3.377571307183139387e-02
3.377572386541539268e-02
3.377568153304236903e-02
3.377572177704095402e-02
3.377571282370861461e-02
3.377571012082259544e-02
3.377566622450041411e-02
3.377567837414350432e-02
3.377567242797872848e-02
3.377566683967882233e-02
3.377566185644646779e-02
3.377567820143410893e-02
3.377567811817059479e-02
3.377566631358814436e-02
3.377568154967879738e-02
3.377567445376726540e-02
3.377568890649656347e-02
3.377568267620794512e-02
3.377568098003448649e-02
3.377567696266063624e-02
3.377569000392240117e-02
3.377569189887516532e-02
3.377568223573431533e-02
3.377568191471526371e-02
3.377567309434009041e-02
3.377563078049875683e-02
3.377559247883664406e-02
3.377557748475425864e-02
3.377557555395521716e-02
3.377561562705592990e-02
3.377559215144997767e-02
3.377559298386243608e-02
3.377561585299609925e-02
3.377561473958900357e-02
3.377563065671841669e-02
3.377562997345972401e-02
3.377562747367258977e-02
3.377575308751347427e-02
3.377574087262263935e-02
3.377559685683952095e-02
3.377559408088230686e-02
3.377561141524054733e-02
3.377565731650213759e-02
3.377568826837922672e-02
3.377559885711327314e-02
