-4.614986235804709874e-02
-4.614987646351864647e-02
-4.614987646351975670e-02
-4.614987949042526072e-02
-4.614982023498791219e-02
-4.614981936146257679e-02
-4.614982950955143909e-02
-4.614981501603208219e-02
-4.614981960807613276e-02
-4.614983143116360709e-02
-4.614983591770685512e-02
-4.614984075008983500e-02
-4.614986032229269342e-02
-4.614990840795908655e-02
-4.614989460171516067e-02
-4.614989399776665835e-02
-4.614987615335260085e-02
-4.614986588626970865e-02
-4.614985920243880324e-02
-4.614987042624449365e-02
-4.614989432292282423e-02
-4.614988156623101023e-02
-4.614990363622720193e-02
-4.614989957189635783e-02
-4.614988292895412514e-02
-4.614990080404912653e-02
-4.614987231214744828e-02
-4.614987231214739277e-02
-4.614984185050777926e-02
-4.614981459006885917e-02
-4.614979955922078603e-02
-4.614984200208582799e-02
-4.614985905422535478e-02
-4.614984024800591195e-02
-4.614984651361481172e-02
-4.614982432047314009e-02
-4.614972489590325050e-02
-4.614973161029622961e-02
-4.614971181879830991e-02
-4.614971912088278866e-02
-4.614971737723502776e-02
-4.614971263249159628e-02
-4.614969070592746248e-02
-4.614966248560565393e-02
-4.614975369616063777e-02
-4.614973947715066832e-02
-4.614977093683441528e-02
-4.614976616899015699e-02
-4.614976474978849108e-02
-4.614975401461771792e-02
-4.614976142806322817e-02
-4.614972177576791290e-02
-4.614971291526245856e-02
-4.614971546251251527e-02
-4.614965811728623246e-02
-4.614965023539904093e-02
-4.614962250002973415e-02
-4.614965557842873323e-02
-4.614964359829636792e-02
-4.614961921130064648e-02
-4.614968026138623058e-02
-4.614967627962410918e-02
-4.614967560629974763e-02
-4.614967456252649924e-02
-4.614967456252648537e-02
-4.614965361308488723e-02
-4.614964550464027704e-02
-4.614965918102745951e-02
-4.614963101540418833e-02
-4.614965243219173313e-02
-4.614966956032987011e-02
-4.614967437593398003e-02
-4.614972996066729616e-02
-4.614972039066471410e-02
-4.614983645442239518e-02
-4.614981986167993738e-02
-4.614981535181006400e-02
-4.614981268441437079e-02
-4.614977778373966638e-02
-4.614980694116221221e-02
-4.614982686730959016e-02
-4.614978965562175489e-02
-4.614979753083232883e-02
-4.614979753083230801e-02
-4.614975151948826765e-02
-4.614977019885201787e-02
-4.614983085631051835e-02
-4.614982673363429017e-02
-4.614975169505594610e-02
-4.614974619265665989e-02
-4.614974328312088786e-02
-4.614973378141668664e-02
-4.614972952794398064e-02
-4.614974574997639245e-02
-4.614980187270912443e-02
-4.614979881239183318e-02
-4.614975336189827693e-02
-4.614975431182047338e-02
-4.614975431182047338e-02
-4.614975724914489180e-02
-4.614975509431006734e-02
-4.614974635719379381e-02
-4.614975681865490786e-02
-4.614975363176422596e-02
-4.614976055292006885e-02
-4.614975310263361857e-02
-4.614972467808955287e-02
-4.614974235985179474e-02
-4.614975307190836290e-02
-4.614975766793898149e-02
-4.614974764661012446e-02
-4.614975675492723889e-02
-4.614975925384356970e-02
-4.614976983186401538e-02
-4.614972721956819152e-02
-4.614975975815865245e-02
-4.614973086904021471e-02
-4.614976373578844049e-02
-4.614976131887759542e-02
-4.614976956348192105e-02
-4.614977046534041866e-02
-4.614976114231453957e-02
-4.614977243573553656e-02
-4.614975790834315722e-02
-4.614976789024088921e-02
-4.614977344456998309e-02
-4.614978416420065926e-02
-4.614977356399458525e-02
-4.614977372486080837e-02
-4.614976663128507461e-02
-4.614979243440259921e-02
-4.614977822703422716e-02
-4.614979124767593088e-02
-4.614972702091378609e-02
-4.614969266752105836e-02
-4.614968773972425581e-02
-4.614972339494136100e-02
-4.614972264293739496e-02
-4.614970739260126215e-02
-4.614971731133144656e-02
-4.614973104008412291e-02
-4.614974536238598823e-02
-4.614972784337168649e-02
-4.614975330468561870e-02
-4.614965607433269695e-02
-4.614963145648034309e-02
-4.614963049404603723e-02
-4.614963829409515772e-02
-4.614964980636869496e-02
-4.614964149941022664e-02
-4.614964149941021970e-02
-4.614964149941023358e-02
-4.614964077800910031e-02
-4.614963347877241995e-02
-4.614970616559386368e-02
-4.614969251640672204e-02
-4.614969848277904185e-02
-4.614969451551437229e-02
-4.614977020877501085e-02
-4.614977289634270008e-02
-4.614977568241976358e-02
-4.614977568241979133e-02
-4.614977789515044282e-02
-4.614977597792724318e-02
-4.614977597792724318e-02
-4.614976669639717782e-02
-4.614977549537436358e-02
-4.614977521839101759e-02
-4.614976711723514646e-02
-4.614976585975674728e-02
-4.614976367519897649e-02
-4.614973533425207469e-02
-4.614971630105015737e-02
-4.614973855611775172e-02
-4.614973460928497445e-02
-4.614974196002478990e-02
-4.614973357689770156e-02
-4.614975245230529960e-02
-4.614974285000162518e-02
-4.614973527966285266e-02
-4.614975217255230105e-02
-4.614975038302092381e-02
-4.614966297786048804e-02
-4.614969727881569617e-02
-4.614967798628487328e-02
-4.614967607093198310e-02
-4.614969043877772958e-02
-4.614969306967242613e-02
-4.614970565840408045e-02
-4.614970432363213471e-02
-4.614970368685378244e-02
-4.614969772992130043e-02
-4.614969765367866322e-02
-4.614974911748848801e-02
-4.614973704588308523e-02
-4.614968806413013991e-02
-4.614969855539832050e-02
-4.614967861483729866e-02
-4.614967437565610509e-02
-4.614969947506607217e-02
-4.614972808746354432e-02
-4.614972514174296020e-02
-4.614972967441297730e-02
-4.614973842928273007e-02
-4.614973647213290592e-02
-4.614965362437309371e-02
-4.614969677135409565e-02
-4.614970455215151868e-02
-4.614970075888984169e-02
-4.614972102677644683e-02
-4.614972080304418495e-02
-4.614971475258917988e-02
-4.614972225638429293e-02
-4.614971797987069829e-02
-4.614972155340624910e-02
-4.614975742027609129e-02
-4.614977017954516314e-02
-4.614977017954516314e-02
-4.614977299155033352e-02
-4.614977861754709226e-02
-4.614975270218619335e-02
-4.614977551876361939e-02
-4.614977551876362633e-02
-4.614977992502729276e-02
-4.614978730818899977e-02
-4.614978243693906856e-02
-4.614977430584727564e-02
-4.614977001879851104e-02
-4.614975707841958291e-02
-4.614978160118890504e-02
-4.614976153969671535e-02
-4.614976153969671535e-02
-4.614977850812852778e-02
-4.614977541271142458e-02
-4.614977074314351169e-02
-4.614975170000057414e-02
-4.614975931265065390e-02
-4.614981941979687252e-02
-4.614972513225588935e-02
-4.614970787969439880e-02
-4.614975122404572916e-02
-4.614973903621127915e-02
-4.614974663689792866e-02
-4.614974545792696614e-02
-4.614963784309747408e-02
-4.614963784030299415e-02
-4.614963464067483451e-02
-4.614964000172775554e-02
-4.614964046355640032e-02
-4.614963464705289925e-02
-4.614964462190461469e-02
-4.614963306409115146e-02
-4.614963772508467316e-02
-4.614965538476060308e-02
-4.614964409029046616e-02
-4.614966194943467132e-02
-4.614964005477503045e-02
-4.614966754920785119e-02
-4.614965660905965411e-02
-4.614967015951434992e-02
-4.614965329133114552e-02
-4.614965945137283060e-02
-4.614964763099840828e-02
-4.614964763099840134e-02
-4.614970633505148523e-02
-4.614970594285662531e-02
-4.614966680667620391e-02
-4.614966716028449240e-02
-4.614965763140146254e-02
-4.614967381728226486e-02
-4.614971828593011222e-02
-4.614970122279166143e-02
-4.614970369211541384e-02
-4.614969587014711855e-02
-4.614969378773136482e-02
-4.614959296562513164e-02
-4.614962330328679224e-02
-4.614962048869086786e-02
-4.614960362043871861e-02
-4.614955746997275593e-02
-4.614956330630887171e-02
-4.614954433172276799e-02
-4.614297446199545211e-02
-4.614288880326831294e-02
-4.614299090431121797e-02
-4.614325506888970058e-02
-4.614318182082876446e-02
-4.614322786251358333e-02
-4.614275468449121481e-02
-4.614275195782913813e-02
-4.614275195782912425e-02
-4.614275817303117172e-02
-4.614271583790590520e-02
-4.614279401036940759e-02
-4.614293627313956203e-02
-4.614314667727562047e-02
-4.614310085330081135e-02
-4.614309513855961720e-02
-4.614297331787618056e-02
-4.614286174454808320e-02
-4.614286174454809708e-02
-4.614283025126239557e-02
-4.614271725021800580e-02
-4.614271725021800580e-02
-4.614284122588469678e-02
-4.614289124172149537e-02
-4.614292652680049983e-02
-4.614285187624139056e-02
-4.614334635877471308e-02
-4.614339136823629450e-02
-4.614337848577021450e-02
-4.614331775496052779e-02
-4.614312177973665940e-02
-4.614312451191939640e-02
-4.614315493777056132e-02
-4.614299217251332380e-02
-4.614320310212401827e-02
-4.614293092280670472e-02
-4.614293803241399650e-02
-4.614281256510095741e-02
-4.614253424452054164e-02
-4.614260847094744239e-02
-4.614275273291049834e-02
-4.614198764174137074e-02
-4.614185603613323028e-02
-4.614176519748940108e-02
-4.614157823160414812e-02
-4.614171645263656640e-02
-4.614175236981587352e-02
-4.614173199290120403e-02
-4.614172456992670507e-02
-4.614126679494851002e-02
-4.614126679494846839e-02
-4.614126679494848920e-02
-4.614152787679243889e-02
-4.614149849643502110e-02
-4.614148945656796480e-02
-4.614132698448901448e-02
-4.614154966499119798e-02
-4.614154966499122573e-02
-4.614132854788998567e-02
-4.614123456798064488e-02
-4.614111273806695279e-02
-4.614191578048682657e-02
-4.614177105721834621e-02
-4.614177105721833927e-02
-4.614847943866919738e-02
-4.615202382261864716e-02
-4.615202172342724313e-02
-4.615196415665932805e-02
-4.615188316774063854e-02
-4.615191313978909277e-02
-4.615192264417281032e-02
-4.615196997510154220e-02
-4.615197262454780180e-02
-4.615197809355259251e-02
-4.615198220614278452e-02
-4.615198451694185050e-02
-4.615194785043361808e-02
-4.615195635011519470e-02
-4.615196041492627965e-02
-4.615195447373809240e-02
-4.615195447373810628e-02
-4.615197179432084518e-02
-4.615195633156191080e-02
-4.615195279179088589e-02
-4.615201454279040105e-02
-4.615202319015286603e-02
-4.615197295684256990e-02
-4.615198629552919041e-02
-4.615197964889944382e-02
-4.615197409251610428e-02
-4.615167918708477229e-02
-4.615171400375204375e-02
-4.615171088721473774e-02
-4.615168722973684440e-02
-4.615162616847993948e-02
-4.615173369400835113e-02
-4.615176067406703136e-02
-4.615177920061115657e-02
-4.615174883085028379e-02
-4.615180583450632923e-02
-4.615175839949291203e-02
-4.615177712211482319e-02
-4.615185545663248040e-02
-4.615185448716930400e-02
-4.615184869115767502e-02
-4.615185651055867672e-02
-4.615186865027797597e-02
-4.615187728764078012e-02
-4.615188359902474419e-02
-4.615187272963712506e-02
-4.615186932697078886e-02
-4.615185193631467231e-02
-4.615186499247151547e-02
-4.615187736880415476e-02
-4.615186455220322836e-02
-4.615185022802432285e-02
-4.615185011487108607e-02
-4.615185316790984538e-02
-4.615179209624273998e-02
-4.615180369690292939e-02
-4.615179581667061548e-02
-4.615189006097521890e-02
-4.615188329960960567e-02
-4.615187412908438452e-02
7.223069577618273021e-03
7.223072202564636592e-03
7.223072027178061537e-03
7.223070829043652143e-03
7.223070829043652143e-03
7.223072619045913141e-03
7.223071710932052122e-03
7.223073877415076352e-03
7.223070201894904278e-03
7.223079693293883545e-03
7.223079372495861718e-03
7.223079372495860850e-03
7.223075889483592492e-03
7.223056335927834429e-03
7.223059742076938516e-03
7.223059742076939384e-03
7.223064646122203877e-03
7.223066062780770374e-03
7.223065850462293339e-03
7.223061845862258946e-03
7.223062405617387480e-03
7.223069861007415902e-03
7.223070765211084439e-03
7.223069363081196549e-03
7.223070666120113767e-03
7.223066182960699751e-03
7.223065262436812600e-03
7.223067453652591736e-03
7.223077095392371576e-03
7.223069637561941106e-03
7.223075347489124956e-03
7.223075527875824457e-03
7.223075765733712357e-03
7.223063672726300066e-03
7.223063680021394282e-03
7.223066808072189232e-03
7.223066002652872922e-03
7.223065209542743267e-03
7.223066460088398144e-03
7.223068014481210525e-03
7.223065307617311699e-03
7.223066012663348877e-03
7.223062570023356353e-03
7.223066626685947268e-03
7.223065188650065055e-03
7.223065009277343518e-03
7.223063847520704711e-03
7.223063366996055126e-03
7.223066048355292201e-03
7.223066253454692338e-03
7.223071825915828963e-03
7.223071275936024209e-03
7.223070087608318875e-03
7.223069086743802610e-03
7.223070131986028715e-03
7.223069815325451615e-03
7.223070922693312218e-03
7.223069699446715321e-03
7.223062728199309591e-03
7.223065820262810667e-03
7.223075668474149107e-03
7.223064869566590135e-03
7.223068061921716042e-03
7.223062228795436301e-03
7.223062228795435434e-03
7.223070152300324967e-03
7.223069038121079574e-03
7.223067924288999186e-03
7.223068130852772217e-03
7.223069038121080442e-03
7.223070997332283437e-03
7.223070438146577017e-03
7.223072967442667296e-03
7.223073752278933585e-03
7.223073752278931850e-03
7.223058911598369790e-03
7.223057853879408761e-03
7.223065225819135828e-03
7.223064346777095281e-03
7.223064551954497259e-03
7.223071228973680473e-03
7.223072099127467172e-03
7.223067964021074455e-03
7.223067968123547157e-03
7.223063522196400757e-03
7.223064860370398584e-03
7.223064692920999619e-03
7.223066552113437643e-03
7.223068409412817907e-03
7.223069850520546717e-03
7.223068884181347085e-03
7.223067476107821253e-03
7.223064786953502757e-03
7.223066913335250520e-03
7.223066912021208763e-03
7.223064370089556617e-03
7.223067013231399165e-03
7.223067422344341473e-03
7.223067737188573756e-03
7.223067812756154595e-03
7.223065232213534727e-03
7.223069673631818226e-03
7.223070999585751682e-03
7.223071908829000083e-03
7.223071932243675664e-03
7.223066386202390589e-03
7.223064860545820760e-03
7.223064860923464857e-03
7.223064297016419666e-03
7.223069529382234594e-03
7.223070131764413454e-03
7.223067877329977446e-03
7.223068762925386951e-03
7.223081712137987588e-03
7.223079031981962522e-03
7.223077429208526849e-03
7.223075764957954427e-03
7.223071517165674180e-03
7.223070771499372905e-03
7.223083561773483569e-03
7.223078834575326346e-03
7.223079336783226612e-03
7.223077227974271895e-03
7.223076884921774896e-03
7.223073389684584074e-03
7.223075285872608380e-03
7.223074204113015019e-03
7.223083253895844387e-03
7.223082833732814151e-03
7.223084388254565925e-03
7.223084031341117477e-03
7.223056896261320636e-03
7.223056327316407753e-03
7.223054992038853428e-03
7.223057882176887705e-03
7.223059445965470705e-03
7.223064637462812965e-03
7.223066686812572301e-03
7.223065793607686379e-03
7.223066947988738065e-03
7.223044171003635376e-03
7.223047446472619960e-03
7.223058781926065645e-03
7.223058781926064778e-03
7.223048984877892924e-03
7.223051057242893883e-03
7.223053285694744884e-03
7.223048632063283798e-03
7.223051090048536634e-03
7.223055406104437332e-03
7.223054919301779252e-03
7.223039128100306079e-03
7.223035890862521818e-03
7.223035307482444066e-03
7.223035307482444066e-03
7.223046292763941022e-03
7.223047463827009587e-03
7.223043323162074529e-03
7.223044647476589350e-03
7.223045913506889910e-03
7.223046418319988352e-03
7.223041881953818494e-03
7.223047617583595176e-03
7.223038857035047298e-03
7.223037456126066465e-03
7.223038931311824735e-03
7.223036591543863759e-03
7.223042186186291042e-03
7.223042266206766530e-03
7.223040629793446576e-03
7.223056475261873527e-03
7.223060991087761236e-03
7.223060529790817884e-03
7.223055606383323689e-03
7.223080745264800172e-03
7.223080745264800172e-03
7.223079403298180746e-03
7.223079764102849007e-03
7.223080229695130750e-03
7.223080804348150363e-03
7.223081494879956578e-03
7.223080735650101378e-03
7.223081698008555589e-03
7.223081698008555589e-03
7.223081043659423418e-03
7.223081592469250863e-03
7.223059044644377161e-03
7.223058267289078974e-03
7.223058043803924112e-03
7.223057678308279946e-03
7.223056576008874546e-03
7.223056576008875414e-03
7.223041462446351535e-03
7.223045037656351114e-03
7.223045037656350247e-03
7.223044091608891125e-03
7.223046860464969569e-03
7.223048490194196140e-03
7.223046993595014752e-03
7.223047314088572660e-03
7.223042481405836032e-03
7.223042432005034874e-03
7.223047211300334669e-03
7.223045154130768031e-03
7.223047789167388356e-03
7.223045407388568179e-03
7.223045879346056894e-03
7.223047245788384238e-03
7.223049538949966736e-03
7.223049538949965868e-03
7.223049538949968471e-03
7.223048220490581664e-03
7.223048581716920435e-03
7.223053922766084142e-03
7.223053027514053648e-03
7.223050904566483306e-03
7.223050241136941968e-03
7.223050485529248707e-03
7.223048823945986234e-03
7.223030757775210711e-03
7.223029091680773818e-03
7.223033816882211411e-03
7.223032755280792659e-03
7.223032755280791792e-03
7.223032238069000167e-03
7.223024191017748258e-03
7.223022087606823655e-03
7.223021676883094322e-03
7.223018760177140306e-03
7.223021515165082944e-03
7.223022088666477755e-03
7.223020233229261559e-03
7.223020233229261559e-03
7.223023527935449120e-03
7.223026621522843187e-03
7.223052285704495423e-03
7.223048516055179634e-03
7.223048525005618115e-03
7.223048516055181369e-03
7.223039890613358778e-03
7.223041744353898320e-03
7.223041750471354688e-03
7.223039907880295790e-03
7.223039500897496766e-03
7.223041667432729233e-03
7.223043088910603877e-03
7.223043266341725756e-03
7.223040564640022254e-03
7.223041187325891267e-03
7.223040964073759208e-03
7.223038776653337330e-03
7.223037727744388917e-03
7.223041041835476413e-03
7.223042230114007541e-03
7.223049590284789413e-03
7.223045095589193665e-03
7.223046032592375307e-03
7.223037756550075052e-03
7.223044741775878214e-03
7.223043302506135764e-03
7.223043484733804483e-03
7.223043004884079424e-03
7.223045163399903837e-03
7.223056202615892214e-03
7.223056202615892214e-03
7.223055445899580207e-03
7.223056099930957007e-03
7.223053686145832104e-03
7.223053684491445407e-03
7.223057893796598107e-03
7.223053835297327946e-03
7.223055876061861870e-03
7.223054961122156274e-03
7.223017694251135726e-03
7.223020179301900719e-03
7.223040073419325323e-03
7.223041757804212100e-03
7.223037000376685522e-03
7.223037580688005353e-03
7.223034874139523491e-03
7.223024449116094772e-03
7.223024417698281109e-03
7.223023958839403999e-03
7.223023958839408336e-03
7.223024119044919519e-03
7.223047667836750112e-03
7.223047530799431119e-03
7.223048573914003269e-03
7.223048573914003269e-03
7.223048566335885448e-03
7.223048637467465241e-03
7.223048422442398912e-03
7.223050209224984516e-03
7.223015787323654353e-03
7.223016353560173831e-03
7.223015557710890655e-03
7.223017751662637494e-03
7.223017829832117064e-03
7.223017829832118798e-03
7.223034994006565998e-03
7.223034935272315896e-03
7.223035316383367467e-03
7.223012448114233229e-03
7.223012010258185803e-03
7.223009409351490925e-03
7.223007987478539949e-03
7.223018070089387739e-03
7.223021247397922069e-03
7.223023797026548350e-03
7.223035246587016477e-03
7.223033774250021098e-03
7.223036192592112784e-03
7.223032796963154215e-03
7.223026424855836722e-03
7.223022933309035908e-03
7.223024552451126276e-03
7.223027587446753488e-03
7.223027761683369075e-03
7.223032728033709597e-03
7.223033514301585058e-03
7.223033910681057705e-03
7.223037860750253919e-03
7.223037934946704985e-03
7.223033859382168957e-03
7.223034685881680149e-03
7.223034685881676679e-03
7.223034685881674945e-03
7.223035135957647963e-03
7.223033758335298433e-03
7.223033964572383135e-03
7.223045668910643875e-03
7.223045072536967738e-03
7.223046805323158313e-03
7.223043378128781930e-03
7.223043306421286086e-03
7.223042705146390761e-03
7.223045315493789933e-03
7.223045461092351786e-03
7.223044297363507595e-03
7.223044316121522701e-03
7.223040960029791790e-03
7.223041735366355839e-03
7.223041053633165974e-03
7.223040899566675506e-03
7.223041336333377305e-03
7.223042076297902722e-03
7.223042723151948744e-03
7.223042927782060210e-03
7.223042728478997442e-03
7.223045228319016457e-03
7.223045085998122672e-03
7.223044004053335437e-03
7.223044598108035834e-03
7.223043479185085880e-03
7.223045163724753359e-03
7.223044291545455825e-03
7.223042847022280270e-03
7.223044034399271271e-03
7.223040493130324785e-03
7.223048198583512623e-03
7.223047213180710732e-03
7.223047310537620593e-03
7.223045886082940514e-03
7.223046229325226671e-03
7.223045152326600972e-03
7.223045970098641161e-03
7.223045970098640293e-03
7.223046635775126449e-03
7.223046469046310800e-03
7.223049057380138450e-03
7.223049599367965465e-03
7.223046714359904891e-03
7.223046932162015439e-03
7.223047066029710146e-03
7.223048263370569419e-03
7.223048190219718591e-03
7.223047977266053472e-03
7.223048372421927640e-03
7.223049877278978244e-03
7.223043974244341622e-03
7.223043971876400710e-03
7.223023098127743201e-03
7.223036624038016093e-03
7.223027038375566533e-03
7.223030268623417856e-03
7.223039999568358314e-03
7.223038747312234865e-03
7.223040619463917678e-03
7.223044483291088218e-03
7.223043952933958477e-03
7.223040007206677111e-03
7.223042699946976078e-03
7.223042703422288997e-03
7.223042047962553898e-03
7.223043247610260592e-03
7.223043278657425431e-03
7.223023411255385072e-03
7.223029839085026022e-03
7.223041188878735058e-03
7.223041039498100460e-03
7.223034659297080176e-03
7.223032336644590566e-03
7.223031024040779333e-03
7.223029231102417319e-03
7.223029233864799656e-03
7.223029231102419921e-03
7.223029132624642773e-03
7.223028606736482497e-03
7.223032325099504498e-03
7.223032325099504498e-03
7.223033475179749079e-03
7.223032011622019209e-03
7.223030321333033174e-03
7.223031108904804862e-03
7.223036140715562853e-03
7.223036140715561118e-03
7.223036140715561118e-03
7.223036140715559383e-03
7.223035094369494036e-03
7.223034519431288485e-03
7.223033615443972925e-03
7.223033615443972058e-03
7.223035109552783557e-03
7.223035190818258809e-03
7.223032816855164129e-03
7.223031787103171251e-03
7.223032656074712676e-03
7.223034026221448328e-03
7.223030919827664632e-03
7.223028035533817469e-03
7.223028035533819204e-03
7.223029082340736394e-03
7.223028777666346510e-03
7.223027843015388319e-03
7.223029446812500795e-03
7.223028695564094430e-03
7.223028695564093563e-03
7.223029294925633996e-03
7.223028785948397770e-03
7.223029102636399981e-03
7.223029206604831068e-03
7.223026780171460867e-03
7.223037578628182555e-03
7.223038189167511718e-03
7.223037336313936629e-03
7.223023352097688102e-03
7.223025057967226610e-03
7.223023013699201786e-03
7.223023381275289409e-03
7.223022048498058817e-03
7.223023039377708850e-03
7.223022964944034348e-03
7.223026704436554674e-03
7.223023816299848320e-03
7.223027092182166334e-03
7.223027092182167201e-03
7.223023485703778702e-03
7.223022977824362229e-03
7.223024337513746750e-03
7.223023192387971296e-03
7.223037160479933889e-03
7.223032123164103806e-03
7.223035365756814638e-03
7.223035397126697892e-03
7.223034835301575876e-03
7.223034926914442475e-03
7.223034926914442475e-03
7.223033295979208387e-03
7.223033620694930580e-03
7.223032822891399009e-03
7.223032822891397274e-03
7.223032822891400744e-03
7.223030120672341119e-03
7.223029993530361882e-03
7.223030442865988748e-03
7.223035996780729183e-03
7.223034134160668390e-03
7.223038924892389440e-03
7.223039062336598232e-03
7.223042462926786145e-03
7.223042979004284589e-03
7.223042073548281011e-03
7.223041194272272238e-03
7.223041829862770005e-03
7.223041364531034188e-03
7.223040829968887036e-03
7.223039069415670803e-03
7.223038374235657422e-03
7.223035493808759554e-03
7.223036462705776858e-03
7.223038922647600883e-03
7.223044304472340214e-03
7.223043630701806925e-03
7.223043488821790509e-03
7.223042435646093683e-03
7.223043671832660856e-03
7.223044039507481133e-03
7.223045494902419379e-03
7.223044080200445756e-03
7.223043568673218930e-03
7.223042194297199688e-03
7.223041929313631614e-03
7.223040796262578458e-03
7.223040901073028708e-03
7.223042091345928048e-03
7.223042485864909767e-03
7.223041738572339929e-03
7.223043268683985822e-03
7.223042183995360445e-03
7.223041546188855785e-03
7.223043797410967290e-03
7.223044462740982330e-03
7.223040547424156368e-03
7.223039188339859876e-03
7.223042956834182897e-03
7.223042949141310516e-03
7.223043594336833392e-03
7.223042615527545431e-03
7.223042377116968560e-03
7.223042070704765658e-03
7.223042651343822458e-03
7.223042782238686850e-03
7.223040867885016474e-03
7.223039687409987981e-03
7.223043209894189007e-03
7.223041616081950569e-03
7.223042276331887758e-03
7.223043909928337711e-03
7.223043230949815867e-03
7.223039095497907000e-03
7.223039944177118976e-03
7.223039944177116374e-03
7.223044428096664533e-03
7.223045092806102199e-03
7.223045092806101332e-03
7.223045002248941471e-03
7.223043523752434823e-03
7.223044707766170837e-03
7.223045838306915191e-03
7.223046559650207581e-03
7.223039314729062799e-03
7.223037225694522827e-03
7.223040238302246008e-03
7.223036143688731439e-03
7.223036632210184764e-03
7.223036508722399662e-03
7.223040092793720640e-03
7.223040677250189973e-03
7.223037379010839934e-03
7.223037690134759096e-03
7.223037690134759964e-03
7.223038032197523495e-03
7.223038027395270282e-03
7.223034599488994609e-03
7.223035759535482297e-03
7.223031432264827648e-03
7.223030283940567314e-03
7.223037850960643824e-03
7.223029609146589675e-03
7.223031348192336491e-03
7.223029611255809591e-03
7.223032351041351259e-03
7.223043179688796132e-03
7.223042148249629417e-03
7.223043121842237860e-03
7.223042412300812246e-03
7.223041988244898598e-03
7.223041988244898598e-03
7.223041991166689879e-03
7.223041849749528912e-03
7.223041860335162843e-03
7.223041860335162843e-03
7.223042865940024378e-03
7.223042738026628357e-03
7.223042969483075247e-03
7.223035522743115333e-03
7.223034832198290886e-03
7.223048104014134253e-03
7.223048791142089482e-03
7.223048720961351525e-03
7.223039333652921806e-03
7.223043806100791324e-03
7.223044134547082322e-03
7.223043188051712395e-03
7.223045499721810793e-03
7.223041491232487336e-03
7.223037141923968965e-03
7.223038019856439611e-03
7.223039431741195421e-03
7.223036920444081584e-03
7.223040583904325948e-03
7.223039869849893178e-03
7.223039869849892311e-03
7.223040502759182392e-03
7.223038647303601546e-03
7.223036872726739353e-03
7.223038672429941791e-03
7.223038810302934327e-03
7.223038926672765633e-03
7.223041925242914760e-03
7.223041062502812311e-03
7.223041675253843649e-03
7.223040597072795735e-03
7.223041510764960198e-03
7.223039194420850621e-03
7.223038757412997106e-03
7.223041701261171017e-03
7.223041443469105545e-03
7.223040254768641096e-03
7.223039553777631933e-03
7.223035453621602132e-03
7.223038908637959346e-03
7.223032555978528731e-03
7.223040071764066927e-03
7.223040619760992542e-03
7.223036279901022018e-03
7.223038647952323074e-03
7.223039510913445774e-03
7.223039230292515635e-03
7.223039432242274634e-03
7.223038011445766411e-03
7.223041205439569359e-03
7.223032675323707436e-03
7.223032571605732255e-03
7.223040412670921756e-03
7.223041415231652371e-03
7.223041581185516737e-03
7.223042220070548421e-03
7.223042113062562615e-03
7.223040565015615040e-03
7.223041057394024786e-03
7.223039362845641229e-03
7.223039370032919779e-03
7.223041126428824364e-03
7.223040883005952227e-03
7.223039504011194434e-03
7.223039533471379593e-03
7.223037760835852514e-03
7.223040803586810825e-03
7.223039719349514526e-03
7.223039292787685264e-03
7.223040271581371123e-03
7.223041873155484037e-03
7.223039130613772944e-03
7.223036759223922833e-03
7.223036395270655136e-03
7.223036395270656870e-03
7.223033880843233653e-03
7.223036347480453652e-03
7.223038619139318141e-03
7.223036866673131218e-03
7.223038194081501072e-03
7.223039135968532115e-03
7.223037324162158782e-03
7.223038424768120185e-03
7.223047468745593357e-03
7.223046340999204028e-03
7.223046340999204028e-03
7.223044209454896648e-03
7.223041512017920607e-03
7.223044550228714666e-03
7.223042335405350893e-03
7.223045235124461554e-03
7.223048003284661747e-03
7.223048525256274381e-03
7.223037544662527613e-03
7.223036606301926586e-03
7.223035936380134935e-03
7.223035900105682743e-03
7.223040652623269678e-03
7.223039836011608573e-03
7.223043185505915488e-03
7.223043794606365253e-03
7.223044844675893111e-03
7.223044906998125556e-03
7.223045409488339057e-03
7.223044975303610955e-03
7.223046576979856581e-03
7.223045094703049208e-03
7.223046518788426608e-03
7.223046537834260095e-03
7.223044104579924227e-03
7.223044374781744346e-03
7.223043803390997997e-03
7.223042535297345343e-03
7.223042535297347078e-03
7.223042375862814661e-03
7.223042272193311124e-03
7.223043920176389250e-03
7.223043391746800101e-03
7.223041699751227805e-03
7.223043647756275873e-03
7.223041547655902755e-03
7.223039375030455150e-03
7.223044628779233187e-03
7.223044628779233187e-03
7.223042069678312430e-03
7.223044771348420545e-03
7.223041811295891935e-03
7.223043962207130984e-03
7.223044014793687621e-03
7.223042462457128846e-03
7.223042243978568082e-03
7.223036247058169448e-03
7.223037074133219389e-03
7.223035959582616537e-03
7.223036350252276354e-03
7.223038499387713675e-03
7.223038259543593416e-03
7.223040374782995453e-03
7.223037904023879054e-03
7.223037591849354108e-03
7.223037591849354976e-03
7.223038939888467604e-03
7.223038987784579160e-03
7.223038577815713013e-03
7.223037372380385936e-03
7.223039792483597517e-03
7.223053596751915356e-03
7.223053904352392564e-03
7.223053015720294102e-03
7.223052930799359235e-03
7.223053945280942176e-03
7.223053925302948090e-03
7.223053925302948958e-03
7.223053653991270973e-03
7.223053206329156130e-03
7.223053295342626336e-03
7.223053186694885358e-03
7.223057222029764975e-03
7.223057759003296587e-03
7.223058158310838479e-03
7.223056330018307221e-03
7.223057506741602414e-03
7.223055901481306197e-03
7.223055894569526889e-03
7.223056334924348940e-03
7.223056318108505951e-03
7.223056335178112096e-03
7.223056654450168805e-03
7.223056363591460159e-03
7.223056890507690425e-03
7.223056663472122128e-03
7.223055420851582677e-03
7.223055790535803412e-03
7.223055546935888867e-03
7.223055536487961621e-03
7.223055521980725063e-03
7.223053892704802553e-03
7.223053219890176492e-03
7.223054796491947503e-03
7.223054990602653311e-03
7.223047405854646566e-03
7.223047405854643097e-03
7.223047503297114723e-03
7.223045807350677618e-03
7.223046516242961901e-03
7.223046589909257187e-03
7.223046593027842438e-03
7.223045752203455759e-03
7.223045075262051785e-03
7.223045136474417691e-03
7.223045044915346602e-03
7.223045647567604560e-03
7.223044110759444664e-03
7.223043853817031137e-03
7.223040448675823073e-03
7.223038282031053227e-03
7.223037962742647616e-03
7.223043282555763681e-03
7.223044316202990520e-03
7.223045299316023342e-03
7.223040547272788735e-03
7.223040966711323854e-03
7.223037984150838808e-03
7.223041198876784322e-03
7.223040146407734910e-03
7.223040506706648010e-03
7.223036727610280573e-03
7.223037067316140369e-03
7.223036643510154405e-03
7.223035212658464668e-03
7.223037768041871282e-03
7.223038396045365975e-03
7.223037469691839969e-03
7.223037697422805999e-03
7.223039169423170480e-03
7.223038803335865912e-03
7.223038697938327993e-03
7.223038108410556775e-03
7.223038757290645324e-03
7.223039312263855941e-03
7.223039313649034371e-03
7.223038903947996518e-03
7.223039073009231148e-03
7.223046612985326888e-03
7.223047172197009924e-03
7.223048579086735303e-03
7.223048746567544906e-03
7.223048640759151609e-03
7.223048742959439772e-03
7.223048742959438905e-03
7.223052795000092438e-03
7.223052524710958482e-03
7.223052518908345751e-03
7.223054945938114750e-03
7.223055375590228117e-03
7.223055144948939063e-03
7.223049904380244787e-03
7.223049904380242185e-03
7.223049062692620675e-03
7.223049361321333579e-03
7.223049352668780947e-03
7.223047771353583238e-03
7.223047364958368882e-03
7.223047364958371484e-03
7.223051546721686450e-03
7.223050857798387833e-03
7.223051460396512011e-03
7.223051460396511143e-03
7.223050612063413797e-03
7.223048552743909813e-03
7.223052041903729389e-03
7.223052041903727655e-03
7.223055007955345511e-03
7.223055193505844955e-03
7.223055871049858905e-03
7.223056753377105760e-03
7.223056019547553080e-03
7.223056475551191576e-03
7.223056561275604387e-03
7.223055925165577755e-03
7.223056986200104487e-03
7.223058127512579571e-03
7.223057607471976109e-03
7.223057106237941796e-03
7.223057216499446584e-03
7.223057192673809808e-03
7.223057513853402278e-03
7.223058094365711508e-03
7.223057328680448919e-03
7.223057958073140529e-03
7.223058048009708271e-03
7.223057115915393345e-03
7.223057847921864408e-03
7.223057281385236034e-03
7.223058069285244291e-03
7.223057390089682520e-03
7.223057390212777630e-03
7.223056364389841486e-03
7.223056382939985545e-03
7.223057560080283976e-03
7.223056466458983686e-03
7.223056676120766413e-03
7.223055988494474569e-03
7.223055854183735823e-03
7.223056759884075202e-03
7.223056486342385903e-03
7.223057562836755242e-03
7.223057481890163799e-03
7.223057133299144034e-03
7.223058102431467037e-03
7.223055713752107691e-03
7.223055252615548198e-03
7.223055252615549066e-03
7.223055237344332483e-03
7.223055504480917037e-03
7.223054438240984754e-03
7.223055076222368621e-03
7.223055661598172007e-03
7.223055639954348989e-03
7.223055639954348121e-03
7.223055658491933650e-03
7.223055522238583902e-03
7.223056398491964521e-03
7.223056130870196892e-03
7.223056596124212761e-03
7.223057739629149335e-03
7.223057263138953944e-03
7.223057263138957414e-03
7.223057744740099193e-03
7.223057386633754268e-03
7.223057948907582460e-03
7.223057948907582460e-03
7.223057461635799641e-03
7.223055624452253722e-03
7.223055012138560917e-03
7.223055612387727260e-03
7.223055612124333787e-03
7.223055612124335521e-03
7.223055607358155016e-03
7.223055785319591401e-03
7.223056003033970045e-03
7.223056653805662655e-03
7.223056486263893135e-03
7.223056448578298906e-03
7.223055995902084685e-03
7.223056709086328984e-03
7.223056751409314379e-03
7.223056743944108841e-03
7.223056868906213741e-03
7.223056110676335552e-03
7.223056840720762373e-03
7.223056848766080257e-03
7.223057300561336845e-03
7.223058292470374391e-03
7.223057593512037869e-03
7.223057054454815398e-03
7.223057267412873704e-03
7.223057267412875439e-03
7.223056331452803840e-03
7.223057018729373696e-03
7.223057040598072388e-03
7.223056847251519211e-03
7.223056838873352127e-03
7.223057595073175373e-03
7.223056602708016576e-03
7.223055508130056188e-03
7.223053880256437298e-03
7.223053798163309863e-03
7.223055233675491210e-03
7.223055515396057356e-03
7.223055607107583750e-03
7.223054341561861713e-03
7.223055027650242266e-03
7.223054937258282723e-03
7.223055157519591048e-03
7.223056196609441669e-03
7.223055744261607132e-03
7.223055193480934326e-03
7.223054796473473566e-03
7.223055700720283807e-03
7.223054759668951462e-03
7.223054715573206178e-03
7.223053893513220122e-03
7.223055276039984200e-03
7.223055239099713913e-03
7.223055464373482303e-03
7.223055492130018088e-03
7.223055513504848812e-03
7.223055511258552781e-03
7.223055259656880993e-03
7.223054456323616500e-03
7.223054488546746914e-03
7.223055032562042399e-03
7.223055820656360503e-03
7.223055820656362237e-03
7.223056060294402551e-03
7.223054870147236836e-03
7.223054328291607894e-03
7.223054239556313608e-03
7.223054520627044534e-03
7.223056112986570021e-03
7.223055873994517311e-03
7.223052969172446061e-03
7.223052966561773099e-03
7.223051898806035973e-03
7.223052180063450033e-03
7.223057617424569546e-03
7.223057276214637709e-03
7.223057923660757863e-03
7.223055416922228439e-03
7.223055582570726829e-03
7.223055582570727697e-03
7.223056455696969143e-03
7.223056023466865004e-03
7.223056023466866739e-03
7.223055814364077835e-03
7.223056032270080105e-03
7.223055739692153809e-03
7.223056119803351535e-03
7.223056148775310915e-03
7.223055358452618209e-03
7.223055358452617342e-03
7.223055679977500448e-03
7.223055649225228192e-03
7.223056085744454340e-03
7.223055931784414310e-03
7.223056668833719579e-03
7.223057634857871744e-03
7.223057634857877815e-03
7.223057119056233363e-03
7.223057092428150812e-03
7.223057137882819487e-03
7.223056935727232945e-03
7.223056942764228931e-03
7.223056906232927510e-03
7.223056769156784539e-03
7.223057340368596764e-03
7.223057264360946070e-03
7.223057235613767821e-03
7.223057029595168939e-03
7.223056785856306512e-03
7.223057157334828934e-03
7.223057164091283705e-03
7.223057378031622240e-03
7.223057390675672110e-03
7.223056677213522507e-03
7.223056689751690060e-03
7.223056689751691795e-03
7.223057425916072985e-03
7.223057425916071250e-03
7.223057416037736989e-03
7.223056978219057241e-03
7.223056125005599022e-03
7.223056500489962242e-03
7.223056722917267983e-03
7.223058367529525126e-03
7.223057809533986462e-03
7.223057857777666346e-03
7.223058203767549791e-03
7.223058177148596222e-03
7.223058165752167283e-03
7.223057627199584545e-03
7.223056740696304039e-03
7.223055392247608453e-03
7.223056387956829257e-03
7.223056560372516886e-03
7.223053396835521153e-03
7.223053968185668035e-03
7.223054106048563613e-03
7.223053789112068336e-03
7.223052923730862405e-03
7.223053204155481695e-03
7.223054915819072941e-03
7.223055430327131494e-03
7.223054335148712188e-03
7.223054339525354466e-03
7.223054022444721015e-03
7.223053515809107344e-03
7.223054103688559061e-03
7.223055042236406140e-03
7.223055802124732881e-03
7.223055322526766506e-03
7.223056554894782301e-03
7.223057016064078628e-03
7.223057079600919347e-03
7.223057079600918480e-03
7.223058833785766207e-03
7.223059004382771479e-03
7.223058236339804580e-03
7.223058236339806315e-03
7.223058494508416937e-03
7.223058314047162490e-03
7.223058314047164225e-03
7.223058165267683302e-03
7.223057649866367926e-03
7.223059072125446664e-03
7.223058199013330204e-03
7.223059219200951217e-03
7.223059229804998371e-03
7.223059229804999239e-03
7.223058338492049577e-03
7.223058329167846708e-03
7.223058638663491099e-03
7.223058623081768555e-03
7.223058243526264341e-03
7.223059043455982292e-03
7.223059043455978823e-03
7.223058734683840756e-03
7.223058522576638295e-03
7.223058525904043486e-03
7.223058996191299673e-03
7.223059186330721242e-03
7.223058991818913539e-03
7.223059712157695218e-03
7.223059246445472960e-03
7.223058980571377651e-03
7.223059160724839244e-03
7.223059227054352306e-03
7.223059160724840111e-03
7.223058972459120257e-03
7.223058728635205206e-03
7.223058468807500715e-03
7.223058373024269542e-03
7.223059293020162377e-03
7.223057404364600573e-03
7.223057631452105623e-03
7.223059261986356644e-03
7.223059072823904449e-03
7.223058458906436372e-03
7.223058931489262542e-03
7.223058942694389646e-03
7.223058434851212413e-03
7.223058434851210678e-03
7.223058434851212413e-03
7.223053935984860043e-03
7.223055863328631601e-03
7.223059201186580840e-03
7.223058506196176204e-03
7.223058664420065056e-03
7.223050848313803708e-03
7.223050562862067675e-03
7.223049481414976943e-03
7.223049871847642307e-03
7.223049279161521639e-03
7.223050791879079627e-03
7.223049766060998973e-03
7.223052900975957674e-03
7.223052900975961144e-03
7.223052536835498569e-03
7.223051920453682322e-03
7.223052672772794711e-03
7.223052672772793843e-03
7.223050950898399908e-03
7.223057090175444110e-03
7.223057470155096020e-03
7.223057241453571288e-03
7.223054779047891755e-03
7.223055088447184399e-03
7.223054863592145297e-03
7.223055981971083367e-03
7.223055478377708033e-03
7.223055207575049957e-03
7.223045740432476602e-03
7.223047014013357983e-03
7.223049688391514414e-03
7.223049675559671187e-03
7.223049129162561338e-03
7.223049705636173240e-03
7.223049705636172373e-03
7.223048549915023382e-03
7.223048549915025984e-03
7.223048549915021647e-03
7.223047574039426905e-03
7.223049723618165004e-03
7.223047970881458363e-03
7.223042997602320027e-03
7.223046352432116804e-03
7.223045663468187494e-03
7.223045691241665456e-03
7.223045441589862753e-03
7.223045765365883504e-03
7.223045323133978762e-03
7.223045002224807998e-03
7.223045435521394976e-03
7.223041626813107852e-03
7.223043127288884466e-03
7.223042026130520321e-03
7.223045044040032024e-03
7.223044726695631267e-03
7.223045322461356214e-03
7.223046772628306279e-03
7.223045263638525060e-03
7.223043667635760216e-03
7.223046495091068296e-03
7.223045036155543823e-03
7.223044957742814388e-03
7.223046596100428894e-03
7.223044828452672428e-03
7.223045110373843732e-03
7.223065713108888647e-03
7.223065304706964389e-03
7.223065304706963521e-03
7.223065310566569724e-03
7.223065528717566124e-03
7.223065532954134685e-03
7.223065461158206975e-03
7.223065381444022069e-03
7.223065598434938624e-03
7.223064892728116651e-03
7.223065191778691753e-03
7.223066157701707804e-03
7.223066297151844138e-03
7.223065104619364254e-03
7.223064527663970204e-03
7.223064007441913799e-03
7.223064873365093314e-03
7.223065416895711396e-03
7.223065599669740815e-03
7.223065663572164098e-03
7.223064958581376128e-03
7.223065426034480131e-03
7.223065120397268411e-03
7.223065120397271013e-03
7.223065175541716447e-03
7.223065552282945806e-03
7.223064467946346996e-03
7.223065682639408409e-03
7.223065710153186124e-03
7.223064702603858300e-03
7.223064769177288229e-03
7.223066047363565535e-03
7.223064037727716311e-03
7.223063341048726639e-03
7.223063718397524681e-03
7.223063904531967609e-03
7.223063564162900477e-03
7.223064391811306884e-03
7.223063524519047172e-03
7.223063620968131135e-03
7.223063948503739146e-03
7.223064436325117056e-03
7.223064815217021886e-03
7.223064823775595875e-03
7.223063893075128659e-03
7.223064167834483684e-03
7.223064719382102893e-03
7.223064682415335572e-03
7.223063630647463991e-03
7.223063492574328601e-03
7.223063448481049226e-03
7.223064509098397513e-03
7.223064663174333551e-03
7.223064209044697745e-03
7.223064436327602048e-03
7.223064436327602048e-03
7.223065156237125535e-03
7.223067221875934842e-03
7.223067224549909598e-03
7.223067224549910466e-03
7.223066877045030559e-03
7.223066768859745176e-03
7.223066582954011661e-03
7.223066645526014795e-03
7.223065808995533625e-03
7.223065678621786237e-03
7.223064929409539307e-03
7.223064696518312171e-03
7.223065372242450273e-03
7.223065568448520761e-03
7.223064977715084635e-03
7.223065399195662505e-03
7.223065711858167766e-03
7.223065417127280501e-03
7.223065366518393628e-03
7.223065555148178163e-03
7.223065555148179898e-03
7.223065564590696111e-03
7.223065380692270110e-03
7.223064400087283142e-03
7.223064162190261615e-03
7.223064921579515352e-03
7.223064915641342655e-03
7.223065156292576838e-03
7.223065687006013577e-03
7.223065389834704315e-03
7.223067306283527736e-03
7.223067247500828542e-03
7.223067364624096223e-03
7.223067316207061085e-03
7.223066934098546117e-03
7.223066538606637797e-03
7.223065937806577054e-03
7.223065952119221873e-03
7.223066204654721330e-03
7.223066204654723065e-03
7.223066211415500766e-03
7.223066792227082755e-03
7.223066890669226948e-03
7.223066589393789191e-03
7.223066589393790926e-03
7.223066457002829885e-03
7.223066631407478594e-03
7.223066509542586285e-03
7.223066286255196838e-03
7.223066460023930616e-03
7.223066506147371620e-03
7.223066851433068356e-03
7.223067168547785653e-03
7.223067038591914069e-03
7.223066939767102887e-03
7.223067237678386203e-03
7.223067179608243758e-03
7.223067179157947708e-03
7.223067252894341435e-03
7.223067879506299069e-03
7.223067945585003209e-03
7.223068001019184760e-03
7.223066458018435020e-03
7.223065946806082188e-03
7.223066011831385039e-03
7.223065696720988929e-03
7.223065970677353467e-03
7.223065767679693987e-03
7.223065767679693987e-03
7.223066000310479282e-03
7.223066299147109202e-03
7.223065996677455712e-03
7.223066141325326650e-03
7.223066301016847941e-03
7.223066453407672727e-03
7.223066131219082683e-03
7.223066123428915734e-03
7.223066169217375564e-03
7.223066940789123896e-03
7.223066865790024084e-03
7.223066688471476218e-03
7.223066229450320064e-03
7.223066293621000986e-03
7.223066567055401975e-03
7.223067100379297438e-03
7.223066974497549704e-03
7.223066974497547969e-03
7.223066974497548837e-03
7.223067044089602311e-03
7.223066969135295660e-03
7.223066552987533577e-03
7.223066432101341028e-03
7.223066529133940865e-03
7.223066544340141747e-03
7.223066534923319390e-03
7.223066674534141425e-03
7.223066704293405922e-03
7.223066501065613688e-03
7.223066742543565039e-03
7.223066859153314673e-03
7.223066598094591423e-03
7.223066958551557781e-03
7.223066791135017081e-03
7.223066894447270798e-03
7.223066783021016291e-03
7.223066517545431199e-03
7.223066874725139752e-03
7.223066814673237065e-03
7.223066814673239668e-03
7.223067028577516771e-03
7.223066715232640683e-03
7.223067107960591537e-03
7.223067018352439909e-03
7.223067018352438175e-03
7.223067446787348120e-03
7.223067242682467554e-03
7.223067343730718917e-03
7.223067292282001235e-03
7.223067611817734178e-03
7.223067625558097192e-03
7.223067649523795541e-03
7.223067528526081957e-03
7.223067406543686418e-03
7.223067406543685551e-03
7.223067406543682949e-03
7.223067478853326465e-03
7.223067478853325597e-03
7.223067478853326465e-03
7.223067455268749465e-03
7.223067407736530852e-03
7.223067394517484335e-03
7.223067508136189925e-03
7.223067526956128588e-03
7.223067538039677597e-03
7.223067581184540280e-03
7.223067471625536917e-03
7.223067433170151340e-03
7.223064331246871472e-03
7.223064162171549153e-03
7.223064441300771493e-03
7.223064733668757217e-03
7.223064790012365816e-03
7.223064447173999612e-03
7.223064192498710942e-03
7.223065351374082475e-03
7.223065016971180405e-03
7.223065113343097796e-03
7.223064880823718177e-03
7.223064281397365005e-03
7.223064382382694479e-03
7.223064702330094650e-03
7.223064659649018962e-03
7.223063707078376805e-03
7.223063970301249991e-03
7.223064095199895236e-03
7.223063962704790071e-03
7.223065091956937592e-03
7.223064872152074045e-03
7.223065313991304179e-03
7.223064543007100616e-03
7.223062644067169968e-03
7.223062921040490983e-03
7.223064377780321309e-03
7.223064631126359034e-03
7.223064629893697491e-03
7.223065143388155383e-03
7.223064682255231003e-03
7.223065528652038679e-03
7.223063546147949834e-03
7.223064367830992621e-03
7.223064608268892246e-03
7.223064886032704197e-03
7.223064996501669770e-03
7.223065019118902509e-03
7.223064952564533722e-03
7.223064952564534590e-03
7.223064757493813728e-03
7.223064787101390535e-03
7.223062229342007770e-03
7.223062638786287466e-03
7.223062022888505906e-03
7.223062560555418635e-03
7.223062302155190337e-03
7.223062830526314967e-03
7.223064160022202480e-03
7.223053679608417398e-03
7.223048594441480556e-03
7.223049650433117572e-03
7.223054176485846356e-03
7.223052178784331728e-03
7.223051437276869526e-03
7.223048784478951559e-03
7.223054630673346466e-03
7.223053645068378166e-03
7.223053499121605270e-03
7.223053995548533480e-03
7.223053819527053103e-03
7.223054062933142658e-03
7.223052171796656533e-03
7.223054552993176010e-03
7.223060304468295958e-03
7.223061502240552337e-03
7.223060815597905950e-03
7.223061006760197675e-03
7.223059542956131000e-03
7.223059698004877412e-03
7.223058929611708007e-03
7.223058929611708007e-03
7.223059435690393909e-03
7.223058885229849575e-03
7.223059902199458794e-03
7.223059981011201516e-03
7.223062265701619272e-03
7.223062660846526518e-03
7.223062666556976860e-03
7.223061107167166872e-03
7.223062244625680535e-03
7.223062310936628587e-03
7.223062310936627720e-03
7.223061502400959615e-03
7.223061423041162235e-03
7.223061423041162235e-03
7.223060308508535456e-03
7.223060676238367284e-03
7.223060132665630115e-03
7.223057785023804384e-03
7.223059506878388644e-03
7.223058865172836233e-03
7.223059584544201661e-03
7.223060534450769996e-03
7.223060690418992708e-03
7.223060531979542780e-03
7.223060675423594555e-03
7.223060561992287673e-03
7.223060270766710166e-03
7.223061365307158026e-03
7.223059198059235235e-03
7.223057619348216551e-03
7.223057619348218286e-03
7.223056620462907015e-03
7.223057117845833527e-03
7.223057007564272734e-03
7.223060531803315691e-03
7.223059234151786058e-03
7.223058398045649475e-03
7.223057738216691510e-03
7.223058584797745034e-03
7.223056377105778296e-03
7.223056377105776561e-03
7.223058745030321373e-03
7.223058822804425370e-03
7.223058822804424503e-03
7.223060464010063776e-03
7.223060942699648275e-03
7.223061224219733296e-03
7.223061334794884762e-03
7.223061450888369414e-03
7.223062025635087514e-03
7.223062145912451104e-03
7.223061877738466349e-03
7.223061931754380487e-03
7.223062445110415251e-03
7.223061923046086852e-03
7.223062157717662427e-03
7.223062645765560529e-03
7.223062821996650146e-03
7.223061060463536326e-03
7.223059997773883904e-03
7.223063207549646793e-03
7.223063401127671930e-03
7.223064079548633699e-03
7.223063733491076090e-03
7.223063769827720720e-03
7.223063769827722455e-03
7.223061902359999460e-03
7.223063371901336169e-03
7.223064116405285978e-03
7.223063864438918069e-03
7.223063436067842479e-03
7.223063201708391362e-03
7.223060929962011809e-03
7.223060378694563452e-03
7.223061303775759126e-03
7.223061471141531409e-03
7.223061211898935269e-03
7.223061211898938738e-03
7.223063199965444429e-03
7.223063186159841935e-03
7.223062659359682017e-03
7.223061079109941059e-03
7.223061092706145082e-03
7.223060900637574833e-03
7.223060900637573965e-03
7.223060895828634261e-03
7.223060882590380885e-03
7.223064209511278512e-03
7.223064005497725933e-03
7.223064081530477208e-03
7.223062726402934910e-03
7.223062510589881718e-03
7.223063961903018228e-03
7.223063906594563363e-03
7.223063472710419472e-03
7.223063396945945784e-03
7.223064088787562766e-03
7.223064357945960592e-03
7.223064590494532138e-03
7.223064579568182902e-03
7.223046811841275956e-03
7.223058498394777788e-03
7.223059710922487102e-03
7.223059710922487969e-03
7.223061016616317935e-03
7.223061826264334101e-03
7.223061543553165390e-03
7.223061667884288911e-03
7.223060567607197252e-03
7.223060368551550287e-03
7.223058206285241575e-03
7.223058561400389800e-03
7.223060029613872016e-03
7.223060119087828905e-03
7.223059686147821276e-03
7.223060012272805065e-03
7.223058787582509709e-03
7.223058222143052300e-03
7.223058256151258273e-03
7.223057771506361142e-03
7.223058253316735726e-03
7.223062079450884819e-03
7.223061858539045650e-03
7.223062376854699068e-03
7.223062174846074830e-03
7.223061665991722946e-03
7.223057853836945333e-03
7.223057853836946200e-03
7.223057571320952094e-03
7.223051442735322659e-03
7.223051442735322659e-03
7.223056445290334387e-03
7.223055351428605761e-03
7.223055455203289919e-03
7.223055132643577472e-03
7.223055161954852234e-03
7.223056385930490958e-03
7.223057888045184873e-03
7.223057564063421580e-03
7.223058312695642899e-03
7.223058165916127274e-03
7.223057398728808393e-03
7.223061064463209315e-03
7.223061531272586058e-03
7.223060961464252729e-03
7.223060622968818789e-03
7.223060952038951911e-03
7.223060320464849866e-03
7.223060320464849866e-03
7.223059595921042103e-03
7.223063435513518531e-03
7.223060432291083903e-03
7.223060444017365307e-03
7.223063592489706655e-03
7.223063012906018321e-03
7.223063383566442550e-03
7.223063362551373524e-03
7.223063048382591389e-03
7.223063204121796775e-03
7.223063162192497333e-03
7.223062646880627768e-03
7.223063119600467603e-03
7.223063119600466736e-03
7.223063619710846060e-03
7.223063153407344172e-03
7.223062128169575359e-03
7.223061916472016571e-03
7.223061993296391557e-03
7.223061780606054860e-03
7.223062179893328244e-03
7.223062339773479029e-03
7.223061969771186336e-03
7.223060654994454405e-03
7.223060559457998922e-03
7.223060507754357554e-03
7.223060172347125184e-03
7.223054154413215307e-03
7.223055581388019251e-03
7.223055938263431286e-03
7.223054802153735382e-03
7.223054790720002949e-03
7.223056862703478367e-03
7.223061791997650860e-03
7.223062187630457757e-03
7.223062231214604466e-03
7.223061974055706123e-03
7.223062085140317251e-03
7.223061811425421017e-03
7.223061796596179883e-03
7.223062775456949233e-03
7.223057912121563784e-03
7.223057821674223195e-03
7.223058190940421543e-03
7.223058540777231237e-03
7.223057797128202596e-03
7.223059054269521592e-03
7.223060045222621552e-03
7.223054006779963329e-03
7.223054427473776448e-03
7.223053706425349753e-03
7.223054430716391826e-03
7.223054430716393561e-03
7.223053236723809938e-03
7.223052747017598592e-03
7.223053223242656244e-03
7.223054176010832231e-03
7.223053022202445723e-03
7.223054964643352630e-03
7.223056642439541937e-03
7.223054607683205425e-03
7.223052856148268371e-03
7.223052821247541964e-03
7.223054601241229132e-03
7.223058388148198561e-03
7.223058838660484024e-03
7.223059787492567239e-03
7.223059101804631989e-03
7.223059428191593717e-03
7.223059428191593717e-03
7.223059758181552686e-03
7.223058812833296413e-03
7.223058977728625575e-03
7.223058671991695878e-03
7.223052620838898291e-03
7.223052137251491193e-03
7.223052161150406159e-03
7.223052138798711878e-03
7.223051966113877564e-03
7.223051150064383960e-03
7.223052696477670447e-03
7.223058286453575352e-03
7.223054859554664878e-03
7.223054859554665745e-03
7.223054211366665076e-03
7.223054471425688870e-03
7.223053880134742109e-03
7.223055340807222648e-03
7.223053372676644865e-03
7.223053330193403981e-03
7.223053215056741624e-03
7.223054717335584615e-03
7.223054715188996153e-03
7.223050933647028569e-03
7.223057064929381058e-03
7.223057047807551929e-03
7.223057063132210139e-03
7.223057304771612203e-03
7.223056181145604861e-03
7.223056984993593034e-03
7.223057535330023975e-03
7.223057132088701697e-03
7.223056758496772603e-03
7.223055935115595995e-03
7.223054433396373930e-03
7.223054575117073342e-03
7.223054291872563898e-03
7.223057040121163078e-03
7.223057039227558443e-03
7.223053792764311774e-03
7.223054221097686620e-03
7.223053560872608886e-03
7.223052487208637788e-03
7.223051019485531542e-03
7.223050202163463877e-03
7.223049564166057236e-03
7.223058206082546943e-03
7.223057418706700129e-03
7.223057898866759412e-03
7.223057476010048827e-03
7.223058293345805195e-03
7.223043670087638327e-03
7.223039497784016806e-03
7.223042863428991329e-03
7.223042736780083822e-03
7.223042736780083822e-03
7.223044816153776151e-03
7.223044840099829625e-03
7.223044735380281488e-03
7.223046928516740385e-03
7.223044734188207271e-03
7.223052537955917431e-03
7.223054229990446412e-03
7.223053847407078648e-03
7.223053801195210982e-03
7.223052636545612866e-03
7.223051750483094370e-03
7.223051661808093868e-03
7.223052322633802258e-03
7.223052456037394251e-03
7.223051541506413792e-03
7.223051593554515731e-03
7.223050006196041900e-03
7.223049881017916223e-03
7.223040207128865291e-03
7.223058120688136650e-03
7.223057060074614295e-03
7.223058048027582861e-03
7.223058171393286798e-03
7.223058152041239056e-03
7.223058345361754035e-03
7.223057209344042710e-03
7.223056669146436445e-03
7.223060324030881017e-03
7.223060581986441575e-03
7.223060563160301276e-03
7.223060671974619942e-03
7.223059267522279059e-03
7.223059429958935199e-03
7.223059429958934331e-03
7.223058796424664148e-03
7.223054915413944753e-03
7.223055643826548425e-03
7.223057437114830184e-03
7.223055322386386611e-03
7.223055206740475361e-03
7.223058874268080756e-03
7.223058264837025656e-03
7.223048066184691550e-03
7.223047297008492254e-03
7.223046858129621509e-03
7.223047800564885018e-03
7.223045146313146481e-03
7.223045271787806657e-03
7.223042616009290283e-03
7.223042643903510203e-03
7.223051326437348804e-03
7.223052959892921863e-03
7.223052959892921863e-03
7.223054683557775073e-03
7.223052036705457021e-03
7.223052295131984595e-03
7.223052023740154579e-03
7.223051846373447320e-03
7.223057018887396596e-03
7.223057011358350633e-03
7.223055389732223851e-03
7.223053082669558811e-03
7.223040920507880006e-03
7.223033729825146729e-03
7.223035231252689786e-03
7.223039286315564682e-03
7.223039215448035823e-03
7.223039873902763197e-03
7.223039483107254397e-03
7.223043537705501824e-03
7.223035445489839508e-03
7.223035445489842978e-03
7.223037181158770137e-03
7.223036945229414224e-03
7.223023569289103128e-03
7.223022930656116357e-03
7.223022986581849152e-03
7.223022986581850886e-03
7.223021604061362171e-03
7.223023884811776221e-03
7.223023132677885462e-03
7.223039367739817439e-03
7.223035541722241763e-03
7.223037322765213722e-03
7.223038172046650565e-03
7.223037933714584677e-03
7.223036710452255572e-03
7.223037646946650625e-03
7.223028874882079370e-03
7.223028195820296003e-03
7.223031034618700684e-03
7.223030999579513854e-03
7.223038896376647588e-03
7.223038959641061262e-03
7.223033264362762815e-03
7.223042462123322946e-03
7.223039421510142437e-03
7.223043295631300861e-03
7.223040990002488858e-03
7.223041040527803693e-03
7.223042053180225679e-03
7.223029583150531070e-03
7.223026922969704583e-03
7.223026934770809815e-03
7.223027353040923672e-03
7.223030499689734110e-03
7.223030279366990554e-03
7.223028854049846730e-03
7.223023030138585494e-03
7.223016074652950126e-03
7.223011136783630964e-03
7.223011136783632699e-03
7.223016030459563329e-03
7.223014471490462815e-03
7.223013947879843542e-03
7.223010371448374857e-03
7.223011349635479958e-03
7.223010121706859195e-03
7.223010114640572403e-03
7.223008867056750562e-03
7.223011432459600784e-03
7.223023345960888700e-03
7.223025637733218769e-03
7.223025403449579405e-03
7.223024958021938453e-03
7.223036033698599853e-03
7.223036071190350009e-03
7.223033546422236682e-03
7.223033830249109277e-03
7.223038756062799375e-03
7.223032145500091900e-03
7.223032145500093634e-03
7.223031928404876831e-03
7.223031928404875096e-03
7.223031727466863207e-03
7.223029946677513892e-03
7.223024967504800865e-03
7.223026080753889265e-03
7.223018407531692740e-03
7.223020481493204817e-03
7.223018429127180291e-03
7.223019175147998329e-03
7.223018134573294668e-03
7.223019702240745382e-03
7.223017491986795033e-03
7.223017535088662594e-03
7.223019990028418415e-03
7.223020535278307924e-03
7.223019914594938640e-03
7.223022052512208073e-03
7.223033820608132892e-03
7.223025276761467148e-03
7.223026950694870496e-03
7.223025983498447718e-03
7.223023606689990203e-03
7.223028612358193927e-03
7.223026441001435469e-03
7.223030893579892447e-03
7.223020055015111525e-03
7.223019094931602303e-03
7.223027029609305379e-03
7.223026140365500052e-03
7.223028922143256113e-03
7.223027681667312794e-03
7.223023741574073273e-03
7.223022334485694300e-03
7.223023141887936587e-03
7.223021928997832262e-03
7.223023070058219933e-03
7.223026957636271075e-03
7.223025133246259617e-03
7.223025717774765077e-03
7.223025772610055899e-03
7.223028603912293698e-03
7.223026851972356825e-03
7.223030275748340903e-03
7.223034088394874458e-03
7.223034088394876193e-03
7.223034960511069691e-03
7.223034086635593369e-03
7.223043063223369420e-03
7.223038546010786265e-03
7.223032734003900085e-03
7.223032248289272712e-03
7.223023982351178124e-03
7.223024591191084566e-03
7.223022897031818566e-03
7.223026900087902227e-03
7.223031479545811463e-03
7.223031479545811463e-03
7.223033295946203539e-03
7.223033480743743656e-03
7.223025845548717953e-03
7.223006556632298111e-03
7.223031551594454557e-03
7.223028622013020345e-03
7.223032209908069982e-03
7.223027360616218230e-03
7.223028512456233959e-03
7.223034902265223177e-03
7.223031710820736022e-03
7.223034627269965709e-03
7.223039843992587299e-03
7.223040396752770410e-03
7.223040938476301027e-03
7.223041628711771370e-03
7.223040002059741282e-03
7.223040092541355671e-03
7.223040262313147782e-03
7.223040262313149516e-03
7.223035811692920388e-03
7.223037797909576813e-03
7.223034367018310413e-03
7.223039442149434795e-03
7.223039442149434795e-03
7.223040304521795817e-03
7.223040279639902396e-03
7.223032648248877211e-03
7.223033287906721264e-03
7.223032648248880680e-03
7.223026088338115915e-03
7.223010649424804058e-03
7.223014388129495381e-03
7.223017529232142464e-03
7.223017778288567253e-03
7.223027705491354492e-03
7.223029724923368464e-03
7.223027157629586387e-03
7.223063982261868250e-03
7.223064215845509395e-03
7.223064035827772567e-03
7.223064113129687436e-03
7.223064027595399450e-03
7.223062050173606301e-03
7.223062406185172014e-03
7.223062390900250249e-03
7.223060759893563769e-03
7.223060640505691785e-03
7.223060875625842564e-03
7.223060875625844299e-03
7.223061809038343502e-03
7.223061329518830863e-03
7.223061106397764969e-03
7.223061402582968069e-03
7.223060450367924275e-03
7.223061876235452490e-03
7.223062367358171372e-03
7.223063039861131809e-03
7.223059466448309221e-03
7.223060590467059693e-03
7.223060590467062295e-03
7.223060590467059693e-03
7.223062118424522504e-03
7.223062118424521637e-03
7.223060644505026502e-03
7.223059771142544341e-03
7.223059853884418458e-03
7.223060835390324522e-03
7.223059997842454054e-03
7.223058972925526684e-03
7.223059237668696779e-03
7.223059513944519311e-03
7.223060548799379969e-03
7.223060699783317128e-03
7.223060699783318862e-03
7.223061611369096212e-03
7.223060809260584657e-03
7.223060999112670966e-03
7.223060999112670098e-03
7.223061319165814675e-03
7.223083979408249748e-03
7.223084745066535653e-03
7.223036937657046144e-03
7.222985262904598608e-03
7.222981216023318871e-03
7.222977489568483192e-03
7.222977489568483192e-03
7.222979058118303604e-03
7.222984112026461026e-03
7.222976999788552170e-03
7.222982523680129829e-03
7.222995041462824777e-03
7.222983005538256146e-03
7.222978561742866323e-03
7.223009492947122211e-03
7.222970710502137591e-03
7.222970176099929342e-03
7.222970176099928474e-03
7.222961490646000356e-03
7.222976883764406150e-03
7.222970560735570388e-03
7.222969936867507275e-03
7.222969936867509010e-03
7.223009572090859781e-03
7.223010399289728212e-03
7.222976483357177076e-03
7.222965779143552222e-03
7.222957180526530692e-03
7.222975685691216882e-03
7.222957785025962106e-03
7.222966935280242945e-03
7.222961548440027732e-03
7.222957829197236383e-03
7.222977332099505231e-03
7.222971780801144132e-03
7.222983827897324141e-03
7.222971746139666450e-03
7.222979108018861248e-03
7.222975702703849504e-03
7.222974527823853262e-03
7.222949041275597733e-03
7.222947957184776280e-03
7.222984124846420530e-03
7.222978996802951503e-03
7.223020518801108111e-03
7.222976464194761498e-03
7.222968007978655680e-03
7.222975964536542184e-03
7.222985321194263370e-03
7.222985304633783819e-03
7.223005725834888945e-03
7.223004896835382750e-03
7.223008296860803680e-03
7.223008304797135827e-03
7.223016764041487701e-03
7.222998099302528445e-03
7.223007939377306882e-03
7.222974929962326825e-03
7.222987108668295006e-03
7.222990353968832856e-03
7.222986770645746686e-03
7.222967021742097114e-03
7.222956023778543365e-03
7.222960239519312861e-03
7.222990046692879910e-03
7.222985443664443200e-03
7.222985443664444068e-03
7.222975688497475580e-03
7.223003445407148206e-03
7.222998623458629780e-03
7.222978330993223839e-03
7.222983276912000802e-03
7.222944927810411204e-03
7.222948420801578347e-03
7.222952562363276971e-03
7.222956520752048248e-03
7.222956317639209201e-03
7.222936325664637731e-03
7.222944758114831568e-03
7.222946474965867038e-03
7.222950825764332464e-03
7.222935829591989494e-03
7.222941229347140321e-03
7.222942143521631636e-03
7.222942143521632503e-03
7.222951059725924751e-03
7.222972335959052491e-03
7.222970614074709916e-03
7.222970614074710784e-03
7.222974543977161987e-03
7.222978089367237259e-03
7.222943816159849671e-03
7.222939071803858267e-03
7.222950435678849451e-03
7.222931584461763851e-03
7.222940051247710679e-03
7.222938275923793290e-03
7.222944481434213915e-03
7.222947686327706868e-03
7.222947393100353011e-03
7.222943696177586831e-03
7.222949292895805042e-03
7.222953863765212840e-03
7.222940449011620162e-03
7.222957258171285901e-03
7.222952953920788212e-03
7.222985964956316583e-03
7.222991280928930079e-03
7.222988873494400573e-03
7.222991468065535769e-03
7.222990566090097854e-03
7.222990548181303615e-03
7.222988064178607372e-03
7.222987097920076718e-03
7.222967626192129675e-03
7.222786550654437115e-03
7.222786584224026064e-03
7.222786783327069145e-03
7.222786224818537187e-03
7.222817907583750641e-03
7.222818197819649323e-03
7.222818183954035805e-03
7.222817971984034358e-03
7.222818231099575881e-03
7.222818249162726682e-03
7.222816612927569768e-03
7.222815861107195583e-03
7.222815866601704077e-03
7.222801666151242722e-03
7.222800675687039013e-03
7.222800526184921729e-03
7.222811167088662339e-03
7.222808288994207737e-03
7.222812813860310203e-03
7.222803828822339615e-03
7.222809477341904892e-03
7.222809298847114763e-03
7.222808906662753388e-03
7.222816121878705004e-03
7.222791136152414970e-03
7.222784826637749026e-03
7.222789402720430213e-03
7.222789402720428478e-03
7.222780153276678501e-03
7.222796807888661429e-03
7.222795401566117768e-03
7.222794915825249233e-03
7.222794915825249233e-03
7.222797090057221647e-03
7.222761646942590062e-03
7.222748959709724206e-03
7.222752625440110111e-03
7.222758085794065558e-03
7.222742114204364593e-03
7.222754353010812922e-03
7.222754377012216218e-03
7.222752313409931506e-03
7.222757443126494488e-03
7.222752774458323678e-03
7.222787130434756356e-03
7.222796802563133216e-03
7.222791343125327737e-03
7.222800834922433848e-03
7.222800018849930871e-03
7.222792804495832379e-03
7.222792804495833247e-03
7.222792804495833247e-03
7.222794890608517752e-03
7.222792338768047916e-03
7.222800545045462463e-03
7.222800421236083047e-03
7.222797551664006561e-03
7.222805965770418175e-03
7.222807244029471468e-03
7.222790266595777338e-03
7.222797390237390563e-03
7.222796531637847538e-03
7.222786069694672913e-03
7.222789514649808305e-03
7.222781497712989045e-03
7.222779454789700175e-03
7.222790571182836905e-03
7.222788179677614752e-03
7.222788816970983870e-03
7.222793545332235020e-03
7.222791398162924613e-03
7.222794255375464094e-03
7.222798527624344281e-03
7.222794424185904547e-03
7.222793292776173019e-03
7.222791193507020410e-03
7.222791193507021278e-03
7.222794665928702201e-03
7.222796446246516379e-03
7.222796279240962895e-03
7.222796977515912042e-03
7.222782315163933653e-03
7.222790829544922103e-03
7.222781173436510112e-03
7.222781968488997499e-03
7.222801108636321341e-03
7.222795943803031124e-03
7.222758463462782171e-03
7.222766213850417664e-03
7.222769680176822395e-03
7.222772177204950066e-03
7.222763814894569458e-03
7.222768837561227909e-03
7.222764318361425337e-03
7.222763977719597224e-03
7.222764953066393608e-03
7.222768613698136650e-03
7.222751098743279523e-03
7.222761320693897071e-03
7.222761320693897071e-03
7.222758904520733617e-03
7.222761731553228870e-03
7.222761858200005269e-03
7.222753503554467380e-03
7.222753503554469982e-03
7.222773467601100242e-03
7.222775903874889721e-03
7.222771067891320396e-03
7.222759374086580759e-03
7.222809459432807944e-03
7.222809459432807944e-03
7.222807640099392253e-03
7.222802888952845751e-03
7.222800809720422363e-03
7.222802736292888159e-03
7.222804744887675182e-03
7.222801970505874497e-03
7.222797512211637239e-03
7.222797668782507223e-03
7.222799201840247006e-03
7.222800202057312428e-03
7.222801689658297532e-03
7.222804073721325255e-03
7.222800427027720183e-03
7.222797178559345679e-03
7.222806543163640819e-03
7.222805639421248265e-03
7.222804294787423841e-03
7.222794604530210875e-03
7.222842175980908816e-03
7.222842138311653080e-03
7.222841570356798926e-03
7.222843318255846648e-03
7.222842088807161429e-03
7.222841070364837031e-03
7.222843618668958569e-03
7.222843618668957702e-03
7.222839469300548938e-03
7.222839469300548938e-03
7.222838349810741659e-03
7.222833549680162182e-03
7.222833590677047756e-03
7.222838132657372588e-03
7.222838132657375190e-03
7.222838353360281662e-03
7.222838132657373456e-03
7.222838307584707358e-03
7.222831713171732476e-03
7.222832257643134468e-03
7.222830160960002667e-03
7.222830900390612291e-03
7.222831807114456736e-03
7.222832510340055148e-03
7.222830318622753577e-03
7.222835173114624564e-03
7.222834348295226886e-03
7.222834899933998007e-03
7.222833641859513140e-03
7.222834660052428538e-03
7.222833373962575867e-03
7.222833575618529955e-03
7.222837448599699235e-03
7.222836450145925583e-03
7.222836966273284316e-03
7.222837259453041697e-03
7.222836076045513476e-03
7.222836104897964286e-03
7.222836277711679881e-03
7.222829693979408716e-03
7.222831522366373984e-03
7.222831783286001034e-03
7.222830408462076190e-03
7.222830238042907830e-03
7.222805553691904502e-03
7.222822354873050486e-03
7.222824232243391269e-03
7.222826889704424616e-03
7.222825113368060157e-03
7.222821134569033796e-03
7.222822871160641291e-03
7.222823706060256012e-03
7.222819953740133858e-03
7.222845194301360898e-03
7.222840928635874264e-03
7.222840179188844655e-03
7.222832608778802753e-03
7.222831738881362214e-03
7.222833303857353025e-03
7.222837177881934190e-03
7.222823946053044675e-03
7.222825020180032550e-03
7.222828165518324454e-03
7.222823031827821372e-03
7.222833349734880497e-03
7.222831671390010297e-03
7.222833407826568207e-03
7.222830890861062399e-03
7.222834111795349912e-03
7.222829657271816022e-03
7.222830867573676490e-03
7.222828285467719489e-03
7.222819150341077375e-03
7.222826057094347378e-03
7.222822251782836170e-03
7.222829715935729158e-03
7.222823491444580087e-03
7.222822729902707121e-03
7.222836223084007704e-03
7.222833288219364725e-03
7.222843091707449419e-03
7.222844315884357699e-03
7.222846214233877814e-03
7.222845703853230347e-03
7.222845585660929782e-03
7.222842747457209125e-03
7.222843190517854589e-03
7.222842297708569753e-03
7.222843521794103210e-03
7.222843012602067451e-03
7.222843731361565552e-03
7.222842619969499500e-03
7.222846360139622765e-03
7.222847057743052648e-03
7.222846661066940552e-03
7.222839799475737343e-03
7.222842769469305264e-03
7.222842466978353707e-03
7.222841179731699819e-03
7.222839645557322004e-03
7.222845272311735967e-03
7.222840226665225988e-03
7.222842106546338743e-03
7.222842653238547607e-03
7.222839801311164987e-03
7.222839801311164119e-03
7.222843120567226834e-03
7.222841068486429879e-03
7.222845005449172670e-03
7.222845012011160602e-03
7.222839791443960711e-03
7.222838548321163302e-03
7.222840648722494462e-03
7.222836570740389685e-03
7.222836576264836037e-03
7.222835426021691381e-03
7.222842899602640795e-03
7.222842154490137848e-03
7.222821691178058293e-03
7.222822159292604551e-03
7.222836420005472081e-03
7.222837119606436047e-03
7.222835563100773841e-03
7.222838207769854794e-03
7.222837020184894735e-03
7.222838283865412601e-03
7.222837382802871180e-03
7.222833623503995513e-03
7.222833691071232909e-03
7.222831428459850801e-03
7.222830380162539865e-03
7.222839364307553738e-03
7.222839765295815430e-03
7.222840956789627898e-03
7.222840956789626163e-03
7.222840875102427491e-03
7.222837317222360540e-03
7.222842685008949888e-03
7.222842685008949888e-03
7.222842685008949888e-03
7.222842631060261490e-03
7.222843833023555142e-03
7.222843573835349522e-03
7.222841703183377655e-03
7.222836755775852331e-03
7.222815715238988313e-03
7.222816398069717772e-03
7.222817752493374335e-03
7.222819871760068761e-03
7.222822322328265043e-03
7.222832440453658132e-03
7.222831311298350682e-03
7.222832089758868084e-03
7.222831867030775170e-03
7.222831277195708964e-03
7.222827556398117056e-03
7.222831199377986212e-03
7.222831752839153734e-03
7.222831752839151999e-03
7.222831897537002922e-03
7.222830695772422711e-03
7.222830681732662905e-03
7.222829495108792561e-03
7.222831858973816424e-03
7.222826894317520112e-03
7.222824022398905731e-03
7.222822824752668340e-03
7.222819103031745576e-03
7.222822908685047616e-03
7.222821839226646438e-03
7.222820231684672770e-03
7.222821349930918372e-03
7.222822729347671070e-03
7.222817948032960594e-03
7.222817950113558441e-03
7.222819297553088186e-03
7.222812324170659395e-03
7.222806671641545349e-03
7.222806671641541013e-03
7.222817317323023192e-03
7.222813541640747681e-03
7.222819802327170961e-03
7.222817280593703086e-03
7.222824943186392788e-03
7.222825034453184655e-03
7.222825244768514910e-03
7.222830433829630602e-03
7.222829575771358597e-03
7.222825564007729834e-03
7.222829022714305318e-03
7.222828369894173164e-03
7.222829951952326917e-03
7.222829860656836652e-03
7.222829860656835785e-03
7.222824522678360747e-03
7.222824316214792283e-03
7.222724008532279728e-03
7.222731631070967648e-03
7.222735762487269597e-03
7.222769064838796202e-03
7.222767278739465266e-03
7.222764928771656379e-03
7.222779704974340541e-03
7.222775338861149065e-03
7.222779838153795852e-03
7.222768980475696363e-03
7.222768093084112537e-03
7.222770679021365929e-03
7.222762989340529398e-03
7.222762989340528531e-03
7.222763526538728517e-03
7.222759406285856124e-03
7.222759406285855256e-03
7.222765103440117497e-03
7.222768863338043487e-03
7.222776508599311300e-03
7.222777738266403409e-03
7.222800315039234857e-03
7.222793379441370606e-03
7.222793259606779571e-03
7.222791575906794583e-03
7.222785438727688523e-03
7.222792703067363457e-03
7.222792931294539330e-03
7.222787356972829378e-03
7.222787332951388292e-03
7.222796428054329906e-03
7.222799963922808125e-03
7.222801514455530307e-03
7.222796560055221894e-03
7.222794817362199887e-03
7.222789244112629709e-03
7.222795485684512309e-03
7.222800370710017945e-03
7.222795373832949575e-03
7.222795882006725204e-03
7.222793837585798384e-03
7.222791988313559571e-03
7.222789086296955985e-03
7.222783010374237908e-03
7.222783010374235306e-03
7.222796125842262903e-03
7.222799498389618003e-03
7.222797666089357700e-03
7.222797345176321104e-03
7.222793973906049478e-03
7.222789115674882292e-03
7.222788738421398631e-03
7.222790868018539624e-03
7.222791506587718929e-03
7.222801855610089770e-03
7.222803434206988803e-03
7.222803523919058173e-03
7.222671438310157219e-03
7.222687677082904704e-03
7.222679921423771562e-03
7.222692325699259404e-03
7.222694631239733216e-03
7.222687806915367194e-03
7.222677242711800574e-03
7.222713555682504748e-03
7.222712390030269422e-03
7.222717456823049033e-03
7.222710396208006749e-03
7.222710085096773619e-03
7.222713105525703156e-03
7.222699383173701929e-03
7.222702523441878499e-03
7.222699311498229080e-03
7.222699311498228213e-03
7.222689600328583738e-03
7.222687406584666313e-03
7.222691591663793313e-03
7.222687961025895352e-03
7.222684435213538867e-03
7.222752393425881101e-03
7.222756946652925635e-03
7.222748316758991621e-03
7.222743419404895580e-03
7.222751979203029769e-03
7.222755670001559415e-03
7.222752833993746277e-03
7.222742857996150567e-03
7.222739482478709484e-03
7.222758488267777902e-03
7.222745898597815982e-03
7.222740371965376098e-03
7.222734594996981991e-03
7.222737413193978939e-03
7.222744467009600822e-03
7.222744830778845583e-03
7.222744830778845583e-03
7.222739141577234900e-03
7.222743981285546962e-03
7.222751607913761342e-03
7.222740407592452040e-03
7.222735125957827594e-03
7.222735125957828461e-03
7.222735055998393515e-03
7.222731656052286744e-03
7.222778875199086825e-03
7.222788833049872959e-03
7.222775517335328077e-03
7.222774974988959741e-03
7.222776944294201189e-03
7.222767545951221460e-03
7.222778668662502982e-03
7.222777025573104068e-03
7.222768766883282641e-03
7.222771705099184994e-03
7.222764033780444161e-03
7.222766695235575095e-03
7.222763888980077152e-03
7.222785741004112900e-03
7.222762172943713796e-03
7.222762172943712061e-03
7.222765389587935611e-03
7.222712731875634805e-03
7.222716567613063007e-03
7.222740717636982020e-03
7.222735061674044436e-03
7.222763836942886623e-03
7.222757708651842724e-03
7.222767114001143324e-03
7.222756828302374921e-03
7.222765218111524416e-03
7.222762920860010399e-03
7.222765833594153688e-03
7.222756365979946316e-03
7.222756186849472841e-03
7.222762993496913836e-03
7.222743228988269537e-03
7.222749764320531007e-03
7.222747543553426075e-03
7.222738505879216370e-03
7.222750603014764861e-03
7.222753184031420470e-03
7.222753184031418736e-03
7.222764244686571793e-03
7.222762197413774322e-03
7.222774546755440783e-03
7.222774546755439916e-03
7.222769041457233891e-03
7.222778812849171663e-03
7.222778396643949467e-03
7.222795950360834036e-03
7.222790164607333606e-03
7.222785462262492837e-03
7.222789857854223713e-03
7.222789646698592539e-03
7.222789633092272475e-03
7.222789633092273343e-03
7.222791519437905990e-03
7.222790281516558095e-03
7.222783583940122799e-03
7.222793981724167159e-03
7.222771701287934200e-03
7.222776991741762694e-03
7.222774468344619545e-03
7.222774696242656792e-03
7.222775947294392956e-03
7.222776534003255873e-03
7.222773036169939480e-03
7.222775429973932182e-03
7.222775316408389795e-03
7.222765998880542430e-03
7.222757084111274158e-03
7.222757546178995916e-03
7.222761646213326191e-03
7.222762988594476873e-03
7.222749302588851207e-03
7.222733151164784093e-03
7.222729629899307842e-03
7.222732588964632210e-03
7.222738200763583090e-03
7.222743950039864705e-03
7.222748407940244274e-03
7.222733643605900623e-03
7.222729603964005325e-03
7.222790143981672704e-03
7.222790143981671837e-03
7.222786044949184268e-03
7.222794870292145904e-03
7.222792963553545560e-03
7.222791037000403716e-03
7.222790539308672139e-03
7.222790909892641033e-03
7.222805521311543957e-03
7.222805492033764971e-03
7.222807174038372614e-03
