2.343175596334432214e-03
2.343329603089837516e-03
2.343223351763283613e-03
2.343243326781476940e-03
2.342719501517126924e-03
2.342722414250869925e-03
2.342754125510331138e-03
-3.025418398356638679e-03
-3.028630949186167636e-03
-3.028186017442621551e-03
-3.031715052028713733e-03
-3.032048498166494462e-03
-3.031534284791865229e-03
3.201834113222581674e-03
3.202057032407879238e-03
3.202202807662240820e-03
3.201957855098904945e-03
3.202327351669549856e-03
3.202339364626491554e-03
3.202362882711144026e-03
3.202354893512270387e-03
3.191121788896860920e-03
3.190811391732522283e-03
3.190880609079915949e-03
3.190765747324624414e-03
3.190966932305116729e-03
3.190971589276000303e-03
3.190994007794128572e-03
3.194688908739543465e-03
3.194747418163923578e-03
3.195755903899462867e-03
3.194855418989916030e-03
-2.706051434087345178e-03
-2.706902944025828175e-03
-2.729072468239270195e-03
-2.729762630967299403e-03
-2.730725322676041521e-03
-2.718285072596010338e-03
-2.718315835621369202e-03
-2.718192295314494564e-03
-2.716519071519304506e-03
-1.254172571002246583e-03
-1.254507139229415948e-03
-1.254515291168684316e-03
-1.254951954186279061e-03
-1.254756694768733097e-03
-1.254249540446940271e-03
-1.250496854340001334e-03
-1.611421728746053987e-03
-1.612271723478098367e-03
-4.240597518562339366e-03
-4.251427575680228645e-03
-4.251983516481719350e-03
-4.250881725624969590e-03
-4.250555229157924886e-03
-4.162105672505270366e-03
-4.162025615633606346e-03
-4.161889246260029943e-03
-4.161931604697288560e-03
-4.162277895452227809e-03
-4.162329962466090535e-03
-4.162143425220400650e-03
-4.166982618801632829e-03
-4.167027608440547308e-03
-4.172231102042301028e-03
-4.172024279771164440e-03
-3.015288426883836088e-03
-3.012941849707556369e-03
-2.980454798627035599e-03
-2.980079874503019106e-03
-2.979910892170255319e-03
-2.898957541516365352e-03
-2.898955944876623926e-03
-2.886759836271628361e-03
-2.886807660789576617e-03
-2.886091118366356130e-03
-2.805506227664839383e-03
-2.555282679136301749e-03
-2.556363572998690895e-03
-2.556425712098678825e-03
-1.311703815698519364e-03
-1.476908794735952261e-03
-1.476268987188657841e-03
-1.477144387560114973e-03
5.444958980213810036e-03
5.445445424580495040e-03
5.441625599551017621e-03
5.442603718263764288e-03
5.442499629835453705e-03
5.443244304717391804e-03
5.444378636790196679e-03
5.446235509174887808e-03
5.463845337701551778e-03
5.462594324565252582e-03
5.462613926018159566e-03
5.463640947772375848e-03
5.463603168985057754e-03
5.463590099054000185e-03
5.463780169053791477e-03
5.468252975553060911e-03
5.467858020184751359e-03
5.467902003087535615e-03
5.457511393455283938e-03
5.457711851082923393e-03
5.456916794779395098e-03
5.467657532110369555e-03
5.467654294762975924e-03
5.467596853550125459e-03
5.468028953422092789e-03
5.466355909981498139e-03
5.466465672187609606e-03
5.468010343175431359e-03
5.462159639830726013e-03
5.462655349614686448e-03
5.460408372649910858e-03
5.460392083003717291e-03
5.460384089440057341e-03
5.460356716259276259e-03
5.460359753202272820e-03
5.460475381931631511e-03
5.461009947178182417e-03
5.461078998984182122e-03
5.460806301689435927e-03
5.460881615597835623e-03
5.453926532773812480e-03
1.191739975209669088e-02
1.191475674435177323e-02
-9.543044561175039256e-03
-9.543335261388091739e-03
-9.549589414880609722e-03
-9.463389628022452621e-03
-9.511544068056161649e-03
-2.055716024118293646e-04
-1.898350162867085958e-04
-1.904987170113474760e-04
-1.901324422102619268e-04
-1.885947214752157965e-04
-1.887143679369748155e-04
-1.893164540394804936e-04
-1.893463328685742429e-04
-1.956317786172431198e-04
-1.964207907417924858e-04
-1.955371788898294582e-04
-1.957426522421607505e-04
-1.957146408934455357e-04
-1.959646218091112770e-04
-1.957895499681100936e-04
-2.956983068440431216e-04
-2.846563909732018321e-04
-2.849152528035445425e-04
-2.844570828964088712e-04
-2.861900009861766581e-04
-2.860268323503028197e-04
-2.860613391639864442e-04
-2.948237000010775488e-03
-2.926241674134110946e-03
-2.926439790839690039e-03
-3.053581178481131440e-03
-3.061892241433400701e-03
-3.061538826176405867e-03
-3.059739078305860182e-03
-3.061944490039863759e-03
-3.061972178885426915e-03
-3.062037110244661148e-03
-3.062104767147230244e-03
-2.948185703831342035e-03
-2.947850720715684304e-03
-2.947880719769519105e-03
-2.947977334265938342e-03
-2.947981891144350278e-03
-2.947806710829897411e-03
-2.951233882817943903e-03
-2.949181388324387774e-03
-2.949096631251506805e-03
-2.949871343444621010e-03
-2.950157950322817094e-03
-4.069262764270571882e-03
-4.069318873054231060e-03
-4.066503225896043149e-03
-4.071246790024753669e-03
-4.071574284564763793e-03
-4.065567486473253139e-03
-4.065654891832125653e-03
-4.065492841265322572e-03
-4.065742126996002917e-03
-4.065607558616862564e-03
-4.065796520987151851e-03
-4.064659404795618880e-03
-4.064848135308838165e-03
-4.064312118448772972e-03
-4.065265547131549466e-03
-4.065360908756462076e-03
-4.065277784743151490e-03
-4.065362294380744923e-03
-4.065479776562542016e-03
-4.065373200294212369e-03
-4.065151078449216228e-03
-4.065614268754341211e-03
-4.065544829375762441e-03
-4.065810936022259264e-03
-4.065700722472674784e-03
-4.065870617654817123e-03
-4.065788078125690680e-03
-4.065790338064158814e-03
-4.065241539406917390e-03
-4.065499849960502350e-03
-4.065163810806213078e-03
-4.065632726690238813e-03
-4.065440098679723273e-03
-4.065264093160489596e-03
-4.063061723666723524e-03
-4.063217289560282046e-03
-4.063035569254067059e-03
-4.063168954537466245e-03
-4.063162619920797358e-03
-4.063167873912419334e-03
-4.063182516043825111e-03
-4.063040853494528058e-03
-4.062999604545335097e-03
-4.063059472499084938e-03
-4.063078060291947131e-03
-4.062981649348577744e-03
-3.979657423003398961e-03
-3.979817125189915802e-03
-2.227400466262697762e-03
-2.226886992958530907e-03
-2.227531587734081064e-03
-2.227445153436323315e-03
-2.227430588277939678e-03
-2.227393186625859119e-03
-2.227500542404083766e-03
-2.231846462153469577e-03
-2.231366354030461883e-03
-2.230893048686730280e-03
-1.793179846747920041e-03
-1.793831555037404563e-03
-1.793809721466064133e-03
-1.791468114137482288e-03
-1.792790654228645052e-03
-1.793339494861278171e-03
-1.793824673297634946e-03
-1.793839419513929868e-03
-1.793793790002954670e-03
-1.794182516068492913e-03
-1.794307419223065310e-03
-1.793446909875024906e-03
-3.379173163935511506e-03
-3.379121916576824976e-03
-3.510969587737930442e-03
-3.510598747739135557e-03
-3.510970262001898885e-03
-3.515357880618655024e-03
5.312187970943145661e-03
5.347602656693475551e-03
-2.137260212540417325e-03
-2.136702060472961146e-03
-2.136806026701024413e-03
-2.136762083250664992e-03
-2.136711011371362958e-03
-2.136651528093393062e-03
-2.134842361538383509e-03
-2.135070153068643027e-03
-2.141546203621669687e-03
-2.137815581685163085e-03
-2.137598557331706062e-03
-2.138116788781614045e-03
-2.138474053536905395e-03
-2.138409538957303235e-03
-2.137994789438194335e-03
-2.137806494457000425e-03
-8.373086771918799784e-04
-8.384475223539147653e-04
-8.384153276033427978e-04
-8.379079960881523218e-04
-8.379025018061902032e-04
-8.378491274498860338e-04
-2.163711838001520626e-03
-2.163030885413743439e-03
-2.162942628661965964e-03
-2.146013725973484453e-03
-2.145913683543072565e-03
-2.534957584715676927e-03
-2.534775311960768811e-03
-2.534875576615610530e-03
-2.534822757355391885e-03
-2.534583616297163017e-03
-2.534313218029878717e-03
-2.534728802332513343e-03
-2.534645612317340362e-03
-2.534832313980988228e-03
-2.535131327930771877e-03
-2.535033760013133061e-03
-1.062378261891260521e-03
-1.062282866888309297e-03
-1.062238879886235991e-03
-1.062259486022463888e-03
-1.061541131052504399e-03
-1.060732500327760119e-03
-1.060799338625806505e-03
-1.059913227764262529e-03
-1.062258621164939966e-03
-1.059008359112198049e-03
-1.090020449069966464e-03
-1.089828332148207960e-03
-1.092521829811184120e-03
-1.091299494204022108e-03
-4.553561986926865125e-03
-6.503564415352596807e-04
-6.504260429942819183e-04
-6.504287371844630914e-04
-6.509607863956127062e-04
-6.516770044784820672e-04
-6.544716113430711123e-04
-6.366066599739646486e-04
-6.367364997204084422e-04
-6.367257814889709612e-04
-6.366426626255441501e-04
-6.368038971078169826e-04
-6.368086948896600199e-04
-6.358980870977573672e-04
-6.357796321787484222e-04
-6.368076672840811570e-04
-6.366662369019261691e-04
-6.363281290068875532e-04
-6.365868177263846184e-04
-6.365854729297213766e-04
-6.367178631955533073e-04
-6.359886056636020451e-04
-6.360717472158674028e-04
-6.363777470686449384e-04
-1.482973296038105331e-03
-1.500552316111321413e-03
-1.500678902968019882e-03
-1.500598665640453253e-03
-1.500643535704386522e-03
-1.500765443414091294e-03
-1.500910804043692134e-03
-1.500825240038047934e-03
-1.500995122661544960e-03
-1.500850101978237891e-03
-1.500816643216347675e-03
-1.500816783219731561e-03
-1.500848424270832164e-03
-1.500651421078245604e-03
-1.499473973966618159e-03
-1.499300032749817249e-03
-1.498812743191901223e-03
-1.498998948422041073e-03
-1.498973332781922260e-03
-1.498762760083263094e-03
-1.498587342417774266e-03
-2.029869900190235839e-03
-2.029197164803256057e-03
-2.029271699658189484e-03
-2.029369299877544722e-03
-2.029779260150991679e-03
-2.029831696513751359e-03
-2.029918970990913455e-03
-2.031179011424945769e-03
-2.031350108695275346e-03
-2.031204239808816897e-03
-2.031205933126515196e-03
-2.031162040079572892e-03
-2.030811970500955629e-03
-2.031229047530225262e-03
-3.004734442460832520e-03
-3.005812301383070911e-03
-3.005352302340825749e-03
-3.004788770975754583e-03
-3.008323678395501913e-03
-3.008366989636458884e-03
-3.007831781616851843e-03
4.697110253145636398e-03
4.700984486825307562e-03
4.707158901779504717e-03
4.707849318478969820e-03
4.707317079610924548e-03
4.249077005372020079e-03
4.247844172981709437e-03
4.255868767387435171e-03
4.256554620074217733e-03
4.256337096735634921e-03
4.256298805840709638e-03
4.255553921567229239e-03
4.255403338943224666e-03
4.255464726180845092e-03
4.255381651071261061e-03
4.256174961355239060e-03
4.256160087080478396e-03
-4.779817027418903851e-04
-4.778858193891268578e-04
-4.778436609645890358e-04
-4.777232210708130702e-04
-1.116236154641757350e-03
-1.116145304653845148e-03
-1.116006655041876109e-03
-1.116218669858184747e-03
-1.116175527358302926e-03
-1.119359579265757649e-03
-1.117907542527391083e-03
-1.114731615364069912e-03
-1.114499227304821148e-03
-1.114422645573072109e-03
-1.144010439225604013e-03
-1.143377275177356271e-03
-1.144385221687752507e-03
-1.144456493639949522e-03
-1.144363027087481367e-03
-1.144424242610868466e-03
-1.144402896636104866e-03
-1.144530611156454160e-03
-2.043193145508450347e-03
-2.042523076285450261e-03
-2.042834045458558241e-03
-2.042840464187909225e-03
-2.054224914489641458e-03
-2.054412995323169188e-03
-2.579997526631530157e-03
-2.581806854905860371e-03
-2.581502603932125071e-03
-2.582989682499319158e-03
-2.586052788792210944e-03
-1.743660774415731153e-03
-1.743801640180492937e-03
-1.743745481341409326e-03
-1.743708395191214885e-03
-1.912830059328916692e-03
4.163291233364238043e-03
4.162927469751952908e-03
4.173882928451908524e-03
4.174219823256096820e-03
4.181879277575075229e-03
4.130524962900557033e-03
4.131651663525063092e-03
4.128461714831284379e-03
4.131107961907519964e-03
4.129742171281067936e-03
4.129682247565023140e-03
4.129527693946164445e-03
-5.159119564380274491e-03
-5.158963820586334910e-03
-5.161851580871892539e-03
-5.161743202193138855e-03
-5.161780088279125690e-03
-5.161766094305658692e-03
6.151692317188371976e-04
6.146028591256294787e-04
6.146968495462511346e-04
2.337297141282924495e-03
2.337477540461285665e-03
2.330683596710239440e-03
2.330719407753143509e-03
2.333198395304166006e-03
-6.020303345936893133e-03
-6.094451113182958527e-03
-6.033742490036821809e-03
-6.033274748823791098e-03
-5.227679658618963887e-03
-5.228093501555520703e-03
-5.227565282121390475e-03
-5.227592555256292857e-03
-5.227613844084544326e-03
-4.421730670357957096e-03
-4.421762164994336858e-03
-4.458529141999230221e-03
-4.478384018930289812e-03
-4.478663016036733488e-03
-4.478379195782093876e-03
-4.476346763041615974e-03
-4.477133159154652459e-03
-4.477244092397763935e-03
-4.477386611890652596e-03
-4.476975986340538116e-03
-4.474547058903430470e-03
-3.796045782754714840e-03
-3.795850266461505990e-03
-3.795863200137783965e-03
-3.796159527572156005e-03
-3.753295954880853449e-03
-3.753600166063673395e-03
1.443930215723849978e-03
1.444086998614064728e-03
1.444868403098943524e-03
1.444891121203997373e-03
1.444873179563669870e-03
1.444869032489433554e-03
1.444380912196761586e-03
1.444602373505088962e-03
1.444307318491784738e-03
1.479330652254066568e-03
1.479650933247680846e-03
1.479359412138278769e-03
1.479982967068612385e-03
1.479706072120390943e-03
1.480213050614085594e-03
1.480225841979236276e-03
1.479722134212764538e-03
1.479710327845236819e-03
5.006458540197484056e-03
5.007013589016783527e-03
5.006836909567564248e-03
5.011371306486373314e-03
2.956980791042490304e-03
2.956668729193359310e-03
2.956845055387375722e-03
1.147715177080175543e-02
1.147718212464421926e-02
1.147746331521835514e-02
1.147753571844568887e-02
1.147702211736164810e-02
1.147750059360210829e-02
1.147771565247941196e-02
1.147741874987338005e-02
1.147844839908235791e-02
1.147809209716343405e-02
1.147864470180756137e-02
1.147851919131931062e-02
1.147843775339530380e-02
1.147927917245266348e-02
1.388904273541381219e-02
1.390432302705088899e-02
2.069153843475288537e-03
2.056943768720822120e-03
2.056918050785515144e-03
2.056908723420272991e-03
2.057026141927225608e-03
2.057026089985060629e-03
9.995634036934381050e-05
9.925914278386737744e-05
1.023084470181458578e-04
1.024103829972911392e-04
1.023222624416166297e-04
-3.040070641686631100e-03
-3.041600225850737190e-03
-3.043584624236449210e-03
-3.041993409243140458e-03
-3.042165243992728252e-03
-3.043113915673363156e-03
-3.043214776162448364e-03
-3.044447142511176943e-03
-3.044540642778169326e-03
-3.043604726820841027e-03
-3.043669819653080800e-03
-4.133744977886346511e-03
-4.132618308632969237e-03
-4.133295461427342887e-03
-4.130462400899634345e-03
-4.130358361270086535e-03
-4.123306195640808434e-03
-4.123264244423873251e-03
-4.123170071115766708e-03
-4.123199309847962526e-03
-4.123897255982015599e-03
-4.124101887323687425e-03
3.188670402060603455e-04
3.192310318211030512e-04
3.192094402574612781e-04
-4.266410038139640745e-03
-4.265760759528316494e-03
-4.266160446407507925e-03
-4.266192638506353940e-03
-4.265980776829042011e-03
-4.268729064696799753e-03
-4.268219268566874648e-03
-4.268340000662457744e-03
-7.693629312377350121e-03
-7.693173097372305730e-03
-7.696082276462965291e-03
-7.695522671868610873e-03
-7.695305235381080453e-03
-7.692799749494304458e-03
-7.736327605363342227e-03
-7.737388787233862725e-03
-7.727822290671981786e-03
1.900858394591360082e-03
1.900671540402193958e-03
1.900443314671016598e-03
2.020756845207073889e-03
2.020773273077728846e-03
2.030321152233143054e-03
2.030093575432279692e-03
3.211246721989438353e-03
3.211322162774893785e-03
3.205092627742688223e-03
1.235737259771653614e-03
1.239348245436982729e-03
1.239023055019875495e-03
1.238988004450525347e-03
1.238970982235839801e-03
1.239003682447161522e-03
1.238995807402398742e-03
1.238979430019553898e-03
1.239001006110986708e-03
1.238937126674046754e-03
1.238980060614451378e-03
1.238936944461504607e-03
1.238913160388726295e-03
1.239050166601277266e-03
4.789385825283298955e-05
4.791603768841581727e-05
4.879114518243551901e-05
4.857785792188843728e-05
4.863366588189436273e-05
4.913700401120547841e-05
5.112543544921175937e-05
-4.719868053590275774e-03
-4.720508442860898123e-03
-4.748247026148319332e-03
-4.748184044234461491e-03
-4.748413816663097330e-03
-4.748050848383536353e-03
-4.748393474977033457e-03
-4.748313462193929496e-03
-4.748543028934508470e-03
-4.748496232896399702e-03
-4.748580389447363756e-03
-4.748675106273024180e-03
-4.748545428143164868e-03
-4.748574150607346236e-03
-4.748492821375665390e-03
-4.748150030292287369e-03
-3.245460208722341852e-03
-3.246091651535007363e-03
-3.230430000485879413e-03
-3.230972965572826480e-03
-3.231457811012936575e-03
-3.231484774388758158e-03
-3.264441279864655193e-03
-3.266319151988646228e-03
-3.266897074664621217e-03
-3.266221362630401543e-03
-3.266771034900675143e-03
-3.408719863280905687e-03
-3.408663037943665715e-03
-3.410071966597659314e-03
-3.410213940248271215e-03
-3.410258292117467581e-03
-3.409992175537099324e-03
-3.410027850969496628e-03
-3.410019016127241280e-03
-3.409388328169267544e-03
-3.409259451708770636e-03
-3.409602334685485348e-03
4.892197911092688312e-03
4.892382356281974216e-03
4.892292034869369019e-03
4.892045886957871112e-03
4.891033975346742967e-03
4.891130625562814700e-03
4.891068689490326096e-03
4.890920865141236418e-03
4.891477205032011312e-03
4.891175320395085672e-03
4.891210378880152081e-03
4.891411519551715908e-03
4.891381639073380354e-03
4.891166840073111512e-03
4.891352139779121290e-03
-6.356746589527360446e-04
-6.366973908058658378e-04
-6.685745065067082247e-04
-6.246370475965190008e-04
-6.253219131518579195e-04
-6.253447765453067986e-04
-6.248360066225396806e-04
-6.252089194806754449e-04
-6.398854159916847603e-04
-4.034869068994456696e-04
-4.034137254827868365e-04
-4.024506547444560781e-04
-4.026426135868015782e-04
-1.192644706401262654e-04
-1.197215329690611924e-04
-1.195751004942259435e-04
-2.699313529215868670e-04
-1.345294875120671592e-03
-1.345325334394289682e-03
-1.353050984797849561e-03
8.160193479843070273e-04
-6.102373214849845726e-03
-6.102527334207768182e-03
-6.101190394450528055e-03
-6.098749771449002433e-03
-6.098148189504550357e-03
-1.683496933765958907e-03
-1.683602210268975163e-03
-1.690806516336516721e-03
-1.692016599504365818e-03
-1.691875691084169511e-03
-1.682662752951762271e-03
-1.682873957967566912e-03
-1.682824075505763833e-03
-1.682603929320378644e-03
-1.682499781057747185e-03
-1.682609453927248061e-03
-1.682448449121339094e-03
-1.682151903922464876e-03
-1.693245815997688596e-03
-1.721991273448402349e-03
-1.722561437606015501e-03
-1.722431580260329548e-03
-1.722383688046973853e-03
-1.722340318623890015e-03
-1.722727589804943886e-03
-1.718722387958613370e-03
-5.071907575438074425e-04
-5.074606093908868697e-04
-5.072414679473332983e-04
-5.073573304851187104e-04
-5.072376318762018702e-04
-5.073330767260403459e-04
-5.072915075046081001e-04
-5.073665715170464505e-04
-5.045447140548963740e-04
1.589991013718118022e-03
1.589851035015353662e-03
1.589731830111025535e-03
1.589306187722032112e-03
1.589407832519450442e-03
1.589381383115268847e-03
1.573407861280101900e-03
1.000626953759441119e-03
1.000404377016757967e-03
1.002030366138016281e-03
9.952008429641014207e-04
9.950502795650654694e-04
9.948784005223828761e-04
9.918444022359842929e-04
1.151692714583226742e-03
1.151378687597350362e-03
1.154771169426587743e-03
1.154468846847061083e-03
-4.464205909406653884e-03
-4.464458806429686191e-03
-4.464620671050540529e-03
-4.463982193258726749e-03
-4.465631873637257443e-03
-4.465593987751070512e-03
-4.465452329009077757e-03
-4.465316224578011993e-03
-4.465328669401452850e-03
-4.465382223798692631e-03
-3.411654195195219872e-03
-3.408173222613428578e-03
-3.407603427984574797e-03
-6.498783168238286747e-04
-6.504907033256462998e-04
-6.501927641463868578e-04
-6.479966133988039395e-04
-6.643979856828091928e-04
-6.647460017013705116e-04
-6.663884830561512488e-04
-6.660851805631480549e-04
-6.663830864762340439e-04
-6.659627690905679017e-04
-6.661267181206000521e-04
-6.658576689103745238e-04
-7.492898941807358453e-04
-7.493507808407322149e-04
-7.484270939750885298e-04
-7.488618385876267191e-04
-7.480984774895171018e-04
-1.000872078181583693e-03
-1.000943814479009859e-03
-4.265750065971922814e-03
-4.265357176384546728e-03
-4.264570701661123814e-03
-4.264600926503107209e-03
-4.264546184215733081e-03
-4.252915551344875478e-03
-4.252765125589494898e-03
-4.253140834869975975e-03
-4.253092999183516291e-03
-4.265899282290520900e-03
-4.265748321040254039e-03
-4.265151275645207192e-03
-4.265519049959413077e-03
-4.265139053310082300e-03
-4.265326652619686430e-03
-4.267562437223979162e-03
-4.267610700455549272e-03
1.764323438604026729e-03
1.764212322027646765e-03
-1.484766268728663881e-03
1.568387438269713569e-03
1.448191712902408045e-03
1.448130687150938527e-03
-3.686045699380107853e-03
4.761347619385873295e-04
4.800280606786922334e-04
4.858880271263085445e-04
4.863772197734319517e-04
4.790312118196652031e-04
4.790872138870706548e-04
4.788202953589560155e-04
4.790827084621453180e-04
4.783477169582467923e-04
4.963602396185769856e-04
4.961997190190429920e-04
4.954782069230006950e-04
4.956353127373969809e-04
4.958339822642665552e-04
1.256499925542090782e-03
1.162102755226395454e-03
1.162807541361762136e-03
1.967368650251005106e-03
1.967449569784104468e-03
1.989557911569181554e-03
1.989548686172913465e-03
1.989574701231262323e-03
1.989326174063190972e-03
1.989611050268296107e-03
2.978471341258177429e-03
2.978435384216387202e-03
2.978480726151132209e-03
2.979205712899751779e-03
2.979298053264679575e-03
2.974903897948296110e-03
2.974709012402832527e-03
2.974404458577583395e-03
2.973529000474633716e-03
2.973561195986479215e-03
1.844541619515828934e-03
1.859040263841953882e-03
1.860044828152575529e-03
-7.398757152598792923e-04
-7.391348940196304767e-04
-7.398669107740873810e-04
-7.398354184448303200e-04
-7.367137204612840074e-04
-7.365406617224442469e-04
-7.368350344763538754e-04
-7.388570130440003320e-04
-7.375411338969798530e-04
-7.377936143630631780e-04
-7.374880457291514875e-04
-7.378512993127491534e-04
-7.377351001333382497e-04
-7.377388900073452100e-04
-7.291768527408459257e-04
-7.292213404236862597e-04
-7.290985314310821554e-04
-1.772013396375281269e-02
-1.772022926042257293e-02
-1.772007634870433404e-02
-1.772024714987239374e-02
-1.772026563726561768e-02
-1.772073561270163036e-02
-1.772108789700376635e-02
-1.772062704243958578e-02
-1.772085302257388889e-02
-1.771706178339030671e-02
-1.771722750198019905e-02
-1.771357408138984207e-02
-1.771866447853015850e-02
-1.771825815597998302e-02
-1.771530369734135302e-02
-1.771562476646392978e-02
-1.772075905068432045e-02
-1.772005642037140921e-02
-1.772064541613505712e-02
-1.772032309470497266e-02
-1.772027444174059316e-02
-1.772037457801912269e-02
-1.771456062874392917e-02
-9.636295272789236963e-03
-9.636307126026503675e-03
-9.637204227462576461e-03
-9.637810280119930850e-03
-9.636405633322273762e-03
4.371530274046996241e-03
4.371691250139769606e-03
4.371670255395528754e-03
5.083111770170265636e-03
5.907387991763293073e-03
5.905472860937704960e-03
5.911567453725870627e-03
5.911243637364762583e-03
5.899706545222243442e-03
-6.557096992732454072e-04
-6.559407497950687366e-04
-6.563502394324159401e-04
-6.550842939235115110e-04
-4.140607214119072657e-04
1.839003175592162200e-03
2.251595753661741691e-04
2.251445836517639476e-04
2.249460949152924064e-04
2.248855348083003464e-04
2.249870982005010951e-04
-3.144339315393155070e-03
-3.144791797135878218e-03
-1.668464790390965713e-03
-1.668391987101739511e-03
-1.667943674973971320e-03
-1.668217377795829393e-03
-1.668244100858459972e-03
-1.668096247604086745e-03
-1.669142369152465952e-03
-1.669115132019966669e-03
-1.669131252068086152e-03
-1.669233738090426886e-03
-1.669213880643458017e-03
-1.669144329444808249e-03
-1.669150874859528025e-03
-1.669021318719224106e-03
-1.669248607246712245e-03
-1.669219814950147511e-03
-1.669234569348172032e-03
-1.669212469057171355e-03
-1.669187980633068166e-03
-1.669339163523374464e-03
2.141733991697908953e-03
2.141371228960437401e-03
2.141364850413754808e-03
2.141621785134142399e-03
2.141553300180335483e-03
2.141442059439955473e-03
2.175342352050637154e-03
2.175444585840258585e-03
2.175250821416418057e-03
-1.003099093201288879e-02
-1.004773461068571121e-02
-1.003284082986839743e-02
-1.007458590952282212e-02
-1.007445819313547430e-02
-1.007325995718120169e-02
-9.990791241284749727e-03
-1.298784897199750784e-03
-1.299151641877558175e-03
-1.289253770184010288e-03
-1.292529283002590056e-03
-1.292440835101896657e-03
-1.294553715433882429e-03
-1.293625348582307403e-03
-1.293923613105011196e-03
-5.460827048451066855e-04
-5.462612146185801031e-04
-5.462110170827508011e-04
-5.455245660698852242e-04
-5.458910330463036037e-04
-5.458278176967791334e-04
-5.458547803007052571e-04
-5.459333714593505487e-04
-6.526744623327308077e-04
-6.531046582637915114e-04
-1.493021760554775600e-03
-1.493797098865812288e-03
-1.520295887878535517e-03
-1.520500813451623485e-03
-1.521676206363896909e-03
-1.521823023700135443e-03
-1.521813161870122890e-03
-1.991900175426448115e-03
-1.988087858675637466e-03
-1.990294480325838222e-03
-1.970703304614675362e-03
-1.970670326173770606e-03
-1.970717998190485432e-03
3.085747393972279942e-03
3.085719971215101620e-03
3.085243343191148343e-03
-8.364060834472423003e-03
-8.363823653010020454e-03
-8.370009043920600966e-03
-8.368815718668390358e-03
-8.368851571667008937e-03
-8.368715540797499325e-03
-8.368443335194179419e-03
-8.368279042560787528e-03
-8.368174759230160437e-03
-8.368067798956328046e-03
-8.368109509777678715e-03
-8.368399925819511656e-03
-8.369088513578579192e-03
-8.367578384946059919e-03
-8.366232165536583928e-03
-8.364372752621484358e-03
-8.367593491222083402e-03
-8.367591733612891533e-03
-8.367564358992544971e-03
-8.365550366109114622e-03
-8.365605960791881734e-03
-8.366116487634129087e-03
-8.366215106650179770e-03
-8.366501734597388273e-03
-8.365876244096622644e-03
-8.365991684045906429e-03
-8.365918520560164384e-03
-8.366082162761988295e-03
-8.365743882399795731e-03
-8.366161215969416393e-03
-8.365683153043954740e-03
-8.362694873440521676e-03
-8.363045059692651370e-03
-8.366030693839550045e-03
-8.364558854290521372e-03
-8.363940976626063270e-03
5.105399783118250905e-05
5.128917313067628199e-05
5.107969352016687573e-05
4.986944658917228171e-03
4.985654371933215083e-03
4.985740569391423557e-03
4.993046101763463224e-03
4.992825579207538049e-03
4.929298135445283821e-03
4.929853309283544621e-03
4.928217688798639147e-03
4.928384510227638848e-03
4.927273815078127631e-03
4.871556585258347838e-03
4.872955535042564068e-03
4.979425377336478033e-03
4.979859199069567796e-03
4.979495003227362403e-03
4.979154927000959026e-03
4.980551140117109483e-03
4.981353397144099721e-03
4.981239768763068114e-03
4.943211015458567024e-03
3.595436664453755069e-03
3.595375983752357833e-03
3.595646370443128514e-03
3.595612867303134893e-03
3.595721901353389569e-03
3.595952393543692775e-03
3.595706214179275606e-03
3.596068827449266231e-03
3.594053979270379028e-03
3.595523207951431457e-03
3.596151255822303133e-03
3.592119277370557466e-03
3.592133809067652676e-03
3.592203787338214566e-03
3.592336993599384420e-03
4.017025768254071927e-03
4.017098590789649169e-03
4.019056888307506563e-03
4.019075762564053994e-03
4.018377199113340459e-03
1.841423852258680530e-03
-2.845554458359935649e-03
-2.822507340994744301e-03
-2.833678904141245011e-03
-2.833601072718621751e-03
-2.833701232236808445e-03
-2.833674797349459464e-03
-2.833664451179894288e-03
-2.833211811717552524e-03
-2.833096308290467599e-03
-2.833029973851966012e-03
-2.164560774244983065e-03
-2.164540540185165216e-03
-2.165200812587974276e-03
-2.164125946774887472e-03
-2.162595009668937321e-03
-2.162602059824102283e-03
-2.162042268387266274e-03
-2.162215014019171124e-03
-2.162313170734688449e-03
-2.162287669181956959e-03
-2.162864869193694469e-03
-2.163175875751213121e-03
-2.163215991118606473e-03
-2.163144666247251036e-03
-2.163549878247885729e-03
-2.163651578648987175e-03
6.022800458406638198e-03
6.022263431122326996e-03
6.022212040205815117e-03
6.023927759873820217e-03
6.022977533004358203e-03
6.022983879748726975e-03
6.022410913254261020e-03
6.026168424829658581e-03
6.026290328371547954e-03
6.026236563023911266e-03
6.027657541948243727e-03
5.973918463919867736e-03
5.970358059548498339e-03
5.969442277328298498e-03
5.969748854576253927e-03
5.969230577912745285e-03
5.969230000265169679e-03
5.969241562686881594e-03
2.347683361946600010e-03
2.347845324534534543e-03
2.347888968461834397e-03
2.342627770370173806e-03
2.339849791892057752e-03
2.341872641774140392e-03
2.341719375051498457e-03
2.341833733253991141e-03
2.341762935281284114e-03
2.341687703772209628e-03
2.341877342561657881e-03
2.342833572926335175e-03
2.347345766790137709e-03
2.347268858616177734e-03
2.347231047144325740e-03
2.347167556868201554e-03
2.347288849317224080e-03
2.346856733344522290e-03
2.345350705122510246e-03
2.340271191893151647e-03
1.620215745665801177e-03
1.617152786534358433e-03
-5.849180915219737284e-04
-5.951104415536333236e-04
-5.902431575954760097e-04
-5.907711596413187452e-04
-5.912080594466070016e-04
-5.911380780936449988e-04
-5.914198042562785829e-04
1.317604768698488107e-03
-4.455623344154531831e-03
-4.604820413823434641e-03
-4.605796081118791047e-03
-4.604799443759361420e-03
-4.605656347908037088e-03
-4.606443703240674023e-03
-4.577652118767768820e-03
7.011884723727518365e-03
7.012009570821554558e-03
7.004469734941375265e-03
6.962639086504292078e-03
-2.418111155236448827e-03
-3.179349502940019209e-03
-3.075922743497041308e-03
-3.076255236433764022e-03
-3.075554195407631791e-03
-3.075517305413610469e-03
-3.029871986235542838e-03
-3.029996431653263125e-03
-4.187004755356117311e-03
-4.193579726507172360e-03
-3.656945259288610535e-03
-3.656774640966664082e-03
-3.656730630052112876e-03
-3.657691121082629841e-03
-3.657183847657773448e-03
-3.656979223745445654e-03
-3.656531136353404886e-03
-3.659439845311726006e-03
-3.548885235379382538e-03
-3.565929970786390311e-03
-3.565747794921645189e-03
-3.542409007548553632e-03
-3.542122151313048441e-03
-3.541971969198033990e-03
-3.541464788387016938e-03
-3.541070021126114641e-03
-3.541169615588984129e-03
-3.541458571829087919e-03
-3.541491776493203847e-03
-3.541489192269543698e-03
-3.547126383660954840e-03
-3.544958511783308838e-03
-3.545181727825935485e-03
-3.545001061264807778e-03
-3.552635377167709125e-03
-3.552647540760707837e-03
-3.552286716532189036e-03
-3.550561644771012011e-03
-3.550873471828806024e-03
-3.550921153589638255e-03
-3.550549838023325713e-03
-3.550594048206012765e-03
-3.550586078605016700e-03
-3.551556695216108624e-03
-2.655910575886568075e-03
-2.655290005440261343e-03
-2.655235018284221940e-03
-2.655682835053942148e-03
-2.655634053588611012e-03
-2.655613144202193833e-03
-2.655905507717817946e-03
-1.045516070521203440e-02
-1.045490914617505825e-02
-1.045193411234705827e-02
-1.045185979866643938e-02
9.007885043516280837e-04
9.026236988232907597e-04
1.112622934372115230e-03
1.111770442767082969e-03
1.111463326406634394e-03
1.111659268064790719e-03
4.855798921247577826e-04
4.857463846030640850e-04
4.845957476888123846e-04
4.899618976066734714e-04
-4.823449137334208728e-03
-4.823463417877766300e-03
-4.823464880259470747e-03
-4.823374949955865770e-03
-4.823719475075696414e-03
-4.823594118997736636e-03
4.723258520122870265e-03
4.723045577046971338e-03
4.722893780520678181e-03
4.726357322572441455e-03
4.708450501308959063e-03
-1.594251969421794923e-01
-1.072133284716529356e-01
-1.072138322402294563e-01
-1.072143443710688315e-01
-1.072139453803442749e-01
-4.401003801356606626e-03
-4.400122553827929932e-03
-4.332215270481540315e-03
2.836837947381541311e-03
2.836837402715233596e-03
2.836834556873404044e-03
2.836622205629315673e-03
2.836791331934418285e-03
2.836565015792098191e-03
2.837280746424353066e-03
2.339900021361677410e-03
2.339601433480576701e-03
2.337208702790516228e-03
2.337364315638591414e-03
2.336494934685228678e-03
2.336291040679059836e-03
5.450663911157773052e-03
5.450788844985426061e-03
5.450761987310001264e-03
5.450128791165424237e-03
5.460445281283084901e-03
5.457522810985034577e-03
5.457812536000583581e-03
5.457565934712532360e-03
5.457639282279310410e-03
5.030711433789293759e-03
5.027420499860137983e-03
5.030184102594736570e-03
6.695703987449043437e-03
6.695306355886919587e-03
6.696364637798958401e-03
6.696421714057647356e-03
6.695664089612387432e-03
6.695496661347467675e-03
6.698192097213550959e-03
6.701427120428767037e-03
6.700310787526015006e-03
6.692202869445783991e-03
3.641930286614316302e-03
3.642629307809956869e-03
-1.329728875586605734e-04
-1.320099442001139716e-04
-1.315585860319145001e-04
-1.314389646766875688e-04
-2.536452837899032080e-03
-2.536377808097723969e-03
-2.536573162628546346e-03
-1.698419469577493917e-03
-1.698570848027365719e-03
-1.698531176346277944e-03
-1.698890177320996854e-03
-1.698480193814575325e-03
-1.699720854980938528e-03
-1.699749327438345500e-03
-1.699200818175322517e-03
-1.345396589523619076e-02
-1.345402180474330675e-02
-1.344958995025165131e-02
-1.344890942752442753e-02
-1.344900943270625239e-02
-1.344898859247172992e-02
-1.344945745235953151e-02
-1.056531970104962167e-03
-1.117283734067291926e-03
-1.145825494727054734e-03
-1.140793185433124773e-03
-1.133100880162414255e-03
-1.131629122239499003e-03
-1.131545444770787117e-03
-1.125801287516084567e-03
-1.126084009095569853e-03
-1.127221539028524155e-03
-1.127220953525319425e-03
-1.127289113450639143e-03
-1.127255861046925567e-03
-1.127220759830814979e-03
-1.127203199579805172e-03
-1.127338222319229297e-03
-1.127363176469380491e-03
-1.127177903027201016e-03
-1.127127508928975905e-03
-1.127678483499338670e-03
-1.127494271344072147e-03
-1.127467265303601189e-03
-1.127274904061243560e-03
-1.127569154872721992e-03
-1.127052088375818948e-03
-1.126938480887156339e-03
-1.127001919801718169e-03
-1.126950711947342270e-03
-1.126917108189968552e-03
-1.126896893092341678e-03
-1.126822055479369776e-03
-1.126801838382568205e-03
-1.126830950279501895e-03
-1.127300683276288547e-03
-1.126594244957018721e-03
-1.126429578299693477e-03
-1.126976648200033598e-03
-1.127002036531906835e-03
-1.126677001059631089e-03
3.551533475005396942e-03
3.552309457859250535e-03
3.552280497707619583e-03
3.551781630781989958e-03
2.522061966760847946e-03
2.523461902095961145e-03
2.523204257167451642e-03
2.618360283026109625e-03
2.618685740440852231e-03
2.619557464710384545e-03
2.619750246729214433e-03
2.618051594150898331e-03
-9.658711261677098772e-03
-9.659417447144698007e-03
-9.657963959607766824e-03
-9.657165104389011864e-03
-9.657196355883758063e-03
-9.656872837552779240e-03
-5.013551878925611750e-03
-5.013818522740015084e-03
-5.014148781769251287e-03
-5.014255391369110311e-03
-5.014287448773521033e-03
-5.014192495984245643e-03
-5.014193986180363188e-03
-5.013741829226773562e-03
-5.013991447700922970e-03
-5.013845821400961418e-03
-5.050083402822819721e-03
-5.050905801022138007e-03
-5.048429860561181454e-03
-5.047440098347142322e-03
-5.055894755314630298e-03
-5.055655204274150591e-03
-5.054286624126539361e-03
-5.036542522186396309e-03
-5.036474309873860064e-03
-5.036582750257898727e-03
-5.036565869567519345e-03
5.199732513145223240e-04
5.199732513144526098e-04
5.200023623877053332e-04
5.200138596208823396e-04
5.194171623697386303e-04
5.194833766430526295e-04
5.593134058683711142e-04
5.601531539921896343e-04
5.593872467941464824e-04
5.431306586835310708e-04
5.432353573442378443e-04
5.434378659257268693e-04
5.432777001096451668e-04
5.432849489414891871e-04
5.272845381149036991e-04
5.273240031270586383e-04
4.990446313957227348e-04
5.010891810137880781e-04
-4.914728039910891584e-04
-4.883328567206468573e-04
-4.949556073482137613e-04
-5.927598094207800700e-04
-5.923143129537505143e-04
-5.925811543079942357e-04
-5.925329951281593441e-04
-5.931200545337336890e-04
-7.742344850513238619e-02
-7.736166371226359251e-02
1.049743036297308939e-02
-8.930712606451044269e-03
-8.932705373839640653e-03
-8.932719974814843852e-03
-8.930815426139085758e-03
-8.930876789525586321e-03
-3.384805124060012542e-04
-3.419366806487712730e-04
-3.414386828075261296e-04
-3.413261033841430208e-04
-3.411650176994396690e-04
-3.419952240487104055e-04
-3.418653314982680251e-04
-3.415268692162020357e-04
-3.412536396222503134e-04
-3.409600095930851848e-04
-3.409596589313657424e-04
-3.410002027089980192e-04
-3.409236614762032138e-04
-8.176417400830207193e-04
-8.242634716895642444e-04
-3.207028858161875984e-03
-3.206570595640802039e-03
-3.206577964334410454e-03
-3.206669814056305537e-03
-3.206701404667231317e-03
-3.206696942281497820e-03
-3.206739839459126461e-03
-3.206858880656408839e-03
-3.249595276183780360e-03
-3.249657761813450410e-03
-3.250262338522055729e-03
-3.250240482502538084e-03
-3.250296604805464565e-03
-3.249742368073848652e-03
-3.249949653565728687e-03
-3.249935773187348585e-03
-6.237241361610012039e-03
-6.237439965595214901e-03
-6.237019888687962525e-03
-6.237002979614989992e-03
-6.238725380791174287e-03
-6.239192869882086677e-03
-6.238126070595051594e-03
-6.239783133256881706e-03
-6.240138426062514371e-03
-6.240073504304421634e-03
-6.241152778362166198e-03
-6.240987906100850524e-03
-6.239388445136529425e-03
-6.239423552006814408e-03
-6.239682289526308177e-03
-5.233213543905550387e-03
-5.233224632638130112e-03
-5.233422913364658806e-03
-5.233066172128466621e-03
-5.234243985146069290e-03
-7.658439148511906724e-04
-7.651737922577604408e-04
-7.653158714013736123e-04
-7.654660740693500654e-04
-7.631165807862804948e-04
-7.623105057512585651e-04
-7.632412115741641192e-04
-7.629851542277042709e-04
-7.734669216625814298e-04
-7.714227842330673894e-04
-7.712785880210568925e-04
-2.679017707066027806e-03
-2.678571615916452639e-03
-2.678673091286664764e-03
-2.678588815410888526e-03
-2.678616031446172038e-03
-2.678579934851770157e-03
-2.678323614628638164e-03
-2.679579193198615601e-03
-2.680699589309229382e-03
-2.680618061870923378e-03
-2.680647985429434211e-03
-2.545549229089865816e-03
-2.544231398059951417e-03
-2.544077694131900019e-03
-2.542975029860632032e-03
-2.434806880525769348e-03
-2.437134467365827117e-03
-2.431259696557859853e-03
-2.431193308628122954e-03
-2.431367075983707424e-03
-2.431155376406890847e-03
-2.431197370904218755e-03
-2.161896101825812495e-03
-2.154386210990513143e-03
-2.036871089979472218e-03
-2.031053415616092435e-03
-2.037264867631374300e-03
-2.037919557071840495e-03
2.901796510459224692e-03
2.901264854692992782e-03
2.901335847748834351e-03
2.905374495778836018e-03
2.905434667540929359e-03
2.905373428303251095e-03
2.909110898575303916e-03
-1.113371738034090591e-02
-1.113378657338010003e-02
-1.113576236831082499e-02
-1.113494305674442991e-02
-1.113061020746621693e-02
-1.096207067711894335e-02
-1.096398832179148498e-02
-1.099159721427407817e-02
-1.099059112562708260e-02
-1.004832657937955107e-02
-1.004877562071595891e-02
-1.004790852542178196e-02
-1.004748739992776009e-02
6.871241036592557697e-04
-4.031036515211737959e-04
-3.967498517187920712e-04
-4.181511817713942842e-04
-4.181508723515733016e-04
-4.180890325343733765e-04
-1.321955152016705305e-03
-1.321983342314941683e-03
-1.322131081476577482e-03
-1.321334185894581592e-03
-1.145259125589501289e-03
-1.144058106547584872e-03
-1.144068109291361155e-03
-1.151971263420960073e-03
-1.151874535806349372e-03
-1.151070932896784043e-03
-1.151108661764162428e-03
-1.152540833829302988e-03
-8.410468348013275903e-04
-8.604781746810361530e-04
-8.610255766103795238e-04
-8.608792978082792802e-04
2.045658506339412350e-03
2.045722553729790137e-03
2.046860239563894068e-03
2.016065891323647746e-03
2.015168911524255722e-03
-1.090726510172470437e-02
-1.090797314825372316e-02
2.745190705266358222e-01
2.744908038473337641e-01
2.744952736180629738e-01
2.751181732279061598e-01
2.752602391839680807e-01
2.752919980037811243e-01
2.751241949278917520e-01
2.751203652811259892e-01
2.750983759951299290e-01
2.751194256606694921e-01
2.750928704084769083e-01
3.953063987610849588e-03
3.953122046173524091e-03
3.953122894937175467e-03
3.956105021362064586e-03
3.954119828449041002e-03
3.952782520769002744e-03
3.952016468464073992e-03
2.037681524897867259e-04
2.073654209444466894e-04
2.068648374416690331e-04
2.068352118872922925e-04
1.991711792307913626e-04
1.965153442619826344e-04
1.937187354610661030e-04
1.986738042181666300e-04
1.952365138678101460e-04
2.374593768086705062e-04
2.371411643244317050e-04
-5.513816054952028981e-04
4.633356738000315523e-04
4.622657382313309984e-04
4.622919148318014411e-04
-6.078921594593124887e-03
-6.080740163217582088e-03
-6.083084027078389765e-03
-6.083094467512477344e-03
-6.082667227559304668e-03
-6.081392935121012443e-03
-6.081613849015037564e-03
-6.082931089712704034e-03
-6.082870417323918248e-03
5.329095623269560801e-04
5.495166239745648360e-04
5.210434545170652661e-04
5.295117437334079550e-04
4.593475476250888628e-04
4.623010892168327919e-04
4.619172923656238465e-04
4.618221545375662536e-04
4.620379897812738087e-04
4.619772336963024612e-04
4.619964612858507708e-04
4.617029835272671483e-04
4.639606887489958480e-04
4.636601273772335058e-04
4.636371173880119421e-04
2.286657531095518531e-02
2.286470602692770859e-02
2.310894284116725081e-02
2.310949265706511643e-02
2.311443988669112035e-02
2.311557234713402381e-02
2.311481503938655688e-02
2.311555524906622888e-02
2.311664531527988370e-02
2.311663474930638826e-02
-1.817494219865308479e-03
-1.817423966052773669e-03
-1.012585147269602420e-03
-1.038367435329914370e-03
-1.038460580904677607e-03
-1.031986794019135959e-03
-1.033454730651688731e-03
-1.033435900308358763e-03
-1.033435785100438736e-03
-1.033566590303487600e-03
-1.033482189031263579e-03
-9.580500947677025869e-04
-9.577636950693562768e-04
-9.580452912767376808e-04
6.285840115234252699e-03
6.286471639205307681e-03
6.285242918158641910e-03
1.795638669335350608e-03
1.674626990000810303e-03
1.675327331543007350e-03
1.659494988767069379e-03
1.659725651867280773e-03
1.658702841246764920e-03
1.658013315711920647e-03
1.640186016095312874e-03
1.640706789941206436e-03
1.639931918181971064e-03
1.640236430747329943e-03
1.639842909941846127e-03
1.639487745757707993e-03
1.640204894585601267e-03
1.640078535243992032e-03
1.637881418880904241e-03
1.638140117638375555e-03
1.594738473452509894e-03
2.033970341860257512e-03
2.033485406803446204e-03
2.033097889498838070e-03
2.039617990295504533e-03
2.166234189884820496e-03
2.166349508242683755e-03
2.165896721495729968e-03
2.140240528371399869e-03
2.140008160452828642e-03
2.140812901486741342e-03
2.170215959345180197e-03
2.170042630605234762e-03
3.632613957734594462e-04
3.596751592114122843e-04
3.579565446330037755e-04
3.480307575926032751e-04
3.481036000597942772e-04
3.484144636118650050e-04
3.478371187178519387e-04
3.478109975140960012e-04
3.493005226957343850e-04
3.492519568575920422e-04
2.153414598331428057e-04
2.153825010894450760e-04
2.153873503705547700e-04
2.155062662840773007e-04
2.157639674611093266e-04
2.167107413427540614e-04
2.138955149547131190e-04
2.135958710267581975e-04
2.139794580441469287e-04
2.139763126911159734e-04
2.286790651442110404e-04
2.286864585946890235e-04
2.286848832081300796e-04
2.286620289956015474e-04
2.288564191302082070e-04
2.288475173171790431e-04
2.288524045408177928e-04
2.288266822743721522e-04
1.720457549161928277e-03
1.722723863618160064e-03
1.716604364040104748e-03
1.716663949813098181e-03
1.716661357339626607e-03
1.715833139376548655e-03
1.715104504719961852e-03
1.715046344070909369e-03
1.715042860865546772e-03
1.715073944109248363e-03
1.717847251288861241e-03
1.718170361014326490e-03
1.715714769443623744e-03
1.715658422770555440e-03
1.716381875775100773e-03
1.716426046385960457e-03
1.716613924072282749e-03
1.716507210999927528e-03
1.716545452485392564e-03
1.716474462246528766e-03
1.716468411322760648e-03
1.716421700055285318e-03
1.716819722350589571e-03
1.716651948543819689e-03
1.716627808888793703e-03
1.716842189515776444e-03
1.716837247918768334e-03
-3.741869931032351573e-03
-5.724640413709800382e-03
-2.701928145857917141e-04
-2.703593837518945917e-04
-2.702250207554945135e-04
-2.703588021817611236e-04
-2.702781607264712928e-04
-2.703595351808581984e-04
-2.716717834887613582e-04
-2.718581110036415388e-04
2.332428857209753806e-03
2.333047657190037618e-03
2.333154282662157179e-03
2.332364280564715089e-03
2.332305095009326156e-03
2.332397929390681544e-03
2.332583363662074031e-03
2.552676866147574487e-04
2.797525263847495643e-04
6.307733331969533723e-04
6.313334179988834257e-04
6.316318260792831143e-04
6.314574076327748474e-04
6.065588357856719964e-04
1.486978673739063799e-03
1.487046882149329393e-03
1.486932363548755390e-03
1.487298264237080095e-03
1.487602542939772980e-03
1.487341563697057662e-03
6.708400918152316109e-03
6.708962191678524353e-03
6.718022409056154109e-03
6.718581099034909992e-03
6.717189722543734191e-03
6.717028513364782863e-03
6.716734305917649965e-03
6.716990451994899781e-03
6.718134545742009481e-03
6.718181632085217653e-03
6.718154929144929885e-03
6.717520581778300276e-03
6.717480718354393830e-03
6.717395161853996488e-03
6.714714739021099624e-03
6.714620028605959752e-03
6.714303250363849902e-03
6.714253343725432553e-03
6.714326037264439426e-03
6.714585758136335306e-03
6.713283444998143813e-03
6.023187745855943138e-03
6.227419624303947611e-03
6.226323268783337354e-03
6.228284705231014809e-03
6.228286923408865410e-03
6.228251709829769368e-03
6.228792355264369494e-03
6.228670323535465299e-03
6.228849774678415011e-03
6.220790726322525041e-03
6.223770911464077821e-03
-3.041278820041076400e-03
-3.041507991693628409e-03
-3.041411506807304398e-03
-3.040937897260078803e-03
-3.040716786345218706e-03
-3.062028980836507992e-03
-3.061746170011384483e-03
-3.061767604818910193e-03
-3.061810839821651770e-03
-3.060307188762320402e-03
-3.068835670150910685e-03
-6.475765282585537082e-03
-6.436677948159978506e-03
-6.437173643959384108e-03
-6.439694915592025955e-03
-6.440723631485414068e-03
-6.453025313160175129e-03
-6.453283462507259684e-03
-6.455110117757222390e-03
-6.456128323490543594e-03
-6.456913891492260110e-03
-6.457145409310994892e-03
-6.457086327069573584e-03
-6.456588295731505341e-03
-6.458949346861943969e-03
-6.458927640445574769e-03
-6.458732493459473818e-03
-6.464429753075480282e-03
-6.461889836770166352e-03
-6.461747484858375128e-03
9.190455244349707287e-03
9.189592231758528934e-03
9.189622862563251449e-03
9.189416177445185879e-03
9.188819088459953752e-03
-4.555314720749242818e-03
-4.547063886277557046e-03
-4.586554628070773840e-03
-4.585126013737751520e-03
2.321742807242356196e-03
2.321836518247582300e-03
2.326631284631229622e-03
2.326892646191679268e-03
2.326761708157274247e-03
2.325831345909967329e-03
2.321622095480548563e-03
2.315770320849363986e-03
2.338669717376369497e-03
-7.477422883002207005e-03
-7.439083681457771269e-03
4.457994251348125318e-03
4.458008902252554202e-03
4.458053084846717341e-03
4.457903416453808977e-03
4.457685169038286266e-03
4.457670381076796369e-03
4.457912110351364837e-03
4.457724706135571605e-03
4.457803367921453486e-03
4.457884869496353888e-03
4.458101321272644676e-03
4.457462975124146937e-03
4.457888011892469776e-03
4.456597326333535357e-03
4.462327977126361034e-03
4.459221420478968675e-03
1.142908269418799888e-02
1.142933182066122218e-02
1.142792642852624198e-02
1.142940401531076025e-02
1.174506450692609436e-02
1.174945769915176214e-02
1.174971755640764719e-02
1.174949202366399811e-02
1.174941593320820953e-02
1.174830297073012689e-02
1.174900354415394504e-02
1.174922694196039313e-02
1.174929071882907863e-02
-1.218954646724545662e-02
-1.218926265235494716e-02
-1.218497064664391012e-02
-1.218398978973937730e-02
1.176225056984226726e-02
1.176239045149687738e-02
1.176253755887642256e-02
1.176216568339602010e-02
1.176220732838456975e-02
1.176215515744797983e-02
1.176230072025463876e-02
1.175998951820526536e-02
-4.614328767749186280e-03
-3.228371100045344250e-03
-3.228064119333195776e-03
-3.228067544519223810e-03
-3.227496247519409320e-03
-3.227400305086533354e-03
-3.227512000544028887e-03
-3.227860092607563042e-03
-3.227838746462046923e-03
-3.227813562443272027e-03
-3.227583724589183807e-03
-3.227739610793556660e-03
-3.227457598041503454e-03
-3.227531182040981311e-03
-3.227965284844691845e-03
-3.228321823142038614e-03
-3.228727349919832072e-03
-3.228693337509071400e-03
-3.228782816341559808e-03
-3.228879121152708129e-03
-3.234164043363818922e-03
-3.234296941039876885e-03
-3.234683378513054583e-03
-3.234461185562884176e-03
-3.240111870597968229e-03
-2.320937004835843878e-03
-2.321226149347661426e-03
1.192814279773020880e-04
-2.896838392287876766e-03
-2.896869608520904939e-03
-2.896466518943034696e-03
-2.895437185496158635e-03
-2.895019674823982262e-03
-2.894986532390545712e-03
-2.895136652380989051e-03
-2.953481868467341866e-03
-2.953648431642061194e-03
-2.953694675542831074e-03
-2.953829302205287968e-03
-2.953874058033322068e-03
-2.953776761814896727e-03
-2.953762484535545768e-03
-2.375388369008529441e-03
-2.375719134540368958e-03
-2.374820882318392536e-03
-2.375045184606898886e-03
-2.374948531830132440e-03
-3.024574318379646357e-03
-3.024657208761737971e-03
-3.023960677491136124e-03
-3.378299174011187376e-03
-3.379095759631936275e-03
-3.378646626824203993e-03
-3.375736399401287492e-03
-3.378449211756028459e-03
1.772873268395591673e-03
1.774740605272471161e-03
1.774751616763743569e-03
1.774638662688729886e-03
1.774409775971567613e-03
1.774502653008677147e-03
1.775279093862607623e-03
1.775409226950675195e-03
1.774509740097251565e-03
1.774594092199374652e-03
1.773768597552088759e-03
1.773795163473438231e-03
1.773957189219179872e-03
1.773839569886205862e-03
1.773734957111488923e-03
1.773632063354439563e-03
1.766083345526052320e-03
1.767482187775328180e-03
1.738519076275097134e-03
1.738640449614768223e-03
1.738683621637261614e-03
1.738568139257261553e-03
1.738244934495349926e-03
1.738020472184633467e-03
1.738325893318949395e-03
1.738171566477853935e-03
1.738430688294159742e-03
1.738439416724642901e-03
1.742342172878496914e-03
1.742008673329306775e-03
1.742542004617383435e-03
1.742954323504163246e-03
1.742963138614778227e-03
1.742793228291529420e-03
1.743038979227749590e-03
1.742908683812045226e-03
1.742939623550086772e-03
1.742952695294358199e-03
1.742946267218226921e-03
1.743003638889512605e-03
1.743915938894960438e-03
1.743688254623460736e-03
-2.792108662238182871e-03
-2.791598178423855721e-03
-2.791541770791211921e-03
-2.791146704020249641e-03
-6.245170642924708672e-03
-6.244557219619928552e-03
-6.244450427332706895e-03
-6.244375093036330301e-03
-6.244274004836954800e-03
-6.239132840874420105e-03
-6.239381466328756433e-03
-6.239145069429424643e-03
-6.239110541308991523e-03
-6.237380034507731576e-03
-6.236066663817934827e-03
-6.233094401742347510e-03
-6.232310166302307448e-03
-6.189028707056958185e-03
-7.010208661296670613e-03
-7.013211563320939472e-03
-7.015472955425644010e-03
-7.220750351665219252e-03
-4.470265925045890758e-03
-4.464892302482527560e-03
-4.464825951485803732e-03
-4.465757543072324844e-03
-4.464846179609080826e-03
-4.464865683514723273e-03
-4.464852340742324170e-03
-4.470826862761393371e-03
-4.470674546004609583e-03
-4.470596519919631945e-03
-4.470589611874277447e-03
-4.470925830784019429e-03
-4.470215026922107378e-03
-4.469533241408166387e-03
-4.469677635964041003e-03
-4.466723054007441449e-03
6.204968404177091043e-03
6.193889047759672251e-03
6.084044466619514986e-03
6.083960252648504784e-03
6.084035883791495507e-03
6.083939555976203457e-03
6.083283476310108635e-03
-1.440058526338370594e-02
-1.762190065875409231e-02
-1.762197381389427053e-02
-1.762174897656993561e-02
-1.762197639065846144e-02
-1.762187780688739477e-02
-2.250778033246901046e-03
-2.250831575224853439e-03
-2.250828729945042635e-03
-2.250852380121483570e-03
-2.250878270418404242e-03
-2.250982158897134062e-03
2.559466638755153196e-03
2.559987014500359360e-03
2.559974637280802798e-03
2.559680760950727284e-03
2.559991165931596764e-03
2.556898607285547527e-03
2.557314988592442051e-03
2.557468041435068725e-03
2.557667124222540687e-03
2.557677406494613965e-03
2.561358685344146575e-03
2.556183438402139310e-03
2.556398317509412949e-03
2.556230531537088697e-03
2.557216657745127204e-03
2.556481303890580439e-03
2.556492652539271802e-03
2.556683391280697212e-03
2.556690596603185608e-03
2.556288929930180479e-03
2.556434262547441910e-03
2.556183331567803661e-03
2.554682406174344986e-03
2.553558345731741890e-03
2.553216848851904211e-03
2.556690370964963526e-03
2.556603703993539419e-03
2.615904069388180157e-03
-3.202840135320986388e-03
-3.205652662816152899e-03
2.192476533052284231e-03
2.192387816159182407e-03
1.869557830164483153e-03
1.871622961220340388e-03
1.873390623022220570e-03
1.875686013694077229e-03
1.875749514161746722e-03
1.875151373200468824e-03
1.876165572613748035e-03
1.876837293208231039e-03
1.876802968732909759e-03
1.876899679629398781e-03
1.876897905812133617e-03
1.876964186759552764e-03
1.876955954443999992e-03
-3.144439213688287726e-03
-3.144552557281911267e-03
-3.144957631345946317e-03
-3.144187074452156356e-03
-3.154590141457825573e-03
-3.154843179800573792e-03
-3.132437374087151082e-03
-3.133192228669135632e-03
-3.133243209453713020e-03
-3.133495063718366551e-03
-3.133120018492192675e-03
-3.132974169197733257e-03
-3.133265636657859773e-03
-3.133264740089839861e-03
-3.133150936117164165e-03
-3.133132304893168282e-03
-3.133038939625840558e-03
-3.132544724709849550e-03
-3.134194809371302921e-03
-4.422847823336469031e-03
-4.422714501753373557e-03
1.567112310516652601e-03
1.567113838146354590e-03
1.567197403111821475e-03
1.567276932696800261e-03
1.567270676722741377e-03
1.567254133792769094e-03
1.567740234134115934e-03
1.567682367736694324e-03
1.567687342999815082e-03
1.567683425902831502e-03
1.567560599983051266e-03
1.646872096124287095e-03
1.648871346981753113e-03
1.626855035159675703e-03
1.626258738016495356e-03
1.626274489685854401e-03
1.626162823873851093e-03
1.626466331544018824e-03
1.626343260026606296e-03
1.626349780577113387e-03
1.626368639065038299e-03
1.626206721624002790e-03
1.626258323634675483e-03
1.626390456942179100e-03
1.626452178219316494e-03
4.588612447942409453e-03
1.121586078693125911e-02
1.118445976733677821e-02
1.118517154107158580e-02
4.515574034788911832e-03
4.520180495654507399e-03
4.518368951240411997e-03
4.518290515521172085e-03
4.518472924800727257e-03
-9.597488167042635306e-04
-9.596531032463190281e-04
-9.594155740092366559e-04
-9.596507479355561969e-04
-9.596177060942130037e-04
-9.594664066700537165e-04
-9.583617739643623479e-04
-9.593714695760284386e-04
-9.594734241319484956e-04
-9.590792566414590038e-04
-9.592157837659069089e-04
-9.592415906949097607e-04
-6.463777032303945520e-03
-6.463733154908084776e-03
-6.463687662777380799e-03
-4.469801097135335174e-03
-4.483163764678806465e-03
-4.482736852840102544e-03
-4.482691868900458114e-03
-4.481193228448019684e-03
-4.481154527805258046e-03
-4.480463258069305142e-03
-4.480857788165611318e-03
-4.481009883825094915e-03
-4.471633759191434576e-03
-4.471547593572378076e-03
-4.471454833170625080e-03
-4.471253511126449878e-03
-2.734414979271991303e-03
-2.733138755366461628e-03
-6.552643937261892586e-03
-5.107333836926038380e-03
-5.107144635046679398e-03
-5.107798110185107765e-03
-5.103757016029063058e-03
-5.103858382887399049e-03
-2.850586402617266354e-03
-3.295351519604425208e-03
-3.295260545511079393e-03
-3.295367362796110863e-03
-3.295403047129048628e-03
-3.295404369148442758e-03
-3.295483150377920712e-03
-3.295495531736642413e-03
-3.295234803678141582e-03
-3.295301714731161454e-03
-3.295710446850691304e-03
-3.295536868131149384e-03
-3.296364243988441408e-03
-3.296315848158048751e-03
-3.296061180372011467e-03
-3.295715913441167166e-03
-3.295807161270788814e-03
-3.296170438524874142e-03
-3.296149706475051157e-03
-3.296101914302392976e-03
-3.295945826325040288e-03
-3.296114097897861420e-03
-3.295986251192600889e-03
-3.295996825498456306e-03
-3.296065873478255370e-03
-3.296012739668817589e-03
-3.296000946974815722e-03
-3.295966756089402459e-03
-2.893856899511136355e-03
-2.864838117691326496e-03
-4.161860792224703239e-03
-4.185137040699254095e-03
-4.182962503049044399e-03
-4.180899179224094840e-03
-4.180263022064761511e-03
-9.549177353428382753e-03
-9.549581650758254270e-03
-9.550984633331417034e-03
-9.551149269624135615e-03
-9.551625372081026799e-03
-9.550649858553987917e-03
-9.551017795097569568e-03
-9.528575648178057300e-03
-9.527855934276111341e-03
-3.102978693572060534e-02
-3.103165558761994750e-02
-3.102970674093418618e-02
2.267615603482296856e-03
2.266418690484087086e-03
2.266140352820094576e-03
2.266981079990541912e-03
2.267659308695125012e-03
2.267811696560239829e-03
2.271373213409856769e-03
2.263418682962770653e-03
2.263533701349818364e-03
2.263524917961559895e-03
2.259830735130874575e-03
2.259867932348446316e-03
2.270514556917184630e-03
2.293222830983045104e-03
2.283692255200821340e-03
2.283652060344313478e-03
2.283802814299352047e-03
2.273526924779172616e-03
2.273930636935856450e-03
2.347347606964303533e-03
2.345140268424198999e-03
2.345098652368708854e-03
2.348264892785918191e-03
-8.735082823217252962e-03
-8.735055888796191409e-03
-8.736371436220441433e-03
-8.738261441062582929e-03
-8.737726316028395640e-03
-3.622917500073538806e-03
-3.622899313202980649e-03
-3.623030898363078112e-03
-3.621014083533398605e-03
-3.620519881594179163e-03
-3.620506966667684599e-03
-3.620482312175615173e-03
-3.620743637827896020e-03
-2.427185827869196046e-03
-2.427226111845682231e-03
-2.424943817469292495e-03
-2.424948913502083993e-03
-2.463470473264093869e-03
-2.463857849079678381e-03
-2.461343801624666771e-03
-2.451969176449381605e-03
-2.456346241057460762e-03
-2.456797550607454743e-03
-2.456522540759070380e-03
-2.456309328076138575e-03
-2.456689780145765445e-03
6.262778006791975063e-03
6.262148901654385202e-03
3.615423422432259299e-03
3.615754212237146364e-03
3.615705768057743581e-03
3.615662908600870279e-03
3.615845140527399956e-03
3.615801206324003106e-03
3.615804340808435966e-03
3.615777076422230663e-03
3.615830186358866705e-03
3.616514065590451833e-03
3.616421022586804694e-03
3.615872995909953907e-03
3.615829541344470644e-03
3.615792993381387183e-03
3.616061011355724362e-03
3.616145212794554410e-03
3.616006578149373162e-03
3.616021447519400956e-03
3.616100144976553896e-03
3.616172776492971880e-03
3.615789823343180855e-03
3.615878526248166892e-03
3.616174650629416874e-03
3.616186941840483175e-03
3.616081713169619002e-03
3.616079791574669869e-03
3.615732245601102797e-03
3.616896197657932209e-03
3.617020694162136063e-03
3.616386294490862765e-03
3.614933077873932858e-03
3.615696670330320606e-03
3.615741913088714888e-03
3.615021751474411724e-03
3.616275948209328288e-03
3.615901403689180966e-03
3.615362009056315162e-03
3.615386025409821329e-03
3.615180886742957664e-03
3.610636151162270168e-03
3.610613986070835158e-03
3.610434285774193411e-03
3.610392335648908435e-03
2.238590707071366238e-03
2.237850050990214650e-03
2.235160141683441379e-03
2.235237502101655553e-03
2.235373280017310688e-03
2.238315791745162757e-03
2.238350910564871395e-03
2.239221857901484668e-03
2.239210564135572616e-03
-5.089360468237523645e-03
-5.087661822595718371e-03
-5.088992100455214107e-03
-5.089882539347229638e-03
8.480333421737688013e-04
8.480135878472055922e-04
8.479604999528688510e-04
8.481968455520491222e-04
8.481520510910717150e-04
8.483044959438439635e-04
8.476436915473753832e-04
8.315965521135262146e-04
8.671498826676978314e-04
8.671255631320955908e-04
8.661028987918726295e-04
8.662085323682935847e-04
9.340269296735597250e-04
9.510514701755464579e-04
-3.150853369807630599e-03
-3.148992172076501683e-03
-3.161757475088745103e-03
-3.161814383555621496e-03
-3.162052837236084980e-03
-3.161896417044324399e-03
-3.162011139161247791e-03
-3.142299104596298510e-03
1.850891528691954273e-04
1.808142371332830691e-04
5.654862873973540323e-03
5.654402847429538213e-03
5.660979224045244174e-03
5.660937120841906360e-03
5.661020534880036210e-03
5.661200292990819019e-03
5.660809156228878945e-03
5.661176559059570741e-03
5.809808288805465293e-03
5.810403361679324086e-03
5.810554805818431839e-03
5.810114470909810182e-03
7.016584788295241772e-03
7.016441244727591488e-03
7.016407579612969278e-03
7.016571281664996107e-03
7.017157972920717510e-03
7.016758776081357708e-03
4.669780064781377422e-04
-3.695593930743951584e-03
-3.769216503605277852e-03
-3.769304006972592005e-03
-3.769287837182856531e-03
-3.769291115167140282e-03
-3.769603830326881313e-03
-3.769573197687641885e-03
-3.701927273186400406e-03
-3.755393477733860383e-03
-3.756250384873417465e-03
-3.754216596850733657e-03
4.778542992065337204e-03
4.778522010194569472e-03
4.778625384253378135e-03
4.778455362036656759e-03
4.778536101617386275e-03
4.778284359441891012e-03
4.777840140846423278e-03
5.304747133561052257e-03
5.305163086265771329e-03
5.304460010308671876e-03
5.304354172729590020e-03
5.304702793853260587e-03
5.304687256800999506e-03
5.304514316742624074e-03
5.304663635752030273e-03
5.304510231445329176e-03
5.304614666405996388e-03
5.304605502539191247e-03
5.304806191777564767e-03
5.304450250389300056e-03
5.305631608658961662e-03
3.528023017846698434e-03
3.831917948949470441e-03
3.831270332152191937e-03
3.832115607639472680e-03
1.405605990231528811e-03
1.405435759684905495e-03
1.405434564868236714e-03
1.405235158923427707e-03
1.405335823013865570e-03
1.405331365188422802e-03
1.424961234659339465e-03
1.424908296042594856e-03
1.424782718375948876e-03
1.424834547857170477e-03
1.424948828028601514e-03
1.424937973630318981e-03
1.424872890076768787e-03
1.425113984480412543e-03
1.423574968762978624e-03
1.424420565340034795e-03
9.516541080217141846e-03
9.517379362337012247e-03
9.545847274109816108e-03
9.546198270852339351e-03
9.546123154871303390e-03
9.546050345048014835e-03
9.546016948917514927e-03
5.833211684091803295e-02
5.833335053753168492e-02
5.833420493820353631e-02
5.833388065726250599e-02
-5.021377037619130512e-03
-5.021386495715898096e-03
-5.021301912786863171e-03
-5.021237689485401508e-03
-5.021192790270691611e-03
-5.021047447208116729e-03
2.312036750791588140e-03
2.306010360065577879e-03
2.305836706875629121e-03
2.314132246929551020e-03
2.312884724509589769e-03
2.312997143725156572e-03
2.313054714540948263e-03
2.313174601357924267e-03
2.025245671379857261e-03
2.024906532435592939e-03
2.025209641861591692e-03
2.025332944308530156e-03
2.025922735506496732e-03
2.025082586213149301e-03
2.025262825513171605e-03
2.025655418830579063e-03
2.025475499456264213e-03
2.033879581692720189e-03
1.958055994362448930e-03
1.959236897841155640e-03
1.959442091621027646e-03
1.959036478918048819e-03
-6.711226481243434086e-05
2.636769604695194270e-03
2.630697666562481843e-03
2.630972036200827577e-03
2.630981997337261506e-03
2.631232802191963739e-03
2.631329478578756879e-03
2.631251576057035656e-03
2.631232712281161411e-03
2.631267920155598919e-03
2.633866680381432950e-03
2.581977540788383749e-03
2.582010057496488074e-03
2.575633695245705106e-03
2.575559694671054455e-03
2.575940308264042852e-03
2.575926288544141789e-03
3.127570189290936314e-03
3.127577190734568205e-03
2.995996120281083606e-03
2.995776860725483850e-03
2.996181097173411783e-03
2.996073250516223790e-03
2.993101359203961028e-03
2.993072302384340490e-03
-1.181310985228217021e-03
-1.167503554015386375e-03
-1.168435111529922020e-03
-1.163250364755048435e-03
-2.935681804331116782e-03
-2.935316073079285125e-03
-2.932086527795047665e-03
-3.794695504293513037e-03
-3.794857411420264615e-03
-3.794887331466707207e-03
-3.795870360954731182e-03
-3.796088562559867159e-03
-9.596124583070186247e-04
-9.753453830284100623e-04
-9.738147333973361719e-04
-9.736831425297352285e-04
-9.734647906140342583e-04
5.621464279190304184e-04
5.617157201894043810e-04
5.763503359680923182e-04
5.756712220904467662e-04
5.755782493682600745e-04
5.774787030718390047e-04
4.851495031581167200e-04
4.849431212192638427e-04
4.848258466850711556e-04
4.847441754951437053e-04
-3.449511929382848940e-04
-3.450206287446684985e-04
-3.449166525780504242e-04
-3.451036541378218504e-04
-3.451070567791283700e-04
-3.450299888144195653e-04
-3.457968534715133999e-04
-3.458229777904468869e-04
-3.456916162593462005e-04
-3.457022372250940926e-04
-4.515643960909565308e-04
-6.628026634001261616e-04
-6.599611351955069491e-04
-6.603833492058105992e-04
-6.606119474818994376e-04
-6.604467116683163715e-04
-6.597460305478341277e-04
-6.600023943761119819e-04
-6.599293042640435019e-04
-6.599135820357053669e-04
-6.616694239392678428e-04
-6.616080795431446933e-04
-6.557000691380739012e-04
-6.557436549190862746e-04
-6.557385838389525549e-04
-6.568199183370185181e-04
-6.571407061630068266e-04
-6.574213337826726638e-04
-6.567138772203472098e-04
-6.562433007254543432e-04
-6.561465385726251119e-04
-6.563843633765282853e-04
-6.561935273903396352e-04
-6.560452914807233041e-04
-6.566250394198497450e-04
-6.568533738395298562e-04
-6.567997293408816455e-04
-6.578590413391090068e-04
-6.576477688981409312e-04
-6.576813972434207957e-04
-6.581145721079836083e-04
-6.580452588695447297e-04
-6.583106018008478199e-04
-6.581493830865257346e-04
-6.579214745636657131e-04
-6.700177128898833750e-04
-6.712271192611261915e-04
-6.656358272571640628e-04
-6.646640402143275594e-04
-6.646885729685436802e-04
-6.630751009122723026e-04
-6.652915681526155953e-04
-6.667634283444059647e-04
-6.661922733665863331e-04
-6.660498522198995139e-04
-6.653156933049787303e-04
-6.623572924016831896e-04
-6.892449214135695649e-04
-6.888644995514113826e-04
-6.725199563585359868e-04
-6.726381078973872390e-04
-6.725964490514761479e-04
-6.728002467278031010e-04
-6.729061197255312718e-04
-6.728907888864553910e-04
-6.728751178772338776e-04
-6.727687520988662791e-04
-6.728252462043873318e-04
-6.726655802829811966e-04
-6.728749591342929933e-04
-6.730098924086685757e-04
-6.730347968324348678e-04
-6.728711986880274182e-04
-6.735508393634378858e-04
-6.716939190216177124e-04
-6.717538248973633922e-04
-6.721360712818329110e-04
-6.720736042541895728e-04
-6.726832832797638873e-04
-6.716554467823012114e-04
-6.707783677379681357e-04
-6.695483018016950248e-04
-6.702742809892951997e-04
-6.694094817638958535e-04
-6.694498571643241322e-04
-6.694586235657426065e-04
-5.630663413987369503e-04
-5.631834814349495014e-04
-5.636224307529137580e-04
-5.705658158825036843e-04
-4.842414217004755925e-04
-4.842054444064105190e-04
-4.842575937887024342e-04
-4.710387208188267856e-04
-6.417635837521224341e-04
-6.420138455519703267e-04
6.092780351197676523e-04
6.136597332932140336e-04
6.708715958903926609e-04
6.708247247249580917e-04
6.712784032683886048e-04
6.711677654377247795e-04
6.688618880277730390e-04
6.688397102302360165e-04
6.688560709828127344e-04
6.690070842215963855e-04
6.610172693687025453e-04
6.611874006126957238e-04
6.592811085203432704e-04
-1.456548392425094807e-03
-1.456469824516329944e-03
-1.456944910131782386e-03
-1.456284674468556707e-03
-1.456022339113220102e-03
-1.456044893643296603e-03
-1.455815176812921786e-03
-1.454559398489528935e-03
-1.455360667414707862e-03
-1.455295415185762185e-03
-1.455039792833483095e-03
-1.455137772129799561e-03
-1.453847150348996572e-03
-1.450002813336919881e-03
-1.451568861172342073e-03
-1.451579193004317323e-03
-1.451552721276908476e-03
-1.451537408995697909e-03
-1.452295742923964249e-03
-1.619774734617134308e-03
-1.619806422320996210e-03
-1.617669872985767624e-03
4.869031196584772559e-04
4.862379153563758070e-04
4.942169232295152027e-04
1.820936203209661550e-03
-1.554089362896601421e-04
-1.583962052577762630e-04
-1.591120019432652548e-04
-1.588424400099470383e-04
-8.117199918362263478e-04
-8.121494923849347652e-04
-6.984601382403256850e-04
-6.976714975990652191e-04
-6.987030149099971279e-04
-6.982222279599876623e-04
-6.981152644046362266e-04
-7.049985956149463356e-04
-7.049134616752361724e-04
-7.049940618384994018e-04
-7.026314709821375156e-04
-7.025095566941675761e-04
-1.556568607784357752e-02
-1.943889022836838010e-02
-1.943947560477981770e-02
1.551802287694249412e-03
1.551700230806243950e-03
1.550654197435934840e-03
1.550644825888760486e-03
1.550622972760536816e-03
1.548985165713961769e-03
1.489459069909445255e-03
-1.067813813004876234e-03
-1.067105277581612477e-03
1.806794954566229685e-03
-1.754692565165704571e-03
2.936330018173664846e-03
2.936744810113402823e-03
2.937955831216552093e-03
2.937711141201233833e-03
2.936700908043547460e-03
2.945350193297010567e-03
2.943884876951977959e-03
2.941697417624002716e-03
2.980964652071132343e-03
2.982038094221945140e-03
2.979787358579075954e-03
2.979417725253009387e-03
2.973914848683050297e-03
2.915504976203433813e-03
2.915199927497976254e-03
2.915902261050348169e-03
-1.550165291908312893e-03
-1.549900785420908539e-03
-1.549898948848536925e-03
-1.545834314730776000e-03
-1.545884230631990692e-03
-1.545907327773152163e-03
-1.543331831147157825e-03
-1.542709775019723275e-03
-1.542774193742975667e-03
-1.543116372887941854e-03
-1.544801972738931665e-03
-1.545606288547384920e-03
-1.537491455036835023e-03
-1.522706573873147543e-03
-1.519878915751308665e-03
-2.727847756353466227e-03
-2.724685574838999445e-03
-2.725250413138111637e-03
-2.725326009552989179e-03
-9.691595415550318662e-05
-9.704006902523456299e-05
-9.959199685797316410e-05
-9.917961289213880803e-05
-9.985578726458059181e-05
-9.995409863474433252e-05
-9.876409723266429443e-05
-9.890999243164895699e-05
-9.893103003391748350e-05
-9.892250998171710653e-05
-9.889905809875593884e-05
-9.900142441235149126e-05
-9.910831408426044496e-05
-9.887663725540651795e-05
-9.884792158112130911e-05
-9.854121550407753203e-05
-9.855624532465877708e-05
-9.869091341931522025e-05
-9.866903061987418997e-05
-9.879116272621093413e-05
-9.752731915651731193e-05
-9.879138242768986753e-05
-2.241990709812628074e-03
-2.242481379504631441e-03
-2.301513318700536270e-03
-2.301400314407057134e-03
-2.301609597787413353e-03
-2.299653896783081849e-03
-2.300226726054322834e-03
-2.299613397573378130e-03
-2.806894870287662564e-03
-2.806047181696068229e-03
-2.809227377028303187e-03
-2.809204976570161584e-03
-2.809210229295205138e-03
-2.809290795539082838e-03
-2.800355317474597424e-03
-2.945104542771457591e-03
-2.945149371401111892e-03
-2.945180078982429037e-03
-2.945653589133479314e-03
-2.945558581037496793e-03
-2.896064526946169702e-03
-2.907158252025166759e-03
-2.960054623826803306e-03
-2.956387370410431484e-03
-2.956409551109860558e-03
-2.901354687983020032e-03
-2.900429593403358944e-03
-6.744717349303186102e-03
-6.506225016521549782e-03
-6.482990611764695432e-03
-6.474807185221141334e-03
-6.520553802626431576e-03
-6.520452247715252322e-03
-7.610404002052692518e-03
-7.610974448314635800e-03
-7.606508901190723280e-03
-7.605855698505159003e-03
-7.606004409094673478e-03
-7.606130655271098676e-03
-7.606076118459054874e-03
-7.606310638223571889e-03
-7.606358544292576851e-03
-7.771609000559349945e-03
-7.772105260221240895e-03
-8.072651206780780131e-03
-8.072405836064732582e-03
-8.138472614869499827e-03
-8.139864914852846384e-03
-8.141667120478965347e-03
-8.141548653498332025e-03
-8.141492555809646745e-03
-8.141372455466913335e-03
-8.142268237030099789e-03
-8.140589109125177802e-03
-8.140123044866675456e-03
-8.140562290264028583e-03
-8.142158086097601305e-03
-8.140058550862777631e-03
-8.071149554779062651e-03
-8.067743535281533124e-03
-8.067870315659373195e-03
-8.068271817352562492e-03
-8.081751478770488398e-03
-8.082358247930968714e-03
-8.079945152617416804e-03
-8.085931945435987506e-03
-8.081558228692041837e-03
-8.081767431554438136e-03
-8.081726890534182001e-03
-8.081608997553189899e-03
-8.082166950803434252e-03
-8.082163593723658626e-03
-8.081449240417457741e-03
-8.075118127714327881e-03
7.770631777716971618e-03
7.770477058968956914e-03
7.771083848777254020e-03
7.771253730544738954e-03
7.771270240816317669e-03
7.771216874649264535e-03
7.771164810676233284e-03
7.770837250667387078e-03
7.770887783100850418e-03
7.854214652088055415e-03
7.854163111930365093e-03
7.853845612841190912e-03
7.853659207590327554e-03
7.853739684483589806e-03
7.851788047226011466e-03
7.851648675018269713e-03
7.851347897815955101e-03
7.895475542077411493e-03
-8.213272397753866713e-04
-8.180546982726611804e-04
-8.182195762231237075e-04
-8.182270279965532479e-04
-7.852804815699012146e-04
-7.859997174621093704e-04
-7.855392039317628900e-04
-7.855278499393596181e-04
-1.774030120756634734e-03
-1.766954168517235590e-03
-1.765863054914564544e-03
-1.765228588730425718e-03
-1.765310763708692393e-03
-1.765443961752776163e-03
-1.765535742685500056e-03
-1.765523194709116847e-03
-1.765078446389363410e-03
-1.765451221128784033e-03
-1.765596893094650019e-03
-1.765639069314073415e-03
-1.765716549163814106e-03
-1.765891687340340145e-03
-1.765841055451888289e-03
-1.765772792131616031e-03
-1.765871273232928924e-03
-1.765818352526273309e-03
-1.765806295033112714e-03
-1.765663310990022578e-03
-1.731839248888141858e-03
-1.731954583614504772e-03
-1.702945808923470505e-03
-1.702479502845971257e-03
-1.702630395159287786e-03
-1.703020648201357574e-03
-1.701782708378451808e-03
-1.701882507545452328e-03
-1.701870375607319845e-03
-1.703414023425152326e-03
-1.703453788348368745e-03
-1.703473500769414053e-03
-1.703087005572375724e-03
-1.923015556403212057e-03
-1.920590964606036120e-03
4.089160719369607823e-03
4.093662140047976336e-03
4.091578181931165674e-03
4.316983595987778158e-03
4.316883387510129545e-03
4.319162608185496410e-03
4.343250086152187703e-03
-6.233445422269861223e-03
-6.233136223224493809e-03
1.954594322540043863e-04
1.957246789383772375e-04
1.843902040925859184e-04
1.843787858439500146e-04
1.845342827313681082e-04
1.844618586490672071e-04
1.845849468482416373e-04
1.844364873314760164e-04
1.844867208067624037e-04
1.842662477102065819e-04
1.840176942144624423e-04
1.840130578222993454e-04
1.842813904642669914e-04
1.841964437772913323e-04
1.836456166662744081e-04
1.836480610233894267e-04
1.839793474399579836e-04
1.959781915567540740e-04
1.956885771843312684e-04
1.957561984272259857e-04
1.864195112334686227e-04
-5.008503830795779481e-03
-5.011542364006774282e-03
-5.011549651227507375e-03
-5.011578563406181991e-03
-5.011610689488938709e-03
-5.011736556438790152e-03
-5.011811643114333185e-03
-5.011812538324379902e-03
-5.011661523061097627e-03
-5.011975791406588811e-03
-5.012178677809488170e-03
-4.942503616613067030e-03
-4.901480251191739010e-03
-4.901642881536970482e-03
3.371780639167996311e-03
3.370043315515844871e-03
6.917610918640881065e-04
6.921120857920539521e-04
6.919435079269575318e-04
-1.429908449973827864e-02
-1.429921985286120717e-02
-1.429858011070956822e-02
-1.080348266996409082e-02
-1.080363032246029788e-02
-1.080387617833379610e-02
-1.080393943232922302e-02
-1.080392825892998766e-02
-1.080433213722997027e-02
-1.077803397370152329e-02
-1.077815685947396129e-02
-1.077693925000622679e-02
-1.077651090099350853e-02
-1.077761354532436044e-02
-1.077725249958770039e-02
-1.178418002289346317e-02
-1.178342879406015301e-02
-1.178614541557642184e-02
-1.178211405906057913e-02
-1.178236134049900387e-02
-1.178230095213672092e-02
-4.101803032168710623e-03
-4.101830106552353632e-03
-4.101803052591393266e-03
-4.101688247117814962e-03
-4.101984457580112181e-03
-4.101985530442276741e-03
-4.101723491890855132e-03
-4.101823935232332650e-03
-4.101970974558603010e-03
-4.101935611135262318e-03
-4.103172359647848377e-03
-4.103168887375584391e-03
-4.102979252989920333e-03
-4.103578757685111787e-03
-4.103756701686452069e-03
-4.103723850369247333e-03
-4.102774594456057300e-03
-4.103174254932980339e-03
-4.103127318825215177e-03
-4.103035050078623208e-03
-4.103270035601916388e-03
-4.103413566072723617e-03
-6.455128086820687873e-03
-6.460970967765617551e-03
-6.459277462011746816e-03
-6.464701072497785334e-03
-6.465698353021217919e-03
-6.466015154913567521e-03
-6.465851142545993996e-03
-6.464472367495287426e-03
-6.464548247623421416e-03
-6.464583207810957986e-03
-6.464456925029952311e-03
-6.463116373811654027e-03
-6.464956169907990456e-03
-6.466666471400095428e-03
-1.424565594549484656e-04
-1.423982043555752010e-04
-1.460052809511470538e-04
-1.451406829530531154e-04
-1.451768198966008148e-04
-1.430726820837706240e-04
-9.433344229114356801e-04
-9.422932568519553666e-04
-9.422550337738091857e-04
-9.423428609844353154e-04
-7.987416809839983055e-04
-7.987280985831522349e-04
-7.984097303009285961e-04
-7.982798334844680129e-04
-7.984182946330988006e-04
-7.983030147469494199e-04
1.461728994967569258e-02
1.461742966404425831e-02
1.461705764178971093e-02
1.461717184037914820e-02
1.461474944870749977e-02
-2.965951324788104488e-03
-2.965181604774572762e-03
-3.622887550396224673e-03
-3.613235439721226242e-03
-3.619595229037076822e-03
-3.619167871281266709e-03
-3.618923067520127095e-03
-3.618715122090613006e-03
-3.353535230326683443e-03
-3.350812125520149717e-03
-3.355430577669852883e-03
-3.645051810439333545e-03
-3.642852667419625018e-03
-3.642868958023520818e-03
-3.642480474935341512e-03
-3.667823332103041425e-03
-3.714670278354910947e-03
-5.606909847336896376e-04
-5.605805403136901411e-04
-5.690454963180584941e-04
-4.626954864506322394e-03
-4.627877893409185033e-03
-4.627919424074826774e-03
-4.626686676668148243e-03
-4.627125579648298272e-03
-4.614404259102878811e-03
-4.617369412053810851e-03
-4.611550096320687388e-03
-4.611684548831932601e-03
-4.611662797673442803e-03
-4.620045901929104894e-03
-4.616725094206326242e-03
-4.611065580808241041e-03
-4.610618478165876173e-03
-4.610713984081635415e-03
-4.609873563199590706e-03
-4.610760916228036355e-03
-4.610700588206701790e-03
-4.610993419788740957e-03
-4.610970589787158173e-03
-4.610595440853695014e-03
-4.622780086105468186e-03
-4.620138126756930669e-03
