1.190845539753927762e-02
1.190967768475469438e-02
1.190855987372039376e-02
1.190858730057489483e-02
1.175141887185218725e-02
1.177686791904028474e-02
1.179901833670261857e-02
1.179349857437014815e-02
1.179928052533799065e-02
1.182169067926835959e-02
1.178333773070236457e-02
1.179943470481986667e-02
1.181647489499496051e-02
1.181224584019505836e-02
1.181725472959792994e-02
1.181570166101024097e-02
1.181772190646272931e-02
1.181315961009837823e-02
1.180730677895903274e-02
1.180625487174824517e-02
1.180528607721720302e-02
1.178318385025001191e-02
1.178077643236406791e-02
1.179021156122321556e-02
1.177879756623557983e-02
1.179479016799916957e-02
1.178347840517002254e-02
1.178256935112947934e-02
1.175560812325390780e-02
1.176010030785665239e-02
1.182748893939258861e-02
1.183494882866065190e-02
1.246257471305656228e-02
1.246370590916169585e-02
1.245017647070938323e-02
1.250667886782602482e-02
1.250454787037978167e-02
1.256070603830303917e-02
1.257093574041067557e-02
1.257060771993457823e-02
1.256725386811500221e-02
1.245216541622425933e-02
1.244754098650627076e-02
1.246862378218345155e-02
1.249333976711047844e-02
1.246533379751737884e-02
1.246748704455839969e-02
1.245712882382978524e-02
1.247817617115656516e-02
1.248156408016370435e-02
1.247925813765769082e-02
1.247477213415115575e-02
1.247355870810802798e-02
1.247020755499733506e-02
1.247206630801000159e-02
1.247679413537531624e-02
1.248756575394410241e-02
1.249002102001604310e-02
1.248883323245094691e-02
1.248178531512307218e-02
1.247883903433889309e-02
1.248437605396040054e-02
1.247993804942904190e-02
1.249440386727479306e-02
1.248927444164442055e-02
1.248486719263156887e-02
1.248313670962595059e-02
1.248868629484299955e-02
1.249063717541081323e-02
1.247653554732184797e-02
1.248081140465572350e-02
1.248119234016862797e-02
1.248163632579751131e-02
1.249722508682093135e-02
1.248977912072649424e-02
1.250120969115071402e-02
1.250576200027601025e-02
1.250596157739598986e-02
1.247892994854619443e-02
1.248321235331136154e-02
1.247132296147584682e-02
1.247833937231420005e-02
1.248015198098935928e-02
1.247638865608331066e-02
1.246862859427457296e-02
1.247005841777634565e-02
1.249000583039277211e-02
1.247274745548823671e-02
1.246549540758975540e-02
1.246728995329320598e-02
1.246117549405292325e-02
1.248498814925245136e-02
1.247055234851740697e-02
1.248126687649969528e-02
1.232448250376023437e-02
1.232425191699795461e-02
1.233431941327078896e-02
1.233330675906393024e-02
1.230999936835547488e-02
1.231436273659618566e-02
1.231684255219678108e-02
1.230742206574099266e-02
1.231198722234916332e-02
1.231567819024090467e-02
1.231501049090757624e-02
1.230990438452008069e-02
1.229528231548141295e-02
1.243140126923061688e-02
1.239224293578128355e-02
1.236433576595793310e-02
1.237264988352387504e-02
1.230960092481101983e-02
1.230376403973980001e-02
1.225398308095274752e-02
1.234618158876200390e-02
1.227961934629311948e-02
1.229124645451181233e-02
1.235095077914919771e-02
1.234852978332504764e-02
1.235607419487715943e-02
1.234306410108723662e-02
1.235415312132344227e-02
1.238277116043285525e-02
1.240702749695943470e-02
1.240521762771099393e-02
1.240725382855279238e-02
1.241221152930230623e-02
1.240917108294264763e-02
1.241397676227717212e-02
1.240570303631584499e-02
1.241136356798188539e-02
1.237700060068135273e-02
1.240343131275012389e-02
1.239620981220760504e-02
1.239562375245706685e-02
1.239076641620787816e-02
1.238464937996012691e-02
1.238974398843344787e-02
1.237577789668428165e-02
1.237867044720669663e-02
1.236849626292083060e-02
1.236813630497524477e-02
1.237051959382320064e-02
1.239744172776450007e-02
1.239111343329427246e-02
1.238405178781221833e-02
1.241073497730866768e-02
1.240921889416628579e-02
1.240907154501757169e-02
1.239963209968223713e-02
1.240115223344988825e-02
1.237687235676997351e-02
1.237593756089680995e-02
1.239540780613439426e-02
1.239254164717788591e-02
1.239304304697801638e-02
1.230152515990502911e-02
1.229996136590542043e-02
1.231239661936740781e-02
1.248028717475361572e-02
1.244763019093938876e-02
1.244266697445205357e-02
1.244531170178251635e-02
1.250226222620340333e-02
1.246715381567805800e-02
1.245161800733099455e-02
1.246301223864512697e-02
1.240500302277305900e-02
1.242985749971248048e-02
1.242077230632057314e-02
1.242628642621959080e-02
1.241226940659148105e-02
1.243798941749047100e-02
1.246898136186030438e-02
1.246823680486095105e-02
1.236410728799264627e-02
1.229306531796724861e-02
1.228389365933109205e-02
1.230151053017561336e-02
1.229933483364984044e-02
1.230568985388266583e-02
1.227136527337089993e-02
1.227152388425906647e-02
1.228061509108382618e-02
1.223346691646464042e-02
1.233711607886988325e-02
1.235826709244761297e-02
1.228153140623407941e-02
1.228565821023805404e-02
1.228664029222306837e-02
1.228329799624418295e-02
1.228342432391795434e-02
1.228740476940318009e-02
1.229361591768448302e-02
1.230566789864911102e-02
1.231278612743495933e-02
1.231546482689796843e-02
1.230085766267185500e-02
1.228598128281585891e-02
1.228572276938292261e-02
1.229100369274052293e-02
1.229000755166344445e-02
1.228428916519396646e-02
1.228432987750018024e-02
1.227937618404764675e-02
1.229274403444200435e-02
1.228899328530774944e-02
1.228506122695842591e-02
1.228427891821729651e-02
1.233021493904668323e-02
1.232959198854800646e-02
1.230636424604945878e-02
1.233084715647229761e-02
1.232897221733752872e-02
1.231627286002585919e-02
1.232967031099408209e-02
1.232180830600049758e-02
1.233366862894224626e-02
1.231790231865045708e-02
1.231908908593263609e-02
1.231053280775548479e-02
1.231395142588199813e-02
1.231016073635558469e-02
1.230994862941528489e-02
1.230998149847904385e-02
1.231123902803397605e-02
1.231139967788879436e-02
1.231058844148100531e-02
1.230937868763909773e-02
1.230803710971207013e-02
1.231513920219418773e-02
1.231407443660991786e-02
1.231645715266531035e-02
1.228311175884463750e-02
1.228759931630988081e-02
1.227956365679233955e-02
1.228218051091992287e-02
1.228525217252484335e-02
1.229319348178477787e-02
1.229054632775633885e-02
1.228449005209344622e-02
1.228711475750954123e-02
1.226949360814102649e-02
1.221849275018829263e-02
1.223081747738599505e-02
1.223174203665344448e-02
1.226039033760727669e-02
1.226075260028765095e-02
1.226894591844571517e-02
1.226926579261781308e-02
1.230535395293141411e-02
1.227096212114218293e-02
1.228620408136270846e-02
1.231802043848733048e-02
1.230414996573020101e-02
1.231353373818770865e-02
1.231458021367188606e-02
1.231160060893854956e-02
1.232124033228200466e-02
1.231064510259417648e-02
1.232805843830812702e-02
1.233236357625138412e-02
1.232650324726919031e-02
1.229964665022480717e-02
1.229757791803264000e-02
1.229447522238487356e-02
1.229185558015984288e-02
1.229365366276470757e-02
1.226927112437337791e-02
1.227273164808449259e-02
1.227572156516628168e-02
1.227311953758047219e-02
1.230628467368182453e-02
1.232726952534802904e-02
1.231562488875105263e-02
1.231975695401379099e-02
1.230245515137798513e-02
1.230229966469951509e-02
1.230923191475448084e-02
1.230293786769229812e-02
1.230609004907337600e-02
1.229759607003935371e-02
1.228921739853977568e-02
1.228000788685419849e-02
1.228784384803614099e-02
1.229038048820328861e-02
1.230277699468350708e-02
1.229815495274910048e-02
1.229556272346177259e-02
1.230651144008605008e-02
1.232673411613151131e-02
1.232116047644619440e-02
1.231775664411633754e-02
1.232060594631756954e-02
1.229350626322326182e-02
1.229222310416908971e-02
1.229340318823135027e-02
1.230032408697222246e-02
1.229843043164027816e-02
1.229800889660249974e-02
1.229887158047137524e-02
1.228847243572260550e-02
1.230146886778646538e-02
1.229933980015915883e-02
1.230696813054936445e-02
1.230291113070155172e-02
1.231051951983990790e-02
1.231252125499394424e-02
1.231457405039573620e-02
1.229161900746197737e-02
1.229832840937449510e-02
1.229906282004039272e-02
1.229794665229943205e-02
1.229884294224118345e-02
1.230155652295047974e-02
1.230081406898245883e-02
1.228993436423711678e-02
1.229330547738552264e-02
1.227782626148309249e-02
1.228762381671937715e-02
1.228959498161687376e-02
1.229867704970553054e-02
1.229873724058528316e-02
1.229962318007755094e-02
1.230275165298169542e-02
1.230681486684630926e-02
1.230724582892736042e-02
1.226857010506593806e-02
1.226870972425271600e-02
1.227137869617926820e-02
1.227395922155435221e-02
1.227213196674272616e-02
1.226989307154984638e-02
1.226982871883485274e-02
1.226048869129569771e-02
1.226358156223572929e-02
1.226451498934609703e-02
1.227055905014290578e-02
1.227548767211365625e-02
1.228318899900546733e-02
1.228006330966133035e-02
1.227360612045607161e-02
1.227394977580938303e-02
1.226384044697971173e-02
1.226102460147089970e-02
1.226213044308279744e-02
1.225516884621582862e-02
1.227510495813852361e-02
1.227724669170091910e-02
1.227758702276969711e-02
1.227619725365634851e-02
1.227983869809897571e-02
1.227577486105316772e-02
1.227909856949661524e-02
1.227760988026871912e-02
1.227030875533081586e-02
1.228304249533769370e-02
1.228560480774012163e-02
1.228028921745824391e-02
1.228100310777827629e-02
1.228190409387650180e-02
1.228871487271753458e-02
1.229220557217280095e-02
1.228161318387602056e-02
1.229243266133474288e-02
1.229439620894894405e-02
1.229506726170215454e-02
1.229527278481656535e-02
1.229073447071303386e-02
1.229196234339973576e-02
1.227895505538730350e-02
1.228380890826614481e-02
1.228485701480594612e-02
1.228485235483552963e-02
1.228405829888766856e-02
1.228726688748582596e-02
1.228597842790477013e-02
1.228601552475356087e-02
1.228041075570515152e-02
1.228360988222475074e-02
1.227255376832811669e-02
1.230814171896210153e-02
1.232361155129572602e-02
1.232633883696529660e-02
1.231189326104156941e-02
1.231535348167729811e-02
1.231596729094642205e-02
1.231782781995563979e-02
1.231693963673625471e-02
1.231447418519453392e-02
1.231417265484672022e-02
1.231715162590214102e-02
1.230551343407998259e-02
1.230436749869727280e-02
1.230865201394853656e-02
1.230806637730940713e-02
1.231245580156168674e-02
1.231009214337316915e-02
1.230896643892061271e-02
1.231544982115693326e-02
1.231876137954227707e-02
1.230806748946990277e-02
1.230864404990839912e-02
1.230853192943377056e-02
1.232008220815267348e-02
1.232006421323714358e-02
1.232665685250034296e-02
1.231957176826259208e-02
1.231005715205532938e-02
1.230231683540481021e-02
1.230642492759626873e-02
1.231891665542167794e-02
1.231085446215696155e-02
1.231583957551650454e-02
1.231464381344547949e-02
1.231178517582609544e-02
1.231431339731596519e-02
1.231626154784521213e-02
1.231768769661657770e-02
1.231803740534971603e-02
1.230204251760645684e-02
1.231072490494184053e-02
1.230861069924389997e-02
1.233522694338039412e-02
1.232327768038307507e-02
1.232389032890028081e-02
1.232297403359037744e-02
1.232442407673058765e-02
1.232567268960235198e-02
1.231537277990932960e-02
1.231688747737471300e-02
1.231005884433949114e-02
1.235111403853213739e-02
1.235018007077908278e-02
1.235205609809215781e-02
1.234784907182316649e-02
1.234348675073474420e-02
1.234553127837849547e-02
1.234735676593517323e-02
1.234035499628136773e-02
1.234673484894646851e-02
1.234768325740186364e-02
1.234573918020489408e-02
1.234067111272928001e-02
1.234960153275226763e-02
1.235320901511646058e-02
1.234959101624080041e-02
1.235006392696410583e-02
1.234730930460998730e-02
1.235043533362757337e-02
1.234409794746022145e-02
1.234970161600444649e-02
1.234954587714743798e-02
1.235068529985362991e-02
1.234045081755663804e-02
1.233177837808340470e-02
1.234114013782841232e-02
1.234560046709795404e-02
1.234039357287082701e-02
1.234150056148997782e-02
1.237507485161701282e-02
1.236429422173489050e-02
1.236377429580184234e-02
1.236453418088264908e-02
1.236431081291941743e-02
1.237012519792211884e-02
1.236895604061672045e-02
1.236780373034149574e-02
1.235252474488240590e-02
1.235740208916286283e-02
1.236031959786376352e-02
1.239634530645167612e-02
1.242591757244830564e-02
1.242575376670264180e-02
1.239502938020419984e-02
1.240336917908997985e-02
1.240101704826935929e-02
1.240868161057459909e-02
1.240613797965214697e-02
1.241744225976331231e-02
1.242715234916049426e-02
1.239311375794643552e-02
1.241751630528987148e-02
1.242108902429581684e-02
1.241342536579802779e-02
1.242010762226046679e-02
1.241825646796595843e-02
1.229022995825774546e-02
1.228605662558235855e-02
1.228140304549066308e-02
1.225273240647211173e-02
1.225748884029060834e-02
1.224948519445158424e-02
1.228253605389035587e-02
1.228438021476077960e-02
1.224338806311040147e-02
1.224630505194146401e-02
1.247608205594995419e-02
1.247423686353446581e-02
1.247219761719171698e-02
1.247005126494235214e-02
1.246687170999606284e-02
1.246676420819843936e-02
1.247619252694028361e-02
1.247999859015554679e-02
1.248856002252245884e-02
1.246598432501093943e-02
1.246975184634031668e-02
1.247085680554322305e-02
1.246980700345310007e-02
1.246990896400167713e-02
1.246933269036682584e-02
1.246943467101406001e-02
1.246242478599902080e-02
1.247691347556294933e-02
1.247678789122438729e-02
1.246892864207915612e-02
1.247565985078491653e-02
1.247433463132252042e-02
1.246692510323640576e-02
1.246267555267389221e-02
1.246214142299223275e-02
1.246444441242762664e-02
1.247653021251143163e-02
1.248473828853530719e-02
1.248100853363469376e-02
1.248497088749139783e-02
1.247582185839884485e-02
1.248799569919692605e-02
1.248942179986050824e-02
1.226297859235169971e-02
1.226979116325496548e-02
1.215083795478862604e-02
1.215869374856409953e-02
1.214963503697260618e-02
1.213817977164009798e-02
1.213559466198628131e-02
1.224843109408960996e-02
1.215112302048214528e-02
1.214772887944629703e-02
1.214400469739845140e-02
1.214706565067038765e-02
1.214585177732818710e-02
1.213096463574966054e-02
1.206644905660552401e-02
1.207241040884580140e-02
1.202924578674657331e-02
1.204138116131502241e-02
1.205452882284307504e-02
1.248174162172520883e-02
1.248444955366523335e-02
1.250664593789934699e-02
1.249104229499960368e-02
1.249416869529937010e-02
1.249191347761098060e-02
1.249107591560183819e-02
1.248965349195343619e-02
1.248939114368270188e-02
1.249900863217334387e-02
1.249904191672449039e-02
1.249637954399837429e-02
1.249628590193731757e-02
1.249415208716000460e-02
1.249241021351507955e-02
1.249085158940548175e-02
1.248138739565328448e-02
1.249252188141567084e-02
1.248952214360009826e-02
1.248908961932859024e-02
1.248725583986436127e-02
1.249203868589158876e-02
1.248671227537200522e-02
1.248821823195758393e-02
1.249006339861286063e-02
1.248423085292663624e-02
1.248132149026094477e-02
1.248713847612802942e-02
1.248563052076282973e-02
1.248563455115543445e-02
1.248653406860057019e-02
1.248589527215803081e-02
1.247980612591737155e-02
1.247799781888784751e-02
1.247765255344288580e-02
1.247954604158148240e-02
1.247619582581166280e-02
1.247546670737592275e-02
1.248614721958599648e-02
1.248705099709871910e-02
1.248177967464103068e-02
1.248242446241125056e-02
1.248417575861271445e-02
1.247549635104153176e-02
1.247419528071787818e-02
1.247621111631452319e-02
1.247998788412324825e-02
1.247859053871445099e-02
1.247589432344102175e-02
1.247800038640578882e-02
1.247737097741994684e-02
1.248165137511846393e-02
1.248566641999335376e-02
1.248615408968420382e-02
1.248432325189676069e-02
1.246462246419743382e-02
1.248491801535474462e-02
1.248466312184619807e-02
1.248370205240089542e-02
1.247834334410662105e-02
1.247332143244295026e-02
1.250274389284469941e-02
1.250193136209015038e-02
1.249736034659286975e-02
1.250116729074632685e-02
1.250296569930592003e-02
1.249571876111051950e-02
1.250375538543635652e-02
1.249788462906242271e-02
1.249776961182337033e-02
1.249482415823325969e-02
1.249567165875168674e-02
1.249166609088088117e-02
1.245130470326455928e-02
1.248706074425197897e-02
1.248442825403155328e-02
1.245351862375145523e-02
1.245088116606168395e-02
1.243863826697738650e-02
1.243508917924610567e-02
1.245266784009517111e-02
1.245030718487007138e-02
1.246324313918872710e-02
1.246096857361917061e-02
1.246956168509759551e-02
1.245939303586142584e-02
1.246938623314976929e-02
1.245312990767708482e-02
1.245450168123601181e-02
1.250859737048452131e-02
1.247297799899143265e-02
1.247138672417004261e-02
1.246377300903332361e-02
1.246854802224148413e-02
1.246412138505390184e-02
1.246570902835300761e-02
1.247787608895914620e-02
1.249823368606268678e-02
1.250191904427279052e-02
1.250753195786980139e-02
1.250496218035659739e-02
1.250347211461850898e-02
1.246275904142725953e-02
1.247383183101622578e-02
1.246931755287659753e-02
1.249004635000854589e-02
1.248685307960255980e-02
1.248113993240548315e-02
1.248730837540819143e-02
1.249085844672236274e-02
1.247925145817473623e-02
1.247163948914322903e-02
1.248837489200665431e-02
1.249032908341447985e-02
1.245217992417340692e-02
1.252798105166127128e-02
1.251495063851236315e-02
1.251667572808017916e-02
1.249762974487043238e-02
1.249318928873608021e-02
1.254003230567699370e-02
1.250560873987653296e-02
1.250830592803552944e-02
1.251584898216701047e-02
1.251370661174225178e-02
1.250085090339594918e-02
1.251412187432490372e-02
1.249384383558760012e-02
1.248929954229386491e-02
1.250770924371116810e-02
1.249899775173709746e-02
1.249933696406464387e-02
1.251038665639865079e-02
1.253563996606698282e-02
1.243974482067284476e-02
1.241154820163682844e-02
1.240199099504112924e-02
1.242828478201474414e-02
1.243186792961198557e-02
1.239164938156965198e-02
1.238838306894899342e-02
1.243776621769971703e-02
1.241713101916934632e-02
1.241786374945352475e-02
1.241705850553304590e-02
1.241570479429498358e-02
1.241476314857658907e-02
1.242379900065013025e-02
1.240410046649507124e-02
1.240526332036298411e-02
1.243276785603985961e-02
1.244559191731487401e-02
1.242651158978690454e-02
1.240111570175336797e-02
1.239600495022586540e-02
1.240448964447292066e-02
1.240904893364235331e-02
1.240651702837555249e-02
1.240837064817573374e-02
1.241106568241057660e-02
1.240913025654206449e-02
1.239838722743335890e-02
1.240625937115215349e-02
1.241432605014818925e-02
1.240910001266743411e-02
1.241299348846891179e-02
1.268452425325752864e-02
1.268347940233577505e-02
1.268119808642058713e-02
1.267748036960609018e-02
1.266979098982795766e-02
1.267107985782422487e-02
1.269318588400751222e-02
1.268698557261476421e-02
1.268680203309749399e-02
1.269978205361497331e-02
1.270618330160432422e-02
1.269936645958256657e-02
1.270084834440709035e-02
1.270137105257419970e-02
1.270199419612894412e-02
1.265219847406161800e-02
1.264620552229643417e-02
1.237219435875039700e-02
1.237133291044397419e-02
1.237285092539553398e-02
1.236800588690943267e-02
1.238137184706117506e-02
1.236256385638771424e-02
1.239228958105069445e-02
1.235577453540197615e-02
1.232546260273257623e-02
1.238990744364876044e-02
1.238531084127073890e-02
1.238831973288143790e-02
1.245543496366234917e-02
1.247699255133108767e-02
1.233614942621898830e-02
1.219487568850281985e-02
1.219537957563964457e-02
1.219523274165063530e-02
1.219544838553623251e-02
1.219574667569565431e-02
1.219488408904450746e-02
1.219733378933941098e-02
1.219558847004611341e-02
1.219184739108612921e-02
1.219385470655639896e-02
1.219302273036236908e-02
1.219330240504237425e-02
1.219167800319416982e-02
1.219232259362957628e-02
1.219217923819283962e-02
1.218890546657409174e-02
1.219251218657389259e-02
1.218846361625185691e-02
1.219305028366083135e-02
1.220043580505025642e-02
1.219596684411618920e-02
1.220191509023964976e-02
1.220019234915059245e-02
1.220109374493363874e-02
1.220102633541626444e-02
1.220121602164042467e-02
1.219309752620828351e-02
1.220488799630238888e-02
1.220206793911659746e-02
1.228553272647516306e-02
1.228318917534676306e-02
1.224974390720108205e-02
1.222796256398658854e-02
1.223016226908233035e-02
1.222947464514916385e-02
1.222892702898492438e-02
1.222363873951450193e-02
1.222982306533174947e-02
1.222933043905292082e-02
1.221910607255159882e-02
1.222406303500219414e-02
1.220290948658710184e-02
1.217830022402523020e-02
1.219652098488500751e-02
1.219498402723096474e-02
1.219635563437845675e-02
1.219955759298392561e-02
1.220368847760877444e-02
1.217466438382430738e-02
1.216544556834136051e-02
1.216507412613107922e-02
1.216204076163827225e-02
1.219331593731917338e-02
1.217454460257619796e-02
1.219901117687908348e-02
1.218717986745655214e-02
1.219859132681470892e-02
1.219613689739590563e-02
1.219375248558574217e-02
1.218144230917870587e-02
1.218599780140040660e-02
1.225504018107640911e-02
1.225299240051123950e-02
1.227970154168911247e-02
1.227529868580563149e-02
1.228214569916504136e-02
1.227982214926651508e-02
1.227664519601656158e-02
1.228533716560622178e-02
1.228546830140912934e-02
1.227731337206680248e-02
1.228050887029307446e-02
1.228178576172097441e-02
1.228119948150325873e-02
1.228164076381559403e-02
1.228208914997056499e-02
1.228178916472055619e-02
1.228229420751283420e-02
1.228374585742378691e-02
1.228776966211723304e-02
1.228318739613483770e-02
1.227702297213901020e-02
1.227823535100504466e-02
1.228768574769451526e-02
1.227834531636262487e-02
1.227959825650871452e-02
1.227829381389295739e-02
1.227406509686447718e-02
1.227754384613588892e-02
1.227465403811006661e-02
1.227270736420814704e-02
1.227144245054831440e-02
1.225604763870408870e-02
1.225999058923561182e-02
1.228409325581040351e-02
1.228931043297375528e-02
1.228349134996440870e-02
1.228384634477886275e-02
1.227388681145404233e-02
1.225816391636997023e-02
1.225642483802320305e-02
1.229713724329639310e-02
1.230058654051587909e-02
1.231636189438772844e-02
1.230371554524329301e-02
1.230358459079868017e-02
1.228266922705139805e-02
1.227738227366538537e-02
1.227035557433921349e-02
1.229943923743309631e-02
1.225481262568358168e-02
1.224951306576852438e-02
1.225283862382431886e-02
1.226242231706408878e-02
1.224986785916345328e-02
1.222282273079332814e-02
1.224274220611338941e-02
1.224849756553894435e-02
1.225939696810704992e-02
1.225791675372060567e-02
1.225669321792728292e-02
1.225728345952991488e-02
1.225823961050473594e-02
1.225423968499230777e-02
1.225348228747107429e-02
1.225244272385899238e-02
1.225761116813721754e-02
1.225673389825324491e-02
1.224842716760035990e-02
1.227503978748582282e-02
1.228844019840433580e-02
1.229029659467816525e-02
1.226130261574534877e-02
1.226321338111215596e-02
1.226139805764465268e-02
1.229540773854287741e-02
1.224837103026003154e-02
1.224675516088667704e-02
1.226257319253920564e-02
1.225457898884633502e-02
1.225348936425471949e-02
1.225585327594589692e-02
1.225651433389948058e-02
1.226163490729228513e-02
1.226012732268956171e-02
1.225765501936307116e-02
1.225820060891539415e-02
1.225717038483826668e-02
1.225837896887571783e-02
1.225274777864323976e-02
1.222945660875734801e-02
1.223799236267935318e-02
1.223987858557129202e-02
1.223908405938396379e-02
1.227478076638295092e-02
1.226450694416361675e-02
1.226356915952453615e-02
1.226727760682896039e-02
1.225894994541192225e-02
1.220810984435272833e-02
1.224537554576055412e-02
1.223863052982587969e-02
1.223899907737305455e-02
1.228217613991561263e-02
1.228718789481819153e-02
1.227599486868059288e-02
1.227797800014675603e-02
1.223204146064157602e-02
1.223054107890754645e-02
1.224089903360782439e-02
1.222724366511501737e-02
1.218620811976225266e-02
1.220624131543427901e-02
1.220372011818760677e-02
1.219968585909179080e-02
1.221231040052402420e-02
1.223427060060128593e-02
1.221542991727151729e-02
1.221522685611371901e-02
1.226160445146857667e-02
1.225633998683955429e-02
1.225673729554090617e-02
1.225071730933527218e-02
1.227599022348933172e-02
1.227438349151386068e-02
1.228444626787348649e-02
1.228262420320844900e-02
1.222051873408550211e-02
1.222077588693248201e-02
1.221637043271372319e-02
1.223465626494199543e-02
1.223157422054809221e-02
1.222158293868941953e-02
1.220072939606088418e-02
1.220644368597832014e-02
1.221515530685721683e-02
1.222223984785857434e-02
1.221256595594636535e-02
1.218877117697725332e-02
1.217586069483489984e-02
1.221081517915137762e-02
1.221389148421665391e-02
1.220993060838574187e-02
1.220269632169975957e-02
1.219925645108004171e-02
1.219410691646016440e-02
1.219233443675902910e-02
1.219061486640894004e-02
1.221093606613104197e-02
1.220664486603811709e-02
1.221826020401522300e-02
1.223502338951547481e-02
1.223290173184661024e-02
1.223783537218064467e-02
1.221312995105587086e-02
1.220980692132671991e-02
1.221003195872287853e-02
1.221772346091188309e-02
1.221416203192246704e-02
1.219830733595713736e-02
1.220591350798509028e-02
1.222155962301834861e-02
1.221361618598226784e-02
1.221189105145630525e-02
1.221701158700923100e-02
1.220792451735869429e-02
1.220621174226880698e-02
1.223535503157463337e-02
1.223535503157463684e-02
1.223487206208049086e-02
1.267284024689903539e-02
1.265954992110092207e-02
1.257851743277372397e-02
1.247349728958837070e-02
1.226425886776181043e-02
1.228276797631268173e-02
1.242743832446938090e-02
1.243276626505944969e-02
1.243406842564276360e-02
1.232728964462627072e-02
1.232757775189912558e-02
1.232083570982891313e-02
1.232141753648862553e-02
1.232342510337289081e-02
1.232392925433017927e-02
1.231999485142658626e-02
1.232246513251448322e-02
1.231558561106601245e-02
1.233549388298454778e-02
1.233896041776880691e-02
1.229503969119106685e-02
1.228580690696315716e-02
1.230651003942506184e-02
1.229812456388275528e-02
1.229279736242479271e-02
1.235894392968481074e-02
1.236016465365942681e-02
1.235965690424650244e-02
1.235517247312366111e-02
1.234218266834595339e-02
1.234824292068910541e-02
1.235616830728777059e-02
1.235895385091469872e-02
1.236003211650268420e-02
1.235507839220565361e-02
1.234383173106228318e-02
1.234029933557584391e-02
1.232975552214212768e-02
1.235644341849736691e-02
1.235829671214648019e-02
1.236058670100625631e-02
1.236318887431173651e-02
1.235218163351733262e-02
1.235390887962922214e-02
1.234719135751091539e-02
1.235632362390423448e-02
1.234915006761295661e-02
1.234882783540192965e-02
1.235909881148784285e-02
1.235618162742628708e-02
1.242236913459617530e-02
1.241208726764142165e-02
1.240758637688085808e-02
1.236096730529260765e-02
1.244387991740999490e-02
1.240465512393964208e-02
1.243960943980545845e-02
1.242998603097434165e-02
1.245704162816251362e-02
1.245656768149320907e-02
1.245252941669723439e-02
1.245219606495242930e-02
1.245037689359997611e-02
1.244969584726422773e-02
1.244856799515154343e-02
1.241997277969664713e-02
1.243480763722732904e-02
1.237169808837567005e-02
1.239806913775800407e-02
1.238208193408908871e-02
1.240129546990568522e-02
1.239697124357800467e-02
1.234752698699824111e-02
1.237124402040497805e-02
1.254230652887638846e-02
1.255958089327040977e-02
1.255743798167528041e-02
1.255705746396591771e-02
1.255663200977784506e-02
1.255714875067192975e-02
1.255768482526282113e-02
1.255843277580879179e-02
1.255893611357438572e-02
1.256589599173764046e-02
1.256094454444280605e-02
1.256328101280761167e-02
1.255542353812651342e-02
1.255592898898533726e-02
1.255656158969868652e-02
1.256082826186871552e-02
1.256212804880768412e-02
1.256047559157843704e-02
1.255930513373190380e-02
1.256103920925939407e-02
1.257053343652132088e-02
1.257073027007372251e-02
1.257002406194561266e-02
1.256983115401207052e-02
1.255523464656906237e-02
1.255881835538552246e-02
1.250841960295849715e-02
1.250635607028836860e-02
1.250825639808288148e-02
1.250838034799008590e-02
1.250796372850444295e-02
1.251012561752891036e-02
1.250811862562027296e-02
1.250737671586312806e-02
1.251076428252101067e-02
1.250908113793548250e-02
1.251671085825497610e-02
1.251692461069199742e-02
1.251687547446307322e-02
1.251799235977206839e-02
1.251419817772129496e-02
1.253556557337020053e-02
1.252483649664909438e-02
1.252247503395244148e-02
1.252308125892509158e-02
1.252676532249500513e-02
1.251850491554244021e-02
1.253971607934469337e-02
1.245969078666995557e-02
1.245222416598334991e-02
1.245283808258034614e-02
1.245570569033066684e-02
1.246749100903130937e-02
1.245718707127241656e-02
1.245192513877078043e-02
1.245886399914319931e-02
1.245889044690224809e-02
1.246169823303257262e-02
1.246536009095199939e-02
1.245983526078873853e-02
1.246001984196704916e-02
1.246349509138715284e-02
1.245978612791775152e-02
1.248292630290454355e-02
1.249589887454553849e-02
1.249666685787496553e-02
1.249640434400610747e-02
1.254698594602722712e-02
1.255958975877599637e-02
1.246393206705989805e-02
1.247692691393437713e-02
1.245766956644176957e-02
1.245629235138858044e-02
1.245346303355129337e-02
1.245454760522738194e-02
1.245542240287013554e-02
1.246914167104904055e-02
1.246864445197789530e-02
1.246843476393617693e-02
1.246230367461177713e-02
1.246236904677947878e-02
1.246668898070648832e-02
1.246292258880862466e-02
1.246764248338406295e-02
1.244814963665062495e-02
1.245833184738138338e-02
1.245580439207458895e-02
1.246410275699031713e-02
1.243994943511225575e-02
1.240900936387030404e-02
1.240436292283388260e-02
1.246321466647587126e-02
1.245928344914252854e-02
1.240799812625761195e-02
1.242726908119566424e-02
1.242615270885223840e-02
1.241702520260428225e-02
1.241442336850699484e-02
1.242402136821990979e-02
1.241609298767840444e-02
1.242069001502618675e-02
1.242031234043594785e-02
1.236442840599045155e-02
1.236374123047669082e-02
1.242092754914343039e-02
1.242100766375514760e-02
1.242147036070105279e-02
1.239561549559369501e-02
1.239199147664949915e-02
1.239192960633666261e-02
1.239554773569553035e-02
1.239335459747101242e-02
1.239360346186778490e-02
1.237310492556532512e-02
1.237456839739694073e-02
1.237758308611166570e-02
1.237617252609155526e-02
1.238947773548995483e-02
1.241061683649470615e-02
1.241275638603575940e-02
1.241168859586295851e-02
1.241859409407950095e-02
1.243047703062119362e-02
1.242974015384250286e-02
1.242421021891491548e-02
1.242692484010228353e-02
1.240795103085286927e-02
1.240866891547149665e-02
1.240920386678254564e-02
1.240838367022865235e-02
1.241015155889042994e-02
1.241177183435983843e-02
1.243033206960430376e-02
1.241741853208890890e-02
1.244296304244863795e-02
1.241561123212015644e-02
1.241102396541098052e-02
1.241143715539244109e-02
1.241658826869623290e-02
1.241033489708309907e-02
1.242680507788576465e-02
1.243094418323584943e-02
1.243109971210001365e-02
1.242799056424364126e-02
1.242612844362280498e-02
1.247573843894672803e-02
1.247481004412557930e-02
1.246657737563795949e-02
1.246776171785001809e-02
1.246840213840025476e-02
1.247425935358977347e-02
1.247800508561936438e-02
1.248164426675713382e-02
1.247364154147522809e-02
1.246684300095891353e-02
1.244848085738034862e-02
1.247160490287658498e-02
1.246075144274147450e-02
1.246196476324582490e-02
1.245700102537331856e-02
1.242048426620127356e-02
1.244922576703994498e-02
1.245556369203321134e-02
1.246655350584973884e-02
1.244694928587078940e-02
1.245069250567662489e-02
1.246082302584691076e-02
1.244953543923263579e-02
1.240286587297412778e-02
1.246043086325633945e-02
1.245959452707414220e-02
1.241267489563680805e-02
1.241855471028239892e-02
1.241851978954056079e-02
1.242413421716954090e-02
1.241983288770653893e-02
1.240980040605386275e-02
1.240500732132928351e-02
1.241030237507181715e-02
1.246799841041757589e-02
1.245979713871154561e-02
1.247294306628525008e-02
1.240071716014960052e-02
1.240144155684446380e-02
1.239805902705852156e-02
1.241729824918719194e-02
1.241106242974532835e-02
1.239956706724314704e-02
1.242996183545041697e-02
1.243152335830290459e-02
1.243128687904272896e-02
1.242957493887112373e-02
1.243224863293021162e-02
1.244628518072549844e-02
1.249152756365265460e-02
1.244178815744345287e-02
1.244541602574582469e-02
1.244859423992617127e-02
1.183167012559774994e-02
1.182980266783372619e-02
1.195086957474456382e-02
1.209683162682670919e-02
1.209813525004069419e-02
1.194583412091230860e-02
1.194829133181306118e-02
1.190941710923306383e-02
1.192998716479147167e-02
1.199485336113449360e-02
1.198049319370826128e-02
1.199528865970700756e-02
1.196229901095592976e-02
1.196986184712260474e-02
1.197629965638316064e-02
1.197282121741800702e-02
1.198235548421414456e-02
1.195991140761026514e-02
1.198720374217047274e-02
1.198762502474955138e-02
1.199271282582447910e-02
1.199613209898956617e-02
1.199351195749665498e-02
1.199160782848928547e-02
1.199868958299717993e-02
1.199467237989397354e-02
1.198084808492559140e-02
1.198283513020703683e-02
1.199060320336211606e-02
1.198957887625820388e-02
1.199572613551495859e-02
1.199949896408747212e-02
1.200115841230542379e-02
1.200049897743477728e-02
1.200080747661714207e-02
1.199031417921701467e-02
1.199718572161706694e-02
1.197033193780084638e-02
1.198066304141911197e-02
1.198340474600056819e-02
1.197104583927881792e-02
1.198597550958446431e-02
1.198381252636154283e-02
1.198942629053684553e-02
1.198416989751460195e-02
1.198026702863946510e-02
1.198176001526646793e-02
1.198561024702402868e-02
1.198567817682767191e-02
1.199107393029122566e-02
1.197671524179292658e-02
1.198302098269377058e-02
1.197460942015772349e-02
1.197982883287620343e-02
1.198180876701741143e-02
1.197951105334160542e-02
1.197742695144278502e-02
1.197561045166414817e-02
1.197959851496194043e-02
1.199576193708584357e-02
1.199681973537003454e-02
1.199665642372126084e-02
1.199730681550769187e-02
1.200108134837353860e-02
1.200037344494358886e-02
1.200064142199375357e-02
1.198690709238453729e-02
1.199145420492201200e-02
1.199114469381815443e-02
1.199642240370512106e-02
1.199450203597398484e-02
1.199072855002340961e-02
1.198473740042656915e-02
1.197501018710130788e-02
1.199638189489767200e-02
1.198741346942459353e-02
1.199379030748322361e-02
1.199269431230749576e-02
1.196933965124633188e-02
1.200064579880085087e-02
1.199909207658013573e-02
1.199787279701423383e-02
1.200113707823130711e-02
1.199883791211581001e-02
1.199771725740496515e-02
1.199362932853466519e-02
1.199714357286599774e-02
1.199594555018391843e-02
1.199806810967016767e-02
1.199745109272974675e-02
1.199644561868294136e-02
1.199631445351279600e-02
1.199120063059553459e-02
1.199751679315762612e-02
1.200018351776322052e-02
1.200133887723297925e-02
1.198087381993362052e-02
1.197766824287287146e-02
1.198128682007998033e-02
1.199480345192237285e-02
1.200563461709997989e-02
1.200011412672856263e-02
1.200486991914623096e-02
1.226155750628895799e-02
1.225888242044163509e-02
1.227622851684573475e-02
1.227211282714403377e-02
1.227733277121306234e-02
1.228764610132429373e-02
1.228414240099895936e-02
1.228735990901556885e-02
1.228172671369546706e-02
1.229659676370805504e-02
1.225710358060133967e-02
1.225382953321297631e-02
1.225434982261512477e-02
1.225261848269007699e-02
1.225029462444275109e-02
1.223686998893307003e-02
1.223284498497984388e-02
1.225579585837172254e-02
1.226501127112123411e-02
1.227594376472412353e-02
1.227696585623349115e-02
1.228161981502305482e-02
1.226942346741446109e-02
1.227647899801048367e-02
1.227916031068340859e-02
1.226884752126522309e-02
1.225731832914341360e-02
1.225884909270154137e-02
1.225830445334937131e-02
1.225111270833781005e-02
1.225055267291753902e-02
1.225640095112402565e-02
1.225961649162595271e-02
1.228070661294303374e-02
1.227963492917026438e-02
1.227993716897964049e-02
1.228551858030510480e-02
1.228159864384286391e-02
1.227532154690650322e-02
1.227794290226717072e-02
1.228450986249350271e-02
1.227292986690215089e-02
1.225581327153661519e-02
1.225857246937835793e-02
1.225239083212633848e-02
1.225116933812588245e-02
1.224945835332447511e-02
1.225711186919696376e-02
1.226820392908626808e-02
1.227133026669893767e-02
1.227041849571662395e-02
1.228557135143412173e-02
1.229029743888512827e-02
1.229469702980804865e-02
1.228160333120402632e-02
1.229194001094197422e-02
1.228914560547326659e-02
1.230488458731637813e-02
1.230739947583860822e-02
1.230759990605750399e-02
1.230287318398144009e-02
1.230242294921767184e-02
1.230027988315955841e-02
1.229442044640289590e-02
1.228317961997579290e-02
1.228281979313365288e-02
1.227968668789316924e-02
1.227819467728451588e-02
1.228104076501590307e-02
1.228809205926526329e-02
1.228782252398499461e-02
1.228355839633504636e-02
1.228600124728236945e-02
1.227806672623190688e-02
1.227834530236057535e-02
1.228169514426868079e-02
1.215725262910140499e-02
1.263708681355329815e-02
1.264511434565409979e-02
1.258266836660520450e-02
1.258037364525340512e-02
1.257577890461733690e-02
1.257611424004388863e-02
1.257607098204205354e-02
1.256794272703483720e-02
1.256805556433970329e-02
1.257019250869549284e-02
1.256927387552706464e-02
1.257071440239846544e-02
1.257250502669894111e-02
1.257089786654922575e-02
1.256517402481879472e-02
1.257924622586341010e-02
1.257440733646050975e-02
1.257890944195089178e-02
1.257818579370553226e-02
1.257283931353518278e-02
1.255593753015402103e-02
1.257468966641886454e-02
1.256966031333947575e-02
1.257169414141166841e-02
1.264132634507208856e-02
1.264152433699515174e-02
1.262304741440379088e-02
1.262798745477341535e-02
1.262687580797177550e-02
1.263181362610504323e-02
1.262756085377793325e-02
1.294388630955392756e-02
1.294318387277691891e-02
1.284544906815542065e-02
1.294167605483408610e-02
1.294266702887587883e-02
1.294495851591739334e-02
1.293045321840143556e-02
1.247902106516953109e-02
1.246213373186654330e-02
1.249246543275515757e-02
1.249230727294473736e-02
1.248198071534662758e-02
1.248984594906357541e-02
1.248422538620343018e-02
1.248060500717926811e-02
1.244731609287269385e-02
1.233093223715973560e-02
1.232626049399229012e-02
1.233934581468536414e-02
1.233380938084094325e-02
1.233249227813795063e-02
1.243327854167548818e-02
1.243087994687661242e-02
1.238614257720242577e-02
1.238903955134250910e-02
1.238614252317317595e-02
1.239269364065924417e-02
1.241318061132262729e-02
1.242810452041841728e-02
1.242419682060015400e-02
1.241490238037253752e-02
1.230173115416964905e-02
1.232629182982994225e-02
1.230149374814676171e-02
1.229454622038560728e-02
1.229328948292615804e-02
1.232825975030908162e-02
1.233939991275574688e-02
1.233585057911463535e-02
1.232457719451101642e-02
1.230523552393997418e-02
1.230653641346301369e-02
1.241258751360757584e-02
1.238382156794487834e-02
1.238633664039875959e-02
1.236128440343771395e-02
1.235810551159536794e-02
1.237716647586420415e-02
1.238846645672226320e-02
1.238901821901469170e-02
1.238860895428997404e-02
1.238870930519648562e-02
1.234606932045216252e-02
1.234121652607806686e-02
1.233916254546388487e-02
1.234128284144844420e-02
1.233955251653470753e-02
1.234230691552674723e-02
1.234140222210746395e-02
1.234159490695880927e-02
1.233659935236683901e-02
1.234083886158649640e-02
1.234347698014780052e-02
1.234261891864213943e-02
1.234491754156625924e-02
1.234028428535828906e-02
1.234631451071666053e-02
1.232481235953033702e-02
1.231841336385113179e-02
1.235189630951359814e-02
1.259777665570546538e-02
1.257818363609233651e-02
1.262542646515707814e-02
1.262305290906640814e-02
1.263006917025000231e-02
1.262987062639447065e-02
1.263126709120476233e-02
1.262798759509412699e-02
1.262673712617248117e-02
1.262874907179484946e-02
1.262859633049368338e-02
1.262884101118944870e-02
1.262698797509317905e-02
1.262604018871891706e-02
1.262548781549082365e-02
1.262704200731388539e-02
1.263492231204430341e-02
1.261413512622461090e-02
1.255389792706843380e-02
1.256018960144277170e-02
1.256004248897635463e-02
1.256821386624007095e-02
1.256289317058739696e-02
1.240142928731998925e-02
1.251138828624604425e-02
1.251534303365241588e-02
1.247274755399950703e-02
1.249018279764689023e-02
1.248466477525706463e-02
1.248141673746573990e-02
1.247021493762999825e-02
1.247993548611470160e-02
1.247792063073573099e-02
1.248977059364845925e-02
1.248224279935819005e-02
1.249183757366695638e-02
1.247231988079243806e-02
1.247920379387621771e-02
1.246930627626727933e-02
1.246795164584803967e-02
1.247475500188483313e-02
1.247021620093238803e-02
1.244579941232032937e-02
1.245233456230557950e-02
1.245242779011642570e-02
1.249026347436201292e-02
1.248961428845046795e-02
1.249180355607264377e-02
1.249559134935664464e-02
1.248402191593759279e-02
1.244658485286384043e-02
1.244794481623973798e-02
1.245995014507479681e-02
1.248963687630663677e-02
1.249721587724063852e-02
1.249709062238860136e-02
1.249585017024608564e-02
1.249643846309370608e-02
1.249553104960886805e-02
1.248865280721639208e-02
1.248929657178815197e-02
1.249165782856058796e-02
1.249042491992321743e-02
1.250548615522240406e-02
1.249786435694860524e-02
1.249853749676697184e-02
1.249115265135631973e-02
1.249562148027263432e-02
1.249433650055715300e-02
1.250919160802273396e-02
1.250778878651764674e-02
1.250172436383838528e-02
1.250341095567280604e-02
1.249855266495743245e-02
1.250636791519840231e-02
1.250764444059436313e-02
1.246772622929791935e-02
1.246980746631374225e-02
1.247464643046793109e-02
1.249931552226447168e-02
1.249552946417080597e-02
1.247878879376571395e-02
1.247349234975214140e-02
1.247206390244803322e-02
1.257547945349370318e-02
1.260685982658252095e-02
1.260777306174739980e-02
1.260750047615962800e-02
1.256118797378939778e-02
1.208491557324108644e-02
1.207366171884662748e-02
1.205133903997292893e-02
1.209085611383216123e-02
1.206040724862650869e-02
1.205519554621028479e-02
1.205612670488224666e-02
1.205614708242666762e-02
1.205736129845974385e-02
1.204160161619098439e-02
1.204305676108506119e-02
1.206518839910284031e-02
1.226443555073330680e-02
1.228277035680582462e-02
1.228245277493750405e-02
1.215930216862829566e-02
1.217449121773798819e-02
1.216066098391258531e-02
1.218740525875514069e-02
1.218875042056541923e-02
1.218887544142418199e-02
1.218433080071600061e-02
1.219466561117426087e-02
1.215053377682457150e-02
1.216186485536659666e-02
1.214955107476703780e-02
1.215064475147930277e-02
1.220152789377104523e-02
1.207388641420636954e-02
1.206743426376624337e-02
1.211596341363261470e-02
1.209034415991288615e-02
1.224353789412206163e-02
1.223666408023304543e-02
1.225746542975592740e-02
1.226058604967821160e-02
1.224617812859346913e-02
1.216140131817420450e-02
1.219175403156874324e-02
1.217217118907816704e-02
1.236380075624667237e-02
1.235742594761619732e-02
1.237371197729887976e-02
1.234262209806163794e-02
1.234640124649044428e-02
1.234318764332749917e-02
1.237969933481511929e-02
1.233764441334611432e-02
1.233779280740918659e-02
1.241564147997652016e-02
1.252335636218893794e-02
1.251508254522336328e-02
1.253824274384242494e-02
1.255271933614779574e-02
1.255323765884817575e-02
1.254486406972809241e-02
1.255366593275362812e-02
1.255818930267779687e-02
1.256065718828953265e-02
1.256289627696080893e-02
1.254912945424445890e-02
1.255660458398733664e-02
1.255788266840811990e-02
1.256241976211269762e-02
1.255378808866260652e-02
1.255871753730853323e-02
1.256124574515006011e-02
1.252597351248340395e-02
1.252568041100249677e-02
1.252983550539357206e-02
1.252427044095600316e-02
1.252533978491504781e-02
1.252684629225957712e-02
1.255173116197813750e-02
1.254818239929941966e-02
1.255753428425331920e-02
1.255723270974166972e-02
1.255763926252592005e-02
1.254947305008958375e-02
1.255879320362205190e-02
1.255128118380961430e-02
1.255053987569419022e-02
1.254285178237505780e-02
1.254323896066704240e-02
1.253025041709686024e-02
1.250842568491192588e-02
1.254001048733198280e-02
1.254445902477313059e-02
1.253847617359806280e-02
1.254922241005556466e-02
1.254711853235730180e-02
1.253987016640430857e-02
1.253982860079345951e-02
1.254072271672053950e-02
1.254093330894335764e-02
1.254129343516637018e-02
1.254139209262005936e-02
1.254143206263099407e-02
1.254183070328244477e-02
1.254230587570057120e-02
1.252219800544993218e-02
1.253616693864685605e-02
1.253213923545901456e-02
1.253613463725520953e-02
1.253538533269066800e-02
1.253148740862965703e-02
1.253230827940190681e-02
1.252801621625020470e-02
1.252894658360664132e-02
1.252615066774043391e-02
1.252440364686137515e-02
1.251695295825704622e-02
1.251641598214018117e-02
1.250474749272562081e-02
1.251092343712621041e-02
1.250735783624630851e-02
1.251758620120902062e-02
1.252854015198045373e-02
1.252758203888986073e-02
1.253079512258835869e-02
1.250585563771875082e-02
1.258585715051913946e-02
1.257148788222388520e-02
1.220123338416895589e-02
1.218697216721732236e-02
1.219212061461602027e-02
1.217492077939710989e-02
1.215182973093393258e-02
1.212975004153729608e-02
1.214646321935362004e-02
1.213862948914838299e-02
1.210698781020623331e-02
1.212275711846747157e-02
1.213440146681252219e-02
1.212558485464814914e-02
1.216432326414602395e-02
1.217279480587379198e-02
1.217905824673458717e-02
1.217838698873874304e-02
1.217709423976192848e-02
1.216815714637218063e-02
1.215797906541138569e-02
1.217843482292677373e-02
1.218055526581376773e-02
1.217189048264673105e-02
1.217373482639838751e-02
1.217949505302217197e-02
1.217692475247553370e-02
1.218341853117980468e-02
1.218203945286765004e-02
1.218620897079782800e-02
1.218464675912395156e-02
1.218523080278858563e-02
1.218195864471927591e-02
1.218209540555460248e-02
1.218747592583005294e-02
1.218673352130762375e-02
1.218776516439518641e-02
1.218831832485512898e-02
1.218948580462827884e-02
1.218625898081728345e-02
1.218964763365719926e-02
1.218469495762662669e-02
1.218404938655361786e-02
1.218334131223186220e-02
1.218294487080181544e-02
1.218070088498167912e-02
1.218363375369131869e-02
1.217885510632882480e-02
1.218032513520723656e-02
1.217777524036001841e-02
1.218361954825760568e-02
1.218056239667586645e-02
1.218783889848387703e-02
1.218688422507084416e-02
1.217322068703232535e-02
1.218589690552506107e-02
1.219554606124920171e-02
1.219294254492521608e-02
1.220068656255473075e-02
1.219722410052235043e-02
1.219723080472455250e-02
1.219676838419341165e-02
1.219201018015612405e-02
1.219286981752693184e-02
1.219203357930933630e-02
1.218731203899515655e-02
1.217933268642948201e-02
1.217809605501653757e-02
1.217762992136865209e-02
1.218199190183862773e-02
1.218407240174491750e-02
1.217998173862751450e-02
1.217086887156337664e-02
1.216992232906641963e-02
1.217270050503537621e-02
1.217126728984839999e-02
1.216190753992592993e-02
1.216218971572326571e-02
1.216350548310476953e-02
1.218388686682293776e-02
1.217811946027731393e-02
1.218172022760138917e-02
1.218442121166911710e-02
1.218279501453439079e-02
1.218454573751234782e-02
1.218533679176883079e-02
1.219697906475233559e-02
1.219218653149866695e-02
1.219284400744912768e-02
1.219152525061165983e-02
1.219594351160292224e-02
1.219492238270897602e-02
1.219523262334083410e-02
1.219534097422457671e-02
1.219694807104367701e-02
1.219496729084243100e-02
1.219020808036676111e-02
1.216725184302189580e-02
1.218626326861577819e-02
1.218285787229305556e-02
1.217252536718562567e-02
1.217283883506766265e-02
1.216242699581574806e-02
1.216374024115728092e-02
1.217862417173181701e-02
1.216927145998532821e-02
1.215472651313645805e-02
1.216347290150009489e-02
1.216500430117546661e-02
1.215346782720129644e-02
1.215310960555083912e-02
1.215711188604188218e-02
1.217853339635080294e-02
1.218139459247493533e-02
1.218377161771548416e-02
1.217829565052928366e-02
1.217710775280769070e-02
1.217981848102322497e-02
1.218817264252355925e-02
1.219106481435991256e-02
1.219064927723991117e-02
1.218569728062135829e-02
1.218069090960876601e-02
1.217439447240387801e-02
1.218082816387796620e-02
1.217397063589219404e-02
1.220026276256102465e-02
1.222992171006526650e-02
1.222464281147403117e-02
1.222547698311423486e-02
1.223123660800526369e-02
1.223378690188522619e-02
1.220366171206768539e-02
1.220549698368345558e-02
1.220377117099577524e-02
1.220491368919620657e-02
1.220086452268514220e-02
1.220798655350386827e-02
1.220118446231761335e-02
1.217427544436268036e-02
1.216185676550734021e-02
1.216767137112314927e-02
1.217231318670439731e-02
1.217361515197314635e-02
1.216432437039411535e-02
1.215018068699834190e-02
1.216381616497396075e-02
1.215088374313108219e-02
1.216959962061076733e-02
1.216591517867421542e-02
1.216796305002868298e-02
1.225499292928868000e-02
1.224766850880585657e-02
1.226150327225043225e-02
1.225788288250474582e-02
1.225085111066438054e-02
1.224457132461482904e-02
1.224498712978670974e-02
1.224408235655104725e-02
1.211709015761665981e-02
1.214385209758895787e-02
1.216232735010368618e-02
1.216186283677278199e-02
1.215919964632711410e-02
1.225537119688467451e-02
1.225422707776887762e-02
1.225649991388161678e-02
1.225717076092640127e-02
1.223960766558611010e-02
1.224364445432268855e-02
1.229061713252178195e-02
1.214885027611439967e-02
1.216557646086693055e-02
1.216521607288366565e-02
1.220229614232591457e-02
1.218040434233794676e-02
1.217101280596196398e-02
1.216299320893617607e-02
1.222412888674386661e-02
1.222391335917615875e-02
1.222374538056637990e-02
1.216521018517868757e-02
1.211542686128907510e-02
1.215924972212522638e-02
1.215824965697625930e-02
1.216237193030087101e-02
1.216148223256710396e-02
1.216151398297875275e-02
1.215917160853078292e-02
1.216990647756595323e-02
1.216868253923556083e-02
1.216807812844650748e-02
1.216201117523554344e-02
1.218817347918772775e-02
1.218553626103257431e-02
1.217185603460293336e-02
1.217335202203731655e-02
1.215597322634324150e-02
1.180143940757823369e-02
1.183923710891695777e-02
1.180577502685844181e-02
1.177665731888381286e-02
1.175974579797431190e-02
1.177068395239097565e-02
1.176465949492073657e-02
1.176422241826175635e-02
1.177263319557038737e-02
1.177003063901698246e-02
1.178063041434342789e-02
1.185509380047895280e-02
1.178790051633611495e-02
1.184866108750924629e-02
1.244903455375477412e-02
1.244962563149406252e-02
1.244758148940888418e-02
1.240278056114535801e-02
1.240453381795749051e-02
1.239574415425381305e-02
1.239503238585071623e-02
1.242027283450916446e-02
1.240553630248262748e-02
1.240609969057350839e-02
1.240355024909325747e-02
1.241332852015569754e-02
1.241763973305186688e-02
1.241241765950639071e-02
1.241319242110294069e-02
1.242316819648773933e-02
1.241996995060485123e-02
1.241008725138014433e-02
1.240636805938111556e-02
1.241077214253834618e-02
1.242146221373323887e-02
1.242434574730799657e-02
1.241555171794684123e-02
1.215374737543823899e-02
1.215145206934764577e-02
1.215177857419466947e-02
1.216065592635710846e-02
1.215663418637763157e-02
1.215889581168989354e-02
1.215515220248120955e-02
1.214737169950286765e-02
1.215195782519913441e-02
1.216138118170700423e-02
1.216256200448333907e-02
1.216926067460982752e-02
1.216185103551176150e-02
1.216492389196873782e-02
1.218065571122022711e-02
1.216674772534590866e-02
1.216616060353710796e-02
1.217146306076111184e-02
1.217519277394236120e-02
1.217397638094408138e-02
1.215710131266766782e-02
1.215446673470088265e-02
1.213967758582834913e-02
1.213712614562572831e-02
1.213546256410618154e-02
1.213547094659914866e-02
1.213225873874088957e-02
1.213173038760183287e-02
1.213486737808083110e-02
1.212740046557559022e-02
1.212228611480381350e-02
1.213086694520295813e-02
1.212747160043001551e-02
1.213213679065205421e-02
1.213372102563493871e-02
1.213697405608139997e-02
1.213621427460472892e-02
1.213332941415986958e-02
1.213466873198519244e-02
1.213255508881882529e-02
1.213559046052557593e-02
1.213488393014560719e-02
1.213517523224832799e-02
1.213328527068292459e-02
1.213807085213263436e-02
1.213984905520774926e-02
1.214561890272118118e-02
1.214531281717460241e-02
1.214157502758614685e-02
1.214468863803051801e-02
1.213929535097220923e-02
1.213768635692851448e-02
1.213909772335678393e-02
1.212652724194331587e-02
1.212517159217883951e-02
1.216309755791070320e-02
1.214977125135877078e-02
1.214731115854878439e-02
1.214664524632737101e-02
1.214644361576885066e-02
1.210767736456685138e-02
1.210098502261108822e-02
1.210564064469716282e-02
1.210381408019320544e-02
1.209806242437396970e-02
1.216542772466248576e-02
1.220526958039973991e-02
1.219739093765515210e-02
1.220177850348655273e-02
1.220183310273110361e-02
1.215392227137822648e-02
1.215289072308334793e-02
1.218203840431454459e-02
1.212129497221240380e-02
1.212283445525580601e-02
1.211465766152571358e-02
1.213507193984024977e-02
1.211909959704907981e-02
1.213100917022559566e-02
1.209344812842642197e-02
1.218754947412207384e-02
1.218526589232086545e-02
1.220630074194459930e-02
1.257495278405007522e-02
1.257428165591908432e-02
1.256678154105766131e-02
-2.666550030549183145e-02
-2.665839570768445410e-02
-2.663746962800827081e-02
-2.662617039422335644e-02
-2.663127212432112034e-02
-2.662665287189607335e-02
-2.644164042706214496e-02
-2.651910875101269952e-02
-2.652521728818617308e-02
-2.652661349023419102e-02
-2.645365695689326502e-02
-2.650117048923343946e-02
-2.643080981366384072e-02
-2.642161508345901647e-02
-2.642465489978153281e-02
-2.649745318178173270e-02
-2.649553557035274828e-02
-2.647854231840491429e-02
-2.647395194827910359e-02
-2.649653065981317709e-02
-2.650883837504428714e-02
-2.649582939848264471e-02
-2.651410192572945662e-02
-2.649297783810963119e-02
-2.648030954719443955e-02
-2.632149515720599159e-02
-2.639722372800108047e-02
-2.619153818918660767e-02
-2.633285128334287781e-02
-2.637465936936274347e-02
-2.633730778148223733e-02
-2.625698834243613347e-02
-2.635869843070275109e-02
-2.633746605647498129e-02
-2.642156995735957942e-02
-2.645419001759955271e-02
-2.641883367726869866e-02
-2.645725162031972721e-02
-2.645898945147129658e-02
-2.643311400119748023e-02
-2.632911316746344016e-02
-2.627612583529949364e-02
-2.629259614612621324e-02
-2.630168669144853158e-02
-2.629799122404417530e-02
-2.630200883366800441e-02
-2.630617973676159863e-02
-2.630483435188452762e-02
-2.630015288737284906e-02
-2.629693807853920179e-02
-2.627502130358727594e-02
-2.631508784543367535e-02
-2.631004800014270784e-02
-2.631098173691326370e-02
-2.630930599362095793e-02
-2.628665892429059639e-02
-2.629239131591563222e-02
-2.632979040607110258e-02
-2.634751765786801439e-02
-2.633108911319707868e-02
-2.634571009054984675e-02
-2.634897888779584238e-02
-2.634918912577048286e-02
-2.632113188122365763e-02
-2.634672888675360786e-02
-2.634964562754977049e-02
-2.634889128712967696e-02
-2.635724907966775776e-02
-2.635433673756464035e-02
-2.636154078984960514e-02
-2.635638842826194470e-02
-2.635649394567393319e-02
-2.635840433063863994e-02
-2.635472152337730092e-02
-2.635704484186932386e-02
-2.635766286072599093e-02
-2.634546806049289577e-02
-2.633963711602878982e-02
-2.634077465737030485e-02
-2.634651936780369949e-02
-2.634818835283096738e-02
-2.634527771183288458e-02
-2.634395274555099281e-02
-2.635490648416226322e-02
-2.633578260988851324e-02
-2.633805937929651481e-02
-2.634005413980582827e-02
-2.632529974201109485e-02
-2.632369856287814641e-02
-2.632636642879433025e-02
-2.633568451538640873e-02
-2.633020766701190535e-02
-2.633782961805067671e-02
-2.633941986878169869e-02
-2.633758863988170523e-02
-2.633197050783345552e-02
-2.632903813833041215e-02
-2.633514358519347884e-02
-2.634335359486161127e-02
-2.632716055758344692e-02
-2.633655035373084347e-02
-2.633780538038393501e-02
-2.635387001172018878e-02
-2.633591051794833757e-02
-2.633735264496267839e-02
-2.633087277717747685e-02
-2.631597739025062083e-02
-2.632687014375481582e-02
-2.632531262073844677e-02
-2.632384814421658351e-02
-2.632459654827907364e-02
-2.631983863406227656e-02
-2.632478977000030779e-02
-2.632174698267062546e-02
-2.632921513762292304e-02
-2.631374695774141986e-02
-2.631676160992691554e-02
-2.632565384953061347e-02
-2.631458287880692956e-02
-2.631439643528669242e-02
-2.631197068420663976e-02
-2.630796093914213041e-02
-2.633049953218519201e-02
-2.631950267977788832e-02
-2.634441645783981364e-02
-2.635708765644002166e-02
-2.635399905557836431e-02
-2.635397458492185277e-02
-2.636026624314118452e-02
-2.637272450684413280e-02
-2.634725354611588966e-02
-2.634087242484032046e-02
-2.632986933729855594e-02
-2.634106050377152744e-02
-2.634295271984238990e-02
-2.633781300998175312e-02
-2.634685938777936443e-02
-2.635226256759597499e-02
-2.632753301196250756e-02
-2.633386048059150122e-02
-2.632885834476740572e-02
-2.634449683997812375e-02
-2.634300149246710313e-02
-2.634635232147712960e-02
-2.635736126644812674e-02
-2.635716340234255800e-02
-2.635601547929731364e-02
-2.634668112289244302e-02
-2.635572863819223705e-02
-2.635434411326693233e-02
-2.633532661664112623e-02
-2.631716182371199655e-02
-2.632640245191032735e-02
-2.632490854660551882e-02
-2.633826564944202753e-02
-2.633239296487724021e-02
-2.633647501215548303e-02
-2.631460203544519830e-02
-2.642937218265809310e-02
-2.630699722580972719e-02
-2.632236387665552388e-02
-2.630593078788133476e-02
-2.630034708486745851e-02
-2.629347408379432635e-02
-2.628729320137798003e-02
-2.629615867642741064e-02
-2.629414205411889638e-02
-2.627891872774492515e-02
-2.627490360691739704e-02
-2.627139514854220231e-02
-2.627971260134461667e-02
-2.630838422569933485e-02
-2.625992730803763595e-02
-2.626272882608750303e-02
-2.631140727193866449e-02
-2.628434628322901673e-02
-2.626276273296437869e-02
-2.627810454583903374e-02
-2.632044282849778372e-02
-2.631027392249637650e-02
-2.631333981449990658e-02
-2.638385051295289926e-02
-2.638224542632444658e-02
-2.623733357290841672e-02
-2.646134754495531663e-02
-2.645893833441644027e-02
-2.674495226069155060e-02
-2.673036703375583634e-02
-2.660669608580096962e-02
-2.662389775458335467e-02
-2.659918507475200061e-02
-2.639819674638907779e-02
-2.641909365941341042e-02
-2.647505698415206568e-02
-2.642762369760017285e-02
-2.642995236082141403e-02
-2.641723331953334253e-02
-2.642476915301825852e-02
-2.642497643025283963e-02
-2.644901298535557929e-02
-2.641269300702831641e-02
-2.642324153547990703e-02
-2.642421853543826943e-02
-2.641974101430426963e-02
-2.645468274562905522e-02
-2.644948773220153967e-02
-2.639413410242118230e-02
-2.638748671043303698e-02
-2.639755889285894108e-02
-2.640106662682501285e-02
-2.640281972859863727e-02
-2.640923671418441560e-02
-2.640996567824132474e-02
-2.640712469713268548e-02
-2.645205141401861873e-02
-2.640862433404662923e-02
-2.642750946842242071e-02
-2.641836648274347582e-02
-2.640217663498999751e-02
-2.640284689163936369e-02
-2.640069582368655826e-02
-2.640344271196283510e-02
-2.641240043769856743e-02
-2.641677433133191380e-02
-2.642131516786552434e-02
-2.642245305372393008e-02
-2.642914664430732335e-02
-2.643348898136678796e-02
-2.641997653479267669e-02
-2.641871153421141566e-02
-2.642300895323477367e-02
-2.642182342143448159e-02
-2.642340803061393739e-02
-2.642424683857349035e-02
-2.642681852307838739e-02
-2.640073238888163143e-02
-2.639660091325002345e-02
-2.637760516687925189e-02
-2.637904323010938079e-02
-2.638900270371913326e-02
-2.644774125507686272e-02
-2.642467785189058643e-02
-2.641514946143954518e-02
-2.642792328068819391e-02
-2.641074689467114850e-02
-2.652009780312517689e-02
-2.630792008006143518e-02
-2.629773276255445436e-02
-2.631906270238922388e-02
-2.631353071161675328e-02
-2.620725452219994922e-02
-2.618520127969299963e-02
-2.619985440178636271e-02
-2.619922994347706133e-02
-2.621657748765115689e-02
-2.621370933851534940e-02
-2.620644553067904073e-02
-2.620810732182497771e-02
-2.620373886054170112e-02
-2.621166808030003098e-02
-2.618868891400585180e-02
-2.620919229842143608e-02
-2.621589285087293913e-02
-2.621852254439499541e-02
-2.622250322407678955e-02
-2.620671100781902726e-02
-2.621444925961511838e-02
-2.623089367878638639e-02
-2.618763929118205977e-02
-2.620701140635279050e-02
-2.621787452124430332e-02
-2.621458320697413191e-02
-2.621740926996217469e-02
-2.622141495383441961e-02
-2.618688388501323391e-02
-2.620393527364359501e-02
-2.624362008549435341e-02
-2.624384260191489973e-02
-2.623008520249421605e-02
-2.620656761880920532e-02
-2.620902076194432662e-02
-2.620907632744967977e-02
-2.621375492082790234e-02
-2.622427760623340792e-02
-2.622325974746315264e-02
-2.622393799693863853e-02
-2.622003813450526910e-02
-2.622541852998084080e-02
-2.622112624785956705e-02
-2.622048643846013050e-02
-2.622018613033694212e-02
-2.621376188428671192e-02
-2.621497142738232755e-02
-2.621548851732511537e-02
-2.622771855265124130e-02
-2.622766038790635967e-02
-2.619560658099445716e-02
-2.620830304210625475e-02
-2.621919673866034139e-02
-2.623325080334206957e-02
-2.622922543067791878e-02
-2.622341891285401641e-02
-2.622078022766194741e-02
-2.621773975224046815e-02
-2.621934315736979340e-02
-2.623207500636558220e-02
-2.622571231001428332e-02
-2.621379847567665775e-02
-2.622547993120035587e-02
-2.621939269942492878e-02
-2.621377333433651952e-02
-2.622124059046540903e-02
-2.622365487622553906e-02
-2.622379154247679242e-02
-2.622260463439722925e-02
-2.623735219011014141e-02
-2.623256034451769414e-02
-2.623128111619305036e-02
-2.623421723225574306e-02
-2.623873149545764838e-02
-2.623678781761932047e-02
-2.622541899270033894e-02
-2.618439410663930475e-02
-2.619466356695240861e-02
-2.610424945790701737e-02
-2.611198473714510318e-02
-2.609594540547867034e-02
-2.609830231391601155e-02
-2.612336603825072753e-02
-2.611051189332934397e-02
-2.813745344272753496e-02
-2.813646591257889726e-02
-2.813588931722405331e-02
-2.813773148261640433e-02
-2.813024243214128778e-02
-2.813406656648417825e-02
-2.815467858786246599e-02
-2.814560026403985574e-02
-2.816041307150913067e-02
-2.815759347198911952e-02
-2.808705689333381925e-02
-2.812483425235347279e-02
-2.807698509616232685e-02
-2.810105268232897593e-02
-2.811770208841571361e-02
-2.809860135355358307e-02
-2.811620687514204686e-02
-2.812400986499554584e-02
-2.852467543180441101e-02
-2.859245138929493099e-02
-2.859513097528025571e-02
-2.860699433679360359e-02
-2.851903715353740210e-02
-2.859283657184404082e-02
-2.742907555442423637e-02
-2.739743456472877245e-02
-2.740917063672190790e-02
-2.736073352864145172e-02
-2.736938469598650461e-02
-2.730034322249188378e-02
-2.728544171268247609e-02
-2.722273489712441139e-02
-2.722574541311223104e-02
-2.723811004659671894e-02
-2.724438218392789476e-02
-2.726896401281890883e-02
-2.737518908597901673e-02
-2.736738195851322331e-02
-2.737928693262995164e-02
-2.732912751273332275e-02
-2.734889117434582614e-02
-2.734709438623477221e-02
-2.735094569307085915e-02
-2.734361398839435867e-02
-2.741923537323470370e-02
-2.742244528081477437e-02
-2.742400106910010404e-02
-2.741104512281193270e-02
-2.740779561904191711e-02
-2.740618577652990939e-02
-2.741209288389632667e-02
-2.741248411314171213e-02
-2.741066444714410077e-02
-2.718073408254060089e-02
-2.718699899426831393e-02
-2.717793528754965798e-02
-2.717988468619643092e-02
-2.729374881163046038e-02
-2.732720194010481232e-02
-2.732557527169700642e-02
-2.732839755440400267e-02
-2.733026402973708080e-02
-2.732971338201328065e-02
-2.732852133975331721e-02
-2.732946952317426292e-02
-2.733181845850512007e-02
-2.732884477743192583e-02
-2.734111073211641790e-02
-2.734092547050916838e-02
-2.734020938288768410e-02
-2.734012004390339381e-02
-2.734113352760234733e-02
-2.734208094779714410e-02
-2.734170882184509821e-02
-2.732181205817533348e-02
-2.733245777940197449e-02
-2.731901315135320737e-02
-2.732268440212868091e-02
-2.730581542530392120e-02
-2.730670116832967578e-02
-2.730399851567718791e-02
-2.729667511639007407e-02
-2.729226935499447573e-02
-2.732486922160336229e-02
-2.733554103479412037e-02
-2.734028669034934550e-02
-2.734504782148258761e-02
-2.734384015480632868e-02
-2.735118548710821496e-02
-2.734146719161344857e-02
-2.734033653487224699e-02
-2.732291920474153035e-02
-2.732058038241261602e-02
-2.731060844605254570e-02
-2.734539166226532605e-02
-2.733915275681909202e-02
-2.735010042663367155e-02
-2.735120844536617635e-02
-2.735141156017795172e-02
-2.737061459220797854e-02
-2.737377338140046037e-02
-2.738568678892428290e-02
-2.738592303919246129e-02
-2.737062802321160726e-02
-2.736630614194059466e-02
-2.736554652569150869e-02
-2.736632128199381966e-02
-2.736063438085083871e-02
-2.732301690691547880e-02
-2.733447462170481707e-02
-2.734662880827721729e-02
-2.733121231030174320e-02
-2.733706642895572525e-02
-2.733765915229549592e-02
-2.734513017789005906e-02
-2.731282985862707249e-02
-2.738029853253967638e-02
-2.738155272759503975e-02
-2.736625943436132510e-02
-2.734274637569701280e-02
-2.734973597319802566e-02
-2.739105861396371605e-02
-2.737836623195623320e-02
-2.733769620716809332e-02
-2.733328149600475210e-02
-2.734304949361358525e-02
-2.733940642581837374e-02
-2.722641486543475944e-02
-2.720571834101532041e-02
-2.722978324374710976e-02
-2.721348623090101559e-02
-2.734377292594925707e-02
-2.733301295748923054e-02
-2.733042110680401413e-02
-2.734164420005740989e-02
-2.732755549825318514e-02
-2.733084573917315963e-02
-2.733117897006657332e-02
-2.732585242043188492e-02
-2.732359165461506131e-02
-2.732427793330952787e-02
-2.732137830011817023e-02
-2.731636583178554539e-02
-2.733941121722629694e-02
-2.733706758857917460e-02
-2.733494094981776118e-02
-2.732061805381527306e-02
-2.733020814495065731e-02
-2.732529189698343006e-02
-2.732692708202038787e-02
-2.734389882951707151e-02
-2.733637243836136918e-02
-2.733112542161838035e-02
-2.731794179889762003e-02
-2.732632643333838748e-02
-2.731837691360201187e-02
-2.731221648917473224e-02
-2.731001116795892317e-02
-2.731642243471983644e-02
-2.732681590955640324e-02
-2.734374144377031343e-02
-2.732298121091737350e-02
-2.731213487418475763e-02
-2.732050378969604759e-02
-2.730552983449264018e-02
-2.731021308616395776e-02
-2.731981813213472596e-02
-2.730487674347110288e-02
-2.728718034915708981e-02
-2.720374496835481840e-02
-2.728714581225982067e-02
-2.723541816400141397e-02
-2.725793370174183286e-02
-2.726128341151781709e-02
-2.726302881114854235e-02
-2.726316240188346104e-02
-2.726400511858090639e-02
-2.727872128637961677e-02
-2.722589679379256236e-02
-2.726226095495624946e-02
-2.723170276885790442e-02
-2.733525689102945383e-02
-2.732823501338110458e-02
-2.730932431031798946e-02
-2.731586100630379113e-02
-2.730740009973372032e-02
-2.731021936314462564e-02
-2.731067352041423313e-02
-2.727518608430413299e-02
-2.724738380765123064e-02
-2.729195011947399552e-02
-2.729921044627439675e-02
-2.728611721506842697e-02
-2.727678007318605144e-02
-2.727417652630611394e-02
-2.727306756309898564e-02
-2.726069048015532931e-02
-2.727189775052608900e-02
-2.727215608261262386e-02
-2.726276896467300787e-02
-2.731158618225013740e-02
-2.731935043363924870e-02
-2.730727853996627388e-02
-2.732124421468938580e-02
-2.732144361028205140e-02
-2.740887441828597504e-02
-2.740532325307061534e-02
-2.738675407015646324e-02
-2.744469714279028014e-02
-2.740149817516957659e-02
-2.741587510150253482e-02
-2.740712108135745159e-02
-2.743920076383801754e-02
-2.740426978871567110e-02
-2.740538281863105774e-02
-2.743104756224299876e-02
-2.739589121535961416e-02
-2.739722253752279943e-02
-2.741640580360158938e-02
-2.740700527549061460e-02
-2.738584479415746148e-02
-2.739068774421962379e-02
-2.738737759940780905e-02
-2.738410837248294455e-02
-2.738304671210230190e-02
-2.738365781150824824e-02
-2.739063231900903256e-02
-2.739331384551833837e-02
-2.739122344213922380e-02
-2.738770979443010123e-02
-2.738901024673812482e-02
-2.739092343407901683e-02
-2.739003455756804789e-02
-2.739020972323211525e-02
-2.739196280287640659e-02
-2.735600722426954901e-02
-2.736271824572407765e-02
-2.735042523775908091e-02
-2.735554243560530535e-02
-2.737875457834836393e-02
-2.737208334406284263e-02
-2.736626395530279351e-02
-2.737094628990634909e-02
-2.736847293983488832e-02
-2.736280623366289799e-02
-2.735997566411337706e-02
-2.737859950204349704e-02
-2.737461818304120706e-02
-2.737978545835691169e-02
-2.736887563127793355e-02
-2.737343013804957245e-02
-2.738913876407064393e-02
-2.738973267815379697e-02
-2.739399592014712601e-02
-2.738506400385372005e-02
-2.735778479149214917e-02
-2.737574289688682674e-02
-2.737734537034245547e-02
-2.736265259415335965e-02
-2.736462534147128534e-02
-2.736670679121208996e-02
-2.736581782177164093e-02
-2.737650055081381623e-02
-2.737760442145198078e-02
-2.737011683756457314e-02
-2.737492427525795025e-02
-2.737451559788037225e-02
-2.737422742856072608e-02
-2.736863132537725729e-02
-2.737279020789672168e-02
-2.736780490743922004e-02
-2.736649720224374610e-02
-2.736685957233743124e-02
-2.736688004675639010e-02
-2.736825537129130778e-02
-2.736780171521743799e-02
-2.730503040544883520e-02
-2.732188681265943289e-02
-2.731217233311216200e-02
-2.729990008262799320e-02
-2.728709012204089471e-02
-2.728536753874380091e-02
-2.727576626296198889e-02
-2.728223542571914240e-02
-2.729295725418311863e-02
-2.729220417783820296e-02
-2.729041708284996037e-02
-2.730846977012935106e-02
-2.729492633011764563e-02
-2.730169886071386401e-02
-2.730491037886035102e-02
-2.730088334841975634e-02
-2.731807142901734528e-02
-2.732115439755431266e-02
-2.732362433567139468e-02
-2.730392635406930779e-02
-2.730237800674412477e-02
-2.728953626019415754e-02
-2.728757858336584158e-02
-2.730868560514332008e-02
-2.730571968013819142e-02
-2.730589425531911724e-02
-2.730318460433061450e-02
-2.731955125920655300e-02
-2.729333502699305899e-02
-2.729742512652577613e-02
-2.729732518286146978e-02
-2.729349116131637998e-02
-2.729734421756942891e-02
-2.729417235013132867e-02
-2.728913982932934870e-02
-2.729068772832547382e-02
-2.729338698908791855e-02
-2.729247899376546077e-02
-2.729893284158534106e-02
-2.729262991373890973e-02
-2.729658541306654446e-02
-2.729463341776893273e-02
-2.729611729454933106e-02
-2.729766689349385350e-02
-2.729796763568186763e-02
-2.729755057146757841e-02
-2.729937823657248991e-02
-2.729532116878919876e-02
-2.729314807441163629e-02
-2.729070638435966700e-02
-2.732167412875128112e-02
-2.731231990799226628e-02
-2.730534336221802569e-02
-2.729968617559138180e-02
-2.728497295130060188e-02
-2.729934783727267639e-02
-2.730361791703347571e-02
-2.725526705015748549e-02
-2.725603982948436241e-02
-2.725532996506145958e-02
-2.727062616046361035e-02
-2.727419313176028537e-02
-2.727081818475319414e-02
-2.730030248533518722e-02
-2.730154326488995128e-02
-2.735239803533503003e-02
-2.733753862824733066e-02
-2.734054608740520836e-02
-2.734418441000197736e-02
-2.734615746746014639e-02
-2.734878457528629875e-02
-2.735685449795588128e-02
-2.734216719144563768e-02
-2.734438534929593823e-02
-2.735476634603291671e-02
-2.734942428972673631e-02
-2.734457666635395703e-02
-2.734536748647855772e-02
-2.735352908758954468e-02
-2.735591022145078891e-02
-2.735610833948583925e-02
-2.735397598709237571e-02
-2.734970654361200404e-02
-2.736295372072463511e-02
-2.736617971761135318e-02
-2.735466686142893136e-02
-2.735858583204101371e-02
-2.735876871377270966e-02
-2.737714101064995728e-02
-2.737751869321080472e-02
-2.737417503714319883e-02
-2.737282404531769450e-02
-2.736800886921476189e-02
-2.734911156512617042e-02
-2.736224432110743315e-02
-2.736284780626671229e-02
-2.735591953297887569e-02
-2.735898531709372167e-02
-2.735960108767008375e-02
-2.736111590566871199e-02
-2.728369793313504058e-02
-2.725037899886248796e-02
-2.726761223342938356e-02
-2.729252386833543390e-02
-2.728311950130588373e-02
-2.728214757220184458e-02
-2.729798572066174239e-02
-2.728353010057155484e-02
-2.728887534885237123e-02
-2.728632662861728633e-02
-2.733893006670681455e-02
-2.734236443508674536e-02
-2.733948971218642596e-02
-2.734309210560996115e-02
-2.734262353928368014e-02
-2.735000778906543362e-02
-2.736540734233055411e-02
-2.737235163828287063e-02
-2.736642676598037907e-02
-2.737150724761086215e-02
-2.752534281625253210e-02
-2.752061865251382092e-02
-2.752909476675182918e-02
-2.753769582973668653e-02
-2.753668895306805864e-02
-2.754245506256130724e-02
-2.747421341063955441e-02
-2.746894056625880792e-02
-2.747209461337327824e-02
-2.743290716365519299e-02
-2.749267073175314796e-02
-2.749253795414105181e-02
-2.737808732476650422e-02
-2.738349898688507283e-02
-2.737739410570087448e-02
-2.738091495452777552e-02
-2.737253300555617802e-02
-2.745316375383068108e-02
-2.743210212841551768e-02
-2.754067541848199269e-02
-2.755605459132148480e-02
-2.751186120327041296e-02
-2.751084523921598982e-02
-2.751394285227732467e-02
-2.750518250581480625e-02
-2.753608675769841571e-02
-2.753054116425639880e-02
-2.746610648998545900e-02
-2.746410022968337125e-02
-2.748851283104813623e-02
-2.755453616605074707e-02
-2.755800784033294454e-02
-2.755541414371348585e-02
-2.755798716500087661e-02
-2.755355205347194414e-02
-2.755744586538387553e-02
-2.756229879004068115e-02
-2.756189642431762163e-02
-2.755821150430447231e-02
-2.757889181909899817e-02
-2.757877849434047651e-02
-2.752598183274959295e-02
-2.753521206292606355e-02
-2.752054566899092558e-02
-2.752785280842887441e-02
-2.753923348094639359e-02
-2.748359530737122178e-02
-2.750008070388533510e-02
-2.750994899455688411e-02
-2.750773740546425331e-02
-2.751548795074164680e-02
-2.752622465441465979e-02
-2.753755234011309727e-02
-2.753892613210770848e-02
-2.753519344820115275e-02
-2.753619040905920870e-02
-2.753569881587432724e-02
-2.752859516421611238e-02
-2.753164288387425357e-02
-2.753197607017237453e-02
-2.753104690304842422e-02
-2.751005812262448738e-02
-2.751475451302028141e-02
-2.750771536949063109e-02
-2.750867245958823690e-02
-2.751296972558990236e-02
-2.751002289041490009e-02
-2.750933607895832828e-02
-2.751037492199046725e-02
-2.749547263692057875e-02
-2.754312312233521062e-02
-2.753385221737921981e-02
-2.752744722024539833e-02
-2.750471999234637213e-02
-2.750423214642546202e-02
-2.750343435530352640e-02
-2.751438676320995189e-02
-2.751665960789369259e-02
-2.751420945224009734e-02
-2.750938069076837994e-02
-2.744798249627822609e-02
-2.745714880534942323e-02
-2.745158891599024445e-02
-2.750254987766557677e-02
-2.747596912260195229e-02
-2.746764493852393851e-02
-2.747709468790821355e-02
-2.746764471498543136e-02
-2.746089127971651153e-02
-2.747975860323785199e-02
-2.747468875098954544e-02
-2.744022874201684781e-02
-2.744242308307708392e-02
-2.745463114595853710e-02
-2.743978179680433768e-02
-2.744980248322913957e-02
-2.744256454901860057e-02
-2.743144943441940334e-02
-2.742995276818619224e-02
-2.743929618797161588e-02
-2.743846184734354682e-02
-2.741187477319583649e-02
-2.742827691107943555e-02
-2.738719826692530279e-02
-2.739691770739336590e-02
-2.737774849439050459e-02
-2.741521167197111253e-02
-2.741548291525096673e-02
-2.742249828729117350e-02
-2.743311157659616278e-02
-2.743388632368400429e-02
-2.752437242999167602e-02
-2.749576338794338520e-02
-2.750539149212015422e-02
-2.751084459759069178e-02
-2.751613411674093054e-02
-2.744511071517199974e-02
-2.744959984560651003e-02
-2.747090363082154915e-02
-2.748225159478154961e-02
-2.749104976582913626e-02
-2.750399721350536494e-02
-2.750347806206596135e-02
-2.750299390512941575e-02
-2.745864972474868979e-02
-2.747924694158860107e-02
-2.747713355639802221e-02
-2.746877673735659275e-02
-2.746802145573305765e-02
-2.745075158294509737e-02
-2.746144359895113726e-02
-2.750424312519540726e-02
-2.746803143625698926e-02
-2.762702797005506250e-02
-2.757865734729040078e-02
-2.759584342001105556e-02
-2.749533583322997382e-02
-2.744687149784975563e-02
-2.745739689910874429e-02
-2.745630227799347733e-02
-2.745634127868309612e-02
-2.744823925332241094e-02
-2.745047709336588884e-02
-2.745096862338682400e-02
-2.746435843891336173e-02
-2.750007971389185207e-02
-2.748478702769127646e-02
-2.747983753539795515e-02
-2.748076075384875069e-02
-2.752148172225682421e-02
-2.747662212669245430e-02
-2.750474522922105591e-02
-2.750758859496291869e-02
-2.751832095623169688e-02
-2.750517358566221052e-02
-2.750785527110006373e-02
-2.753275760779561390e-02
-2.752056472710963375e-02
-2.752034754571770075e-02
-2.752697444076918076e-02
-2.752133563389781018e-02
-2.751292951416345334e-02
-2.752837594928059586e-02
-2.751313007677477773e-02
-2.751211718185686203e-02
-2.749742670175641529e-02
-2.753612253359262810e-02
-2.752802599997397279e-02
-2.753549914008400143e-02
-2.753852329755915665e-02
-2.753543680261419380e-02
-2.753561896417984836e-02
-2.755880616903742461e-02
-2.754740963233944309e-02
-2.755848768106776425e-02
-2.756063878930949465e-02
-2.755579492746752443e-02
-2.755756142706911396e-02
-2.756580616984411272e-02
-2.755643274745043711e-02
-2.755312045495534462e-02
-2.754683352820937528e-02
-2.749809739764521102e-02
-2.749144539533866088e-02
-2.749075445473929055e-02
-2.749230110448934797e-02
-2.748709804138704110e-02
-2.752446554694698913e-02
-2.752409191848325873e-02
-2.751259767620330490e-02
-2.752218958224072337e-02
-2.753128910193988407e-02
-2.752695873132162893e-02
-2.752376373447307234e-02
-2.753513207560481443e-02
-2.753077502721874500e-02
-2.752693376749577175e-02
-2.751648639085207612e-02
-2.753057937410579442e-02
-2.754516884161029022e-02
-2.754126695450486578e-02
-2.753639854313961327e-02
-2.754075001947551421e-02
-2.753535614834831668e-02
-2.757719713651007529e-02
-2.757819372698165281e-02
-2.758928637043904161e-02
-2.758320028744960448e-02
-2.758507908132815448e-02
-2.758447374320157838e-02
-2.752671824216070331e-02
-2.759508494202122034e-02
-2.758100977160450953e-02
