-3.516036796444875490e-02
-3.516218719628916300e-02
-3.516135261215998231e-02
-3.516135261216002394e-02
-3.516135261215944108e-02
-3.513100415971032175e-02
-3.517165918222370929e-02
-3.516342442936369606e-02
-3.514751044650559625e-02
-3.515594329432209647e-02
-3.515381389849079469e-02
-3.514816604620223800e-02
-3.515679124352100171e-02
-3.515679124352101559e-02
-3.514809358825897456e-02
-3.524041585620533296e-02
-3.523329921923500085e-02
-3.526807566606721123e-02
-3.513663645284732101e-02
-3.514503954225980248e-02
-3.513660144507011612e-02
-3.507814785405101443e-02
-3.510142720786368215e-02
-3.508507441134538912e-02
-3.513107228398731213e-02
-3.513107228398731213e-02
-3.512341699680514989e-02
-3.510827093248031217e-02
-3.510827093248031910e-02
-3.512471020468277416e-02
-3.511608801237806055e-02
-3.514734431436329631e-02
-3.516975646429004732e-02
-3.511760535596081950e-02
-3.511760535596081950e-02
-3.511982078927208123e-02
-3.514016753184467240e-02
-3.511574358944704460e-02
-3.512450040421045971e-02
-3.511493001098650590e-02
-3.509945961544120446e-02
-3.508508313261369388e-02
-3.521084842900443906e-02
-3.521084842900443906e-02
-3.521080557942711520e-02
-3.520921292087363791e-02
-3.517879379134527390e-02
-3.517912621167212234e-02
-3.518506711749608273e-02
-3.519338811349571189e-02
-3.519338811349572577e-02
-3.518796692034648066e-02
-3.517335827874684684e-02
-3.517335827874685378e-02
-3.517335827874684684e-02
-3.517445704750053748e-02
-3.517445704750055829e-02
-3.517516013508457245e-02
-3.518742266617951031e-02
-3.517868136056667011e-02
-3.520408330011689374e-02
-3.520350922791613824e-02
-3.520917150146089802e-02
-3.516756109612899361e-02
-3.517511075407997456e-02
-3.516526099943390049e-02
-3.517029105614769696e-02
-3.516767277396040670e-02
-3.513373108682085744e-02
-3.514691664121703807e-02
-3.514691664121703807e-02
-3.514713109311833755e-02
-3.514713109311833061e-02
-3.517097384904455115e-02
-3.521030629497728937e-02
-3.520645028900014351e-02
-3.519987993784335495e-02
-3.518711179604052525e-02
-3.520387021072443612e-02
-3.520539136390791329e-02
-3.521371055385235510e-02
-3.520765523804418595e-02
-3.531889097033854424e-02
-3.530343283335840576e-02
-3.533196922685603175e-02
-3.532686726652711079e-02
-3.533196922685603175e-02
-3.531515640310580600e-02
-3.530202389801667673e-02
-3.530202389801664897e-02
-3.530202389801665591e-02
-3.531997964271292589e-02
-3.531997964271293283e-02
-3.531530179728942925e-02
-3.532260022167293262e-02
-3.530671367835210017e-02
-3.536541408797259922e-02
-3.537472463006125639e-02
-3.535527328966751870e-02
-3.536124806459357145e-02
-3.538385153221539764e-02
-3.538385153221540458e-02
-3.538385153221540458e-02
-3.539255888901422092e-02
-3.536672245262195008e-02
-3.537977291045153044e-02
-3.527033790235710453e-02
-3.527033790235709759e-02
-3.527021170244664522e-02
-3.527036402368013274e-02
-3.527036402368012580e-02
-3.527358678321141500e-02
-3.527358678321141500e-02
-3.527342538657034232e-02
-3.525558607818823909e-02
-3.525558607818824602e-02
-3.525599687518887054e-02
-3.523544465325366415e-02
-3.523544465325367803e-02
-3.523544465325366415e-02
-3.525204957588501387e-02
-3.480872278832508604e-02
-3.480872897752719519e-02
-3.480872897752719519e-02
-3.481380346658984742e-02
-3.481357392641590970e-02
-3.483002919796641950e-02
-3.485546479973193612e-02
-3.485546479973193612e-02
-3.487856612510059628e-02
-3.484529235375349865e-02
-3.483695126122507424e-02
-3.483986995971429662e-02
-3.482157448311302972e-02
-3.483264482476618185e-02
-3.482202371435516586e-02
-3.482202371435516586e-02
-3.482202371435516586e-02
-3.500488315401409367e-02
-3.497612626321257995e-02
-3.497612626321256607e-02
-3.499409951480920988e-02
-3.499409951480920294e-02
-3.496297362185846191e-02
-3.498791209119431200e-02
-3.498791209119431200e-02
-3.497328096797566038e-02
-3.497357598793760652e-02
-3.495547699978632239e-02
-3.495547699978632239e-02
-3.495547699978632239e-02
-3.495547699978631545e-02
-3.496448233563893143e-02
-3.495547699978632239e-02
-3.495547699978630851e-02
-3.486325230164934175e-02
-3.486325230164933481e-02
-3.485491835005853634e-02
-3.489137288134235709e-02
-3.485646432061247080e-02
-3.481586898889871967e-02
-3.482433539158247271e-02
-3.483281608791594097e-02
-3.482433539158247965e-02
-3.482213716652400592e-02
-3.487539350046162806e-02
-3.487258190806252767e-02
-3.487214158246049883e-02
-3.487462060190361229e-02
-3.486053342092616802e-02
-3.487093738171844620e-02
-3.488075000297265194e-02
-3.487362527584771110e-02
-3.488149826539664600e-02
-3.487223382775656716e-02
-3.487245014646007946e-02
-3.484505547730369635e-02
-3.485167999002539152e-02
-3.504771820677177185e-02
-3.500727186074186620e-02
-3.502498985809121557e-02
-3.502498985809121557e-02
-3.501647487657006536e-02
-3.503128911831521197e-02
-3.503150654378187068e-02
-3.501795456489858321e-02
-3.503263166600563416e-02
-3.501562152248835491e-02
-3.502325817760811727e-02
-3.505031642869223252e-02
-3.505129439097898897e-02
-3.506603415162750509e-02
-3.502007077133647422e-02
-3.503115057416426176e-02
-3.503975389871125112e-02
-3.504960274515173113e-02
-3.503273382381678208e-02
-3.503273382381680290e-02
-3.506702018075339572e-02
-3.506155365089273779e-02
-3.507971307755380214e-02
-3.507204379726613225e-02
-3.506697709031179888e-02
-3.505331067228726477e-02
-3.504442333066177390e-02
-3.506143653745943251e-02
-3.506143653745943251e-02
-3.507523573292203184e-02
-3.507523573292204572e-02
-3.507697550694355293e-02
-3.509026792383351800e-02
-3.507334532559979595e-02
-3.507914431534210620e-02
-3.508290652330043474e-02
-3.508183317374676674e-02
-3.507984794242387933e-02
-3.507343937766279479e-02
-3.503908987350878163e-02
-3.507040963416922091e-02
-3.503342157560900699e-02
-3.501772477785261573e-02
-3.505078980120245047e-02
-3.506825812951348126e-02
-3.506765477074283432e-02
-3.506765477074283432e-02
-3.505703997198549721e-02
-3.506383109321562636e-02
-3.500862974011816758e-02
-3.497520559516221345e-02
-3.498228980863989090e-02
-3.498342909237971143e-02
-3.499726727245378033e-02
-3.500077469494507210e-02
-3.500077469494507210e-02
-3.500077469494506516e-02
-3.501247744043300275e-02
-3.502982826572201280e-02
-3.504355765718653731e-02
-3.502982826572201280e-02
-3.500455164200508285e-02
-3.501310152159714528e-02
-3.500233774493038963e-02
-3.501070752489085502e-02
-3.499164957482549243e-02
-3.497238050582664182e-02
-3.498956275672668315e-02
-3.498695523970931504e-02
-3.499525369473070052e-02
-3.499525369473070746e-02
-3.499525369473072134e-02
-3.498922085553548417e-02
-3.498922085553547723e-02
-3.498767024601696918e-02
-3.500577010858067772e-02
-3.500003309158605802e-02
-3.500003309158605108e-02
-3.500003309158605108e-02
-3.501165876361662238e-02
-3.500642807722523231e-02
-3.500642807722521843e-02
-3.501011703838487893e-02
-3.497240332812665692e-02
-3.497240332812664304e-02
-3.497240332812664998e-02
-3.496100780359481797e-02
-3.495176171896184625e-02
-3.495056149773612814e-02
-3.495671679780625041e-02
-3.497169689149869781e-02
-3.495983023474563689e-02
-3.499667038999378782e-02
-3.499450837807249054e-02
-3.497496714608485519e-02
-3.496601081312333825e-02
-3.496069922131100904e-02
-3.497023990128236837e-02
-3.500763986499016989e-02
-3.499409650037524355e-02
-3.499409650037522967e-02
-3.500213183313802268e-02
-3.501938716768446952e-02
-3.500386054624134852e-02
-3.500230923182977294e-02
-3.498822021747897970e-02
-3.497971724699938667e-02
-3.497738391061135793e-02
-3.496278436653701277e-02
-3.497032405127442622e-02
-3.496278436653701277e-02
-3.496587605997780734e-02
-3.500183223090314738e-02
-3.499517725638386090e-02
-3.499517725638385396e-02
-3.499517725638386090e-02
-3.499974714720247709e-02
-3.497537958386633811e-02
-3.497537958386634505e-02
-3.497722384005377133e-02
-3.499239550254830411e-02
-3.500633112080826781e-02
-3.499073585386491825e-02
-3.502747141656213647e-02
-3.502747141656213647e-02
-3.506476742836090593e-02
-3.506292992148508231e-02
-3.506397133806815614e-02
-3.506444704728073347e-02
-3.511570947610941767e-02
-3.506152668734402456e-02
-3.507921572904213608e-02
-3.507921573864034720e-02
-3.507983711388814457e-02
-3.505037388975633383e-02
-3.505505395813045266e-02
-3.507057408838144125e-02
-3.507057408838144125e-02
-3.504711999004982148e-02
-3.507120114004069755e-02
-3.505237437798235794e-02
-3.507554591858565163e-02
-3.507554591858565163e-02
-3.506712989982604944e-02
-3.505934214882441141e-02
-3.507278069310448138e-02
-3.506460519591356184e-02
-3.511700301313961520e-02
-3.512040977383545232e-02
-3.513189637829500916e-02
-3.513837630425432901e-02
-3.512938698718116176e-02
-3.513324618381960529e-02
-3.513324618381959835e-02
-3.511126063612198672e-02
-3.511119689969042362e-02
-3.510934362416126553e-02
-3.511635857628390284e-02
-3.510729933420886351e-02
-3.513819503732611843e-02
-3.513809938922157761e-02
-3.516272699383459627e-02
-3.513811814198220668e-02
-3.509424196730012713e-02
-3.509424196730012713e-02
-3.506579185728769116e-02
-3.505787402713921724e-02
-3.505441226341896727e-02
-3.505878243098511232e-02
-3.501616354283636212e-02
-3.501232762663324116e-02
-3.500307312835075624e-02
-3.500307312835075624e-02
-3.499446187539431014e-02
-3.499446187539431014e-02
-3.499446187539431014e-02
-3.499393741532114133e-02
-3.499393741532113439e-02
-3.500085665560051518e-02
-3.499214139549002706e-02
-3.498749282780173886e-02
-3.498690581545895600e-02
-3.497863491901535837e-02
-3.499900895558122338e-02
-3.499677738390292309e-02
-3.499677738390291615e-02
-3.503264473415804853e-02
-3.503264473415802771e-02
-3.499522083857180971e-02
-3.499522083857180277e-02
-3.505532657379879097e-02
-3.504648543269182209e-02
-3.505721622794864822e-02
-3.535894424886305148e-02
-3.536547443972849758e-02
-3.539256982994103823e-02
-3.539236495579758945e-02
-3.541227974105227300e-02
-3.539318704145449912e-02
-3.538477806432164391e-02
-3.535020958161374377e-02
-3.534613628444866623e-02
-3.528708473230983411e-02
-3.528708473230981330e-02
-3.529403540911871251e-02
-3.528714414777458369e-02
-3.530802734355888151e-02
-3.530802734355888151e-02
-3.529545030618043422e-02
-3.531405995300053446e-02
-3.529986703446815616e-02
-3.532305522264568565e-02
-3.527886448277663123e-02
-3.528594178088787642e-02
-3.529008421685273650e-02
-3.526744033973933101e-02
-3.528807086229358847e-02
-3.525743294996374483e-02
-3.533759800453084576e-02
-3.532701697229211762e-02
-3.532696698132632013e-02
-3.531711627291826694e-02
-3.531711627291826694e-02
-3.537075356600919568e-02
-3.537802208033115348e-02
-3.537802208033114654e-02
-3.535585103565461879e-02
-3.533516717475478075e-02
-3.533728406707016545e-02
-3.533728406707015851e-02
-3.534641752363383571e-02
-3.535425944949656396e-02
-3.530901388789711021e-02
-3.533896007690121022e-02
-3.535211864354387973e-02
-3.533883485153933163e-02
-3.534256522165994674e-02
-3.534076098725258408e-02
-3.533373393261391576e-02
-3.537804158980407260e-02
-3.537973007292506689e-02
-3.537973007292505995e-02
-3.537973007292505995e-02
-3.537973007292505301e-02
-3.536609896536915126e-02
-3.535088154723332182e-02
-3.536579622397082595e-02
-3.536617276673117982e-02
-3.534739352164195658e-02
-3.538095617290804712e-02
-3.538974161935927454e-02
-3.539075861973039333e-02
-3.539663113178059817e-02
-3.540829806342259134e-02
-3.539927956619288302e-02
-3.539927956619287608e-02
-3.539927956619287608e-02
-3.539924820082619716e-02
-3.537916779358148828e-02
-3.538807796271670886e-02
-3.539817600230566602e-02
-3.537881989448159875e-02
-3.537881989448159875e-02
-3.625656262213444725e-02
-3.625656262213444031e-02
-3.626516234582766174e-02
-3.625380350574562704e-02
-3.624464696696787225e-02
-3.625319490795018973e-02
-3.624248001555519655e-02
-3.628625711173307650e-02
-3.624212535897343435e-02
-3.624212535897343435e-02
-3.622942843127965884e-02
-3.625041213542475743e-02
-3.625041213542476437e-02
-3.618880874066618403e-02
-3.619550430566449012e-02
-3.624634012620468054e-02
-3.626301943070188438e-02
-3.623573686159560492e-02
-3.623015215958024643e-02
-3.623014533070396254e-02
-3.612874437510097542e-02
-3.611902517667927442e-02
-3.611902517667927442e-02
-3.613657927943267345e-02
-3.613657927943266651e-02
-3.614121049636621202e-02
-3.613608107489092031e-02
-3.616325942158719192e-02
-3.618845301947107296e-02
-3.616403069311682761e-02
-3.616403069311683455e-02
-3.616505152493709047e-02
-3.616505152493709740e-02
-3.611083873125763011e-02
-3.612559433865504543e-02
-3.611178508323977659e-02
-3.611731333270480626e-02
-3.609576727471056762e-02
-3.614449289957956390e-02
-3.615675655016160894e-02
-3.614072550733964800e-02
-3.615370912977694529e-02
-3.615370912977693835e-02
-3.615794509643538435e-02
-3.615768486208766064e-02
-3.615768486208766758e-02
-3.617876654317906532e-02
-3.615768486208766064e-02
-3.615768486208766758e-02
-3.616116135546437738e-02
-3.615552693515165783e-02
-3.615739956360937424e-02
-3.616796779233240333e-02
-3.616796779233239639e-02
-3.614755409459667612e-02
-3.614534794519307093e-02
-3.611821376313097132e-02
-3.610763658851721264e-02
-3.613940089701275088e-02
-3.614310949586208022e-02
-3.616102221945276252e-02
-3.631538876430777385e-02
-3.632616262667769103e-02
-3.630204237258061878e-02
-3.629806744767836990e-02
-3.630737863450217429e-02
-3.632971906900631792e-02
-3.632666948320405903e-02
-3.633808362434610972e-02
-3.635678939842319768e-02
-3.632525024795455609e-02
-3.632525024795455609e-02
-3.635294884127833470e-02
-3.634910991975342370e-02
-3.634313639668879103e-02
-3.635073786561573983e-02
-3.635226631904797667e-02
-3.633341604358315130e-02
-3.630800216315370477e-02
-3.632188666182505771e-02
-3.635974832207744534e-02
-3.634908193569193896e-02
-3.632740893538102117e-02
-3.632128679328182341e-02
-3.632337742768240729e-02
-3.628735587066514445e-02
-3.633002288746158687e-02
-3.632973399608507847e-02
-3.633009123412270919e-02
-3.632968050176971914e-02
-3.631871925375017296e-02
-3.631871925375017296e-02
-3.637707129783233906e-02
-3.626828797289081280e-02
-3.627712070578704290e-02
-3.627712070578702902e-02
-3.627234742032356407e-02
-3.628371913362752471e-02
-3.628371913362753165e-02
-3.628785653847961534e-02
-3.628785653847962922e-02
-3.629016389307074958e-02
-3.630718487342204925e-02
-3.630718487342204231e-02
-3.631852584701170811e-02
-3.628843590521481366e-02
-3.628091630109943344e-02
-3.628061195709571946e-02
-3.628177626319762511e-02
-3.630256287291567380e-02
-3.629115043653306089e-02
-3.629115043653306089e-02
-3.629440264838273283e-02
-3.634618367545996986e-02
-3.633737911758534722e-02
-3.633737911758534028e-02
-3.633737244367704622e-02
-3.633691748188439680e-02
-3.632982429605368518e-02
-3.630242015953537293e-02
-3.629227738870494102e-02
-3.631273325742097324e-02
-3.631273325742098712e-02
-3.631299357543867762e-02
-3.633842772725803805e-02
-3.634974564928767499e-02
-3.632335499673099155e-02
-3.632519834728671626e-02
-3.632519834728670238e-02
-3.632519834728669544e-02
1.407291346796468896e-02
1.407291346796468896e-02
1.406755356217158186e-02
1.406914489347767076e-02
1.407165068064174761e-02
1.410198012799985037e-02
1.409712168634294320e-02
1.409719678679440501e-02
1.409719934106972231e-02
1.409527831241154383e-02
1.409527831241154036e-02
1.409909872974250168e-02
1.409909843950368433e-02
1.409751872239370721e-02
1.409524657342332843e-02
1.410043738846947919e-02
1.410043738846948266e-02
1.410001315154102083e-02
1.410002210794669003e-02
1.410163734556647321e-02
1.410163734556646627e-02
1.409755709204658751e-02
1.409755709204658751e-02
1.409755018570256653e-02
1.409790705910465326e-02
1.409600708719855981e-02
1.409050578107389450e-02
1.409958926380610288e-02
1.408293264949441598e-02
1.408945600661431173e-02
1.409209363285860578e-02
1.409910500940736444e-02
1.409910500940736271e-02
1.410175789923990772e-02
1.409813560549406410e-02
1.409984775223345303e-02
1.409621162039716158e-02
1.409974220010920196e-02
1.409821766673902133e-02
1.410746578552121017e-02
1.411084949425655405e-02
1.410943040121188582e-02
1.410784532578945177e-02
1.410480391567384660e-02
1.410794841133588585e-02
1.410986906486163053e-02
1.410906041736134653e-02
1.410714990459593400e-02
1.411094410484961016e-02
1.411282406118141881e-02
1.410714990459593400e-02
1.410134496242245947e-02
1.408876343635286424e-02
1.410442230007303080e-02
1.410443275688230171e-02
1.410443275688230171e-02
1.411442500850114933e-02
1.411482857299427122e-02
1.410860693684956244e-02
1.410392833442492520e-02
1.410773270228591128e-02
1.410773270228591128e-02
1.410540963443239829e-02
1.410540963443239482e-02
1.410972441948065738e-02
1.410972441948066258e-02
1.410782077339373976e-02
1.410591946293239182e-02
1.410800567267084769e-02
1.410657027995412642e-02
1.410603502652608109e-02
1.410603502652608109e-02
1.410603521555630832e-02
1.410605855380675164e-02
1.410476587505564774e-02
1.412006637382537920e-02
1.412007474555485552e-02
1.412156072957181964e-02
1.412003343512001179e-02
1.411171866721984414e-02
1.411455178738076251e-02
1.411405021727489724e-02
1.411405021727489724e-02
1.411732578402905870e-02
1.411732578402905870e-02
1.411719803951620028e-02
1.411542790945030657e-02
1.411541992640261492e-02
1.411183918542353345e-02
1.411935084526169844e-02
1.412122926194563088e-02
1.411228627580739942e-02
1.409799098634371278e-02
1.409977799719112912e-02
1.409799534573842258e-02
1.410574370089129510e-02
1.410783836447851436e-02
1.410719528536938557e-02
1.410684185631187401e-02
1.410342204124583748e-02
1.412311648358746501e-02
1.411498297414529209e-02
1.411498297414529382e-02
1.411380783097543855e-02
1.411446201529632447e-02
1.408125200526793956e-02
1.408633611329208023e-02
1.408444283231799488e-02
1.410168652852012566e-02
1.410168652852012566e-02
1.410098507062357114e-02
1.410098507062357114e-02
1.409909235730141992e-02
1.409449838980768137e-02
1.409932886168990818e-02
1.409993992023061797e-02
1.410707356704672330e-02
1.409882320161830876e-02
1.409882320161830703e-02
1.409562005494661117e-02
1.410378392095101678e-02
1.409308545762795288e-02
1.409321089429801423e-02
1.409321089429801249e-02
1.408942494994480654e-02
1.408942494994481001e-02
1.408942494994480828e-02
1.408942494994481001e-02
1.408743518757426746e-02
1.408881451337773774e-02
1.408835411464921111e-02
1.409310117281872832e-02
1.409499814200649952e-02
1.409350784193560101e-02
1.409499425874767217e-02
1.409814367485303158e-02
1.409681744972670833e-02
1.409681744972671007e-02
1.409158419679569854e-02
1.409311847435545419e-02
1.409492658079516611e-02
1.409553950922668927e-02
1.409228032823963556e-02
1.409180453773842961e-02
1.409162271953642506e-02
1.409143319723796077e-02
1.408998969431466200e-02
1.411235829294106223e-02
1.411285642683075825e-02
1.406939112307251626e-02
1.406897416127858395e-02
1.406713218975877075e-02
1.406412502788703493e-02
1.406058343318494080e-02
1.405923251978591013e-02
1.406729809675881168e-02
1.405878947990886127e-02
1.405878947990886474e-02
1.405878947990885953e-02
1.406274765916528703e-02
1.406190562604052799e-02
1.406373662964023087e-02
1.406300775641830883e-02
1.406302677972186450e-02
1.406356835968722296e-02
1.406061040645633503e-02
1.406250071047618171e-02
1.406249995977299980e-02
1.406061040645633850e-02
1.406061040645633850e-02
1.406782200065915221e-02
1.406782200065915395e-02
1.406782200065914701e-02
1.406373157978637635e-02
1.406509027140985697e-02
1.407198344095310361e-02
1.407198344095310361e-02
1.407198344095310534e-02
1.407391765452613470e-02
1.406221583089884396e-02
1.406221583089884396e-02
1.406031523597358820e-02
1.406645465952225012e-02
1.406264807332740889e-02
1.404763339588028202e-02
1.403290284730997727e-02
1.403834506753851019e-02
1.403851237559421150e-02
1.403877644346547202e-02
1.404065017235241186e-02
1.403874948055448650e-02
1.403874948055448477e-02
1.403874948055448477e-02
1.404066220488733516e-02
1.404062780910084705e-02
1.404069337806984966e-02
1.404069337806984619e-02
1.403604298807145830e-02
1.403297784919210929e-02
1.403299759001338035e-02
1.403871937146249776e-02
1.403871937146249950e-02
1.404813380091305200e-02
1.408138455369177706e-02
1.408138455369177706e-02
1.408469948603390670e-02
1.408265218327826862e-02
1.408010313173057269e-02
1.408010313173057790e-02
1.408159299648797241e-02
1.408008606610964761e-02
1.408231435168175345e-02
1.408381963098899285e-02
1.408337948928543339e-02
1.408337948928542992e-02
1.407635934523748800e-02
1.407828380645223011e-02
1.407637562925133194e-02
1.407830659275592644e-02
1.407830659275592297e-02
1.408542944911072951e-02
1.408721623325058341e-02
1.408352512524263522e-02
1.408876225286887288e-02
1.409301453208254735e-02
1.409449748717574689e-02
1.409074578981681786e-02
1.409075665915592891e-02
1.409075498845539440e-02
1.410067135154040481e-02
1.409582830724099255e-02
1.408767670710158251e-02
1.410181481513954338e-02
1.410560783661467255e-02
1.409922845368626054e-02
1.409924057363516788e-02
1.409924057363516788e-02
1.410888284799024020e-02
1.411037910148118038e-02
1.410484874662298709e-02
1.410144343339998947e-02
1.410504488842509625e-02
1.408213575551374788e-02
1.408214234907378265e-02
1.408325165135036229e-02
1.408697503228793085e-02
1.408506651492858960e-02
1.408697460550115306e-02
1.408195098861077244e-02
1.407739465829850774e-02
1.406069117217007870e-02
1.406066459044282187e-02
1.405915892933154443e-02
1.406113993325362049e-02
1.406311276848504904e-02
1.406311276848504557e-02
1.405715056967149143e-02
1.405715056967149143e-02
1.406344325234188189e-02
1.405829258150038605e-02
1.405600745658978738e-02
1.405331642956082761e-02
1.405396859615456497e-02
1.405550732148159662e-02
1.405485371966427866e-02
1.405331659917458814e-02
1.405337056863428281e-02
1.405420745677454439e-02
1.404915267888984069e-02
1.405308227824042869e-02
1.405264858706866717e-02
1.405270960056521044e-02
1.405997461819591572e-02
1.406078460639414475e-02
1.405858021841220433e-02
1.407891458111687998e-02
1.407891458111687824e-02
1.409227707568463939e-02
1.408615076349908207e-02
1.408615076349908381e-02
1.408800413701214935e-02
1.408615076349908034e-02
1.409283491030314216e-02
1.409140670054990184e-02
1.408788059401236067e-02
1.408788059401236588e-02
1.408788059401236588e-02
1.408788059401235894e-02
1.408748057038442664e-02
1.408748057038442317e-02
1.408746846084495651e-02
1.408746846084495824e-02
1.408748057038442837e-02
1.409299499506268434e-02
1.408581667785008783e-02
1.408692948516996994e-02
1.409456704205361809e-02
1.409198524981369709e-02
1.409199155707732687e-02
1.409199155707732513e-02
1.409199155707732513e-02
1.407840978834552434e-02
1.408438281983447060e-02
1.408622744920473221e-02
1.407715925029925930e-02
1.407676727397721636e-02
1.407676727397721810e-02
1.408011850843886650e-02
1.408251539049853833e-02
1.408251229945480833e-02
1.408393418258705072e-02
1.408251216093252961e-02
1.408056213676685264e-02
1.408659367219036902e-02
1.408416084024428916e-02
1.408243881579279017e-02
1.408243881579278496e-02
1.407866618278815624e-02
1.408014272677686994e-02
1.408014272677687168e-02
1.408640895866570229e-02
1.408496295574078634e-02
1.408496295574078634e-02
1.408422658347156450e-02
1.408622439762228541e-02
1.408249136259889442e-02
1.408432549233698539e-02
1.408434234432148768e-02
1.408434234432148595e-02
1.408630600089320201e-02
1.408484759476159170e-02
1.410770604085765864e-02
1.410960764661648055e-02
1.411342773888093691e-02
1.411166024094308823e-02
1.409673157225903480e-02
1.409497123128431763e-02
1.409497123128432110e-02
1.410146524046838011e-02
1.409254085549943927e-02
1.409886402906365341e-02
1.410894966231291195e-02
1.409784988455229510e-02
1.410584055981422939e-02
1.410584329121391742e-02
1.410762095613724704e-02
1.409768588715119494e-02
1.409768588715119841e-02
1.410160713575861133e-02
1.410299220844463651e-02
1.410113174059830950e-02
1.410952284417513018e-02
1.410774755365622884e-02
1.410774755365623058e-02
1.410774755365623405e-02
1.409870026000870080e-02
1.410164374836395465e-02
1.411026950892936907e-02
1.410919601922462976e-02
1.411449673466927575e-02
1.410925926737742128e-02
1.411011262472129310e-02
1.410940363001860973e-02
1.411000125005834951e-02
1.410940363001861320e-02
1.410940363001860973e-02
1.410940363001861320e-02
1.411771688970805960e-02
1.411949472115346660e-02
1.410950400381723487e-02
1.412318098981746838e-02
1.412144120701920059e-02
1.411940788882375293e-02
1.412365024853234376e-02
1.412531025283098561e-02
1.412676217856260498e-02
1.410592744348608887e-02
1.410494439773004108e-02
1.410532801249399226e-02
1.410186674325483377e-02
1.412119346051056087e-02
1.412044726212107089e-02
1.411224527980082556e-02
1.411224527980082730e-02
1.411032328125683653e-02
1.411208230041758986e-02
1.411612362188473246e-02
1.411612083265308994e-02
1.411612083265308994e-02
1.411431616875551999e-02
1.411431616875552519e-02
1.411279988760067231e-02
1.411279988760067404e-02
1.411104516387608372e-02
1.411104516387608199e-02
1.410701799289455424e-02
1.411146066691867408e-02
1.411146066691867235e-02
1.410885814554802865e-02
1.411935364737964237e-02
1.411935364737964584e-02
1.412066143314403763e-02
1.411761552081781251e-02
1.409669412120983893e-02
1.409669412120984240e-02
1.410002138992944541e-02
1.410007161216315918e-02
1.409911114465288613e-02
1.411106031140295369e-02
1.410762336963517806e-02
1.411437422384446624e-02
1.411457064780338201e-02
1.411274888605651423e-02
1.411274993754337882e-02
1.411274993754337535e-02
1.411389320352678285e-02
1.410509247908719489e-02
1.410509151877778651e-02
1.410509151877778478e-02
1.410333540037908562e-02
1.410333540037908562e-02
1.411405198079591916e-02
1.411393250739612082e-02
1.411393250739612255e-02
1.411393250739611908e-02
1.407994439571350065e-02
1.408652721941498591e-02
1.408526756645596748e-02
1.407840979081733356e-02
1.408029901762182512e-02
1.407525540636270917e-02
1.407525540636271090e-02
1.407525540636270917e-02
1.407535188042965783e-02
1.407567473106761946e-02
1.408067652968186985e-02
1.407891836107845983e-02
1.408070011201717833e-02
1.408344108705510481e-02
1.408520389200746369e-02
1.407994696076371455e-02
1.407994696076371281e-02
1.407994696076371281e-02
1.408175016390492314e-02
1.408034157631571186e-02
1.408210025040754904e-02
1.408388701753632635e-02
1.408331376835119178e-02
1.409186341563852495e-02
1.409229008470953490e-02
1.410164698340343921e-02
1.409423165395767667e-02
1.409240679185454204e-02
1.409240679185454377e-02
1.409241083404284833e-02
1.409762335214807989e-02
1.409698212572924915e-02
1.409829855986179103e-02
1.409829855986179277e-02
1.409560010318861023e-02
1.409560010318861543e-02
1.409560010318861370e-02
1.409399615053251800e-02
1.410509161145789142e-02
1.410848964481845741e-02
1.410848964481845394e-02
1.411025688138960524e-02
1.410591708409244735e-02
1.410591708409244388e-02
1.410591708409244388e-02
1.410591708409244388e-02
1.410591708409244215e-02
1.410591477032895405e-02
1.410416601403439128e-02
1.410470909646131983e-02
1.410030923071032422e-02
1.410489686239143996e-02
1.410278493107252132e-02
1.410991631186729600e-02
1.410339511162767533e-02
1.410339511162767533e-02
1.403577528270466383e-02
1.403675218974954723e-02
1.403920749263346153e-02
1.403920749263345980e-02
1.404098069873724146e-02
1.404098069873723799e-02
1.404310944852979123e-02
1.403432477939215231e-02
1.403956551350733599e-02
1.403956551350733599e-02
1.404132495426945251e-02
1.404132683372034084e-02
1.404308121006463995e-02
1.403777490263200846e-02
1.409093334471392400e-02
1.408667986360643241e-02
1.409182900213050600e-02
1.408369418278285906e-02
1.408597708082043494e-02
1.408644541006979188e-02
1.408818739692518397e-02
1.408644541006979188e-02
1.409166116533280833e-02
1.408993602128797221e-02
1.409486367036246086e-02
1.409120957493628992e-02
1.408779019410204281e-02
1.408947276362662419e-02
1.408947276362662593e-02
1.409117531547569337e-02
1.408663548672020767e-02
1.408327989725612593e-02
1.408665445605490792e-02
1.408174460920756654e-02
1.408154630675650769e-02
1.408154630675650942e-02
1.408835145909138192e-02
1.408835145909138366e-02
1.409045635298495670e-02
1.409255317322331488e-02
1.409443252526705603e-02
1.409402970162912209e-02
1.409402970162911516e-02
1.408946809988053349e-02
1.408946809988053175e-02
1.409420140139374875e-02
1.409073505671676330e-02
1.409240751454850400e-02
1.408851343517113393e-02
1.408681109918417246e-02
1.408657877844004223e-02
1.409474379345365333e-02
1.409462534103303293e-02
1.409496161305013283e-02
1.409443230728178384e-02
1.408175384229812081e-02
1.409282240652657073e-02
1.409107376538883821e-02
1.409702795257747332e-02
1.409302759432460271e-02
1.409302759432460445e-02
1.409301730860633949e-02
1.409321550906212153e-02
1.409321306271299652e-02
1.409321306271299652e-02
1.409283162420128105e-02
1.409462046111361992e-02
1.410276599881572779e-02
1.409301191172291669e-02
1.409621822167841411e-02
1.409647593283518477e-02
1.409450343123755736e-02
1.409813435107852737e-02
1.409356422237762266e-02
1.409356422237762439e-02
1.407767043464608347e-02
1.408171313617824494e-02
1.408171313617823800e-02
1.408346474926708801e-02
1.407645496278810832e-02
1.407789072970100017e-02
1.407788885778127157e-02
1.407789761302171740e-02
1.407420406650454828e-02
1.407718699470724213e-02
1.407701251119761708e-02
1.407529255342561056e-02
1.407216784680901354e-02
1.407216784680901528e-02
1.407389616873271944e-02
1.407558657387627046e-02
1.407878724864593603e-02
1.407143032524645759e-02
1.407017834870176627e-02
1.407125043344763064e-02
1.407046701998903616e-02
1.407243478625707159e-02
1.408001180493592512e-02
1.408037984444060649e-02
1.408001180493592512e-02
1.408001180493592512e-02
1.408522683093259113e-02
1.408572997812489180e-02
1.408572997812489701e-02
1.408399098807496495e-02
1.408338057611160238e-02
1.408347070365506722e-02
1.408027365367900234e-02
1.407674954286640932e-02
1.407925539679325856e-02
1.407753395347960228e-02
1.407475217055604785e-02
1.407560525950226141e-02
1.408270621494144871e-02
1.408039844308795266e-02
1.408039844308795266e-02
1.408039844308795439e-02
1.407503079666423684e-02
1.407576061437742880e-02
1.407557841021439722e-02
1.406603165885481413e-02
1.407056406958215149e-02
1.407056406958215149e-02
1.407212903826346624e-02
1.408448891612585491e-02
1.407729735603702528e-02
1.407731322492195361e-02
1.407731322492194841e-02
1.407517445269687931e-02
1.407737161861475142e-02
1.407562537410278827e-02
1.407739691396779277e-02
1.407846400608962420e-02
1.407844805430851116e-02
1.408076591705052262e-02
1.407678799416262755e-02
1.407846400318610303e-02
1.407495879837950686e-02
1.407804125745626932e-02
1.408171065641108076e-02
1.408045360469237402e-02
1.407209957669449708e-02
1.407091044673163503e-02
1.406927269513461032e-02
1.407098091352039330e-02
1.407098091352039851e-02
1.407097624730584834e-02
1.406920232640369167e-02
1.407094407381088985e-02
1.407275988119081889e-02
1.408738334364828884e-02
1.408745383585799024e-02
1.408569549314318131e-02
1.408793273330598977e-02
1.408793273330598804e-02
1.408795608631427908e-02
1.408593333111363664e-02
1.408937268902440629e-02
1.408144027284811278e-02
1.409297722914339308e-02
1.409297722914340002e-02
1.409297722914340002e-02
1.409046314288348728e-02
1.408773590096763610e-02
1.408392918270246104e-02
1.408187128251603935e-02
1.408629797455298628e-02
1.408629797455298281e-02
1.408967928537471596e-02
1.408967928537471423e-02
1.408442701939850890e-02
1.409587419073818175e-02
1.409587419073818348e-02
1.409740562489698867e-02
1.409740562489698867e-02
1.409740562489698347e-02
1.409750915110113793e-02
1.410097556309586678e-02
1.409254081210544428e-02
1.409599931262988347e-02
1.406842121743718740e-02
1.407786062633828786e-02
1.407848053577202135e-02
1.407646443960916018e-02
1.407493746663303867e-02
1.407636675239490841e-02
1.407636675239491361e-02
1.407632948320845616e-02
1.407381099105490217e-02
1.407613269646307286e-02
1.406776545223468317e-02
1.410547270047970980e-02
1.410466807413465230e-02
1.410888831224502149e-02
1.410870703528747418e-02
1.410870703528747765e-02
1.410552635214593238e-02
1.410552635214593238e-02
1.410552729925882397e-02
1.410552729925881529e-02
1.410552635214593412e-02
1.410735556493167286e-02
1.410864626073349976e-02
1.411435415114168507e-02
1.411647440367963524e-02
1.411830365983649839e-02
1.410954024985807374e-02
1.410954024985807027e-02
1.410665405688486633e-02
1.410548416440788981e-02
1.410566436228398793e-02
1.410691353372926782e-02
1.410817436984234882e-02
1.410816921696799939e-02
1.410401631438941428e-02
1.410574848976941902e-02
1.410583322645978660e-02
1.410213158195560562e-02
1.410178632289682196e-02
1.409268169123965506e-02
1.409268169123965679e-02
1.409268169123965853e-02
1.409450271506922439e-02
1.409610537428090775e-02
1.409258857083810906e-02
1.410561508291497193e-02
1.410205285766466879e-02
1.410205285766467052e-02
1.410205285766466879e-02
1.410205173655477810e-02
1.410392199259726323e-02
1.410252223812668952e-02
1.410128259622942491e-02
1.409941912014415523e-02
1.410672203100362711e-02
1.410467017367716437e-02
1.406071174203652428e-02
1.407113631190770424e-02
1.406717579137887336e-02
1.407161295251195543e-02
1.407161295251195370e-02
1.406411857506852450e-02
1.406902931833923023e-02
1.406902931833923197e-02
1.406872873781660205e-02
1.406625615844917312e-02
1.406664111719189807e-02
1.406205279412016222e-02
1.406810718118080283e-02
1.406382147085883001e-02
1.406016513999319359e-02
1.406529671765419792e-02
1.407444119267786328e-02
1.407444119267785981e-02
1.407445963114887719e-02
1.407445963114887719e-02
1.407445963114887719e-02
1.406937292324910403e-02
1.406935470436473934e-02
1.406690159819760921e-02
1.406690472793163497e-02
1.406929365458308746e-02
1.406770847487381557e-02
1.406589316371485189e-02
1.406912452310678588e-02
1.406912452310678761e-02
1.407756960008548809e-02
1.407102633584742662e-02
1.406886659155263085e-02
1.407621570511212103e-02
1.407621570511212103e-02
1.407439666150007637e-02
1.406605323158515407e-02
1.407445681048053766e-02
1.407445681048053940e-02
1.407445681048054287e-02
1.407445681048054113e-02
1.407445681048054113e-02
1.407445681048053766e-02
1.407728893328023465e-02
1.407568836869295577e-02
1.408570482286297838e-02
1.408381976879036213e-02
1.408241251300010842e-02
1.408240771938708454e-02
1.408058856578246233e-02
1.408058856578246580e-02
1.406328482223364283e-02
1.406262972814686756e-02
1.406262972814687102e-02
1.406262972814686756e-02
1.406896318832890312e-02
1.407080837205111797e-02
1.407080837205111970e-02
1.405786613289900996e-02
1.406097183093014784e-02
1.406275229325906588e-02
1.406270691005633011e-02
1.407973196070714562e-02
1.408338606495271837e-02
1.408519567162427530e-02
1.408633657074620862e-02
1.408633657074620862e-02
1.408633046728506762e-02
1.408633657074620689e-02
1.408659255530724484e-02
1.408554090797218411e-02
1.408554090797218064e-02
1.409235110661603146e-02
1.405668208272571607e-02
1.405668208272571953e-02
1.405776777623784710e-02
1.405780654514900488e-02
1.405780654514900488e-02
1.406104820460395664e-02
1.406285423869193217e-02
1.406104820460395491e-02
1.405871455958479857e-02
1.407084141456881737e-02
1.406136894288580186e-02
1.406511921381121792e-02
1.406511921381120925e-02
1.406513437744965830e-02
1.406482397869335439e-02
1.404080805707979065e-02
1.403718926010233750e-02
1.403718926010233924e-02
1.404235107075840934e-02
1.407077961775119943e-02
1.406878329738968370e-02
1.406722307549628827e-02
1.406722307549628827e-02
1.406856653890866012e-02
1.406856653890866012e-02
1.406722307549628480e-02
1.406538309212162184e-02
1.404567805792442635e-02
1.405278191271703420e-02
1.404943487528672284e-02
1.404860319034102918e-02
1.405028557674608061e-02
1.405323586092781067e-02
1.405944379478950637e-02
1.405147912482490602e-02
1.405778548071409326e-02
1.405768015120061748e-02
1.405778548071409326e-02
1.405919679657773556e-02
1.405693661629325159e-02
1.405224986217746240e-02
1.405396160152276933e-02
1.405927824138732476e-02
1.405763777523579700e-02
1.405596165666625659e-02
1.405596165666625486e-02
1.405606215016383907e-02
1.405592284690214237e-02
1.405739410377316277e-02
1.405508154560942448e-02
1.405054532309334310e-02
1.405054532309333790e-02
1.405051521060268413e-02
1.405058677752472375e-02
1.405058677752472895e-02
1.406072627603534297e-02
1.406369124404817372e-02
1.406369124404817199e-02
1.404756718642462439e-02
1.405293924545284595e-02
1.404910750938987742e-02
1.404811832335122086e-02
1.405696497902198493e-02
1.405696497902198319e-02
1.406047113209165852e-02
1.411047727609093978e-02
1.411047727609093805e-02
1.411047727609093631e-02
1.411343763147787991e-02
1.410993109142447480e-02
1.411137438085621407e-02
1.411137524882627448e-02
1.411126346083433833e-02
1.411177791807653389e-02
1.409282173078520162e-02
1.409485701343391947e-02
1.409647396110997805e-02
1.409646788806634583e-02
1.409974447205575819e-02
1.409794650759934459e-02
1.410346315628156766e-02
1.409979084063348390e-02
1.409264841249034672e-02
1.409264841249035019e-02
1.409317058553459859e-02
1.409317058553459859e-02
1.409596398602878595e-02
1.409646407054653688e-02
1.409831055099220257e-02
1.409652926076657327e-02
1.409652926076657327e-02
1.409650602291525993e-02
1.409650602291526340e-02
1.410044936488933157e-02
1.409547662619878641e-02
1.409434387619878069e-02
1.409527514633671444e-02
1.409715339715947313e-02
1.409138647672615076e-02
1.409008972107021404e-02
1.409853390533057950e-02
1.410387398591312659e-02
1.410282912508691901e-02
1.410322965722643311e-02
1.409874681817050238e-02
1.409893008991726718e-02
1.409893008991726544e-02
1.410550734849376313e-02
1.410550484271948582e-02
1.410734350422341264e-02
1.409961185382055393e-02
1.410534535387357805e-02
1.410565265414315782e-02
1.410565265414315782e-02
1.409992943637241973e-02
1.410088985264208554e-02
1.410088985264208554e-02
1.409996194628297672e-02
1.408665126191846126e-02
1.408665126191846126e-02
1.408665126191845952e-02
1.408665126191845779e-02
1.408665126191846126e-02
1.408638244448248700e-02
1.408638244448249047e-02
1.408638244448249047e-02
1.408998971886235400e-02
1.408998971886235227e-02
1.409161121959563896e-02
1.408189543984821220e-02
1.408905657652909267e-02
1.408874404553750806e-02
1.408874321033247445e-02
1.408759270734123020e-02
1.408874321033247445e-02
1.408874321033247272e-02
1.408832669367315882e-02
1.408754268638793411e-02
1.408754268638793411e-02
1.408872215779400847e-02
1.409666341807620620e-02
1.409564139305921095e-02
1.408844409435425563e-02
1.409171195519450491e-02
1.409171195519450838e-02
1.408666383695930842e-02
1.408228668633536643e-02
1.408824079232325575e-02
1.408824133961654283e-02
1.408277605749502608e-02
1.408639138068423259e-02
1.408639138068423259e-02
1.408639138068423606e-02
1.408639138068423259e-02
1.408914401111910873e-02
1.409097412049456662e-02
1.409097520475842587e-02
1.409371959611066885e-02
1.409812773059585314e-02
1.409599383441208394e-02
1.407288958495319861e-02
1.411820757686943831e-02
1.412686091577993602e-02
1.412132377830604101e-02
1.412371766815272850e-02
1.410578232378457975e-02
1.410745000189916019e-02
1.411122684057383898e-02
1.410416606541159412e-02
1.411313128479820510e-02
1.410847852900039452e-02
1.410606564938651428e-02
1.410365020158662989e-02
1.411568754213586054e-02
1.410789793940907082e-02
1.410789793940907082e-02
1.410420327805365741e-02
1.410821611998803148e-02
1.410582326115615744e-02
1.410632592306708226e-02
1.411032409390823236e-02
1.410790502552759784e-02
1.411031846691128584e-02
1.417965483498769171e-02
1.418274754666903371e-02
1.418274754666903892e-02
1.418104020416350100e-02
1.418274754666903718e-02
1.418274754666903718e-02
1.418632539319003225e-02
1.418911960754737876e-02
1.418692904005480933e-02
1.418692904005480759e-02
1.419006172143011391e-02
1.419006168263757355e-02
1.418461838147950724e-02
1.418771295616818619e-02
1.418457967268588367e-02
1.418631064366013793e-02
1.418457967268588367e-02
1.417757104233145597e-02
1.417759979635223322e-02
1.417761919591044653e-02
1.418198113235311954e-02
1.418514566531151218e-02
1.418198113235312127e-02
1.418768585263947488e-02
1.417452630627979125e-02
1.417452630627979125e-02
1.417846146741999318e-02
1.418384186024242329e-02
1.417469251195842272e-02
1.418071487458568043e-02
1.418381233426593488e-02
1.418381233426593661e-02
1.418691311813731135e-02
1.419396272921609990e-02
1.419156477559654732e-02
1.416510346927634181e-02
1.415619852403023071e-02
1.417777831840572739e-02
1.416848783688731683e-02
1.417152920950860533e-02
1.416848581445100813e-02
1.417091628323259751e-02
1.416848349997937122e-02
1.416848349997936775e-02
1.414135746103199580e-02
1.414214971917379486e-02
1.416225408208917833e-02
1.415413717807451066e-02
1.415108425823991857e-02
1.415651062537613691e-02
1.414104356630749293e-02
1.414104335716490773e-02
1.414104335716490600e-02
1.413609086467662590e-02
1.413609086467662243e-02
1.414483174820273421e-02
1.414353303283706446e-02
1.412761602283856173e-02
1.412447227652118172e-02
1.412134907274224631e-02
1.412134907274224804e-02
1.412844027486311396e-02
1.412045930425083473e-02
1.412749408860225660e-02
1.412747321108331379e-02
1.413228295316916634e-02
1.413166980417949505e-02
1.412501240521118681e-02
1.412501240521118681e-02
1.412501240521118681e-02
1.413799007283312106e-02
1.414059862319431982e-02
1.414059862319431982e-02
1.412289520980463883e-02
1.412289520980463710e-02
1.413189096544335312e-02
1.413778455601294969e-02
1.413778455601294969e-02
1.412124455409534060e-02
1.414427729746148103e-02
1.414427729746148103e-02
1.413630244838674256e-02
1.413666209438500451e-02
1.413909645869594438e-02
1.413191009607925146e-02
1.413499795648888099e-02
1.412884715213097268e-02
1.412818821957493969e-02
1.412818821957493969e-02
1.412815702705215101e-02
1.413006711382631085e-02
1.413003056246135529e-02
1.412559446373853542e-02
1.414301441605367304e-02
1.414809092591616697e-02
1.414313464482820464e-02
1.414297238865359387e-02
1.414297238865359387e-02
1.414609716718035447e-02
1.412118143926260720e-02
1.414112769550999668e-02
1.414693005635947291e-02
1.413853083792209787e-02
1.413852330704805371e-02
1.413543968818273266e-02
1.413782121598579876e-02
1.413543968818273093e-02
1.412789812690866398e-02
1.413407071206083769e-02
1.413407071206083943e-02
1.413136353954672943e-02
1.413136353954672943e-02
1.413343059956526961e-02
1.412724106570937936e-02
1.412724106570937936e-02
1.412790215044750115e-02
1.412721871883998621e-02
1.412721871883998621e-02
1.412258003875046554e-02
1.412531669720630025e-02
1.411963869601099222e-02
1.412412167751058573e-02
1.412412167751058573e-02
1.411097592753074448e-02
1.411454523597544496e-02
1.411775412077835579e-02
1.411588825848715707e-02
1.411990187267545167e-02
1.411716899940077159e-02
1.411099987315291709e-02
1.410808866110203723e-02
1.410808866110203376e-02
1.410933566013238168e-02
1.409770109042943718e-02
1.409770109042943545e-02
1.409772821931393194e-02
1.409772821931393541e-02
1.410079685527664169e-02
1.410079685527663822e-02
1.412431050234222614e-02
1.412847789066911351e-02
1.413157862882695806e-02
1.413157862882695286e-02
1.412538645990478285e-02
1.413110065081052760e-02
1.412538645990478112e-02
1.412538645990478112e-02
1.412226010713397290e-02
1.412538645990477938e-02
1.412538645990478112e-02
1.412541124217476726e-02
1.412840332681760541e-02
1.411545360247337851e-02
1.411545360247337851e-02
1.411847550085532262e-02
1.411849208484778663e-02
1.412531909218018265e-02
1.416799461011481430e-02
1.416799461011481430e-02
1.416799461011481777e-02
1.416483940256101255e-02
1.416465983996822997e-02
1.416465983996822997e-02
1.416556713317296788e-02
1.417430796279058047e-02
1.417612581088052541e-02
1.416977142269959002e-02
1.416645421013144196e-02
1.416961517340270017e-02
1.417295291428683802e-02
1.417199930694229386e-02
1.417549684928788231e-02
1.416873168472296274e-02
1.416463005801864988e-02
1.417104211933640362e-02
1.416905374630408193e-02
1.416905374630408367e-02
1.417649014803896296e-02
1.417055281037809221e-02
1.417055281037809394e-02
1.417457621482903080e-02
1.420781622037856941e-02
1.420781622037856594e-02
1.420962638498844341e-02
1.420636014717135617e-02
1.419009874984120297e-02
1.418057970673888488e-02
1.417778362140455044e-02
1.417987874623403456e-02
1.416849705541187165e-02
1.417424062767148711e-02
1.417639371548000404e-02
1.417676459695215926e-02
1.418384610149229196e-02
1.418342439907071748e-02
1.417955909068776242e-02
1.416758981053071673e-02
1.415134897783793672e-02
1.415134897783793672e-02
1.414502403128648465e-02
1.415449272895559496e-02
1.415084649411030640e-02
1.415765292589638881e-02
1.415765292589638534e-02
1.415765292589638707e-02
1.415765292589638707e-02
1.414858957626917435e-02
1.417294651213731917e-02
1.416980846712130419e-02
1.417041060589434472e-02
1.416990979397145071e-02
1.416992461006547251e-02
1.416141855320145367e-02
1.416208793485890932e-02
1.415942109268416259e-02
1.415941215529408284e-02
1.416255758081409570e-02
1.416255758081409570e-02
1.416119500297567668e-02
1.416511374552297670e-02
1.417045263778014472e-02
1.417390903214455974e-02
1.417719842595501975e-02
1.420983650479137710e-02
1.421307103388329274e-02
1.414850646472957767e-02
1.413805950170334003e-02
1.413255920417160437e-02
1.413570070061007967e-02
1.413253976787474595e-02
1.413885976637976188e-02
1.413885976637976015e-02
1.415834639856498184e-02
1.415607006757017318e-02
1.415258419049189587e-02
1.414741625347793255e-02
1.414820436740390174e-02
1.415900292205881164e-02
1.415585186278308163e-02
1.416478962189919068e-02
1.415294537401591730e-02
1.414848863770451319e-02
1.415168013365546498e-02
1.415941735509329905e-02
1.416196543730652291e-02
1.416196543730652811e-02
1.415634918140091028e-02
1.415562913177314391e-02
1.415551498785065990e-02
1.415551498785065990e-02
1.416449323268662713e-02
1.416449323268662540e-02
1.415219485911698924e-02
1.415219485911698750e-02
1.415289337048374237e-02
1.415946917304573491e-02
1.414591481164165568e-02
1.415220682864434983e-02
1.415219051291330063e-02
1.414697020128188529e-02
1.415638397139381416e-02
1.415280642430404197e-02
1.415280642430404370e-02
1.414894890292718067e-02
1.414533429935978942e-02
1.415741776730747303e-02
1.415598725086967061e-02
1.416096803901520894e-02
1.416835647926115854e-02
1.416835647926115681e-02
1.416834336326461621e-02
1.416835647926115507e-02
1.416835647926115334e-02
1.410464029663049089e-02
1.410779371812649445e-02
1.411350103410104716e-02
1.411350103410104716e-02
1.411350103410105063e-02
1.411350103410105236e-02
1.412029585518923165e-02
1.411174292512860917e-02
1.411048733419364640e-02
1.411048733419364640e-02
1.411422741270766321e-02
1.411105032603304950e-02
1.411105032603305123e-02
1.412279526439453453e-02
1.412266999889364577e-02
1.412266999889364404e-02
1.438193121513684641e-02
1.438547473311006797e-02
1.437658699182030493e-02
1.437658699182030493e-02
1.436850973343310744e-02
1.437184799309362826e-02
1.436841030939633307e-02
1.436866024627865210e-02
1.437127803239358730e-02
1.437059627725081022e-02
1.439236488517826526e-02
1.439236488517826353e-02
1.439236488517826179e-02
1.439834201910771341e-02
1.439479365444210415e-02
1.439464846119889105e-02
1.439464846119889105e-02
1.437718974218516084e-02
1.439115314728799111e-02
1.438989526618910178e-02
1.438753335569850113e-02
1.438423525754399697e-02
1.438423525754399697e-02
1.438442900636612183e-02
1.438768644060448368e-02
1.438859312721120845e-02
1.438115949598605878e-02
1.439475768590502136e-02
1.439801929416399499e-02
1.439734634516333725e-02
1.439734634516333552e-02
1.439733529128342515e-02
1.439733529128342862e-02
1.434960336633921661e-02
1.435339968162726090e-02
1.436373154467281664e-02
1.435771217973439914e-02
1.438226629994959933e-02
1.438480478580795620e-02
1.438794771846287242e-02
1.438794771846287242e-02
1.438794771846287068e-02
1.438256319769135386e-02
1.438977434094848226e-02
1.438543314734999114e-02
1.438457223074776116e-02
1.437741775353486295e-02
1.437348269276409428e-02
1.437976485350108032e-02
1.437928156028044253e-02
1.438282932734976684e-02
1.437928156028044253e-02
1.437928156028044253e-02
1.436610933677588166e-02
1.437040508195727012e-02
1.437119843521428471e-02
1.436687819302010470e-02
1.437999147169511521e-02
1.437380352304146527e-02
1.437380352304146527e-02
1.438055741631140590e-02
1.437532822784060721e-02
1.438161720211805772e-02
1.437360291498568192e-02
1.436359341812978689e-02
1.441386991583314472e-02
1.441141035935086107e-02
1.440671723727414248e-02
1.440329019018625652e-02
1.440320672267136025e-02
1.440320672267136025e-02
1.440320672267136025e-02
1.440320672267136198e-02
1.440320672267136025e-02
1.439025175249546672e-02
1.438674255682653898e-02
1.439237846323573010e-02
1.439594720128116803e-02
1.439237846323573357e-02
1.438900148509579709e-02
1.440608626542055730e-02
1.439367746374102877e-02
1.439505868133613906e-02
1.439744718610742533e-02
1.439744718610742533e-02
1.441460620646811686e-02
1.441274814086690101e-02
1.440688354227315053e-02
1.436292387208702552e-02
1.438250309392633680e-02
1.438250309392633507e-02
1.439538332772799870e-02
1.439256971220190251e-02
1.440038106973574178e-02
1.440210367607860746e-02
1.440210367607860920e-02
1.440215580974796815e-02
1.439862677685424010e-02
1.433663761509472792e-02
1.433962191277470336e-02
1.433660907527622118e-02
1.434472810948203211e-02
1.432422030802518731e-02
1.440724756113240766e-02
1.441085113375063093e-02
1.440731426096884989e-02
1.441078578751845557e-02
1.437450270314126824e-02
1.437321468973461192e-02
1.437338676834263619e-02
1.437631014219464300e-02
1.437279000659052661e-02
1.437907210517228376e-02
1.437818626590381572e-02
1.437818626590381746e-02
1.435821204227101522e-02
1.435821204227101348e-02
1.436169901137268265e-02
1.436429337892622220e-02
1.435229088278046176e-02
1.435931236257668997e-02
1.438720529492794852e-02
1.437691538594924705e-02
1.438637862789600430e-02
1.438112201182705462e-02
1.437130881447605014e-02
1.437166739139788922e-02
1.437166739139789096e-02
1.439039158225990413e-02
1.438460222049489992e-02
1.438460625717978211e-02
1.438791315131659511e-02
1.438791315131659684e-02
1.437915148805089978e-02
1.438605155536731330e-02
1.437585804756442640e-02
1.436941719062654471e-02
1.437284975311944706e-02
1.435475117234996309e-02
1.434809662848690083e-02
1.435114480899945220e-02
1.434183469954013711e-02
1.434183469954013711e-02
1.434183469954013711e-02
1.435148781364888916e-02
1.434799446070148324e-02
1.435322549263345730e-02
1.435322549263345730e-02
1.434799446070148150e-02
1.434290452951881081e-02
1.434290452951881081e-02
1.434138386931008841e-02
1.434138386931009014e-02
1.433799830506081972e-02
1.434734335264361942e-02
1.434737400544517857e-02
1.434737400544517857e-02
1.434895638370971629e-02
1.434895638370971629e-02
1.436077322588818171e-02
1.435636910215632930e-02
1.435636910215632930e-02
1.434218402315582362e-02
1.434909021976356509e-02
1.434886089975120904e-02
1.436638316067021318e-02
1.436305982031597754e-02
