1.535140525976565369e-02
1.535345716117619830e-02
1.535597868091498341e-02
1.534986958531137091e-02
1.534994366306398524e-02
1.535618287668660820e-02
1.536642069186940768e-02
1.535007496361252312e-02
1.536178830165040206e-02
1.535321990268341714e-02
1.535321990268341714e-02
1.535321990268342408e-02
1.535321990268343623e-02
1.536168366728981466e-02
1.535768859416341246e-02
1.535596063929486541e-02
1.536150856320698393e-02
1.534437497119093587e-02
1.534444578326223108e-02
1.534424816164641284e-02
1.534424816164643018e-02
1.535503977056442045e-02
1.536256007730146637e-02
1.537088096072614096e-02
1.535210402189472918e-02
1.535275770402376970e-02
1.535871602635284494e-02
1.535268154839846549e-02
1.535268154839847243e-02
1.535268154839847243e-02
1.529306341970467983e-02
1.528356111209332700e-02
1.527481535245988828e-02
1.528083477979935538e-02
1.529688717726214280e-02
1.528688976091205527e-02
1.528688976091207435e-02
1.529546676206635335e-02
1.529546676206635508e-02
1.527132031745384068e-02
1.527001040489038043e-02
1.527603709346776750e-02
1.526998950181207224e-02
1.526998950181206530e-02
1.527042369131535911e-02
1.526733205604296519e-02
1.526733205604297212e-02
1.529011154607547857e-02
1.528406426257583259e-02
1.528664268381576055e-02
1.529268913800303081e-02
1.527593539800982739e-02
1.526121547925178047e-02
1.527750864859051677e-02
1.527750864859052198e-02
1.527750864859052024e-02
1.527750864859050983e-02
1.528299770523162959e-02
1.527864202514839925e-02
1.528466901022596143e-02
1.528466901022597878e-02
1.527266308107306028e-02
1.527588066959253109e-02
1.527588066959252762e-02
1.529306962348868197e-02
1.526688194096682133e-02
1.526688194096681786e-02
1.526688194096681613e-02
1.526084573695424794e-02
1.529417611219289173e-02
1.528384780001564199e-02
1.530202263789767238e-02
1.530202263789768626e-02
1.528988909332622270e-02
1.527790238808365147e-02
1.527696790873963630e-02
1.527469369588718012e-02
1.523843265067322331e-02
1.523843265067320943e-02
1.516499197592028822e-02
1.515894327007361563e-02
1.516918522015752759e-02
1.517374793877122180e-02
1.517374793877120966e-02
1.517374793877119925e-02
1.517371239682356078e-02
1.517374793877119925e-02
1.516196211754475796e-02
1.523504018328952249e-02
1.523258835958676144e-02
1.523258835958672848e-02
1.528037039963472087e-02
1.528037040189948216e-02
1.528037040189946655e-02
1.528376817503178386e-02
1.528376817503177693e-02
1.528376817503177866e-02
1.528036982367584999e-02
1.532500216458994140e-02
1.532500216458994487e-02
1.532500216458994487e-02
1.532616617838462002e-02
1.531180754508058503e-02
1.531180754508059023e-02
1.531789053572482108e-02
1.532412448648075472e-02
1.532412448648076339e-02
1.513566581462424780e-02
1.513437659824575822e-02
1.515955082128355065e-02
1.515356748414966627e-02
1.512211797915541910e-02
1.513207383724604962e-02
1.512486364261574068e-02
1.512065924586393842e-02
1.512065924586395056e-02
1.510597179706175443e-02
1.510445503057943062e-02
1.510801980659020466e-02
1.511191438304323315e-02
1.511191438304323835e-02
1.511044371213504482e-02
1.511399057711078180e-02
1.512341309381465965e-02
1.512922392844794073e-02
1.512602892582701718e-02
1.512296375205058295e-02
1.512962576879387476e-02
1.512962576879387303e-02
1.512962576879387476e-02
1.513686867470482103e-02
1.514884386104106521e-02
1.514289782712697520e-02
1.512162042623602445e-02
1.512768726636938045e-02
1.513294864415657033e-02
1.513938657812160561e-02
1.513938657812160561e-02
1.513938657812160214e-02
1.513938657812160041e-02
1.513948872538225729e-02
1.513355100566056086e-02
1.513948779091758325e-02
1.513355100566056259e-02
1.513355100566056259e-02
1.513499358397333606e-02
1.513499358397333606e-02
1.513499358397333780e-02
1.514093435730233701e-02
1.514093568930447928e-02
1.515159924033868642e-02
1.515159924033869510e-02
1.515159924033868642e-02
1.515160109913656072e-02
1.511800575599038347e-02
1.511800575599039215e-02
1.512401977369988437e-02
1.512401977369988090e-02
1.512401977369988090e-02
1.511795101842706122e-02
1.510268936252202703e-02
1.510245291475751338e-02
1.510382373092596792e-02
1.510382373092597659e-02
1.510422248827657070e-02
1.510422248827656549e-02
1.510422248827655856e-02
1.510959885660738238e-02
1.510366879361138559e-02
1.510965286423315498e-02
1.511567456031479538e-02
1.511912061379642493e-02
1.513118943199505927e-02
1.513118943199506274e-02
1.513118943199505580e-02
1.511183436637208652e-02
1.510304849954330862e-02
1.510896502855782128e-02
1.509695264676625716e-02
1.510305293410259438e-02
1.511491415285021178e-02
1.510305293410259611e-02
1.509683038959452883e-02
1.506666151656472878e-02
1.507255699923108240e-02
1.506666151656471490e-02
1.506666151656471664e-02
1.506893011817755403e-02
1.506296115198576570e-02
1.506885150555972892e-02
1.507577390410832704e-02
1.508167881080478036e-02
1.508167881080477168e-02
1.508567646508083941e-02
1.507875423689050351e-02
1.517968588100227292e-02
1.517367403735426709e-02
1.509015160962208155e-02
1.509015160962207808e-02
1.510453103232019777e-02
1.510449588522913902e-02
1.512186706423669993e-02
1.511592820800570884e-02
1.511592820800571405e-02
1.511346389920389423e-02
1.511347449753715037e-02
1.511347449753715211e-02
1.514286838180118472e-02
1.513696708199330915e-02
1.513696708199330568e-02
1.515312687040869764e-02
1.515312559820211104e-02
1.514716959446776347e-02
1.515312578232012354e-02
1.514606031704573627e-02
1.510708919213124037e-02
1.510708919213123516e-02
1.510708919213123690e-02
1.510708919213122822e-02
1.511157398894694311e-02
1.511157398894694311e-02
1.511897140111429297e-02
1.512279219466108882e-02
1.512279219466108708e-02
1.512315461403087799e-02
1.512279219466108708e-02
1.516354273743520872e-02
1.515752942374930592e-02
1.514934389859634405e-02
1.531024212774090981e-02
1.530617043947881707e-02
1.530617043947881534e-02
1.530264697745834304e-02
1.529737587949505685e-02
1.530375838170904695e-02
1.530375838170904695e-02
1.529848830364067928e-02
1.529850692601234484e-02
1.529848830364067928e-02
1.530375733821550711e-02
1.530741681912077198e-02
1.530473237966388685e-02
1.530469070895768002e-02
1.531596668230273545e-02
1.531596668230273371e-02
1.532011941928102146e-02
1.531725302116570750e-02
1.535502475209252898e-02
1.535493779907385649e-02
1.535493779907385996e-02
1.536033094185078503e-02
1.535371161172745941e-02
1.535896187616450984e-02
1.535683794678755626e-02
1.535683794678756146e-02
1.535683794678755626e-02
1.535493779276038764e-02
1.535412330031254297e-02
1.535493748067450273e-02
1.535838520347804388e-02
1.534962391336644298e-02
1.535357722148559742e-02
1.536315653348122208e-02
1.536315653348122555e-02
1.537087862269806079e-02
1.533557008200873116e-02
1.534500932980884316e-02
1.533675456244404378e-02
1.533556403743338570e-02
1.533556403743338570e-02
1.533556403743338396e-02
1.533556403743338570e-02
1.533973579467414264e-02
1.533556403743339090e-02
1.532341870826942239e-02
1.532341870826941545e-02
1.532341870826941545e-02
1.532341870826941892e-02
1.532341870826941892e-02
1.532341870826941892e-02
1.530497648412999269e-02
1.530291186064939787e-02
1.531977455659621484e-02
1.534559693643804817e-02
1.533982178939348288e-02
1.534510076913710164e-02
1.533721609525138564e-02
1.529094426940561836e-02
1.529202337591914658e-02
1.528675661921964461e-02
1.528675661921964635e-02
1.528564612032294427e-02
1.529428624438182623e-02
1.529428624438183663e-02
1.528374184018481408e-02
1.528374184018481234e-02
1.528374184018481234e-02
1.528901293484108415e-02
1.528901293484108415e-02
1.528374184018481408e-02
1.528374184018481234e-02
1.527852798272690688e-02
1.529017120011350733e-02
1.529018131853900411e-02
1.527797094088622319e-02
1.527797094088621972e-02
1.527797094088622319e-02
1.527321402431916671e-02
1.527847506642000461e-02
1.530496362991114190e-02
1.530496362991114016e-02
1.529436487686443129e-02
1.529392651334147459e-02
1.529392651334147805e-02
1.529392651334147805e-02
1.528340444789167210e-02
1.528340444789167557e-02
1.528340444789167037e-02
1.528340444789167210e-02
1.529173390225604251e-02
1.530199779126302506e-02
1.530728404308960740e-02
1.529151704816169091e-02
1.529564502783658381e-02
1.529564502783659248e-02
1.529564502783658901e-02
1.529036913281485964e-02
1.528758179636540218e-02
1.533696021598483089e-02
1.532470574179975974e-02
1.532470574179975800e-02
1.533519449891987407e-02
1.517201199013546060e-02
1.517201199013546060e-02
1.517203530145322388e-02
1.517203530145321520e-02
1.517203530145321520e-02
1.517203530145321520e-02
1.517203530145321520e-02
1.516275608292384780e-02
1.516912081689956830e-02
1.516392618572998986e-02
1.518409492208430689e-02
1.518384965288388164e-02
1.517718054566754952e-02
1.517197387769796645e-02
1.517104649824391714e-02
1.516585140960616598e-02
1.517101105052836088e-02
1.518190963360549831e-02
1.518190963360549831e-02
1.517976997955166815e-02
1.517976997955166815e-02
1.517976997955166815e-02
1.518400360535175804e-02
1.518514454650577404e-02
1.518333742385457978e-02
1.518333742385457978e-02
1.518333742385457978e-02
1.517437718428094919e-02
1.516963641403959798e-02
1.517503860014102722e-02
1.519228299287313927e-02
1.518765411010357912e-02
1.518765411010357912e-02
1.519097840765929429e-02
1.518572009587536298e-02
1.516326181956290098e-02
1.514984855460234717e-02
1.516467349958315614e-02
1.516467349958315614e-02
1.517888059259388765e-02
1.517304123278656082e-02
1.515771542873296449e-02
1.515771542873296275e-02
1.516784923870950416e-02
1.516784923870950416e-02
1.516784923870950416e-02
1.515739406437519726e-02
1.515739406437519032e-02
1.517309450308687580e-02
1.517830548848574448e-02
1.516829194849384638e-02
1.517309019324205276e-02
1.521381687281173761e-02
1.522300241172313238e-02
1.521731325961448063e-02
1.521230742348289415e-02
1.521230742348289068e-02
1.521340509702183257e-02
1.521114867861003868e-02
1.521224516444572537e-02
1.520709065088647963e-02
1.519455423128653407e-02
1.520305842044089931e-02
1.519926831838519857e-02
1.521247733186951827e-02
1.520025381025613166e-02
1.520025381025613340e-02
1.520265907999531450e-02
1.519316896839992444e-02
1.518273853687723482e-02
1.518956932158816928e-02
1.518956932158816928e-02
1.518797920704667917e-02
1.518797920704667744e-02
1.518797920704668090e-02
1.519316687262924244e-02
1.519316687262924244e-02
1.518797920704667570e-02
1.518797920704668090e-02
1.519680402425784352e-02
1.519680402425784352e-02
1.520200218357550294e-02
1.519815293040946078e-02
1.522013485689673734e-02
1.522598997666562565e-02
1.522598997666561871e-02
1.522598997666562218e-02
1.523019694423175148e-02
1.523019694423174801e-02
1.521556945595739681e-02
1.521669677045457171e-02
1.520983165167107652e-02
1.520563822812975169e-02
1.520057491210024918e-02
1.520057491210025265e-02
1.520057491210025265e-02
1.520461992677241136e-02
1.520577340005668278e-02
1.520168775343997726e-02
1.520577340005668625e-02
1.521307016136742678e-02
1.520628770655529753e-02
1.519861945010269819e-02
1.514571032807393060e-02
1.514566128500904885e-02
1.514571032807392539e-02
1.515194454708699776e-02
1.515710764089064216e-02
1.515710764089064216e-02
1.516227753962230695e-02
1.516227753962230522e-02
1.515086547229625019e-02
1.515922370394637286e-02
1.515926586109009842e-02
1.515602543033326734e-02
1.521755986400944241e-02
1.523233696311276225e-02
1.522169754651850684e-02
1.522169754651850684e-02
1.519664383784473556e-02
1.519666444665859935e-02
1.520708959295345719e-02
1.522178154523804242e-02
1.522589552358695475e-02
1.523224485969843639e-02
1.522589552358695822e-02
1.523106135874311394e-02
1.524161302671592916e-02
1.522589925098830586e-02
1.523568416366247007e-02
1.523127931876971583e-02
1.522343342806187216e-02
1.522343342806187390e-02
1.522343342806187910e-02
1.522343342806188084e-02
1.522343342806188257e-02
1.522943406510436637e-02
1.520488770926071639e-02
1.520488770926071813e-02
1.520452591820806339e-02
1.521438686449165870e-02
1.522001840364751134e-02
1.519747674614203327e-02
1.520454356004087224e-02
1.520454356004087050e-02
1.520682654607958921e-02
1.520790243804606874e-02
1.521734855070917131e-02
1.520787444326637122e-02
1.520787444326636428e-02
1.520787444326636255e-02
1.520787444326636428e-02
1.520787444326636428e-02
1.520791904813955167e-02
1.520270879921139205e-02
1.520272589099414852e-02
1.521540723471605239e-02
1.518949310592484711e-02
1.518949310592484364e-02
1.518425988051664774e-02
1.518964968501549523e-02
1.518945032520698651e-02
1.520506886650834465e-02
1.521025966589026855e-02
1.520502982164413652e-02
1.519468257830943608e-02
1.519370160041836650e-02
1.521661042520071859e-02
1.519982678324407858e-02
1.519989293180244727e-02
1.519469829229005108e-02
1.519469829229004934e-02
1.520396503451875402e-02
1.519989281261218371e-02
1.521028347178944758e-02
1.518465574844302113e-02
1.518285918458682666e-02
1.518285918458682666e-02
1.518285918458682320e-02
1.518804946824480785e-02
1.518285918458682666e-02
1.518395755272758212e-02
1.518805028477672632e-02
1.518285918458682666e-02
1.518285918458682146e-02
1.519034627470447311e-02
1.519761266561987616e-02
1.519257735248356368e-02
1.519173617381673960e-02
1.516098186499415662e-02
1.516098186499415142e-02
1.515580357551902201e-02
1.516098262869568225e-02
1.516098218583553092e-02
1.515059399684072321e-02
1.536185036769591346e-02
1.536185036769591693e-02
1.536580547766303213e-02
1.536185036769592560e-02
1.536681269227556032e-02
1.536994972345815703e-02
1.540102081330389609e-02
1.539724084419555848e-02
1.537585358537852352e-02
1.537592956427411700e-02
1.538010620190421833e-02
1.538559634829399399e-02
1.535004647049302041e-02
1.534458228384911506e-02
1.534512538328251623e-02
1.535104817393601051e-02
1.534013135640477192e-02
1.534013135640477192e-02
1.534013135640477019e-02
1.534013135640477019e-02
1.541940598218852210e-02
1.541940598218852383e-02
1.541398198469090715e-02
1.541398198469090715e-02
1.538791163069886357e-02
1.538777373476535489e-02
1.538777373476535489e-02
1.538777373476535662e-02
1.540881228969612562e-02
1.540881228969613083e-02
1.540881228969612909e-02
1.540881228969612389e-02
1.543395180615834798e-02
1.543948689781878686e-02
1.543832248509062130e-02
1.542807557688810442e-02
1.538450332558194758e-02
1.537919605777855574e-02
1.538031383632668288e-02
1.538466278646619459e-02
1.541253191383614579e-02
1.540796641047711447e-02
1.540796641047711794e-02
1.541762131650064108e-02
1.537580543860691054e-02
1.537580543860690881e-02
1.537580543860690534e-02
1.538389535779887719e-02
1.538389535779887372e-02
1.538682037569561074e-02
1.538139900105514601e-02
1.537825895634241380e-02
1.537825895634241727e-02
1.539163961809139961e-02
1.538616329754010845e-02
1.537955624275968818e-02
1.537955624275969164e-02
1.537955624275968991e-02
1.537964324610134777e-02
1.540148707414405391e-02
1.536933908942675862e-02
1.532271822045503523e-02
1.531958912140699881e-02
1.531958912140699881e-02
1.531958912140699881e-02
1.531958912140699881e-02
1.531958912140699881e-02
1.532333456856494434e-02
1.532891357588930283e-02
1.533421996119100489e-02
1.533422510513523032e-02
1.537636932062646372e-02
1.537636932062646719e-02
1.538187369807378357e-02
1.537512914200886774e-02
1.537512914200886774e-02
1.537514244241581021e-02
1.537515969430149586e-02
1.537085962076336840e-02
1.537085962076336319e-02
1.537085962076336493e-02
1.537519983364755115e-02
1.517028043522905892e-02
1.518305057649635068e-02
1.521881683261530789e-02
1.522605276479820254e-02
1.522417622582896389e-02
1.515477052643390485e-02
1.515665600765094684e-02
1.517136265102659101e-02
1.516194184906502311e-02
1.515673922158590481e-02
1.515673922158590481e-02
1.515673922158590134e-02
1.515449295140266876e-02
1.515484534911953202e-02
1.514964565355285744e-02
1.519115701236114710e-02
1.519631228927859588e-02
1.519116703136487619e-02
1.521846652458402720e-02
1.521846652458403067e-02
1.521846652458403067e-02
1.521729799389648710e-02
1.521846652458403240e-02
1.524130476454335810e-02
1.521458965917946160e-02
1.521995369896901942e-02
1.521461309854034091e-02
1.521461309854034612e-02
1.519164830780768589e-02
1.521427421752987591e-02
1.521963038014088887e-02
1.521963038014089754e-02
1.521427421752988111e-02
1.522521362746315741e-02
1.521005023240050089e-02
1.523914902701186715e-02
1.524624102927089019e-02
1.524624102927089192e-02
1.523965824527252592e-02
1.523965824527252592e-02
1.521342044851333071e-02
1.521342044851332724e-02
1.523746577730186215e-02
1.523746577730186215e-02
1.523746577730185348e-02
1.523221727648679628e-02
1.523221743404159535e-02
1.523548335704678729e-02
1.524379648653413459e-02
1.525719522729641550e-02
1.525308319853799915e-02
1.525304959759247493e-02
1.525408673900348518e-02
1.523795235957831583e-02
1.523795235957831236e-02
1.524263701094492884e-02
1.524446842035286943e-02
1.521342822763837796e-02
1.521866416941469909e-02
1.521866416941470256e-02
1.521866416941469909e-02
1.522383535901073240e-02
1.522801233649183350e-02
1.521866417356721596e-02
1.522159657226668412e-02
1.519195412111465707e-02
1.519091913148432581e-02
1.519091913148432581e-02
1.519091913148431540e-02
1.520135952605726828e-02
1.520647153306836467e-02
1.519930729208758373e-02
1.520083557502429142e-02
1.520083557502428448e-02
1.520083557502428274e-02
1.519579329624930024e-02
1.519066533984306591e-02
1.519417588713601122e-02
1.519208530073690687e-02
1.520770730526716311e-02
1.520770730526715617e-02
1.521285846979818571e-02
1.520462296450326468e-02
1.520462296450325948e-02
1.520983225884017451e-02
1.520984507117845511e-02
1.519307303876310002e-02
1.519307303876310696e-02
1.519307303876310175e-02
1.519307303876310522e-02
1.519538715839352343e-02
1.519538715839352343e-02
1.521047179871994233e-02
1.520640882745011996e-02
1.520941703513053675e-02
1.520939621910416886e-02
1.520878736173365137e-02
1.522794771236092234e-02
1.523319114317254162e-02
1.524344626260660217e-02
1.521762408840170340e-02
1.522096535146543958e-02
1.522096535146543958e-02
1.522096535146543611e-02
1.522096535146543611e-02
1.522096535146543264e-02
1.522096535146543611e-02
1.522109035147664602e-02
1.521750350451553380e-02
1.522943012106124823e-02
1.521540050768253535e-02
1.522507699932653530e-02
1.523644998323565695e-02
1.522592666822445741e-02
1.524047677565125436e-02
1.524047677565125436e-02
1.524047677565125609e-02
1.524047677565124916e-02
1.524449439060587136e-02
1.522471445554211648e-02
1.522471445554211301e-02
1.522471445554211822e-02
1.521833091653664038e-02
1.522242183294578166e-02
1.523263631670739027e-02
1.522765061770609343e-02
1.522765061770608996e-02
1.522765061770609170e-02
1.522878447616747392e-02
1.522878447616747045e-02
1.522354563390570723e-02
1.522354563390570376e-02
1.522878447616747219e-02
1.522878448657174512e-02
1.520830907611988268e-02
1.520830907611988789e-02
1.520830907611988789e-02
1.521829816139424682e-02
1.520788888259963674e-02
1.523070138666101671e-02
1.522131537129292438e-02
1.522131537129291570e-02
1.521722894578203707e-02
1.520357698417896218e-02
1.520252354055866457e-02
1.520771802790372128e-02
1.520888177054764701e-02
1.520888177054764354e-02
1.520888177054764701e-02
1.521041345494189220e-02
1.522046112435776304e-02
1.522046112435776130e-02
1.521522831822058261e-02
1.521000675568959411e-02
1.520999404794011467e-02
1.521000675568959064e-02
1.521003198368355881e-02
1.522859721429154975e-02
1.522334414654590538e-02
1.522334414654590885e-02
1.522333881456746502e-02
1.522857885648586616e-02
1.522859029759359405e-02
1.523384722336672097e-02
1.523758107672399872e-02
1.523623812263804646e-02
1.523623812263804646e-02
1.524678547059617195e-02
1.523096829224052269e-02
1.522333804831936012e-02
1.521467874433754183e-02
1.521994732220216355e-02
1.521580193884283089e-02
1.521580193884283262e-02
1.522095164010333658e-02
1.521284230195080710e-02
1.521284230195080536e-02
1.520760519045663388e-02
1.520760519045663908e-02
1.520760519045663908e-02
1.520760519045663561e-02
1.520760519045663908e-02
1.520928809889262462e-02
1.520760519045663561e-02
1.521284230195080189e-02
1.521284230195080363e-02
1.521278451526339622e-02
1.521865539711844337e-02
1.521865539711844510e-02
1.522390519316179497e-02
1.520168243691763683e-02
1.520692594021074220e-02
1.520692594021074567e-02
1.519152822565194086e-02
1.519362556644392181e-02
1.519652197739242844e-02
1.519669177581710502e-02
1.519669177581710502e-02
1.519224097704208881e-02
1.519375265609424104e-02
1.520275072498941150e-02
1.520797616236357550e-02
1.519961538508732106e-02
1.519488263261741315e-02
1.520008856121863455e-02
1.519860984513907338e-02
1.518490073614346507e-02
1.517631796887830564e-02
1.518121829703382615e-02
1.517631796887830217e-02
1.517631796887830217e-02
1.517631796887829697e-02
1.519214978208886964e-02
1.520023054619215955e-02
1.520023054619216302e-02
1.520124199673442145e-02
1.520408661290347657e-02
1.517944296759335399e-02
1.517827415815426600e-02
1.515821113838152802e-02
1.515302490913068671e-02
1.515302490913069192e-02
1.515926661379544786e-02
1.516446940056988442e-02
1.516446842588073732e-02
1.515927141393968135e-02
1.513258850201799031e-02
1.515617556901967082e-02
1.514367051627007674e-02
1.515182174868980221e-02
1.516323556949311299e-02
1.516323852402912641e-02
1.516323556006812096e-02
1.516323556006812096e-02
1.516323556006812096e-02
1.515889870883001776e-02
1.515611216979079537e-02
1.515903818691187802e-02
1.516130096041305199e-02
1.516130096041305025e-02
1.516649456195756987e-02
1.516649456195756640e-02
1.516130096041304505e-02
1.515611637920212529e-02
1.515611637920212529e-02
1.515611637920212355e-02
1.515611637920212182e-02
1.515611637920212702e-02
1.515611637920212182e-02
1.515611637920212529e-02
1.515611637920212355e-02
1.515477325405001872e-02
1.514678088617039779e-02
1.514678088617039779e-02
1.515576484266378463e-02
1.515568902190881848e-02
1.515056317232271223e-02
1.515056317232271223e-02
1.515056317232271049e-02
1.515056317232271049e-02
1.515056317232270702e-02
1.515056317232271396e-02
1.515358216815997951e-02
1.514838477867804997e-02
1.515339935207404495e-02
1.515357957788678392e-02
1.515990082422462304e-02
1.515689182415948938e-02
1.515661277662594571e-02
1.515665629512057307e-02
1.520079070737532893e-02
1.520602220327585581e-02
1.520602220327585408e-02
1.517242628411937487e-02
1.516198768165019119e-02
1.518074706023466759e-02
1.518074706023466759e-02
1.517677560317382338e-02
1.516844909709083762e-02
1.516333504193873895e-02
1.519881620895140693e-02
1.519721503731032153e-02
1.519723057267862061e-02
1.519723057267862061e-02
1.519194361547277980e-02
1.520503142112221255e-02
1.519423521404500085e-02
1.518939729331539833e-02
1.518939729331539833e-02
1.518939729331540527e-02
1.518939729331540700e-02
1.518939729331540180e-02
1.518939729331540180e-02
1.519467977321425391e-02
1.526076193300913292e-02
1.526612416784011578e-02
1.526195513167297180e-02
1.526076193300913292e-02
1.525068559765179431e-02
1.526185649667142694e-02
1.523690862285391120e-02
1.523157457980064619e-02
1.523157400420377047e-02
1.523157400420377047e-02
1.523155852184452513e-02
1.523155852184452513e-02
1.522866753913845565e-02
1.522953963544904435e-02
1.523565875519279633e-02
1.523565875519279807e-02
1.523565875519279286e-02
1.523032870430317438e-02
1.527142815094874491e-02
1.523166762013624526e-02
1.523166762013624526e-02
1.524165498047921202e-02
1.525100477588524003e-02
1.524708405844814665e-02
1.524708569402364287e-02
1.524708569402364287e-02
1.522942835003541009e-02
1.522942835003540836e-02
1.523087629291854442e-02
1.523087629291854442e-02
1.523087629291854615e-02
1.523989314896945224e-02
1.523989314896945918e-02
1.522920968835810539e-02
1.522875590949922427e-02
1.522920968835810886e-02
1.526928125163912187e-02
1.526408315684705218e-02
1.527237221221543900e-02
1.527237221221543900e-02
1.527237221221543900e-02
1.527230922301364702e-02
1.525121130290477307e-02
1.525874638720028410e-02
1.525760017358275544e-02
1.526945840343374959e-02
1.525874638720028063e-02
1.525013988309298872e-02
1.525013988309298699e-02
1.525013988309298872e-02
1.524962490540614918e-02
1.525871475161288265e-02
1.526403065022956598e-02
1.525871483848635808e-02
1.525336930156343841e-02
1.525336930156343841e-02
1.525336930156343841e-02
1.526420059707479272e-02
1.525884481691019805e-02
1.525884481691019631e-02
1.525884481691019284e-02
1.525884481691019284e-02
1.525884481691019284e-02
1.525884481691018937e-02
1.524360307932373128e-02
1.524000168882263043e-02
1.525293164290356107e-02
1.525293305771672180e-02
1.525162057702269224e-02
1.525162057702269224e-02
1.525581470802214561e-02
1.525038642696379537e-02
1.525749277509266810e-02
1.525749277509266984e-02
1.525213882886136511e-02
1.525213882886136511e-02
1.525213882886136685e-02
1.525213882886136164e-02
1.525213882886136685e-02
1.524238379381797660e-02
1.529067709625069743e-02
1.526693828199792921e-02
1.527230936651185859e-02
1.528435624553624306e-02
1.527895480144566415e-02
1.527356816933935803e-02
1.527356816933935456e-02
1.526283512906213662e-02
1.525912370594659576e-02
1.525375550579344264e-02
1.525375550579344264e-02
1.525375550579344090e-02
1.525375550579344264e-02
1.525782080518850795e-02
1.522133256273671201e-02
1.522133256273671548e-02
1.522133256273671374e-02
1.520772688462856785e-02
1.520772688462857306e-02
1.520772688462856785e-02
1.520772688462856612e-02
1.521218004077080736e-02
1.520564688854031225e-02
1.520564688854031572e-02
1.525055782767045093e-02
1.524425626425292453e-02
1.521478898385364084e-02
1.522711527776840663e-02
1.522248259221846249e-02
1.522490817460909335e-02
1.522490817460909335e-02
1.523317005615415151e-02
1.523317005615414631e-02
1.524379605147241183e-02
1.523848282500410607e-02
1.523561681549590388e-02
1.523318480706606186e-02
1.522786222315466141e-02
1.522786222315466141e-02
1.520393280464878323e-02
1.520393280464877976e-02
1.520417224352644918e-02
1.520417224352645091e-02
1.520393686577921344e-02
1.520393686577920997e-02
1.520392008623670452e-02
1.521482914687140656e-02
1.521266239194299374e-02
1.521796913586221864e-02
1.521266239194299548e-02
1.521744531845118341e-02
1.521744531845118167e-02
1.522275069874956706e-02
1.521744531845117820e-02
1.521744531845117994e-02
1.524685976100240321e-02
1.523833002091848007e-02
1.523833000162313003e-02
1.524867163650988136e-02
1.524867163650987616e-02
1.524867163650987963e-02
1.521702687200714339e-02
1.523156357414688633e-02
1.523156357414687766e-02
1.523156357414688286e-02
1.523156357414688633e-02
1.522094998268642800e-02
1.523929220960300139e-02
1.522742312767492653e-02
1.523273867773014718e-02
1.522088153581105385e-02
1.521699960142473482e-02
1.521169713630849546e-02
1.522230999538897941e-02
1.521700141205179282e-02
1.522230924052305097e-02
1.522230924052305270e-02
1.522230964085267112e-02
1.522230964085266765e-02
1.521471981902620257e-02
1.521242736134646549e-02
1.521242736134647069e-02
1.521242736134646549e-02
1.521773924111012241e-02
1.520964770227335380e-02
1.520964770227335554e-02
1.520964770227336074e-02
1.520893236499045072e-02
1.520421715311213139e-02
1.520423418838889179e-02
1.520282964278667388e-02
1.520282964278667041e-02
1.521110212857776367e-02
1.518481277024399945e-02
1.518481277024400118e-02
1.519542673402914969e-02
1.520452342998419686e-02
1.520071779278669814e-02
1.524291390033360657e-02
1.523754273084360240e-02
1.523754273084360240e-02
1.525249551679280953e-02
1.524713486432041111e-02
1.525249551679281647e-02
1.525249551679281473e-02
1.525249551679281473e-02
1.525249551679281473e-02
1.524612519029791037e-02
1.524174809594427797e-02
1.524987492639849791e-02
1.524712559129566374e-02
1.524712559129565853e-02
1.524663255883508713e-02
1.524663255883509060e-02
1.525200177998550788e-02
1.524594277041129743e-02
1.524594277041129743e-02
1.523637488759341588e-02
1.523645524622773556e-02
1.524174267629331385e-02
1.524174267629330691e-02
1.524001235820472179e-02
1.524174268119780559e-02
1.524174268119780039e-02
1.521028245569699608e-02
1.522132298898254063e-02
1.521647271075204054e-02
1.521902566715971697e-02
1.521762750605370855e-02
1.521762750605370508e-02
1.521159643657078037e-02
1.521342995964812712e-02
1.523491979291327104e-02
1.523491979291327104e-02
1.522957164876661759e-02
1.522648723273697935e-02
1.522752629610052595e-02
1.523105074962931467e-02
1.523105074962931120e-02
1.523105167653194397e-02
1.522805474631500067e-02
1.522952703628670072e-02
1.522952703628670246e-02
1.522952703628670072e-02
1.522392008287677505e-02
1.522392008287677678e-02
1.522392008287676984e-02
1.522484349445330648e-02
1.521897428023708324e-02
1.522536538998175461e-02
1.522421552314486178e-02
1.522421552314486004e-02
1.522421552314486004e-02
1.522421552314486178e-02
1.522421552314485657e-02
1.522360614448851207e-02
1.519283919707338330e-02
1.519283919707338157e-02
1.519283919707338157e-02
1.518929223093943952e-02
1.518929223093944299e-02
1.518929223093944993e-02
1.521568127889297121e-02
1.520672322378025659e-02
1.527423454644759142e-02
1.525896528197165890e-02
1.525896528197165890e-02
1.524121796810120992e-02
1.524121796810120819e-02
1.524121796810120819e-02
1.524121796810120645e-02
1.525363582926627173e-02
1.524827460729663749e-02
1.521754681504175824e-02
1.521755559932472766e-02
1.521755559932472940e-02
1.521755559932472940e-02
1.521639625014723982e-02
1.522701825446038520e-02
1.522701501462076293e-02
1.523576651775112104e-02
1.523576651775112624e-02
1.523576651775112624e-02
1.523576651775112277e-02
1.523576651775112277e-02
1.524306212515410749e-02
1.524306212515411096e-02
1.523093327230680936e-02
1.522560098409088923e-02
1.523092585607660476e-02
1.523903413285161365e-02
1.521767802277110108e-02
1.522299067988194116e-02
1.521767009341340460e-02
1.522600615000676595e-02
1.522600615000676769e-02
1.522054806960737236e-02
1.521635494434881927e-02
1.522564610389276832e-02
1.522058147507301257e-02
1.521859409372730565e-02
1.522725840385535066e-02
1.523258198836834054e-02
1.524704765058543764e-02
1.525357611153085012e-02
1.525357611153085012e-02
1.524823834476952099e-02
1.525358291240906834e-02
1.523582302411085297e-02
1.523225493375173455e-02
1.523225493375173455e-02
1.523225493375173281e-02
1.523225493375173455e-02
1.523382791526713825e-02
1.523892512044735040e-02
1.520424577282663246e-02
1.521335540291911433e-02
1.521335540291911086e-02
1.521867620319510180e-02
1.521246604527011666e-02
1.521827807152053777e-02
1.521827807152053777e-02
1.520771295309015884e-02
1.520239913236419611e-02
1.520659739383032130e-02
1.522846292419989013e-02
1.522557443802204091e-02
1.522557443802203744e-02
1.520451316399837501e-02
1.519644176699365933e-02
1.518463791029877642e-02
1.519502564587857721e-02
1.518970592968183451e-02
1.520659182740620105e-02
1.519594659608183157e-02
1.518500426864966349e-02
1.517556083910646947e-02
1.517674959664587833e-02
1.517674959664587833e-02
1.517674959664587833e-02
1.517674959664587486e-02
1.516184226170602320e-02
1.516712262781545577e-02
1.516715857831881821e-02
1.516707784595457825e-02
1.516707784595457305e-02
1.516188339035269561e-02
1.516188339035269041e-02
1.516757716174185235e-02
1.516757716174185061e-02
1.517212668926334017e-02
1.520661710959072231e-02
1.519610840037611925e-02
1.519599312732829860e-02
1.519070703416120285e-02
1.525198893492784973e-02
1.525198893492784799e-02
1.523562288167808199e-02
1.523562288167808199e-02
1.522918135613833893e-02
1.522918135613834066e-02
1.522918135613834066e-02
1.523830521012798679e-02
1.522918091643085496e-02
1.522918091643085496e-02
1.523991276741768798e-02
1.523699103201705402e-02
1.524110883259443411e-02
1.523162563910317700e-02
1.523672980470312625e-02
1.521846279979845520e-02
1.523919622063488709e-02
1.523382173213739740e-02
1.523382173213739740e-02
1.522839498521767060e-02
1.523259901221163913e-02
1.524989299373086596e-02
1.522529837492033779e-02
1.520971114950069210e-02
1.521508507741189953e-02
1.524016515486121236e-02
1.526921122462637954e-02
1.527015571170381794e-02
1.527015571170381968e-02
1.526544926104340255e-02
1.526005187791890268e-02
1.525626969615156286e-02
1.526134152044777113e-02
1.526166219824019038e-02
1.528546285764299968e-02
1.529026123666127682e-02
1.528974419099614693e-02
1.527888877317561643e-02
1.527336832124603569e-02
1.527336832124604089e-02
1.527336832124603569e-02
1.527336832124603569e-02
1.528326586511777503e-02
1.528326586511777850e-02
1.528204004739176780e-02
1.526464069005262734e-02
1.527245310114378092e-02
1.527245310114378439e-02
1.527245310114377919e-02
1.527245310114378092e-02
1.528338529914358840e-02
1.527790332683345853e-02
1.527790332683346547e-02
1.529403801396725382e-02
1.530488461273128709e-02
1.521508708262053755e-02
1.520961304218642653e-02
1.519634225428947126e-02
1.519089607719296617e-02
1.518544898011661183e-02
1.518544898011661530e-02
1.518544898011661530e-02
1.518544898011661530e-02
1.518592227643110991e-02
1.519947699259444757e-02
1.518475424429752314e-02
1.518360007879511649e-02
1.523350403365074206e-02
1.524854196601312800e-02
1.524854196601312627e-02
1.524854196601312106e-02
1.524854196601312106e-02
1.525405119592512619e-02
1.526391149371352472e-02
1.525970286699096339e-02
1.525840049293001981e-02
1.526391149371352819e-02
1.525291912703163888e-02
1.528248225979713694e-02
1.529356154401826338e-02
1.528803316857995330e-02
1.528803320876094725e-02
1.528800035057102658e-02
1.530966839422384651e-02
1.530966839422384304e-02
1.530966839422384131e-02
1.529157162689934700e-02
1.529157162689934527e-02
1.529157162689934527e-02
1.529157162689934873e-02
1.529034528820536615e-02
1.529034528820535747e-02
1.529034528820535747e-02
1.531107116650321648e-02
1.531111775975087762e-02
1.530553721199174461e-02
1.530553721199174634e-02
1.530498234515454900e-02
1.531225330348737201e-02
1.529567153447263135e-02
1.530137720020664088e-02
1.530009177800136302e-02
1.531671941264984259e-02
1.529727130875754328e-02
1.529173572242905829e-02
1.530281214312022298e-02
1.528652394366022613e-02
1.529886305660069397e-02
1.529957107715114104e-02
1.532279771727193020e-02
1.532836981872790980e-02
1.532279771727193540e-02
1.532279771727193367e-02
1.532028380087771188e-02
1.531274123674368319e-02
1.536854769560077640e-02
1.537416924879805163e-02
1.536854769560077813e-02
1.536459207627655955e-02
1.531156793985294882e-02
1.531156793985294709e-02
1.530601998501708236e-02
1.530601998501708409e-02
1.530601998501708236e-02
1.531155523678067246e-02
1.529225624503720293e-02
1.529571482303281743e-02
1.529225624503720293e-02
-3.447182575894910256e-02
-3.421248746855821976e-02
-3.416982640786990488e-02
-3.421222440143904114e-02
-3.435647080582481666e-02
-3.435647080582481666e-02
-3.435647080582480972e-02
-3.435647080582481666e-02
-3.435647080582479584e-02
-3.435647080582480278e-02
-3.435647080582480278e-02
-3.435647080582481666e-02
-3.435647080582481666e-02
-3.435647080582480278e-02
-3.435647080582481666e-02
-3.445827687076147283e-02
-3.440124058704620291e-02
-3.440348610957615072e-02
-3.422177527293453897e-02
-3.439337751643347513e-02
-3.445968922277966445e-02
-3.354697853463735335e-02
-3.354697853463733948e-02
-3.358793190227665759e-02
-3.350592782983451839e-02
-3.350592782983451839e-02
-3.354697853463732560e-02
-3.354665158415910675e-02
-3.354665158415911369e-02
-3.327768946727591159e-02
-3.331791482325976994e-02
-3.331644732028864880e-02
-3.347358582509853825e-02
-3.347358582509854519e-02
-3.347358582509853825e-02
-3.350272113627703746e-02
-3.355849346418177115e-02
-3.329103179931978962e-02
-3.347737667676890794e-02
-3.346664494422860181e-02
-3.345732570660758104e-02
-3.338319494266535348e-02
-3.351858652095361657e-02
-3.336077873852073133e-02
-3.336077873852073827e-02
-3.336699921338643487e-02
-3.328955456341751301e-02
-3.328955456341752689e-02
-3.336013024119797998e-02
-3.336013024119797304e-02
-3.341408645611345513e-02
-3.342691926928547524e-02
-3.350402904988802888e-02
-3.353361797021987833e-02
-3.353361797021987833e-02
-3.349356520044648178e-02
-3.337731248165294595e-02
-3.340650008222175588e-02
-3.341789261087288465e-02
-3.340439918546182080e-02
-3.328005353291084434e-02
-3.328005353291086515e-02
-3.328067572690324161e-02
-3.328067572690324855e-02
-3.332018686672000296e-02
-3.324039235472314030e-02
-3.340148609082421033e-02
-3.344695056858334320e-02
-3.339401595642069870e-02
-3.328013944012685188e-02
-3.328013944012682412e-02
-3.327987108474001615e-02
-3.327987108474003003e-02
-3.331147955777536557e-02
-3.331991154276728317e-02
-3.336051850292012094e-02
-3.352895708153969673e-02
-3.361075495421833592e-02
-3.357004511576688194e-02
-3.361078819070775769e-02
-3.365168303338399169e-02
-3.365168303338399169e-02
-3.356954157153080320e-02
-3.361066432738329945e-02
-3.356954157153081014e-02
-3.356954157153080320e-02
-3.361066432738333415e-02
-3.356954157153079626e-02
-3.356954157153079626e-02
-3.356954157153080320e-02
-3.339369777949374035e-02
-3.356694979739768131e-02
-3.356956010899793397e-02
-3.360813613488341373e-02
-3.348857386609142145e-02
-3.358751225392622719e-02
-3.358576048403887765e-02
-3.358686341025133443e-02
-3.358686341025132055e-02
-3.358686341025134137e-02
-3.354721713947667744e-02
-3.358766046701953945e-02
-3.354665299003428691e-02
-3.354653298649126064e-02
-3.350608764092816855e-02
-3.358756879144533802e-02
-3.354478362987725615e-02
-3.354478362987726309e-02
-3.347032277805953027e-02
-3.338560753201395143e-02
-3.342577640267527933e-02
-3.346725573212913640e-02
-3.342582051228382839e-02
-3.341541831653319083e-02
-3.342543812775013168e-02
-3.354818496276501527e-02
-3.350058790486374477e-02
-3.353469854807380329e-02
-3.353469854807380329e-02
-3.359024551362208705e-02
-3.355479379602173406e-02
-3.342486596477347444e-02
-3.342162682500690596e-02
-3.352650551195344997e-02
-3.352650551195344997e-02
-3.352650551195344303e-02
-3.352543741944569861e-02
-3.356637339280581223e-02
-3.348615002260853235e-02
-3.348572134868210703e-02
-3.352654893609353925e-02
-3.352654893609353925e-02
-3.352654893609353925e-02
-3.350122121973174438e-02
-3.354193418770182178e-02
-3.349485674105105726e-02
-3.281648222727929359e-02
-3.277366547273957709e-02
-3.274517149786541903e-02
-3.280250831396264166e-02
-3.283162727179531754e-02
-3.279836992361277737e-02
-3.276948607258922674e-02
-3.276948607258923368e-02
-3.280265790086948907e-02
-3.282450069331672299e-02
-3.291669314484327313e-02
-3.282787493290195702e-02
-3.282554262067573225e-02
-3.279708923646764557e-02
-3.279709449644211544e-02
-3.281524267884507878e-02
-3.269951814500936249e-02
-3.269946647243775206e-02
-3.264167545631170564e-02
-3.264167545631171952e-02
-3.267065956460157850e-02
-3.267065956460159237e-02
-3.272838707960293997e-02
-3.276700960249114003e-02
-3.270961510984055770e-02
-3.272899475440023409e-02
-3.270529108892967357e-02
-3.273412911979532020e-02
-3.276238616452930436e-02
-3.276195696293163900e-02
-3.281590596385942915e-02
-3.281590596385942915e-02
-3.278721763225121016e-02
-3.278721763225121016e-02
-3.286285384858340236e-02
-3.286285384858340236e-02
-3.254055644587247609e-02
-3.254055644587247609e-02
-3.274337548790223068e-02
-3.271465153928269226e-02
-3.271465153928271308e-02
-3.279128173223987142e-02
-3.261121801439636342e-02
-3.268348130423449210e-02
-3.268348130423447823e-02
-3.268348130423447823e-02
-3.265694458935702177e-02
-3.265694458935702177e-02
-3.265694458935701483e-02
-3.283028926332377112e-02
-3.257098832361272206e-02
-3.259951520030769656e-02
-3.257098832361272900e-02
-3.262913268567452924e-02
-3.262913268567452230e-02
-3.260448945745868243e-02
-3.251591882665882949e-02
-3.254411559608608867e-02
-3.279758261766368282e-02
-3.276862162612396989e-02
-3.313226273636581121e-02
-3.316154522658087966e-02
-3.316154522658087966e-02
-3.316154522658086579e-02
-3.297002710638048673e-02
-3.293547950474415287e-02
-3.284822006931099880e-02
-3.284822006931099186e-02
-3.284822006931100574e-02
-3.284822006931099186e-02
-3.284343167353025866e-02
-3.284343167353025866e-02
-3.284343167353025866e-02
-3.284343167353027948e-02
-3.296880956905056531e-02
-3.286461340243201218e-02
-3.294083098311505892e-02
-3.286461340243201218e-02
-3.293258345876277915e-02
-3.293258345876275139e-02
-3.293258345876277221e-02
-3.293258345876277221e-02
-3.293258345876277221e-02
-3.293258345876275139e-02
-3.293258345876268894e-02
-3.293258345876268894e-02
-3.306324486145947872e-02
-3.315074744838293619e-02
-3.315109325203315083e-02
-3.315081463325676714e-02
-3.312287235819934283e-02
-3.306379176202526443e-02
-3.307694759902470028e-02
-3.306379176202527831e-02
-3.311625391646368100e-02
-3.308679920748813785e-02
-3.306396615537050832e-02
-3.296559081483849823e-02
-3.296559081483848436e-02
-3.298448089931397403e-02
-3.295604984835777407e-02
-3.306704069053081896e-02
-3.309766863196703796e-02
-3.306814227051885907e-02
-3.306826771761280093e-02
-3.301033587971456684e-02
-3.301033587971455990e-02
-3.306522933026389416e-02
-3.306936725142673589e-02
-3.306936725142674283e-02
-3.306936725142673589e-02
-3.304905390956278805e-02
-3.327856072786682801e-02
-3.299302672251387680e-02
-3.294509553088501019e-02
-3.299356136825287722e-02
-3.296414005490097554e-02
-3.296414005490097554e-02
-3.291559420298693223e-02
-3.291559420298691835e-02
-3.291559420298693223e-02
-3.301123241558098775e-02
-3.301123241558098081e-02
-3.301123241558098775e-02
-3.299640360194504990e-02
-3.310634174210391745e-02
-3.310634174210392439e-02
-3.294389198985712280e-02
-3.294471970815888995e-02
-3.321339707256288493e-02
-3.321339707256287799e-02
-3.321311545951900757e-02
-3.321311545951900757e-02
-3.321280347177462539e-02
-3.315940337544310418e-02
-3.312957097191439326e-02
-3.312957097191440020e-02
-3.312957097191440020e-02
-3.305105248156397363e-02
-3.301343348140568096e-02
-3.301343348140567402e-02
-3.305644067677997872e-02
-3.305644067677996484e-02
-3.303791397245998962e-02
-3.309170146830361231e-02
-3.306230944786068410e-02
-3.306725612064551068e-02
-3.300886576122227800e-02
-3.303630031744016204e-02
-3.303194135024431488e-02
-3.306112468168714846e-02
-3.295378399087091348e-02
-3.298101545193683065e-02
-3.298153011729026973e-02
-3.292314125686461590e-02
-3.292314125686460896e-02
-3.297954561487526082e-02
-3.303683402352694531e-02
-3.297902064105105724e-02
-3.299876905184716269e-02
-3.286346790240952942e-02
-3.289317902885398326e-02
-3.284395127867796582e-02
-3.284395127867795194e-02
-3.281506081257700574e-02
-3.281506081257700574e-02
-3.284402064518709974e-02
-3.283608803752826460e-02
-3.283457406544333657e-02
-3.286352547709885108e-02
-3.286352547709884414e-02
-3.237368706289247416e-02
-3.243986081771895597e-02
-3.244228352211053767e-02
-3.243966818377476413e-02
-3.241094761426726450e-02
-3.234815150496817004e-02
-3.231930632025629274e-02
-3.234829100636866378e-02
-3.226275818743010865e-02
-3.226275818743012253e-02
-3.232027363178244933e-02
-3.232027363178246321e-02
-3.226627969748326052e-02
-3.229515796688388340e-02
-3.232391342404481588e-02
-3.235219714692498527e-02
-3.229494058001602941e-02
-3.229494058001604329e-02
-3.232208958318143893e-02
-3.232213303274639182e-02
-3.229520808179001806e-02
-3.229520808179002500e-02
-3.232347094619007766e-02
-3.232347094619006378e-02
-3.229457928937705391e-02
-3.229457928937705391e-02
-3.252470104905074572e-02
-3.252470104905075265e-02
-3.255199530975826788e-02
-3.252799197914880980e-02
-3.247014868058788889e-02
-3.247014868058788195e-02
-3.237364251325835357e-02
-3.237364251325836051e-02
-3.237364251325836745e-02
-3.237364251325836745e-02
-3.237364251325836051e-02
-3.251733125345204756e-02
-3.256904940151388039e-02
-3.256930778973143176e-02
-3.231247919198144969e-02
-3.231247919198146357e-02
-3.250050474054341776e-02
-3.244106780212684810e-02
-3.244106780212686891e-02
-3.241298290352822437e-02
-3.260445540746758492e-02
-3.263353030463715665e-02
-3.263353030463719134e-02
-3.262315410750642186e-02
-3.262315410750641492e-02
-3.262315410750640798e-02
-3.257542916686299167e-02
-3.257542916686299167e-02
-3.252001143874309191e-02
-3.269265812079612948e-02
-3.269265812079612255e-02
-3.269265812079612948e-02
-3.237806038765482508e-02
-3.235429098534752662e-02
-3.238525376422040497e-02
-3.238525376422041191e-02
-3.238579065075700841e-02
-3.238579065075700841e-02
-3.238525745222162883e-02
-3.237446460305647145e-02
-3.231496052562465859e-02
-3.230817465364689556e-02
-3.230817465364688862e-02
-3.230817465364688862e-02
-3.230817465364690250e-02
-3.230817465364690250e-02
-3.246446200743827865e-02
-3.251454399568180081e-02
-3.251893166131558655e-02
-3.251893166131560042e-02
-3.251893166131557961e-02
-3.251893166131559348e-02
-3.257753951651118363e-02
-3.260605183678422225e-02
-3.254788377768867008e-02
-3.254788377768866314e-02
-3.254758179667031209e-02
-3.254758179667031903e-02
-3.257701615369511250e-02
-3.254756509359940653e-02
-3.255973663764998027e-02
-3.255972114408276635e-02
-3.255879021964541015e-02
-3.255879021964541709e-02
-3.261500392842534013e-02
-3.258789364545416206e-02
-3.258789364545415512e-02
-3.258789364545417594e-02
-3.258789364545417594e-02
-3.258789364545416206e-02
-3.258789364545416206e-02
-3.258789364545416206e-02
-3.258819164049614470e-02
-3.255879021964543790e-02
-3.270410662585557932e-02
-3.267568621331316120e-02
-3.267512516237803394e-02
-3.262875266833840937e-02
-3.265813614801818532e-02
-3.258986958932918315e-02
-3.258977640039040918e-02
-3.258977640039042306e-02
-3.253954541044004611e-02
-3.252693495741350999e-02
-3.248504733150260615e-02
-3.248488313734407967e-02
-3.245546228960022317e-02
-3.248488313734406580e-02
-3.251395906408270642e-02
-3.251395906408272030e-02
-3.251365762310742813e-02
-3.251396242502160860e-02
-3.251336015158744208e-02
-3.254268791095397267e-02
-3.239198783682411403e-02
-3.239198783682412097e-02
-3.239152375703511361e-02
-3.239198783682411403e-02
-3.235202172840927898e-02
-3.235202172840929286e-02
-3.242314552383456644e-02
-3.242314552383454562e-02
-3.230260439035147896e-02
-3.227180333987094557e-02
-3.230260439035146508e-02
-3.248667277580545576e-02
-3.248544708973437334e-02
-3.248544708973437334e-02
-3.241153719812258499e-02
-3.245632903209154374e-02
-3.239305990912665079e-02
-3.240851663055590443e-02
-3.239372031341074265e-02
-3.239372031341072877e-02
-3.240023843180395852e-02
-3.240023843180393770e-02
-3.240023843180393770e-02
-3.242442970849198497e-02
-3.242442970849197109e-02
-3.241169703797266294e-02
-3.241169703797266988e-02
-3.230531493967018358e-02
-3.236618275083337493e-02
-3.224799906081532441e-02
-3.232771213227877971e-02
-3.238417688770991315e-02
-3.235876768040546470e-02
-3.235876768040547163e-02
-3.251458388933204519e-02
-3.248416685738705206e-02
-3.248416685738705900e-02
-3.198725642160474281e-02
-3.192966151692781113e-02
-3.195956294633808814e-02
-3.189983566412196714e-02
-3.189983566412198102e-02
-3.189983566412197408e-02
-3.197604509666736317e-02
-3.202716803477320684e-02
-3.202716803477320684e-02
-3.210045947659204146e-02
-3.202703824765672225e-02
-3.208409291312792205e-02
-3.209774382048607294e-02
-3.209774382048607294e-02
-3.209774382048606600e-02
-3.212789044795703874e-02
-3.212789044795704568e-02
-3.212789044795704568e-02
-3.216538123745636690e-02
-3.216538123745638772e-02
-3.212276860218056529e-02
-3.218372922561017757e-02
-3.209338331028376706e-02
-3.205648523956473872e-02
-3.205692722209362022e-02
-3.208640749694530864e-02
-3.207615667975202006e-02
-3.210652840787954487e-02
-3.213502842516464258e-02
-3.210652840787956569e-02
-3.210652840787956569e-02
-3.211675049043942465e-02
-3.211675049043941771e-02
-3.208685163160409498e-02
-3.208685163160410886e-02
-3.212581272731325488e-02
-3.209238288700370229e-02
-3.209238288700370229e-02
-3.197450060910278502e-02
-3.197450060910279196e-02
-3.197450060910279196e-02
-3.197572316439777074e-02
-3.197572316439777768e-02
-3.197572316439777768e-02
-3.209161202238128979e-02
-3.209161202238129673e-02
-3.209161202238129673e-02
-3.209161202238130367e-02
-3.212390342891918715e-02
-3.199632876490434569e-02
-3.196723193304323862e-02
-3.212546035208266315e-02
-3.206589658366622991e-02
-3.209583416315527765e-02
-3.206589658366622297e-02
-3.203506647889415443e-02
-3.203506647889415443e-02
-3.203506647889415443e-02
-3.203506647889418218e-02
-3.206589658366621604e-02
-3.207671314583857014e-02
-3.207519872171984976e-02
-3.207519872171985670e-02
-3.207519872171984976e-02
-3.204674756070725883e-02
-3.204676953975874043e-02
-3.202420222951116169e-02
-3.202420222951114781e-02
-3.194956113394339242e-02
-3.197416535336303905e-02
-3.194956113394341324e-02
-3.197957355019355463e-02
-3.197957355019355463e-02
-3.197957355019356157e-02
-3.196208851263693945e-02
-3.199136751289474723e-02
-3.238663419152843642e-02
-3.237839549842725512e-02
-3.234630941823149475e-02
-3.242896063298904286e-02
-3.238179420674989345e-02
-3.238179420674989345e-02
-3.238179420674990733e-02
-3.241721246352963909e-02
-3.233907358272231775e-02
-3.229464632211082042e-02
-3.232510457045494057e-02
-3.232510457045494057e-02
-3.232510457045494057e-02
-3.229642956652584856e-02
-3.241157002643475782e-02
-3.241157002643475782e-02
-3.244226540795209363e-02
-3.241157002643473006e-02
-3.238591991232751127e-02
-3.238591991232751127e-02
-3.241652188874802332e-02
-3.238557602588897077e-02
-3.238591991232751821e-02
-3.238591991232751821e-02
-3.238591991232751127e-02
-3.230314180018176162e-02
-3.227934481137790385e-02
-3.230210724501435260e-02
-3.233261063262450608e-02
-3.226330315111704955e-02
-3.235286917060201800e-02
-3.232540556672657689e-02
-3.229474824582895254e-02
-3.229474824582895254e-02
-3.234898391817332686e-02
-3.234898391817331992e-02
-3.293757362081940754e-02
-3.293616062598709454e-02
-3.293616062598710842e-02
-3.293616062598710148e-02
-3.285156874343045375e-02
-3.281929973561677899e-02
-3.281929973561679287e-02
-3.281926836651425511e-02
-3.281926836651425511e-02
-3.281926836651425511e-02
-3.280223823530590416e-02
-3.283381879989987623e-02
-3.295303631713488585e-02
-3.280297950282427821e-02
-3.280248770900932864e-02
-3.280297950282426434e-02
-3.280297950282427127e-02
-3.283568769549627397e-02
-3.283568769549628785e-02
-3.283568769549628785e-02
-3.287016594996516883e-02
-3.290201608028123226e-02
-3.283658724160423009e-02
-3.277157970625663164e-02
-3.281072084795628313e-02
-3.281110526396137372e-02
-3.281072084795628313e-02
-3.273883441917256609e-02
-3.273711684159079371e-02
-3.273641106252939137e-02
-3.281274358648005041e-02
-3.282739516477899133e-02
-3.283816998267739817e-02
-3.283816998267741205e-02
-3.289726560861466753e-02
-3.289726560861465365e-02
-3.289726560861468141e-02
-3.289726560861466753e-02
-3.328895984617215309e-02
-3.328895984617214615e-02
-3.331776667404298675e-02
-3.328285491241612243e-02
-3.328285491241612243e-02
-3.328285491241610161e-02
-3.328285491241610161e-02
-3.328989431985330399e-02
-3.325767605614476929e-02
-3.325767605614476929e-02
-3.332003861950694895e-02
-3.332003861950694895e-02
-3.338356295580834771e-02
-3.334935525162406600e-02
-3.334935525162405906e-02
-3.334935525162405906e-02
-3.334935525162405906e-02
-3.334935525162405212e-02
-3.302526040424901693e-02
-3.302526040424900999e-02
