-7.085218530044606888e-02
-7.117958156678783066e-02
-7.170946527007360238e-02
-7.159865075782179122e-02
-7.133573946776471109e-02
-7.147353642869108681e-02
-7.131126591902435530e-02
-7.149978553349416177e-02
-7.150524918009308617e-02
-7.161304395832747416e-02
-7.170804615042324082e-02
-7.208223807811581230e-02
-7.206649640542399371e-02
-7.165821349315204536e-02
-7.174679893321486701e-02
-7.166975123036539719e-02
-7.182666350897903840e-02
-7.157414342205251079e-02
-7.159947775281866322e-02
-7.142471893270956051e-02
-7.150901395309443298e-02
-7.150911609461911567e-02
-7.150911609461911567e-02
-7.136320722279861084e-02
-7.145509420656279143e-02
-7.159360218865380709e-02
-7.180895673554577030e-02
-7.187823326521695921e-02
-7.162211093386905425e-02
-7.171623210063825249e-02
-7.171623210063825249e-02
-7.171623210063825249e-02
-7.171623210063823861e-02
-7.154142376100786072e-02
-7.149006767891301350e-02
-7.176934443214137704e-02
-7.149126802505084699e-02
-7.166195861254537336e-02
-7.158629794061827090e-02
-7.158629794061825702e-02
-7.138011895162540976e-02
-7.121085290369116860e-02
-7.146197924418054570e-02
-7.146197924418055958e-02
-7.122131830218025872e-02
-7.122131830218025872e-02
-7.129703613046943500e-02
-7.137710980619516032e-02
-7.131888121695394156e-02
-7.159986471589294132e-02
-7.148418189857065619e-02
-7.182148399051668797e-02
-7.169480012783527312e-02
-7.163907813300221528e-02
-7.173477345837664387e-02
-7.164581747717181648e-02
-7.100850309331246946e-02
-7.110269318840821418e-02
-7.110756837513254602e-02
-7.100789111234553919e-02
-7.179897422624319236e-02
-7.155646292959871868e-02
-7.155646292959871868e-02
-7.160355499199855256e-02
-7.263757753804361839e-02
-7.282123476056977240e-02
-7.316860173403419432e-02
-7.316860173403413881e-02
-7.237556547445311850e-02
-7.237556547445310462e-02
-7.237556547445310462e-02
-7.248429399223152436e-02
-7.282623019322129188e-02
-7.263776681329224549e-02
-7.248646425423370399e-02
-7.248646425423375950e-02
-7.248646425423377337e-02
-7.261862047182174318e-02
-7.261862047182174318e-02
-7.261862047182175706e-02
-7.197890479478906423e-02
-7.197890479478906423e-02
-7.225757511380589970e-02
-7.188250578561443394e-02
-7.204357983244726038e-02
-7.204357983244731589e-02
-7.202364857633743178e-02
-7.178189782024435583e-02
-7.220666107019081681e-02
-7.220666107019084456e-02
-7.220560059065361802e-02
-7.135699299702538689e-02
-7.145290050902079748e-02
-7.155402721986461878e-02
-7.145290050902078360e-02
-7.135908631900221566e-02
-7.185508665712164733e-02
-7.175160110038998618e-02
-7.145740275557424526e-02
-7.145740275557423138e-02
-7.155576738422476935e-02
-7.155576738422478322e-02
-7.155576738422474159e-02
-7.146003500012561294e-02
-7.155576738422474159e-02
-7.155576738422475547e-02
-7.171520300734715581e-02
-7.171520300734714193e-02
-7.171520300734721132e-02
-7.171520300734712805e-02
-7.171520300734712805e-02
-7.126270702007647673e-02
-7.116558251180851724e-02
-7.145371692484778214e-02
-7.135416855890854004e-02
-7.151862186430052448e-02
-7.142188963681016245e-02
-7.137248462081678679e-02
-7.212970299460470802e-02
-7.192122379956590594e-02
-6.037723416870702936e-02
-6.037723416870705018e-02
-6.037723416870704324e-02
-6.045892518202126975e-02
-6.020973752420436670e-02
-6.032972851630170191e-02
-6.118516751178437740e-02
-6.029908973701979258e-02
-6.019021431580351411e-02
-6.018595793244761044e-02
-6.019021431580347942e-02
-6.019021431580347942e-02
-6.056972497736881622e-02
-6.029036446968108476e-02
-6.028641187671459484e-02
-6.067040480399672059e-02
-6.057089095812420027e-02
-6.057089095812424190e-02
-6.057089095812424884e-02
-6.057089095812420027e-02
-6.048845637484425580e-02
-6.049267029433519349e-02
-6.056669798578265262e-02
-6.098815642212943033e-02
-6.091252956547761610e-02
-6.092358133462879438e-02
-6.041185679782764412e-02
-6.054217341318313128e-02
-6.033318323889824003e-02
-5.992608812440593236e-02
-5.992608812440592542e-02
-6.003303624324010657e-02
-5.991649971760994869e-02
-5.999431768489325856e-02
-6.003756920227015098e-02
-5.993077807143423752e-02
-5.971771114546530618e-02
-5.971771114546530618e-02
-5.971771114546530618e-02
-5.971323233357865579e-02
-5.976120163546894126e-02
-5.995389176609743076e-02
-5.995389176609740994e-02
-6.019947516355238226e-02
-5.996282290667306891e-02
-5.969894370170285292e-02
-5.971849914130466369e-02
-5.982446642773926737e-02
-5.950872179228129666e-02
-5.969713781468189567e-02
-5.969173371056511745e-02
-5.959041803214581295e-02
-5.921841927698445751e-02
-5.995739917731928575e-02
-5.995739917731929963e-02
-5.995733606583882047e-02
-6.071123594406246243e-02
1.466095915415860720e-02
1.468217458180861960e-02
1.463006063933700723e-02
1.462332162253629844e-02
1.463422009894293878e-02
1.463422009894293704e-02
1.463422009894294398e-02
1.464780581399128048e-02
1.463478808177727866e-02
1.464892468736214183e-02
1.462060742794887847e-02
1.463017686280585969e-02
1.462575037863005079e-02
1.462050725469218534e-02
1.464156081323998888e-02
1.459948083520172177e-02
1.462499625862404180e-02
1.462499625862405395e-02
1.462499625862404874e-02
1.457435633216153971e-02
1.457435633216153971e-02
1.457435633216153277e-02
1.458602784669159845e-02
1.458569289763759699e-02
1.459572165609800479e-02
1.459574421746371274e-02
1.459071270345758085e-02
1.459596635282524660e-02
1.459596691986662573e-02
1.459596691986662746e-02
1.458381253119684154e-02
1.460787051636610635e-02
1.458144593650243133e-02
1.458138471859956632e-02
1.459711274239526568e-02
1.458872467315049104e-02
1.459184878077693891e-02
1.460756725056385971e-02
1.459950595474912051e-02
1.459423565474916168e-02
1.459423565474916341e-02
1.459091951218833075e-02
1.460669145514661288e-02
1.461164308538502946e-02
1.462462054403976947e-02
1.461928741373053758e-02
1.461059969864839624e-02
1.460699085704528916e-02
1.460607882968511378e-02
1.462419295684492387e-02
1.465071200627677747e-02
1.465602945506121191e-02
1.463548354329552610e-02
1.463029214341602345e-02
1.464418026837059628e-02
1.463889940486925827e-02
1.476980777316096519e-02
1.475380458644415596e-02
1.475909987331280350e-02
1.473586075379357783e-02
1.473586075379358477e-02
1.473071058668875416e-02
1.475173537514374439e-02
1.473226663392414836e-02
1.474524814096740515e-02
1.473060760463335873e-02
1.473064444679938849e-02
1.473059877667284162e-02
1.470742826583365352e-02
1.470742826583365699e-02
1.470742826583366046e-02
1.471476370217762383e-02
1.472002997571482744e-02
1.472542323577436668e-02
1.472804998287867949e-02
1.471867202966824217e-02
1.472394433846472075e-02
1.470458067404809867e-02
1.470814898260933840e-02
1.466101408410614391e-02
1.465213832421027526e-02
1.472712050720857875e-02
1.470282312197356521e-02
1.468068659584918778e-02
1.468593363152089631e-02
1.467304149614936416e-02
1.467821959419156677e-02
1.466781856530551161e-02
1.466781856530551161e-02
1.466781856530550640e-02
1.467303350934657906e-02
1.466781856530550814e-02
1.471459626767548760e-02
1.469537952672385871e-02
1.467982387131281166e-02
1.469842969707356971e-02
1.469025041973410876e-02
1.469463212119528558e-02
1.468501013012813751e-02
1.471468014677573648e-02
1.471467993585688291e-02
1.470948592622554722e-02
1.470948592622553855e-02
1.470948592622553334e-02
1.470948592622553334e-02
1.468443823424678621e-02
1.469020641228909775e-02
1.469386631639551903e-02
1.469182759857589650e-02
1.469178762425042868e-02
1.468526553290791861e-02
1.468366482663613186e-02
1.468341263373846087e-02
1.468338141867471525e-02
1.469929205277870597e-02
1.468676444621374970e-02
1.468312292997000015e-02
1.468308986475795087e-02
1.468308986475794047e-02
1.469714636725884607e-02
1.468706997678851517e-02
1.469424569499919522e-02
1.468347510390793573e-02
1.469926014152862608e-02
1.469397253954243115e-02
1.471744708392588863e-02
1.473750488184131027e-02
1.473245838219336239e-02
1.471907531284020847e-02
1.471913032821153475e-02
1.471913062612400548e-02
1.471913062612401069e-02
1.472422405687680638e-02
1.472966405950956910e-02
1.472967055669665952e-02
1.471918499067321508e-02
1.470715210591562808e-02
1.472762501555616686e-02
1.472479766239364989e-02
1.473307517067228185e-02
1.473147095872605512e-02
1.473147095872605859e-02
1.473673502530083168e-02
1.474513616443300784e-02
1.466642156591937973e-02
1.469043337943310053e-02
1.468801271505563479e-02
1.465033159730778564e-02
1.465276319216213957e-02
1.468245902966233696e-02
1.469647020346687323e-02
1.469647020346686629e-02
1.470033003372538637e-02
1.470033003372538463e-02
1.470478242325761950e-02
1.470921092740644191e-02
1.469991380732769450e-02
1.471366097146227514e-02
1.470628748086062927e-02
1.470629256249265417e-02
1.469230985093784511e-02
1.469385312072938807e-02
1.468863800587413143e-02
1.469544971281659326e-02
1.470607812971894308e-02
1.470179260618097693e-02
1.470179260618097519e-02
1.470387446760398550e-02
1.469716136249772306e-02
1.469532565848404894e-02
1.464821961345923879e-02
1.464821931214288844e-02
1.469121868515244241e-02
1.470788551358976314e-02
1.471145035535645698e-02
1.470292204603229104e-02
1.472158827613303904e-02
1.471145951088849956e-02
1.461882409941935371e-02
1.461000990958908133e-02
1.460189685698630793e-02
1.462467438906970424e-02
1.454133421392319984e-02
1.454133421392319638e-02
1.454133421392319638e-02
1.454133544026590431e-02
1.453623596762852396e-02
1.454117517851978916e-02
1.453623596762852049e-02
1.455006631090573557e-02
1.456482633289548322e-02
1.456133041669019704e-02
1.456482624751970385e-02
1.455989045455584677e-02
1.465486460750541932e-02
1.463206209716416684e-02
1.464127037931010206e-02
1.464127037931010032e-02
1.463709535241292971e-02
1.463506040182171487e-02
1.463506040182171661e-02
1.463707267728338486e-02
1.465066080196556972e-02
1.455497358377849486e-02
1.459004966548375394e-02
1.458357829278674606e-02
1.458012193117034193e-02
1.458012193117034193e-02
1.459071351938932663e-02
1.459897515569177039e-02
1.458522767500467117e-02
1.457871846978256794e-02
1.457074153089761570e-02
1.457568078018803455e-02
1.458555112823325256e-02
1.458485399447484801e-02
1.458482846364122718e-02
1.457264602442098420e-02
1.464272668303343364e-02
1.464767731324091889e-02
1.463425138897938259e-02
1.463425138897938432e-02
1.463310311201554761e-02
1.462406542009281676e-02
1.462406542009281676e-02
1.461483056158750793e-02
1.464392153007231141e-02
1.463895625450750172e-02
1.463895625450749305e-02
1.462262226199447478e-02
1.462904573090628366e-02
1.462904573090628366e-02
1.462904573090629060e-02
1.462809381371787953e-02
1.462809300754079958e-02
1.462410320058052382e-02
1.462410320058052382e-02
1.462410172707381655e-02
1.460764783048750654e-02
1.460269993458876946e-02
1.462696907219853890e-02
1.462696907219854930e-02
1.462061271714891302e-02
1.461084231845641984e-02
1.461573454579851231e-02
1.461573454579850884e-02
1.462304406356429096e-02
1.461522580280987665e-02
1.463249861968480767e-02
1.464114313258699403e-02
1.461233229256160560e-02
1.462432044387955953e-02
1.462432044387956299e-02
1.461947434953533680e-02
1.456112148091286314e-02
1.454686976764756404e-02
1.455761692801157449e-02
1.455761692801158316e-02
1.456250904715518553e-02
1.463012597594588564e-02
1.463503540908396225e-02
1.461115955066664279e-02
1.461828275370367740e-02
1.460965783227616104e-02
1.459952817672185120e-02
1.461415616001729943e-02
1.460927087596620468e-02
1.460781069526386443e-02
1.460440479011731151e-02
1.460096680044867604e-02
1.460837958040215635e-02
1.459970296205928206e-02
1.460457827217843257e-02
1.459739747412540020e-02
1.460266707820738127e-02
1.460266707820737433e-02
1.461244862462049432e-02
1.460121674067423915e-02
1.460121674067423568e-02
1.460121674067424435e-02
1.460121674067424262e-02
1.460121674067424435e-02
1.460121674067423742e-02
1.472116447646589464e-02
1.472622327042565418e-02
1.472116447646589811e-02
1.472116447646589811e-02
1.470376779240171496e-02
1.470883348602731837e-02
1.469784629969226632e-02
1.472905536504187998e-02
1.473621808654770014e-02
1.474408048414023453e-02
1.474569635989527935e-02
1.474569635989529323e-02
1.475650797104593494e-02
1.475141624684056692e-02
1.476669639952169107e-02
1.475650541202005658e-02
1.474496130351978657e-02
1.474496130351979351e-02
1.474566562072383152e-02
1.473989127946468726e-02
1.474191455436864306e-02
1.474250117799890195e-02
1.474250117799890715e-02
1.473391902245676718e-02
1.473897356495060436e-02
1.474394616829962507e-02
1.474404929552884311e-02
1.473409526738111465e-02
1.473409526738111118e-02
1.473409526738111985e-02
1.466312482185464817e-02
1.466096927705405444e-02
1.466798529500547114e-02
1.466946117552218702e-02
1.466946141712573669e-02
1.467446627391836601e-02
1.467440860773963802e-02
1.469216878021473507e-02
1.468298586820264255e-02
1.468487389715360074e-02
1.467335580058652840e-02
1.468600180022366572e-02
1.466903727914079837e-02
1.466903727914079837e-02
1.466901169590746797e-02
1.466901169590746623e-02
1.466553754294436414e-02
1.467091154489837124e-02
1.467091162177151450e-02
1.467957080033145678e-02
1.468248030927139965e-02
1.468749218306859838e-02
1.467883760125541538e-02
1.467738408546068185e-02
1.468605810235110859e-02
1.467760949123267898e-02
1.468633828731693951e-02
1.465660256426624779e-02
1.465398904712010217e-02
1.466623747953436051e-02
1.465692012523162231e-02
1.473649586191051741e-02
1.473502427017155288e-02
1.472502279709357945e-02
1.471776116290074606e-02
1.472604241700790559e-02
1.472787752627753056e-02
1.472284508784115625e-02
1.472847929813292898e-02
1.471334836917448548e-02
1.475178861223510815e-02
1.474291932217767359e-02
1.474318491732011342e-02
1.471448642447484474e-02
1.471607052982538272e-02
1.473366171560865426e-02
1.467003216218244407e-02
1.467003209986523712e-02
1.466506830276559196e-02
1.468668606256190445e-02
1.465682325792798044e-02
1.465682325792797523e-02
1.463395121962128391e-02
1.461053237414118057e-02
1.461053237414118404e-02
1.461464793003589870e-02
1.461959018969427419e-02
1.462536248882535285e-02
1.463451414777616234e-02
1.460205484222723213e-02
1.461875167110736513e-02
1.462017160959640238e-02
1.462017160959640238e-02
1.461523558780736774e-02
1.462017462411453576e-02
1.464582135432545250e-02
1.464085641936749976e-02
1.464583106632029279e-02
1.466071717968346275e-02
1.465077670478727966e-02
1.465077670478728139e-02
1.463152004579965429e-02
1.463152004579964909e-02
1.462991490552351115e-02
1.462582213868517805e-02
1.461695828519179487e-02
1.464244071564457621e-02
1.463424637013890917e-02
1.460820297468946004e-02
1.462290361179699114e-02
1.461800084577319879e-02
1.461309581052615096e-02
1.460818934324355223e-02
1.461309997695871103e-02
1.461799560306319481e-02
1.461799560306319481e-02
1.462144857640038445e-02
1.462144857640038445e-02
1.457280314208992712e-02
1.457146347328015096e-02
1.458364790410290705e-02
1.457597127770109829e-02
1.457599025129139268e-02
1.457005523142154181e-02
1.458180649435505960e-02
1.458043954458631414e-02
1.458180649435505787e-02
1.458755754361086392e-02
1.458302986445068027e-02
1.457853282893800152e-02
1.458306325334054500e-02
1.457682810738836036e-02
1.458312036839899510e-02
1.453916550441516908e-02
1.453469127460678585e-02
1.452901749011317571e-02
1.451504726553009064e-02
1.454336054637140468e-02
1.454192455118287139e-02
1.456416572663425495e-02
1.455380873465000544e-02
1.455380873465000890e-02
1.455380873465000717e-02
1.454481016839015428e-02
1.454019799123414114e-02
1.457406538073749772e-02
1.456975244997128771e-02
1.456975244997129638e-02
1.456975244997129465e-02
1.453501049754739663e-02
1.457705413743136565e-02
1.457254922284024166e-02
1.456352457580516527e-02
1.456352457580516180e-02
1.456352457580516353e-02
1.456352457580516180e-02
1.456670555267037918e-02
1.456670555267037918e-02
1.456805254399780140e-02
1.456801989765382603e-02
1.457698562694252284e-02
1.455888860399625825e-02
1.456798981069144100e-02
1.455899752057366117e-02
1.457383885005471280e-02
1.457367743710815018e-02
1.457367743710814845e-02
1.457421703247762344e-02
1.458736502745566245e-02
1.456811270648899863e-02
1.454933480730538457e-02
1.454645026947776372e-02
1.454618675182703727e-02
1.455192251310254842e-02
1.455067463766251609e-02
1.453411495286804390e-02
1.453216829796130129e-02
1.455001363016079040e-02
1.454422264208818198e-02
1.454747654140140824e-02
1.452787729584080999e-02
1.452787729584080478e-02
1.453096701515652761e-02
1.453096701515652761e-02
1.457838409919853459e-02
1.452841750497536888e-02
1.455746519395098582e-02
1.455430186519264014e-02
1.454781039638585946e-02
1.454001114751638825e-02
1.457970093586691100e-02
1.456316550207112023e-02
1.456316550207112023e-02
1.456257020367409706e-02
1.456257020367409880e-02
1.456101810655113099e-02
1.456557882002085073e-02
1.457248572347365385e-02
1.446265806689075312e-02
1.446265806689074618e-02
1.447972445788934560e-02
1.445801763689769440e-02
1.445801763689769960e-02
1.445801763689769613e-02
1.447384671953913515e-02
1.447384671953913689e-02
1.447587953551918681e-02
1.445762722069988959e-02
1.445762722069988959e-02
1.445762722069988612e-02
1.446209639662047325e-02
1.445588814598731953e-02
1.446227740288023866e-02
1.446227740288023346e-02
1.452606643389823746e-02
1.452161900094466052e-02
1.454539087936541734e-02
1.453776876423221696e-02
1.454346058365215723e-02
1.454346058365215202e-02
1.453994821755829649e-02
1.452892135469912270e-02
1.451987000532812926e-02
1.451525272626390251e-02
1.451525272626390077e-02
1.451525272626390077e-02
1.453337781539796279e-02
1.452415835811987459e-02
1.452886084071810732e-02
1.454009607870507259e-02
1.453107840236931778e-02
1.447887773726540261e-02
1.447887773726540261e-02
1.448686150065413812e-02
1.448774410248236146e-02
1.448974881532962000e-02
1.448654665190339183e-02
1.447787834725078500e-02
1.449260505494448341e-02
1.448463585853590647e-02
1.448943054142626599e-02
1.448935092466008268e-02
1.448943054142626426e-02
1.449831033709240644e-02
1.450144026176396553e-02
1.448042159403453190e-02
1.446178505568526673e-02
1.451688437345201657e-02
1.451688437345202351e-02
1.451688437345202351e-02
1.451082254356216190e-02
1.450884827956611806e-02
1.450884827956612326e-02
1.451093812840591191e-02
1.451543468292819904e-02
1.451543468292819904e-02
1.453156308552672540e-02
1.453156308552672887e-02
1.453150984489533226e-02
1.451874463101766530e-02
1.456669984847014203e-02
1.456211507948745182e-02
1.456669984847013682e-02
1.456669984847013509e-02
1.456218753020805529e-02
1.455767960690501975e-02
1.455899206265682914e-02
1.456220837064316730e-02
1.455561865018239510e-02
1.455561865018239337e-02
1.455561865018238643e-02
1.457121620218763958e-02
1.456670075599584765e-02
1.456670075599585112e-02
1.456670075599584939e-02
1.456664761881990011e-02
1.456662691134614357e-02
1.456209068216151106e-02
1.455757482485677164e-02
1.455888958179591026e-02
1.456661182108184675e-02
1.453774660861969874e-02
1.454035120282121986e-02
1.454035120282121639e-02
1.454035120282121986e-02
1.454040079366342685e-02
1.454939277923145667e-02
1.454939277923145494e-02
1.456686071898283773e-02
1.458423308231193358e-02
1.458423308231194052e-02
1.458423960785198981e-02
1.457760455755706917e-02
1.455557242123443722e-02
1.456456866096804935e-02
1.456066254211528521e-02
1.455622142907195618e-02
1.455172787478694121e-02
1.455172787478694468e-02
1.455920499699593293e-02
1.455470782723120374e-02
1.455928126471165221e-02
1.456057213046083910e-02
1.455902743567145420e-02
1.455902743567145247e-02
1.456805233613572143e-02
1.456943793678852454e-02
1.456812060968536854e-02
1.455592832674446405e-02
1.456722866975308610e-02
1.456396015108961384e-02
1.456396015108961384e-02
1.457167002127764989e-02
1.456396015108961210e-02
1.456849043637686858e-02
1.457303921253066438e-02
1.456391553711687895e-02
1.455938422703553260e-02
1.456632481992401786e-02
1.458057597848357381e-02
1.457735036617932751e-02
1.457652009877505490e-02
1.457414132554531866e-02
1.457970241466113696e-02
1.458239693768439635e-02
1.457330672052273464e-02
1.458235107629374597e-02
1.457318371659437235e-02
1.456631464319781133e-02
1.459802828188978135e-02
1.459802828188979003e-02
1.461238039415131001e-02
1.460259805175916949e-02
1.461175079910258072e-02
1.462715998917004517e-02
1.462579174199278922e-02
1.462333352798672777e-02
1.462792117061475876e-02
1.462333352798672603e-02
1.462334026195170888e-02
1.462333612950413551e-02
1.451031455860932705e-02
1.448347725870220530e-02
1.451920955892667571e-02
1.450553313459763093e-02
1.450553313459762572e-02
1.453030080308702864e-02
1.454563719009935481e-02
1.454112725073750979e-02
1.453661805897908492e-02
1.453661805897908665e-02
1.453479609525009340e-02
1.452226613336416589e-02
1.452677973211040016e-02
1.452226677726405416e-02
1.458587349088260460e-02
1.456252862182470451e-02
1.457219467777283971e-02
1.459604400181474353e-02
1.458235672323745374e-02
1.458235672323745895e-02
1.458235672323744854e-02
1.458235672323745374e-02
1.455481478038866613e-02
1.455930654614596975e-02
1.455483289173910635e-02
1.453317050061002369e-02
1.454410485032669141e-02
1.454415362520729803e-02
1.453282928130973650e-02
1.460357322394994703e-02
1.461273947987984205e-02
1.460814751087102792e-02
1.457385068625631844e-02
1.454946908567180536e-02
1.455856599171848238e-02
1.455050950794105347e-02
1.458690441649044579e-02
1.458366856929223417e-02
1.458003194564405462e-02
1.459246649786571752e-02
1.458208606475677044e-02
1.456795254934524497e-02
1.456349730834448006e-02
1.452063241194014032e-02
1.451020307841873781e-02
1.451648815655895430e-02
1.451180294910395241e-02
1.451331581255314862e-02
1.451193701344612348e-02
1.451772683228305140e-02
1.451215181071883499e-02
1.451325054272693642e-02
1.451644160233165649e-02
1.463179106308864705e-02
1.463423531000818990e-02
1.463503648588085349e-02
1.464480660138157107e-02
1.464482205720543488e-02
1.464480660138157107e-02
1.464410324415067743e-02
1.464410324415068264e-02
1.464410324415067917e-02
1.456117586335821563e-02
1.456117586335821737e-02
1.460278560878441531e-02
1.461055572668183179e-02
1.460976835531007691e-02
1.460277178732339622e-02
1.460861765192335640e-02
1.457159062187630798e-02
1.457155816621422129e-02
1.456116169890350059e-02
1.464987743126887516e-02
1.465733118587548428e-02
1.465733118587548428e-02
1.464486083546105016e-02
1.464950930309156032e-02
1.464506476099797748e-02
1.464965475917851152e-02
1.464501438439505532e-02
1.464969852099385662e-02
1.463633800936660345e-02
1.464095326976600810e-02
1.464418791193744344e-02
1.462900230012606148e-02
1.461978205175434344e-02
1.462253103514433474e-02
1.464089766787803754e-02
1.464089766787803927e-02
1.465296141789289297e-02
1.465402088244917127e-02
1.464942241988540124e-02
1.464024419168872410e-02
1.464589084623234977e-02
1.465048097770214539e-02
1.465505071199184502e-02
1.469903136520874995e-02
1.470357950725272034e-02
1.471151477854978212e-02
1.470956904837423737e-02
1.471132266179897390e-02
1.470943939344937154e-02
1.469237936212428736e-02
1.469306398180963459e-02
1.473528512111682391e-02
1.473528512111682912e-02
1.473219793389047606e-02
1.472758629624036641e-02
1.472211318954652799e-02
1.471753154470431361e-02
1.471753154470431361e-02
1.471753154470431361e-02
1.472219155636584655e-02
1.471753818438859863e-02
1.470699984371532168e-02
1.470699984371531821e-02
1.471293670994969736e-02
1.470185926388158787e-02
1.470185926388158960e-02
1.470837177966205327e-02
1.471180171335363836e-02
1.470785672099865320e-02
1.470327357537925053e-02
1.470170143850448724e-02
1.471298393360830764e-02
1.470598371573089008e-02
1.472828361866237654e-02
1.472828361866237827e-02
1.473285798132274033e-02
1.473671985943602464e-02
1.473666423734698930e-02
1.473666423734698756e-02
1.472243456819394281e-02
1.472243456819394107e-02
1.472369809185749244e-02
1.473938238262227640e-02
1.473036101363211711e-02
1.473036101363211191e-02
1.471829136190962346e-02
1.471378547128721417e-02
1.471294329721111946e-02
1.471150677828299627e-02
1.471150677828299627e-02
1.471910699198253521e-02
1.470610534082395643e-02
1.470610534082394949e-02
1.471432928336259723e-02
1.471432928336260243e-02
1.472426213109659029e-02
1.471394109842347545e-02
1.472515393486321239e-02
1.472235933981383763e-02
1.472000479077438875e-02
1.472453829327519288e-02
1.472456605848750100e-02
1.472000479077438875e-02
1.472000479077438528e-02
1.472000479077438528e-02
1.472139806334646708e-02
1.472000353401103044e-02
1.469981563916670543e-02
1.469802989211960696e-02
1.470119476628174889e-02
1.470435877369372264e-02
1.471361073070198526e-02
1.470524693456220534e-02
1.469981563916670196e-02
1.471829815077830943e-02
1.471829815077831290e-02
1.471703776048830306e-02
1.471699826588425235e-02
1.471699826588424888e-02
1.471699826588424714e-02
1.472161468259934949e-02
1.472161468259934429e-02
1.471700155556897142e-02
1.471132603887160759e-02
1.471886746396387953e-02
1.470991900870440884e-02
1.471886322054115868e-02
1.471897539082661459e-02
1.471889561283438487e-02
1.471889561283438660e-02
1.471889561283438660e-02
1.472432931296095704e-02
1.472264564801566838e-02
1.469590118832574469e-02
1.469890557397374523e-02
1.470952099968280725e-02
1.470496933420767198e-02
1.471832654521229751e-02
1.471365186549510040e-02
1.472435972905892371e-02
1.470746008646201496e-02
1.470277940550794755e-02
1.472790448144185513e-02
1.471065137463022782e-02
1.471528568134424821e-02
1.472354698123223837e-02
