-4.625372544741353925e-02
-4.632050116033725740e-02
-4.625372544741335190e-02
-4.625372544741297720e-02
-4.625372544741370578e-02
-4.618828493965993626e-02
-4.618828493965994320e-02
-4.618062047040875223e-02
-4.618062047040874529e-02
-4.619900755459507152e-02
-4.619900755459509928e-02
-4.619900755459509234e-02
-4.618906844745605117e-02
-4.618906844745603035e-02
-4.618906844745602341e-02
-4.618906844745602341e-02
-4.612280177737066583e-02
-4.612155026591101270e-02
-4.612108144990928471e-02
-4.605704800007245914e-02
-4.605704800007245220e-02
-4.605704800007247302e-02
-4.605704800007246608e-02
-4.605704800007245914e-02
-4.629392621952231612e-02
-4.611395832324086813e-02
-4.611395832324088895e-02
-4.606087132002912449e-02
-4.606087132002911755e-02
-4.606087132002910367e-02
-4.629117516090484191e-02
-4.625349011722506426e-02
-4.625349011722505732e-02
-4.672779145468771572e-02
-4.672913964786062913e-02
-4.672913964786061525e-02
-4.672916234233590038e-02
-4.659490933560204995e-02
-4.652720383987847541e-02
-4.659490951962699801e-02
-4.666049530614666679e-02
-4.652720383987846153e-02
-4.659287838512742030e-02
-4.665770904951426629e-02
-4.665770904951428016e-02
-4.665770904951429404e-02
-4.665770904951430098e-02
-4.654397119536380495e-02
-4.654397119536380495e-02
-4.666959672910879486e-02
-4.660191832863254391e-02
-4.653412686706017570e-02
-4.653412686706015489e-02
-4.659148453140969648e-02
-4.652724638511781391e-02
-4.663063533908005237e-02
-4.663063533908004543e-02
-4.663063533908003849e-02
-4.675562483442459449e-02
-4.656270996800365020e-02
-4.668725236958305019e-02
-4.667669021577552924e-02
-4.667669021577552924e-02
-4.674485867661784533e-02
-4.655473490044056278e-02
-4.651156726470851571e-02
-4.651156726470851571e-02
-4.651156726470852959e-02
-4.651156726470848796e-02
-4.590702980261160415e-02
-4.590702980261156252e-02
-4.602696289179541295e-02
-4.602696289179538519e-02
-4.602696289179540601e-02
-4.591176975395269699e-02
-4.591176975395271087e-02
-4.604410988552938566e-02
-4.604410988552941342e-02
-4.605554895726152870e-02
-4.605554895726152176e-02
-4.591282428507246355e-02
-4.606336650176312553e-02
-4.606336650176312553e-02
-4.630143480052789640e-02
-4.632474259771340863e-02
-4.632474259771338088e-02
-4.595119789805732907e-02
-4.595119789805734295e-02
-4.595119789805737764e-02
-4.607352997640767889e-02
-4.611769727283448334e-02
-4.616155866560367471e-02
-4.602940130735012209e-02
-4.602940130735012209e-02
-4.602940130735012209e-02
-4.602940130735012209e-02
-4.598287259536245480e-02
-4.598287259536248256e-02
-4.602930891192812818e-02
-4.611373088167993600e-02
-4.591993652079002369e-02
-4.589801067600444984e-02
-4.616290268872115521e-02
-4.616290268872114133e-02
-4.603787082159682686e-02
-4.610651714435713006e-02
-4.611701415181206076e-02
-4.607673708296679271e-02
-4.594284516394387535e-02
-4.594284516394385454e-02
-4.594284516394384760e-02
-4.594284516394385454e-02
-4.607407414796523687e-02
-4.607407414796522299e-02
-4.616040644683392508e-02
-4.616040644683392508e-02
-4.619774304269706755e-02
-4.619774304269703979e-02
-4.602730439373634713e-02
-4.602730439373634713e-02
-4.602730439373635407e-02
-4.596510063420981840e-02
-4.596510063420980452e-02
-4.600431627800506684e-02
-4.607110004363116490e-02
-4.593950181346726641e-02
-4.593950181346725947e-02
-4.593950181346725253e-02
-4.593950181346725947e-02
-4.593950181346719702e-02
-4.593950181346721090e-02
-4.593950181346721090e-02
-4.614614762202692150e-02
-4.607922212014256558e-02
-4.636398466376327743e-02
-4.614980927513620546e-02
-4.614980927513617770e-02
-4.603164427335933867e-02
-4.603164427335936643e-02
-4.599061852283405777e-02
-4.599061852283404389e-02
-4.599095655342309158e-02
-4.593139476186963027e-02
-4.560207507694673257e-02
-4.573232633966398120e-02
-4.560207507694672563e-02
-4.560207507694673257e-02
-4.560207507694673951e-02
-4.560207507694673951e-02
-4.557410093787087058e-02
-4.557354998983328964e-02
-4.557410093787089139e-02
-4.557410093787089139e-02
-4.576625519889350457e-02
-4.570068442145510529e-02
-4.569236566022790574e-02
-4.563450497100464409e-02
-4.563450497100464409e-02
-4.563450497100465103e-02
-4.563450497100465103e-02
-4.575929558171810269e-02
-4.567601864298485859e-02
-4.566048718771878456e-02
-4.565997963637031393e-02
-4.565997963637036944e-02
-4.565997963637035556e-02
-4.571625997266338948e-02
-4.565281215132698661e-02
-4.571625997266341029e-02
-4.581692420010827910e-02
-4.567227184114935890e-02
-4.567227184114936583e-02
-4.584588638839525582e-02
-4.564759412475173639e-02
-4.562166826842366241e-02
-4.591421873353586369e-02
-4.604651705344458418e-02
-4.557528213397121775e-02
-4.557528213397121775e-02
-4.557528213397120387e-02
-4.557528213397119693e-02
-4.572697322805760467e-02
-4.578758660590879354e-02
-4.578758660590879354e-02
-4.578758660590875190e-02
-4.570948730106080826e-02
-4.571048140483920108e-02
-4.582254156660504202e-02
-4.582254156660506977e-02
-4.577573436638832094e-02
-4.577573436638832094e-02
-4.577010431425930503e-02
-4.621104432479489210e-02
-4.621104432479487822e-02
-4.619895556853267915e-02
-4.618753064168188566e-02
-4.618753064168185096e-02
-4.612081667712373406e-02
-4.612081667712374794e-02
-4.612081667712373406e-02
-4.618794278872290909e-02
-4.606643259953250441e-02
-4.606643259953249747e-02
-4.606643259953249747e-02
-4.611070846568477571e-02
-4.604394660827839519e-02
-4.613396366802796633e-02
-4.613328859927764286e-02
-4.613328859927764980e-02
-4.613328859927766368e-02
-4.613328859927763592e-02
-4.613328842245884714e-02
-4.614321539695964702e-02
-4.622120704247641848e-02
-4.622120704247640460e-02
-4.616143218972679901e-02
-4.608763697710232393e-02
-4.602144372983158621e-02
-4.598352151997844167e-02
-4.593673881346031773e-02
-4.505819342621059792e-02
-4.518375327215212733e-02
-4.524000802668500659e-02
-4.505819342621059792e-02
-4.507218060695151324e-02
-4.498870162543986556e-02
-4.498870162543986556e-02
-4.498870162543987250e-02
-4.498870162543985862e-02
-4.549380687658739070e-02
-4.574180458614167388e-02
-4.561634343374417616e-02
-4.568188750031450251e-02
-4.574863678324054411e-02
-4.574863678324057187e-02
-4.581511776282521514e-02
-4.561634343374416228e-02
-4.561634343374419004e-02
-4.551990142608260126e-02
-4.564755323478851545e-02
-4.556557864200935087e-02
-4.556557864200938557e-02
-4.554998661148140088e-02
-4.556417279462949416e-02
-4.556417279462948722e-02
-4.572839514383104931e-02
-4.715381364700629158e-02
-4.707873791117072465e-02
-4.742577510644496036e-02
-4.742577510644492567e-02
-4.726335179258757402e-02
-4.726010702038976885e-02
-4.726010702038977579e-02
-4.726410359208602086e-02
-4.726410359208602086e-02
-4.760844511468138168e-02
-4.754554523610968197e-02
-4.751203711259408685e-02
-4.758875285974360075e-02
-4.758875285974360075e-02
-4.758875285974360769e-02
-4.747232373936306760e-02
-4.752339901974694109e-02
-4.747232373936306760e-02
-4.778263282319700211e-02
-4.793402867176570908e-02
-4.793402867176570908e-02
-4.793473949706444220e-02
-4.793473949706446996e-02
-4.794209955164065867e-02
-4.806517024280421851e-02
-4.801108874185143482e-02
-4.793402942509660675e-02
-4.803510493301222511e-02
-4.803510493301221818e-02
-4.803510493301219042e-02
-4.803510493301219736e-02
-4.803510493301221818e-02
-4.803437439977684131e-02
-4.803437439977683437e-02
-4.792838754952433167e-02
-4.786882169221092637e-02
-4.808576611700454695e-02
-4.808576611700451225e-02
-4.808576611700451919e-02
-4.822375905372432159e-02
-4.822375905372431465e-02
-4.816039936633985385e-02
-4.808533511110518743e-02
-4.808533511110518743e-02
-4.813725948961399687e-02
-4.823743718374536027e-02
-4.808384709205964364e-02
-4.808384709205962282e-02
-4.808384709205962282e-02
-4.808384709205964364e-02
-4.815024891709042409e-02
-4.820457931318822276e-02
-4.820457931318822969e-02
-4.820460779203879220e-02
-4.812939643066428685e-02
-4.791488758372025591e-02
-4.798855331714794309e-02
-4.798855331714794309e-02
-4.828221078961925095e-02
-4.820755308491256330e-02
-4.813245282042447754e-02
-4.813245282042446366e-02
-4.813245282042449835e-02
-4.813245282042447754e-02
-4.813245282042447060e-02
-4.807328737520007167e-02
-4.790362090242776538e-02
-4.790362090242775150e-02
-4.812321813464997405e-02
-4.809309324889556730e-02
-4.755537194749104996e-02
-4.748206324510616250e-02
-4.755485197274998688e-02
-4.755485197274998688e-02
-4.755485197274998688e-02
-4.755485197274995912e-02
-4.755485197274997300e-02
-4.755485197274996606e-02
-4.783183629930290448e-02
-4.766351186380975852e-02
-4.766351186380976546e-02
-4.771517312245323467e-02
-4.738949726843306315e-02
-4.738949726843306315e-02
-4.738949726843307009e-02
-4.753564662564718074e-02
-4.752938238881402461e-02
-4.812604433638452417e-02
-4.806661617733291869e-02
-4.798878399984726068e-02
-4.799046225278345151e-02
-4.799046225278342376e-02
-4.799116936172354714e-02
-4.799116937814276729e-02
-4.791588005630684904e-02
-4.791588005630686292e-02
-4.791210993241563215e-02
-4.791020315578082417e-02
-4.791020315578083805e-02
-4.796504419776033423e-02
-4.792083811504710411e-02
-4.792083836124191171e-02
-4.792083836124186313e-02
-4.805474996328558401e-02
-4.816543769350761089e-02
-4.824084178352328056e-02
-4.786649687836917744e-02
-4.761495717388647408e-02
-4.766185367482655977e-02
-4.763567805736523830e-02
-4.768427723097874715e-02
-4.768427723097872634e-02
-4.753819681982641987e-02
-4.753819681982640599e-02
-4.761168185562732885e-02
-4.761168185562730804e-02
-4.761168185562730804e-02
-4.761168185562730110e-02
-4.761168185562732191e-02
-4.765300842560569322e-02
-4.758186936631900177e-02
-4.769433128941063388e-02
-4.769433128941064082e-02
-4.769507677499580656e-02
-4.769507677499581350e-02
-4.776910351475341376e-02
-4.776837336544763335e-02
-4.776837336544764029e-02
-4.776837336544764029e-02
-4.770699911958974776e-02
-4.755949272728189625e-02
-4.770420514439320525e-02
-4.715989874958056299e-02
-4.715989874958059075e-02
-4.715989874958059075e-02
-4.716132465389601819e-02
-4.716132465389601819e-02
-4.708928243662472563e-02
-4.723406185318524547e-02
-4.723406185318523159e-02
-4.723406185318523853e-02
-4.708924335455848958e-02
-4.708924335455848265e-02
-4.714928909620043351e-02
-4.722001654869761172e-02
-4.707755855237666376e-02
-4.729328425411336023e-02
-4.729328425411336717e-02
-4.721211248744022065e-02
-4.721211248744022065e-02
-4.721211248744020678e-02
-4.721139507960552678e-02
7.145491504650081614e-03
7.145491504650080747e-03
7.145491504650080747e-03
7.147936218729985212e-03
7.147936218729986080e-03
7.150384203043510904e-03
7.147936218729988682e-03
7.147959463900631187e-03
7.157238820858815610e-03
7.157238820858819080e-03
7.157238820858817345e-03
7.157203591869620157e-03
7.147886491015337761e-03
7.147886491015336893e-03
7.143001563714416677e-03
7.140553509632934816e-03
7.143001602671433109e-03
7.143000298741103947e-03
7.143003574053687597e-03
7.140555312608360024e-03
7.138112160179827144e-03
7.138112160179827144e-03
7.165365101081125170e-03
7.162897175112075548e-03
7.162897175112077283e-03
7.162926326630574166e-03
7.165191666106653784e-03
7.159294644812480395e-03
7.159294644812482129e-03
7.161750870237864990e-03
7.153460700171631985e-03
7.151049987887238626e-03
7.151049987887238626e-03
7.166618372612358970e-03
7.166618372612360705e-03
7.161696283155866323e-03
7.161696283155864588e-03
7.162881040457708647e-03
7.161841699323382576e-03
7.161830355607577345e-03
7.161841699323390383e-03
7.161841699323388648e-03
7.159401054415408944e-03
7.156914735249155293e-03
7.156914735249155293e-03
7.159380092854016053e-03
7.155936117189198344e-03
7.153471511390425454e-03
7.153471511390425454e-03
7.139783356664800365e-03
7.139781511814517409e-03
7.137376259678863445e-03
7.139784307946383385e-03
7.139784307946383385e-03
7.139778461301404464e-03
7.139778461301398392e-03
7.144585537560670628e-03
7.137878647014723327e-03
7.137878647014723327e-03
7.139789194393280670e-03
7.139789194393280670e-03
7.139789194393283273e-03
7.139789194393283273e-03
7.139789194393283273e-03
7.144586528638822466e-03
7.139939860392345572e-03
7.139789194393279803e-03
7.141865492914202355e-03
7.141861777023394628e-03
7.142178547238061184e-03
7.142178547238063786e-03
7.142178547238063786e-03
7.138148329692039704e-03
7.137385992167549938e-03
7.137385992167549938e-03
7.139783534912904142e-03
7.139782564922410833e-03
7.139782564922405629e-03
7.139782548485107926e-03
7.142162005203189085e-03
7.139772901282357732e-03
7.144564554358902482e-03
7.144564554358899880e-03
7.149370680078988294e-03
7.146966740210841662e-03
7.146966740210842529e-03
7.144568496686154457e-03
7.144568496686156192e-03
7.146969044544077172e-03
7.144573328779327964e-03
7.144567439546742858e-03
7.144567439546743726e-03
7.142182032303340949e-03
7.144567439546742858e-03
7.146968840905593492e-03
7.146968840905593492e-03
7.146968840905593492e-03
7.146968840905593492e-03
7.146968840905594360e-03
7.146968840905594360e-03
7.146968840905589156e-03
7.146968840905589156e-03
7.146968840905589156e-03
7.146968840905589156e-03
7.146968840905589156e-03
7.146968840905589156e-03
7.146968840905589156e-03
7.146968840905590890e-03
7.139769315252042156e-03
7.142168954269963350e-03
7.142168954269965085e-03
7.142168954269965085e-03
7.142168954269962483e-03
7.144285483442646377e-03
7.138313336154793534e-03
7.138315791558131652e-03
7.135915204044611555e-03
7.135915204044611555e-03
7.137384448361413190e-03
7.137384448361416660e-03
7.142170765600830765e-03
7.144573887432968673e-03
7.139770086613323428e-03
7.139770086613321694e-03
7.144502914182481075e-03
7.144502914182481075e-03
7.149327912182144515e-03
7.149327912182141913e-03
7.151747676060200842e-03
7.149420626616194777e-03
7.149420626616193909e-03
7.151835441720840077e-03
7.151835441720835740e-03
7.151835441720835740e-03
7.154254181617671939e-03
7.156648018055045135e-03
7.151817636425209825e-03
7.154804138809258210e-03
7.157220251896045417e-03
7.145252279159697469e-03
7.145251843996786555e-03
7.142841769126034163e-03
7.142841769126034163e-03
7.142844612234034059e-03
7.144601780963370785e-03
7.144597795433511520e-03
7.144597795433508050e-03
7.144597795433508050e-03
7.147011399730718133e-03
7.147010363631854310e-03
7.139773670199031988e-03
7.138133576210418420e-03
7.138125951327738312e-03
7.140517278427162273e-03
7.138125951327736578e-03
7.153758208458710875e-03
7.147826889527801597e-03
7.150288919183143098e-03
7.147875897483128328e-03
7.147875897483127461e-03
7.152668182599323729e-03
7.152668182599323729e-03
7.152655042278946787e-03
7.152655042278947654e-03
7.150280530185087850e-03
7.150280530185087850e-03
7.152694263097685370e-03
7.152694263097679299e-03
7.152810103636063170e-03
7.152810103636063170e-03
7.155233558073928642e-03
7.152810103636065772e-03
7.156725927213196045e-03
7.155209065192325545e-03
7.150395542084676988e-03
7.150380952487291747e-03
7.152776519726257269e-03
7.147954062980414053e-03
7.147954062980412318e-03
7.147954062980410583e-03
7.147954062980407981e-03
7.147954062980410583e-03
7.147954062980412318e-03
7.153981430490705812e-03
7.154012912391544653e-03
7.154012912391546387e-03
7.154012912391544653e-03
7.151589326378502212e-03
7.151589326378504814e-03
7.151589326378505682e-03
7.151589326378502212e-03
7.153428924079730140e-03
7.153428924079731008e-03
7.153428924079734477e-03
7.153428924079733610e-03
7.152582295392228250e-03
7.148604027983596586e-03
7.151015586403623725e-03
7.146194769423156942e-03
7.156061870717585725e-03
7.156061870717582256e-03
7.149048408159228499e-03
7.149048408159225897e-03
7.146962992937042243e-03
7.149371924441638541e-03
7.146962992937044845e-03
7.146962992937040508e-03
7.154208100768016769e-03
7.154208100768017636e-03
7.156629907299781601e-03
7.154208203607017105e-03
7.151792757912133792e-03
7.156811866112788162e-03
7.154379017418325236e-03
7.153684762239044884e-03
7.145028512863071772e-03
7.145028512863070905e-03
7.145014852687595758e-03
7.154659950977818039e-03
7.147121469242729078e-03
7.149550719697758162e-03
7.149550719697755560e-03
7.149550719697758162e-03
7.149550719697758162e-03
7.149564550060393681e-03
7.154416910991561081e-03
7.154416910991561081e-03
7.154408640688142418e-03
7.154408640688142418e-03
7.148019324354498369e-03
7.143336431648173064e-03
7.152954038305710596e-03
7.156335555830483849e-03
7.152926199336896371e-03
7.152926199336897238e-03
7.157704496113852233e-03
7.155269801819175851e-03
7.150401151495833045e-03
7.157702745530181154e-03
7.157702745530182889e-03
7.131617257076866556e-03
7.131617257076866556e-03
7.129349311724085016e-03
7.134144647063838524e-03
7.136551850528643701e-03
7.131743494019454101e-03
7.131743494019454101e-03
7.131743494019455835e-03
7.131743494019455835e-03
7.126958499164210044e-03
7.126958499164210044e-03
7.129232999073115140e-03
7.124420251648261489e-03
7.129232999073113405e-03
7.134032854990802336e-03
7.130914489289103507e-03
7.130914489289100905e-03
7.130914489289104374e-03
7.128503878925958499e-03
7.130914489289104374e-03
7.131679865572795873e-03
7.131679865572795873e-03
7.131672036847042269e-03
7.129277768303514395e-03
7.124460685563790627e-03
7.124460685563790627e-03
7.126874088634457469e-03
7.126874088634457469e-03
7.129351783343049198e-03
7.129338089566757478e-03
7.129338089566760080e-03
7.129343945985338465e-03
7.129321284093785051e-03
7.129321284093785051e-03
7.134123723467542845e-03
7.146715820188683128e-03
7.139999831876310196e-03
7.144786869208954137e-03
7.173699772674377133e-03
7.173699775267815618e-03
7.177690241798926826e-03
7.171285469771327206e-03
7.183467115060037690e-03
7.183467115060044629e-03
7.183467115060042027e-03
7.181040010314802477e-03
7.183470600087297521e-03
7.183467817278270037e-03
7.178518176158532257e-03
7.176099911273271272e-03
7.179302802225982945e-03
7.176099911273272139e-03
7.176099911273266067e-03
7.176099911273263465e-03
7.178516261370294568e-03
7.178540333359388452e-03
7.178543231020205473e-03
7.178517857520565551e-03
7.176099911273266067e-03
7.178526154282549587e-03
7.173737510292510847e-03
7.176108935115266090e-03
7.173874280112462962e-03
7.160117291509289494e-03
7.160117291509289494e-03
7.160117291509292964e-03
7.160117291509292964e-03
7.160117291509289494e-03
7.146510061460472144e-03
7.146510061460476480e-03
7.146510061460473878e-03
7.146510061460476480e-03
7.148577419422129549e-03
7.146304999507527116e-03
7.146304999507524514e-03
7.146304999507524514e-03
7.148899600380252684e-03
7.154389063811613693e-03
7.152100603316717542e-03
7.154478807452603617e-03
7.154470286090765241e-03
7.164042283925727353e-03
7.171275059853524439e-03
7.166464027032625264e-03
7.168846173164240311e-03
7.171272582125640463e-03
7.170838141798699210e-03
7.170838141798699210e-03
7.170838141798699210e-03
7.170838141798700945e-03
7.168873138801224940e-03
7.166429292194699194e-03
7.166429292194699194e-03
7.171236453376730359e-03
7.152102938022079741e-03
7.147121746731615981e-03
7.147121746731617715e-03
7.147121746731617715e-03
7.151867102820241157e-03
7.151867102820239422e-03
7.151867102820239422e-03
7.151867102820244626e-03
7.156670894066082846e-03
7.156647534053745159e-03
7.157395559225597677e-03
7.159804356688717272e-03
7.162182360499833554e-03
7.168973126447276620e-03
7.168973126447279222e-03
7.171371962631966496e-03
7.164344006192693501e-03
7.164327359502482319e-03
7.166321143208218523e-03
7.168720862104837992e-03
7.163472484539980777e-03
7.163472484539988583e-03
7.165858178413247494e-03
7.180189782787499767e-03
7.175361767159193702e-03
7.177843611106166262e-03
7.170702648925945250e-03
7.159729215126862598e-03
7.128015026953756633e-03
7.130408807973108096e-03
7.132801693171476193e-03
7.130408807973109830e-03
7.125611804531562475e-03
7.128001958715940098e-03
7.141756676137124560e-03
7.146542158365240711e-03
7.146542158365240711e-03
7.151272341638648111e-03
7.148875827537773398e-03
7.151273522443882084e-03
7.151273522443882084e-03
7.148875827537776000e-03
7.153687478903753179e-03
7.146490536478069568e-03
7.153675136048961124e-03
7.151285637585013712e-03
7.153265370220451315e-03
7.153673638615647493e-03
7.153673638615639686e-03
7.119556409784393892e-03
7.119544580521206846e-03
7.121937381116432743e-03
7.124317862919161276e-03
7.119556409784396495e-03
7.119556409784398229e-03
7.119556409784393892e-03
7.119556409784400831e-03
7.119556409784397362e-03
7.118447608618883558e-03
7.120856104969797672e-03
7.121153135381612896e-03
7.118331267556928313e-03
7.118331267556933517e-03
7.120713302001121896e-03
7.120737246693349155e-03
7.153810490714893229e-03
7.153810490714894096e-03
7.151486246286275529e-03
7.153810490714894096e-03
7.153810490714895831e-03
7.153810490714894964e-03
7.153810490714892362e-03
7.153810490714892362e-03
7.158480628781969252e-03
7.156227764152907865e-03
7.158645785567976060e-03
7.152685128136806493e-03
7.152685028749885057e-03
7.152685128136807360e-03
7.152666443629666221e-03
7.133798095083626091e-03
7.127247852023042146e-03
7.132833271636750301e-03
7.132833271636748566e-03
7.116358484819506301e-03
7.118733199406942699e-03
7.121133921063556999e-03
7.121132752936391690e-03
7.125636010113814596e-03
7.112312661722527442e-03
7.112304229949505466e-03
7.112304229949505466e-03
7.114673937611321226e-03
7.128854094374327370e-03
7.126487967196919703e-03
7.121750512604663186e-03
7.124109947132234617e-03
7.124121932208658109e-03
7.124121932208658976e-03
7.121750504006828936e-03
7.124121940691655400e-03
7.121750504006829803e-03
7.119393865464878485e-03
7.130363930339822347e-03
7.135095365997112110e-03
7.143095096250641485e-03
7.147848095609202895e-03
7.140707130204174309e-03
7.140707130204180381e-03
7.141293583494122757e-03
7.141293583494125359e-03
7.141293583494119288e-03
7.146044695010269655e-03
7.146044695010273125e-03
7.146044695010269655e-03
7.143672566302325562e-03
7.139845385638853882e-03
7.160974532619125525e-03
7.160781463995616845e-03
7.160781463995615978e-03
7.158538821160464159e-03
7.158538821160464159e-03
7.158538821160471098e-03
7.163355825576710884e-03
7.158526900150829000e-03
7.156126281266167108e-03
7.156126281266168843e-03
7.156126281266168843e-03
7.158505705424441853e-03
7.160747835973952681e-03
7.158505705424440119e-03
7.158505705424444455e-03
7.155955273207427469e-03
7.155955273207427469e-03
7.156133700921568468e-03
7.159477782401663451e-03
7.158515698945792580e-03
7.158515698945795182e-03
7.158515698945791712e-03
7.160955074442222450e-03
7.160955074442222450e-03
7.153731726487972190e-03
7.153730231585853430e-03
7.156133979723484917e-03
7.156133979723482315e-03
7.156133979723484917e-03
7.158457188413249427e-03
7.156145464030001097e-03
7.156145464030001097e-03
7.156116301296408522e-03
7.156116301296411991e-03
7.141725415808508962e-03
7.144125501737072330e-03
7.144125501737073197e-03
7.146110273842638458e-03
7.146110273842638458e-03
7.148935601515933776e-03
7.153713822871840024e-03
7.158544989514940664e-03
7.158544989514938062e-03
7.158544989514934592e-03
7.160958946799617260e-03
7.153723607916272730e-03
7.154156410797832440e-03
7.154136292336751336e-03
7.154136292336749602e-03
7.154136292336750469e-03
7.151756339998430016e-03
7.153203137040588418e-03
7.153203137040584081e-03
7.155614590967535570e-03
7.153203137040584081e-03
7.158056851064606256e-03
7.150952617033841906e-03
7.150952617033841906e-03
7.150952617033841906e-03
7.153364042764886847e-03
7.162814110621602143e-03
7.162943647120056066e-03
7.165358561419383349e-03
7.167775724714802420e-03
7.167775724714798083e-03
7.165352574278838725e-03
7.160600958176431899e-03
7.165375045301045770e-03
7.165375045301045770e-03
7.162972708698338818e-03
7.165375000721371616e-03
7.160572542835446329e-03
7.160572542835447196e-03
7.140023907563487586e-03
7.140004498140351159e-03
7.142385729641804668e-03
7.137623937331348013e-03
7.137623937331345411e-03
7.137623937331345411e-03
7.140003153452986230e-03
7.140003153452982761e-03
7.140003153452974954e-03
7.139463225824512274e-03
7.137513445996580656e-03
7.137513445996583258e-03
7.135134942411589312e-03
7.135132674028456939e-03
7.135141631710525262e-03
7.135134942411589312e-03
7.137513294275531738e-03
7.130501625668765088e-03
7.130501625668764221e-03
7.130501625668765088e-03
7.135246700963341661e-03
7.137587454124148800e-03
7.132443091686898988e-03
7.139587840757381440e-03
7.134811463075873238e-03
7.132443091686896386e-03
7.134822447550189482e-03
7.137208141261024499e-03
7.134826288829464180e-03
7.134826288829467650e-03
7.134826276003015944e-03
7.136998665737785512e-03
7.136998665737782042e-03
7.136998665737784645e-03
7.139384126377140011e-03
7.136991433608809096e-03
7.141765082010014670e-03
7.141765082010016405e-03
7.141774569340067318e-03
7.144166636881821124e-03
7.144166636881828930e-03
7.144166636881822859e-03
7.139385504857872350e-03
7.139385504857872350e-03
7.144178536464186602e-03
7.148939649729664156e-03
7.146543080613845453e-03
7.132220650310001041e-03
7.134612718565632589e-03
7.137001025264492343e-03
7.134612718565632589e-03
7.134627878649746867e-03
7.146391339708038810e-03
7.137017720532143339e-03
7.137017720532141604e-03
7.137017720532141604e-03
7.137017720532141604e-03
7.134629659472017764e-03
7.134629659472017764e-03
7.134629659472018631e-03
7.134629659472018631e-03
7.137017720532147676e-03
7.132978239682060545e-03
7.141299949393141618e-03
7.138912465871649279e-03
7.134142515945827295e-03
7.125703829614722130e-03
7.195795002885502223e-03
7.195795002885501356e-03
7.195795002885503090e-03
7.195795002885502223e-03
7.170340383574857514e-03
7.170340383574860983e-03
7.172737963293077459e-03
7.169809279317739155e-03
7.169809279317732216e-03
7.167918997599334423e-03
7.167918997599337892e-03
7.172735416684003669e-03
7.172735416684002802e-03
7.172735416684002802e-03
7.170324168873428751e-03
7.170324168873428751e-03
7.170324168873424414e-03
7.170324168873422679e-03
7.168100928618302212e-03
7.168100928618302212e-03
7.170512477116277456e-03
7.168100928618297875e-03
7.168100928618297875e-03
7.168100928618295273e-03
7.168100928618297007e-03
7.168100928618297875e-03
7.168100928618294405e-03
7.168100928618294405e-03
7.168100928618297875e-03
7.168100928618295273e-03
7.168100928618294405e-03
7.168100928618294405e-03
7.168100928618299610e-03
7.170513991009763721e-03
7.170513991009763721e-03
7.167927285379577761e-03
7.167913650338287278e-03
7.167918422317518315e-03
7.167918422317517448e-03
7.165510925147096886e-03
7.165510925147095152e-03
7.167913281664683479e-03
7.172614307579316950e-03
7.172614307579316083e-03
7.165515559802640780e-03
7.181757319957056060e-03
7.181757319957052590e-03
7.175144689564371368e-03
7.175144689564371368e-03
7.175144689564373103e-03
7.170361063448212058e-03
7.170326589048582784e-03
7.170322331632498179e-03
7.167913402080650608e-03
7.170370445270639499e-03
7.177325416057825369e-03
7.177325416057827971e-03
7.177325416057826236e-03
7.187584966901378741e-03
7.192369017721944244e-03
7.192292036765514547e-03
7.191521264882102561e-03
7.192292036765518017e-03
7.192292036765515414e-03
7.164915957246771432e-03
7.164915957246774034e-03
7.164915957246771432e-03
7.164915957246771432e-03
7.168828253594041085e-03
7.163993886786683592e-03
7.163978925671797560e-03
7.163978925671799294e-03
7.164008971823333100e-03
7.163978925671801029e-03
7.166420204047951013e-03
7.163978925671800162e-03
7.166397805411422149e-03
7.166397805411423017e-03
7.139061866049034068e-03
7.136618008273055806e-03
7.136618008273052337e-03
7.136618008273056674e-03
7.136618008273056674e-03
7.136618008273058408e-03
7.145628127452903489e-03
7.145628127452903489e-03
7.136618044967397816e-03
7.136618044967397816e-03
7.136618044967397816e-03
7.139007522391480932e-03
7.139007522391485269e-03
7.139007522391483535e-03
7.141452768218632327e-03
7.139007522391483535e-03
7.139007522391483535e-03
7.143889098370002737e-03
7.141441785582521018e-03
7.141441785582521018e-03
7.141434064884856492e-03
7.139007522391483535e-03
7.139007522391473994e-03
7.139007850961622513e-03
7.141451159914264171e-03
7.141451543870394950e-03
7.141451543870394082e-03
7.141451543870394082e-03
7.141451543870394082e-03
7.141451543870392348e-03
7.143980701090690139e-03
7.143980701090687536e-03
7.146425958591422038e-03
7.143980701090690139e-03
7.136507877946686104e-03
7.136507877946686104e-03
7.136506655298978201e-03
7.136506655298975599e-03
7.136509099451598948e-03
7.138954832854458449e-03
7.138949436598988202e-03
7.138949436598985600e-03
7.138949436598982998e-03
7.141393877004809272e-03
7.138949436598988202e-03
7.138949436598985600e-03
7.136509099451598948e-03
7.138951129059831549e-03
7.136509099451599815e-03
7.139108236054118872e-03
7.139108236054126679e-03
7.141552471746561749e-03
7.134232410630782749e-03
7.134232410630782749e-03
7.134219285890382352e-03
7.134219285890382352e-03
7.136659015379640328e-03
7.144846754087092952e-03
7.142402246726590499e-03
7.144844193305565153e-03
7.142402246726587897e-03
7.124153261976624678e-03
7.121704714930836289e-03
7.133927287309537249e-03
7.129063085879252214e-03
7.129063785827141793e-03
7.131494352828485553e-03
7.129057711711572765e-03
7.133933012271036905e-03
7.133933012271041242e-03
7.131486397323190222e-03
7.131486397323190222e-03
7.131486397323192825e-03
7.131401793338687164e-03
7.131401793338688899e-03
7.129052780623072565e-03
7.129052780623068228e-03
7.129052780623070830e-03
7.129052780623071697e-03
7.129052780623071697e-03
7.129052780623072565e-03
7.131495966338147370e-03
7.138020643450235063e-03
7.138020643450235063e-03
7.111214084247786081e-03
7.108906774212568093e-03
7.106464410646312797e-03
7.106464410646315399e-03
7.106464410646315399e-03
7.108917098431601599e-03
7.111352652093607014e-03
7.106483889850851235e-03
7.106483889850853837e-03
7.116435335795267408e-03
7.123552679790765355e-03
7.121123854767994268e-03
7.123553948332515297e-03
7.122219678963359439e-03
7.122219678963360306e-03
7.118860604603980020e-03
7.118860604603977418e-03
7.119370183957943361e-03
7.116956787848533611e-03
7.116956787848537080e-03
7.118517589835469082e-03
7.116961190248513765e-03
7.121832310299837723e-03
7.121832310299837723e-03
7.121832310299839458e-03
7.119404229055442332e-03
7.119404229055444067e-03
7.119404229055444934e-03
7.116930129632351339e-03
7.121814267914312012e-03
7.121823334024808896e-03
7.124254260909042638e-03
7.129112135237311750e-03
7.126689548673383924e-03
7.126689548673383924e-03
7.124244197065225312e-03
7.124269024411798018e-03
7.114526234312145564e-03
7.114526234312144697e-03
7.129270139492556446e-03
7.134543205240602426e-03
7.131900308888509434e-03
7.134543205240603293e-03
7.137186039096877002e-03
7.139827136561044223e-03
7.139827136561045957e-03
7.139827136561044223e-03
7.139827136561049427e-03
7.134552576596570571e-03
7.134552576596570571e-03
7.131914451355397984e-03
7.131907642310419959e-03
7.131898473872605448e-03
7.134541739661923176e-03
7.134541739661920574e-03
7.134555129665963620e-03
7.134555784592060482e-03
7.134555784592057012e-03
7.134555784592060482e-03
7.134554081655906412e-03
7.137197208004323473e-03
7.139033516497970619e-03
7.141665752224880641e-03
7.144305343865877712e-03
7.144300375854603646e-03
7.144300837942611261e-03
7.141666177574234470e-03
7.141666177574230133e-03
7.139021764986303205e-03
7.114480744543544288e-03
7.111875096370852412e-03
7.111875096370854146e-03
7.111875096370848942e-03
7.111875096370855881e-03
7.111875096370854146e-03
7.106672179397598849e-03
7.106672179397598849e-03
7.104028729137505660e-03
7.106672179397601451e-03
7.106672179397601451e-03
7.106672179397598849e-03
7.106672179397598849e-03
7.106672179397601451e-03
7.111863368805398065e-03
7.106658638358943902e-03
7.111931072791937564e-03
7.111931072791934962e-03
7.111931072791937564e-03
7.100494770359116505e-03
7.092745766191909523e-03
7.113546972599128076e-03
7.116157034471609286e-03
7.110952824834858646e-03
7.113352020478693263e-03
7.115907025757380912e-03
7.113352020478692396e-03
7.115950077685996751e-03
7.115950077685996751e-03
7.115950077685996751e-03
7.130935052361981642e-03
7.129157670887170152e-03
7.129157670887165815e-03
7.126542248498438439e-03
7.126416739663536150e-03
7.126416739663534415e-03
7.129144816848755756e-03
7.129144816848757490e-03
7.131764704162392964e-03
7.126522129942768936e-03
7.123907881862177535e-03
7.123898690669015071e-03
7.123889653947075747e-03
7.123913137790123008e-03
7.123913137790123008e-03
7.123913137790124743e-03
7.123913137790122141e-03
7.099225308746054570e-03
7.099225308746055438e-03
7.096386483205087588e-03
7.093799147341030460e-03
7.096365061580234279e-03
7.094713335380845379e-03
7.096020252652842850e-03
7.093828992112509273e-03
7.105569230041195242e-03
7.101079875264673831e-03
7.101079875264673831e-03
7.101079875264678168e-03
7.105199881708586761e-03
7.105199093410997230e-03
7.105255004358247695e-03
7.105255004358250297e-03
7.102649952180760395e-03
7.102649952180759528e-03
7.105260508028644721e-03
7.097367677578656636e-03
7.105230269390486186e-03
7.105731381097089329e-03
7.105731381097087594e-03
7.105731381097088462e-03
7.105731381097088462e-03
7.105731381097086727e-03
7.105731381097090196e-03
7.105229233737509614e-03
7.105229233737508747e-03
7.107844334026737140e-03
7.105236501323324017e-03
7.107838357478649984e-03
7.110449846396583486e-03
7.110449846396583486e-03
7.113049619679867076e-03
7.113049619679870546e-03
7.110449846396583486e-03
7.110449846396583486e-03
7.110449846396585220e-03
7.107852761456639502e-03
7.107852761456640370e-03
7.107852761456639502e-03
7.107852761456640370e-03
7.107852761456639502e-03
7.107852761456639502e-03
7.107852761456639502e-03
7.107852761456636900e-03
7.113056903743310636e-03
7.113056903743311503e-03
7.107852761456630829e-03
7.110434572028873600e-03
7.113035782382134097e-03
7.120862484996584064e-03
7.118251921182310905e-03
7.118251921182307436e-03
7.115647169678799774e-03
7.115647169678799774e-03
7.115647169678799774e-03
7.115647169678798040e-03
7.115647169678797172e-03
7.115647169678797172e-03
7.115647169678797172e-03
7.115647169678799774e-03
7.115647169678796305e-03
7.101848330085920417e-03
7.101848330085922152e-03
7.107027520944981733e-03
7.109644855497798503e-03
7.120948311197290367e-03
7.112162857359942587e-03
7.115534916430711447e-03
7.115521560329535894e-03
7.113131147604287267e-03
7.113131147604288135e-03
7.110137268842322417e-03
7.110137268842323284e-03
7.110137268842324151e-03
7.110119498119292156e-03
7.110121374353201712e-03
7.114954138821239817e-03
7.107850737480292738e-03
7.105257892024505716e-03
7.102550643053659810e-03
7.102550643053659810e-03
7.102550643053656340e-03
7.100010354117634870e-03
7.116169271276663773e-03
7.111934173411419216e-03
7.111934173411420083e-03
7.112059796693669805e-03
7.109462475322200423e-03
7.109462475322200423e-03
7.109462463247475522e-03
7.106846606274517565e-03
7.106747952905559211e-03
7.109472787832691806e-03
7.112068741485264717e-03
7.119699170451516783e-03
7.122304985890609910e-03
7.119699170451508109e-03
7.119699170451507242e-03
7.117092345515760310e-03
7.117092345515757708e-03
7.106869218887913037e-03
7.106841667050721977e-03
7.109075314895968965e-03
7.109437267502913618e-03
7.106841654966809113e-03
7.117387736576062489e-03
7.114582717207321681e-03
7.114815823656601285e-03
7.114815823656604754e-03
7.122703909756607048e-03
7.122703909756606180e-03
7.122703909756606180e-03
7.120104455725354518e-03
7.120104455725354518e-03
7.120104455725356253e-03
7.120104455725355386e-03
7.120104455725352784e-03
7.117421395724110242e-03
7.122648435297780113e-03
7.122648435297786185e-03
7.122648435297780113e-03
7.120039576035117057e-03
7.120028804111163540e-03
7.120029599184121531e-03
7.108401028670344179e-03
7.111025576322056903e-03
7.111025576322056035e-03
7.111025576322058638e-03
7.111007530460889542e-03
7.175561611744307559e-03
7.176473312160914358e-03
7.176473312160918695e-03
7.171201279326543977e-03
7.171201279326545712e-03
7.171201279326543977e-03
7.187330573855076760e-03
7.184718414742856905e-03
7.184686944560370048e-03
7.184686944560368313e-03
7.189664435328351616e-03
7.184750411373172670e-03
7.187330168213271024e-03
7.189147825904776759e-03
7.189956081890766688e-03
7.187330168213272759e-03
7.187330168213270157e-03
7.195274710481793824e-03
7.195274710481791222e-03
7.195274710481792090e-03
7.172093872657503595e-03
7.169494153761986864e-03
7.174758971886547633e-03
7.189834648652938635e-03
7.192498962024765699e-03
7.187968069582188410e-03
7.184534411703779808e-03
7.184534411703779808e-03
7.184534411703779808e-03
7.184534411703778940e-03
7.187159940288471473e-03
7.187159940288474075e-03
7.183286281539028734e-03
7.183286281539027866e-03
7.175922267464248175e-03
7.175922267464248175e-03
7.175922267464247307e-03
7.208324881966558274e-03
7.216258912865584907e-03
7.218958376338040737e-03
7.216288232326070230e-03
7.216341353038385233e-03
7.216728671378698674e-03
7.209533242385691987e-03
7.206881441892566860e-03
7.206881441892565993e-03
7.206881441892570329e-03
7.204320133693790582e-03
7.206973268319026918e-03
7.204319242585514871e-03
7.201573722035475855e-03
7.198928580073755794e-03
7.196287267956347211e-03
7.196287267956349813e-03
7.196287267956346344e-03
7.201685427943749218e-03
7.201685427943749218e-03
7.201685427943749218e-03
7.201728456266591472e-03
7.201559921678529243e-03
7.204206945293661381e-03
7.201559921678528375e-03
7.204206742338428900e-03
7.201711936501748075e-03
7.196284118696654776e-03
7.191066521903043650e-03
7.193704531734074724e-03
7.191101929063590907e-03
7.191101929063594377e-03
7.191066521903046252e-03
7.196327689417898396e-03
7.196327689417894927e-03
7.196327689417894927e-03
7.191101799972419994e-03
7.193706132348694736e-03
7.193706132348694736e-03
7.197420638112891900e-03
7.200066354738212521e-03
7.197376287801715740e-03
7.197376287801710536e-03
7.197372375573991669e-03
7.197372375573999476e-03
7.197412419838547862e-03
7.197372375574000343e-03
7.200016159052470034e-03
7.197372375573998608e-03
7.197372375573996006e-03
7.200021087103603869e-03
7.220263437501017387e-03
7.217594204443430854e-03
7.217595955087979451e-03
7.217595955087983788e-03
7.215730670613055599e-03
7.215730670613055599e-03
7.213073480563875553e-03
7.213173026135851103e-03
7.218352503253282725e-03
7.218352503253286194e-03
7.213073480563874686e-03
7.213570274394056833e-03
7.213073480563878155e-03
7.220931195048878835e-03
7.220409762535275056e-03
7.220948081881993844e-03
7.220948081881997313e-03
7.220948081881998180e-03
7.218391058196104403e-03
7.218337152081199214e-03
7.218337152081200081e-03
7.218337152081196612e-03
7.215618679935264373e-03
7.221219156618012038e-03
7.221164606981458553e-03
7.218777803388231815e-03
7.221164606981460288e-03
7.229179063511215024e-03
7.221135132123699188e-03
7.221136181618965054e-03
7.220279214393468710e-03
7.222892674928855714e-03
7.225726507129394925e-03
7.225726507129395793e-03
7.225726507129404466e-03
7.225786123049918012e-03
7.225786123049918880e-03
7.225786123049913676e-03
7.225786123049913676e-03
7.125585213481032583e-03
7.125593906626544183e-03
7.120773363352769260e-03
7.123368396393388313e-03
7.128165542840899510e-03
7.125934930237533271e-03
7.125957541873293236e-03
7.120790610088496321e-03
7.134120567218384112e-03
7.134120567218384112e-03
7.129114147011496490e-03
7.129122456133619480e-03
7.129122456133619480e-03
7.131708653125792656e-03
7.117589263443282500e-03
7.111969223404727113e-03
7.119205921967291552e-03
7.119205921967290684e-03
7.119205921967288082e-03
7.119205921967291552e-03
7.119712099805425472e-03
7.117122524409717071e-03
7.117138510798193089e-03
7.117138510798193089e-03
7.127430940539912149e-03
7.127430940539912149e-03
7.132286155433353522e-03
7.124606879729815379e-03
7.122041046648809777e-03
7.122041046648813246e-03
7.122041046648809777e-03
7.124607105081481526e-03
7.124607105081482393e-03
7.127185024249504605e-03
7.127185024249502003e-03
7.127185024249505473e-03
7.127176447546862241e-03
7.122037879833995055e-03
7.124604132151731058e-03
7.124604132151730190e-03
7.124604132151730190e-03
7.122041046648813246e-03
7.124578625036958289e-03
7.119447063056700588e-03
7.122013956661990899e-03
7.119444122492789295e-03
7.119447063056707527e-03
7.122041046648808042e-03
7.124440998063085416e-03
7.127175414035507618e-03
7.127175414035505883e-03
7.127175414035503281e-03
7.127175414035504149e-03
7.127175414035507618e-03
7.129746268282765101e-03
7.133997893227825467e-03
7.127175414035507618e-03
7.129733717291255983e-03
7.129733717291255983e-03
7.124607065090942000e-03
7.124607065090940265e-03
7.124587973587226397e-03
7.127161330246242592e-03
7.129737099148957848e-03
7.124581193225665125e-03
7.116067078273768769e-03
7.116056379230399631e-03
7.116056379230398764e-03
7.128524990844753266e-03
7.128524990844753266e-03
7.128524990844755868e-03
7.131097999036653187e-03
7.131098299925681290e-03
7.118466166163242397e-03
7.118466166163242397e-03
7.126175137895329921e-03
7.126175137895330788e-03
7.121054719225606081e-03
7.121054719225602611e-03
7.121054719225602611e-03
7.143095214142112376e-03
7.143095214142116713e-03
7.148892747982473275e-03
7.148892747982477612e-03
7.148892747982479347e-03
7.148892280978726838e-03
7.151343830547369704e-03
7.151480697223792579e-03
7.116027015342430914e-03
7.133898865028571838e-03
7.126411047015770647e-03
7.123811581197425982e-03
7.123811581197427717e-03
7.126408229983388978e-03
7.116019098871829464e-03
7.116019098871834668e-03
7.118613898565566769e-03
7.121187635642942972e-03
7.118613898565566769e-03
7.118613898565569371e-03
7.118608801642849551e-03
7.116019098871827729e-03
7.116019098871827729e-03
7.129936892158775588e-03
7.124771053225732211e-03
7.124771053225727006e-03
7.124771053225727874e-03
7.127366609833815821e-03
7.124771053225727874e-03
7.124771053225726139e-03
7.126354321799040215e-03
7.126354321799040215e-03
7.123755590810011869e-03
7.126351829588784340e-03
7.128953564144356603e-03
7.130523271790714657e-03
7.127922547750788380e-03
7.127598000691543791e-03
7.125315017582681092e-03
7.125315017582678490e-03
7.125316045456903460e-03
7.125316045456902593e-03
7.125298258366245460e-03
7.125316045456900858e-03
7.125316045456903460e-03
7.127913364055969876e-03
7.127913364055969009e-03
7.127900963228975262e-03
7.127914875689404621e-03
7.127914875689404621e-03
7.127914875689408090e-03
7.125316430026922519e-03
7.127914877517751123e-03
7.127914877517751123e-03
7.127914877517758929e-03
7.130515906401349406e-03
7.133109169903726829e-03
7.133109169903726829e-03
7.129567146148992063e-03
7.129567146148992063e-03
7.129567146148995532e-03
7.129567146148990328e-03
7.129604890635021786e-03
7.129604890635025255e-03
7.127025292599520508e-03
7.127025292599518773e-03
7.127025292599517906e-03
7.132197963979422170e-03
7.134793661888471500e-03
7.134800225555449488e-03
7.129604963263817992e-03
7.132205095045017831e-03
7.132205095045015229e-03
7.134802036459784828e-03
7.134802036459784828e-03
7.134330688322858272e-03
7.134330688322854802e-03
7.127958961038420929e-03
7.127958961038421797e-03
7.115084918066069165e-03
7.141717598184943970e-03
7.141717598184943970e-03
7.139090814559167358e-03
7.129542465380428636e-03
7.126927427164656860e-03
7.129542489350181901e-03
7.122746524890409027e-03
7.122746335656188719e-03
7.122746335656185250e-03
7.122746335656185250e-03
7.126294932077092623e-03
7.126294932077097827e-03
7.128884570821510114e-03
7.128884570821509246e-03
7.085955925924053260e-03
7.085955925924047188e-03
7.083484011927972633e-03
7.085965528899619038e-03
7.085965528899617304e-03
7.083154751978432140e-03
7.080719311261841897e-03
7.080719311261843632e-03
7.085944908026735670e-03
7.088300878451185560e-03
7.090684647141702948e-03
7.088260708358522753e-03
7.088260708358523621e-03
7.088260708358520151e-03
7.088260708358520151e-03
7.088260708358519284e-03
7.090713652479790907e-03
7.093129050194478882e-03
7.090713652479796111e-03
7.090713652479795244e-03
7.090713652479793509e-03
7.093131799653384223e-03
7.083379455376091760e-03
7.080914334948949437e-03
7.080981429025250302e-03
7.080981429025250302e-03
7.093108556749883054e-03
7.097948336597254167e-03
7.097948336597254167e-03
7.097948336597254167e-03
7.085795024626368420e-03
7.085763934561483887e-03
7.088209854033241525e-03
7.088209854033242392e-03
7.093743652241643084e-03
7.094675686983071931e-03
7.094675686983072799e-03
7.093743652241642217e-03
7.092277769771213915e-03
7.088938394698067122e-03
7.085574138592218296e-03
7.074599919769339676e-03
7.074599919769338809e-03
7.074561584987363282e-03
7.076282180714038063e-03
7.073843691715400034e-03
7.076319171036133358e-03
7.076324898224484530e-03
7.076324898224481928e-03
7.076323130799306964e-03
7.073924814504209402e-03
7.076311365798443678e-03
7.074781893430480244e-03
7.074781893430485448e-03
7.076311365798441944e-03
7.076279552932812807e-03
7.076316763873559922e-03
7.076316763873559922e-03
7.080968869485110631e-03
7.081167392988695596e-03
7.083573409156988798e-03
7.081166286566535108e-03
7.101690937829923007e-03
7.099289782793899960e-03
7.104081546451017186e-03
7.104081546451016319e-03
7.104081546451021523e-03
7.106502120233462727e-03
7.106502281691922177e-03
7.108490269040139420e-03
7.108490269040137685e-03
7.108490269040140287e-03
7.110894218455070422e-03
7.108887318492691787e-03
7.101706783341628706e-03
7.101706938405937322e-03
7.099312485125910781e-03
7.099312485125910781e-03
7.099312485125908179e-03
7.099312485125908179e-03
7.096873133484306144e-03
7.104066782882829771e-03
7.106084264457353077e-03
7.106084264457353077e-03
7.104091602401488813e-03
7.104102644440168056e-03
7.104102644440166321e-03
7.104102644440166321e-03
7.106502750625189394e-03
7.106502750625192863e-03
7.111318070911771400e-03
7.111332413670450915e-03
7.108898744881551185e-03
7.111332413670446578e-03
7.113736746014445375e-03
7.111332413670456119e-03
7.111332413670456119e-03
7.111332413670456119e-03
7.111332413670450048e-03
7.119475736148333372e-03
7.119475736148333372e-03
7.119475736148329903e-03
7.119475736148330770e-03
7.118545550324474787e-03
7.118545550324486063e-03
7.118545550324486063e-03
7.111228459397340301e-03
7.106530639607330432e-03
7.111332970442460488e-03
7.111332970442460488e-03
7.106530639607328698e-03
7.108930653172476459e-03
7.113741458250385369e-03
7.113739667078155735e-03
7.113739667078155735e-03
7.111336515581134429e-03
7.108909960921038981e-03
7.106344811536284035e-03
7.097682161666110309e-03
7.097682161666110309e-03
7.097682161666113779e-03
7.099221395007936260e-03
7.101201408712582569e-03
7.099221395007936260e-03
7.104001226578051872e-03
7.104001226578052740e-03
7.104007486562018830e-03
7.090654722405330054e-03
7.089750847299312875e-03
7.118758599093973419e-03
7.118758599093973419e-03
7.118753854052679506e-03
7.118585071928727921e-03
7.116181454220510232e-03
7.118764993630627945e-03
7.109920739237957782e-03
7.109920739237955180e-03
7.112309104575140900e-03
7.112309104575143502e-03
7.112309104575143502e-03
7.112288036495331527e-03
7.112288036495331527e-03
7.116947121525180747e-03
7.116947121525180747e-03
7.119442131434004437e-03
7.112247179563299486e-03
7.109820979855726274e-03
7.123678440406630910e-03
7.126088838491985954e-03
7.128490860454559513e-03
7.123677874294403502e-03
7.123677874294406104e-03
7.123677874294406971e-03
7.126083257788618647e-03
7.126082783246920176e-03
7.126082783246914971e-03
7.126082783246915839e-03
7.123679356197192350e-03
7.123679356197191483e-03
7.123676190509578392e-03
7.116461927821004195e-03
7.116461927821004195e-03
7.111556016076865314e-03
7.109171051944565903e-03
7.116374342367280323e-03
7.109186104395429778e-03
7.109186104395433248e-03
7.109186104395429778e-03
7.109186104395430646e-03
7.109186104395432380e-03
7.109186104395432380e-03
7.106779215070837576e-03
7.106779215070833239e-03
7.106779215070831504e-03
7.113073642184867922e-03
7.113086813404405698e-03
7.113081451923661952e-03
7.110699308509300411e-03
7.113086725967133865e-03
7.101033161110715565e-03
7.101033161110718167e-03
7.101033554183409750e-03
7.105798081996658570e-03
7.105802478070208025e-03
7.103406463642603953e-03
7.103425881398458576e-03
7.103425881398458576e-03
7.103425881398458576e-03
7.108192377899095853e-03
7.105796269630171649e-03
7.103242600779060244e-03
7.103242600779061111e-03
7.103242600779059376e-03
7.103242600779061978e-03
7.108056568378601746e-03
7.108056568378601746e-03
7.108056568378601746e-03
7.108056568378597409e-03
7.108056568378600878e-03
7.115573187572992765e-03
7.115601427178474062e-03
7.113163912326651329e-03
7.113163912326648727e-03
7.113163912326648727e-03
7.115570460147260454e-03
7.110759457705816307e-03
7.110759384403236155e-03
7.110772329073176273e-03
7.110772329073171069e-03
7.098834879542726024e-03
7.103650208063776693e-03
7.103650208063776693e-03
7.103650208063776693e-03
7.101263397569111332e-03
7.103649455698560558e-03
7.103638177415884727e-03
7.103649455698562293e-03
7.101262539836734021e-03
7.101262539836734021e-03
7.101262539836734021e-03
7.101262539836735756e-03
7.101262539836738358e-03
7.101262539836731419e-03
7.103649814011916974e-03
7.101221233938134064e-03
7.098834187911208342e-03
7.098834187911210077e-03
7.117900174949162717e-03
7.118064338608062064e-03
7.110838857497197782e-03
7.113247410724610198e-03
7.115500170225855410e-03
7.115511838624620847e-03
7.115511838624620847e-03
7.117916904968545587e-03
7.120759415222005159e-03
7.115937937041025632e-03
7.113987009638471880e-03
7.121245530374343408e-03
7.121245530374343408e-03
7.110711262858460287e-03
7.108311291517879250e-03
7.113132916566823616e-03
7.113133383715028284e-03
7.110499639108765202e-03
7.105658456606911942e-03
7.108095923999318937e-03
7.098757305116485707e-03
7.101115920270646871e-03
7.097033128258628532e-03
7.097033128258628532e-03
7.097033128258631134e-03
7.097033128258630266e-03
7.097035201391571624e-03
7.097030545503603925e-03
7.097030545503603925e-03
7.097030545503603925e-03
7.097030545503605660e-03
7.097030545503606527e-03
7.097007585732619320e-03
7.097007585732616718e-03
7.106611853762964497e-03
7.109007228433253736e-03
7.109018013587594526e-03
7.097665255490800788e-03
7.097665255490796452e-03
7.102440696737833022e-03
7.100011678883505657e-03
7.100011678883505657e-03
7.102435544769940788e-03
7.102435544769945125e-03
7.100004801621353535e-03
7.102435544769946860e-03
7.102435544769941655e-03
7.102435544769946860e-03
7.104831019272782842e-03
7.107173061307139536e-03
7.107173061307136934e-03
7.107173061307136934e-03
7.107173061307136934e-03
7.102457558116477901e-03
7.104680395677463386e-03
7.107073133722333763e-03
7.107073133722332896e-03
7.102437363525939025e-03
7.097641910045758389e-03
7.097641910045754919e-03
7.097641910045758389e-03
7.100006888814297187e-03
7.120653064836772461e-03
7.125770625203510511e-03
7.124136864375353942e-03
7.124136864375353075e-03
7.124143606010085311e-03
7.124136864375351340e-03
7.119339703171239687e-03
7.119339703171239687e-03
7.119337117371039858e-03
7.116941422249273633e-03
7.116941422249273633e-03
7.119337130291663630e-03
7.116941422249274500e-03
7.121401255789839256e-03
7.116837452731683729e-03
7.116815897259615858e-03
7.109643326258495606e-03
7.109643326258486933e-03
7.109657747907323008e-03
7.109642270386769616e-03
7.112047670166631204e-03
7.109657747907320406e-03
7.109641963606611048e-03
7.109657747907322141e-03
7.111934731847294015e-03
7.109657747907323008e-03
7.109650444431676701e-03
7.112047677879280300e-03
7.109660251633393227e-03
7.109660251633394094e-03
7.109660251633397564e-03
7.109657747907325610e-03
7.112047810167690561e-03
7.112061451611272067e-03
7.112061451611274669e-03
7.112061451611274669e-03
7.112061451611276404e-03
7.114427557382739346e-03
7.118822192355114820e-03
7.121223416206092470e-03
7.118822192355119156e-03
7.121221309330598090e-03
7.121221309330598957e-03
7.121221309330598957e-03
7.119223532415968128e-03
7.116824257073602750e-03
7.132203845429317852e-03
7.121490813923932878e-03
7.119090321248494613e-03
7.119071871707557085e-03
7.116672356408079367e-03
7.116672148350535951e-03
7.123890335206261963e-03
7.123890335206259361e-03
7.123890335206259361e-03
7.119144175932086600e-03
7.119144175932084866e-03
7.102152963817307679e-03
7.102173189158523733e-03
7.102173189158524601e-03
7.102441508493069836e-03
7.100056385787822250e-03
7.102415642287443660e-03
7.102415642287439324e-03
7.102415642287437589e-03
7.102415642287439324e-03
7.102415642287437589e-03
7.107143628643125197e-03
7.102425661328023478e-03
7.100028975205841843e-03
7.100028975205844445e-03
7.098544066938252718e-03
7.096110830111128365e-03
7.096159037270157767e-03
7.100922235883926070e-03
7.088567768574904719e-03
7.088567768574906454e-03
7.086163439383232412e-03
7.082294563302454424e-03
7.083154903405543441e-03
7.085558619814064270e-03
7.087622346828148685e-03
7.085219921826473900e-03
7.085219921826473900e-03
7.085219921826474768e-03
7.085157271783581664e-03
7.092411788926282663e-03
7.092411788926280929e-03
7.092437150261825599e-03
7.092410463922027043e-03
7.092410463922026176e-03
7.092437150261831670e-03
7.090798029445626212e-03
7.088394126799220894e-03
7.088394126799219160e-03
7.085982342647883375e-03
7.085982342647883375e-03
7.085982342647884243e-03
7.085982342647880773e-03
7.085982342647881640e-03
7.087550497512752103e-03
7.087550497512750368e-03
7.089251231440319573e-03
7.089251231440320440e-03
7.090027100123390963e-03
7.090027100123391830e-03
7.090027100123390963e-03
7.090027100123390096e-03
7.085637439858009923e-03
7.083250850003342154e-03
7.083250850003342154e-03
7.083250850003344756e-03
7.080829908633037156e-03
7.092757583397822987e-03
7.095155211785803863e-03
7.095155211785801261e-03
7.092757583397831661e-03
7.085565815101803160e-03
7.085565815101803160e-03
7.085565815101805762e-03
7.080856838754953468e-03
7.083241179755223396e-03
7.080856838754950866e-03
7.084857596690901510e-03
7.084857596690901510e-03
7.083241204895223721e-03
7.083241204895221986e-03
7.083241204895224588e-03
7.087809583991001861e-03
7.083065311789486958e-03
7.083034595510091964e-03
7.071683919960212658e-03
7.074119784783714816e-03
7.077363798077423301e-03
7.074988162246736816e-03
7.077369687271512291e-03
7.079730865962450409e-03
7.079805272346324958e-03
7.077406155670692978e-03
7.077406155670691243e-03
7.077777104108676047e-03
7.081392885083322326e-03
7.075027396827390617e-03
7.075027396827391485e-03
7.073031994224226841e-03
7.063871661568555359e-03
7.069209770163536154e-03
7.064503688186533556e-03
7.064503688186537025e-03
7.064503688186532689e-03
7.064503688186535291e-03
7.064460012880769205e-03
7.064504398848208029e-03
7.064504398848211499e-03
7.064504398848212366e-03
7.064504398848212366e-03
7.064504398848211499e-03
7.067771017843488442e-03
7.071930974373394178e-03
7.071928893220014341e-03
7.071928893220011739e-03
7.069500788450529954e-03
7.067160158403353216e-03
7.071961909786807395e-03
7.071968640690070099e-03
7.071968640690070966e-03
7.079097382708045283e-03
7.076719810629611591e-03
7.076719810629613326e-03
7.079097240597035691e-03
7.076719810629613326e-03
7.071892067759270178e-03
7.076721532450786813e-03
7.071882076663394204e-03
7.071882076663395071e-03
7.074116730478438239e-03
7.071740567379528747e-03
7.071740567379531349e-03
7.071740567379528747e-03
7.069366256617523776e-03
7.069217288623812386e-03
7.069217288623813253e-03
7.069210275933493319e-03
7.069285124756272826e-03
7.071700449023637924e-03
7.071700449023637924e-03
7.071700449023634455e-03
7.071700449023634455e-03
7.076351753879383220e-03
7.084487484604632887e-03
7.086865805540768989e-03
7.084444699997255977e-03
7.086835739104228003e-03
7.086865905869585425e-03
7.086865905869588027e-03
7.081323114032958901e-03
7.081323114032963238e-03
7.074136414425805271e-03
7.080951683642420710e-03
7.080951683642419843e-03
7.097746248803590841e-03
7.095356310384747130e-03
7.097756208172100421e-03
7.097756208172098687e-03
7.090587892978979581e-03
7.090587892978977846e-03
7.090587892978978714e-03
7.090587892978976112e-03
7.092959188030340673e-03
7.097098165302747654e-03
7.097098165302743317e-03
7.097098165302745051e-03
7.092576479481093460e-03
7.092576479481093460e-03
7.087785134404944731e-03
7.099698676309192449e-03
7.099698676309188113e-03
7.099705414781964409e-03
7.078667332264232046e-03
7.078667332264231178e-03
7.083402225142442811e-03
7.085820162298197937e-03
7.083434552237419420e-03
7.081063390872014730e-03
7.081063390872015598e-03
7.085849584391866463e-03
7.083428198531810903e-03
7.083428511244216352e-03
7.081063390872016465e-03
7.083440565320915823e-03
7.083440565320915823e-03
7.081046588234474713e-03
7.080562126292384850e-03
7.085325986480236864e-03
7.082942999134608439e-03
7.082942999134609306e-03
7.082956458213720934e-03
7.082956458213716597e-03
7.080528128770811717e-03
7.080527958087709517e-03
7.081046522458601250e-03
7.081046522458601250e-03
7.081046522458601250e-03
7.082626303035160185e-03
7.087394265312112022e-03
7.073722542327403641e-03
7.076102365996261856e-03
7.073684856945485280e-03
7.071218334891565642e-03
7.080623412216690768e-03
7.069924477670569765e-03
7.069924477670569765e-03
7.069924477670569765e-03
7.079544880016728006e-03
7.077120205961317558e-03
7.077151130169472698e-03
7.081978207869014594e-03
7.081978207869014594e-03
7.081978207869016329e-03
7.079582241104333609e-03
7.079582241104329272e-03
7.079582241104327538e-03
7.088843270488164906e-03
7.088843270488164906e-03
7.093643631517704620e-03
7.093643631517707222e-03
7.093642952669842149e-03
7.082171581416854718e-03
7.088695373334625259e-03
7.087078243389438072e-03
7.084443375484054603e-03
7.086340234116632331e-03
7.095973257377148451e-03
7.091159500244971839e-03
7.079019604448637606e-03
7.086325413104227998e-03
7.091143988827686671e-03
7.098363477320267408e-03
7.109782586722556211e-03
7.119734165461758836e-03
7.117311583185870552e-03
7.117313505823970494e-03
7.117313505823970494e-03
7.114892398569499718e-03
7.114892398569499718e-03
7.112300507078206900e-03
7.112300507078206900e-03
7.112300507078206900e-03
7.112300507078205165e-03
7.112300507078206900e-03
7.112274455150283808e-03
7.113203439257224578e-03
7.113203439257218506e-03
7.113203439257218506e-03
7.113203439257222843e-03
7.113203439257223711e-03
7.113203439257224578e-03
7.115617847028990646e-03
7.113196279615048578e-03
7.113190203713416065e-03
7.113190203713417800e-03
7.113190203713410861e-03
7.113190203713413463e-03
7.113203439257224578e-03
7.110759105761784230e-03
7.114115444435651324e-03
7.114115444435651324e-03
7.116461026059095994e-03
7.109759706546363300e-03
7.109759706546358096e-03
7.112188966103080538e-03
7.109759706546365902e-03
7.109759706546363300e-03
7.107322419793765840e-03
7.112180346880768965e-03
7.112193099181552888e-03
7.109744244454881991e-03
7.092795887448966573e-03
7.095212134736351463e-03
7.097656823862273472e-03
7.100074365316787726e-03
7.100074365316785992e-03
7.100074365316784257e-03
7.097633471714570944e-03
7.097656823862274339e-03
7.104084476245814579e-03
7.102511977008005468e-03
7.100114179585895018e-03
7.100114179585892416e-03
7.100114179585895018e-03
7.100114179585895018e-03
7.100114179585894150e-03
7.100114179585892416e-03
7.100114179585892416e-03
7.100114179585895018e-03
7.109275452429976265e-03
7.111706275062201939e-03
7.106839048632763826e-03
7.109275452429974530e-03
7.109275452429976265e-03
7.109275452429976265e-03
7.116515342298919584e-03
7.109275452429978867e-03
7.111686491895122600e-03
7.109252547903705845e-03
7.110044663082955990e-03
7.110044663082957725e-03
7.110044663082957725e-03
7.114882933113028142e-03
7.105198058180490876e-03
7.105198058180488274e-03
7.105198058180492611e-03
7.105198058180489142e-03
7.105212678870612142e-03
7.105212678870612142e-03
7.105212678870612142e-03
7.105212678870612142e-03
7.112327471090701056e-03
7.112327471090701056e-03
7.102716283407850377e-03
7.105166030555785765e-03
7.103685570768871610e-03
7.103685570768871610e-03
7.114062295642219029e-03
7.123840196509425259e-03
7.128613463676629868e-03
7.123840196509430463e-03
7.123840196509428728e-03
7.123840196509428728e-03
7.123840196509426993e-03
7.116368076208562550e-03
7.118712814025061897e-03
7.118712814025063632e-03
7.118712814025063632e-03
7.118712814025062764e-03
7.118712814025061897e-03
7.118712814025061897e-03
7.121138659600603250e-03
7.126031396027318263e-03
7.126031396027318263e-03
7.107630304892740593e-03
7.110032261048945118e-03
7.112445658207812264e-03
7.110032261048939914e-03
7.112428800710241666e-03
7.112469353286438034e-03
7.112468392173934215e-03
7.110057672491434423e-03
7.110057672491437893e-03
7.110057672491437893e-03
7.112468347566581681e-03
7.112466361947936480e-03
7.112466361947942552e-03
7.110025008357484695e-03
7.110056581856885605e-03
7.110056581856885605e-03
7.107647107791099754e-03
7.109910363191369008e-03
7.107647107791099754e-03
7.107647107791103223e-03
7.107647107791108428e-03
7.107647107791102356e-03
7.107647107791102356e-03
7.130647271741871566e-03
7.130647271741868964e-03
7.130647271741868964e-03
7.130647271741870699e-03
7.130647271741870699e-03
7.133089276822580059e-03
7.130647271741874169e-03
7.130647271741874169e-03
7.130647271741874169e-03
7.130647271741871566e-03
7.130647271741874169e-03
7.130647271741871566e-03
7.125776360373875171e-03
7.125776360373878640e-03
7.123195878915931055e-03
7.123195878915929320e-03
7.123195878915931055e-03
7.118480164463702152e-03
7.118480164463702152e-03
7.118480164463703019e-03
7.118484952107861745e-03
7.104277806661903061e-03
7.106514874816450590e-03
7.106514874816450590e-03
7.109102955293327038e-03
7.109102955293330507e-03
7.109102955293331375e-03
7.109102955293329640e-03
7.111514407770518943e-03
7.109102988711600395e-03
7.111481839577004499e-03
7.109059185238035886e-03
7.109059185238038488e-03
7.113928291165909357e-03
7.113928291165906755e-03
7.113928291165909357e-03
7.113928291165911091e-03
7.113928291165907622e-03
7.088405690753340690e-03
7.086008808045998579e-03
7.086008808046002048e-03
7.088409020486885134e-03
7.088409020486885134e-03
7.088409020486886002e-03
7.088409020486879930e-03
7.086009531521879345e-03
7.095339086182286988e-03
7.083508943014263544e-03
7.085155213870620965e-03
7.085653495890102335e-03
7.085653495890102335e-03
7.085656819134551927e-03
7.085539558790360411e-03
7.083136591432976671e-03
7.090452076371364654e-03
7.085656819134551927e-03
7.085656819134551060e-03
7.092893741054727419e-03
7.102582389842611831e-03
7.088888852493649244e-03
7.093703645042555642e-03
7.091291311033540504e-03
7.088888852493646642e-03
7.074845200020364600e-03
7.074844379101939348e-03
7.072454824009182656e-03
7.074687996329613940e-03
7.069882468781584287e-03
7.069882468781587756e-03
7.074629226523920095e-03
7.074629226523923564e-03
7.074629226523920095e-03
7.074669256899440532e-03
7.079283151941506702e-03
7.081683349373667224e-03
7.079418023321373127e-03
7.079418023321373127e-03
7.084336631642970672e-03
7.084336631642968070e-03
7.089142453117027072e-03
7.084332636790192234e-03
7.084332636790194836e-03
7.084332636790192234e-03
7.084336631642968937e-03
7.115440335559660573e-03
7.115454357311833122e-03
7.115454357311835724e-03
7.118198804887588931e-03
7.112741596379920823e-03
7.112741596379919089e-03
7.085238243814137929e-03
7.085239332735104346e-03
7.085239332735102612e-03
7.085143885991774214e-03
7.085178776578990485e-03
7.085178776578987883e-03
7.085178776578983546e-03
7.085178776578991353e-03
7.085178776578987016e-03
7.082415006150490598e-03
7.085178776578989618e-03
7.085178776578983546e-03
7.085178776578991353e-03
7.078587009667127242e-03
7.108776587260156113e-03
7.108776587260156113e-03
7.108789160794904208e-03
7.108789160794902473e-03
7.108789160794906810e-03
7.108789160794906810e-03
7.108789160794904208e-03
7.111492308902602789e-03
7.111492308902601922e-03
7.108781555256138592e-03
7.111492696730971168e-03
7.108781555256138592e-03
7.113419003321305202e-03
7.106003955502968907e-03
7.105980928919407996e-03
7.105980928919411466e-03
7.106004031118207803e-03
7.108730134493530632e-03
7.103248122564875290e-03
7.106004031118208671e-03
7.116899313458936206e-03
7.114063131153587453e-03
7.114063131153587453e-03
7.114063131153588321e-03
7.111457559334882078e-03
7.116863943104537356e-03
7.116863943104538223e-03
7.111457559334880343e-03
7.111457559334880343e-03
7.114176021879739173e-03
7.111457559334880343e-03
7.111457559334881211e-03
7.111457559334882078e-03
7.111457559334882078e-03
7.111440969341202047e-03
7.122343028630170013e-03
7.122343028630167411e-03
7.122343028630167411e-03
7.122343028630167411e-03
7.126918465716245397e-03
7.122363724171455052e-03
7.125086975366834267e-03
7.125079880404235066e-03
7.116487625642484334e-03
7.112748776955861961e-03
7.104624115750311601e-03
7.115482141339917431e-03
7.118188824294542465e-03
7.118188824294545067e-03
7.118188824294543332e-03
7.110065676448610282e-03
7.112762853475875814e-03
7.112762853475875814e-03
7.115476305888738737e-03
7.115476305888741339e-03
7.112760495709541213e-03
7.112760497859444732e-03
7.112760497859446467e-03
7.111772546739003609e-03
7.109037858216865104e-03
7.111625970248212393e-03
7.110674716096640306e-03
7.110674716096641174e-03
7.110674716096640306e-03
7.107967367910969676e-03
7.108129223021168730e-03
7.108129223021164393e-03
7.107095837607163222e-03
7.107095837607163222e-03
7.171961598493005290e-03
7.168421428328057392e-03
7.171971474376808743e-03
7.164875108287321187e-03
7.180490862255601431e-03
7.180490862255603166e-03
7.187565282420045609e-03
7.215839688029381666e-03
7.215896874232166983e-03
7.219301204368007777e-03
7.219342667339209187e-03
7.243073161273072200e-03
7.246660822967013367e-03
7.246660822967011632e-03
7.246652050179496103e-03
7.243231106771347121e-03
7.243073161273070465e-03
7.243230795610129669e-03
7.243230795610131403e-03
7.246824267855594276e-03
7.239641930246163738e-03
7.239641930246162004e-03
7.261806907291092072e-03
7.258468919601700035e-03
7.258287961408438523e-03
7.258299396438231375e-03
7.264995075844698363e-03
7.258312221271154448e-03
7.261850161125216717e-03
7.258287961408430716e-03
7.258287961408431584e-03
7.258287961408430716e-03
7.241552883908894921e-03
7.241552883908892319e-03
7.245134480564225862e-03
7.243998110508301919e-03
7.233632282784572057e-03
7.240720972711416591e-03
7.237250769383382284e-03
7.233469728482729184e-03
7.240632001571407385e-03
7.237048998115958205e-03
7.233469728482730919e-03
7.233469728482730919e-03
7.233469728482729184e-03
7.213930738143008864e-03
7.233186435571451259e-03
7.229614924593384152e-03
7.229614924593387622e-03
7.232995075416186193e-03
7.226110539619054300e-03
7.226110539619056902e-03
7.229331869805841367e-03
7.229331869805844836e-03
7.229331869805850040e-03
7.229678762205811286e-03
7.233930991409221606e-03
7.233930991409220738e-03
7.233930991409221606e-03
7.181707066301785090e-03
7.185231898612897891e-03
7.176880990767925232e-03
7.176880990767925232e-03
7.176880990767931304e-03
7.183960956483337497e-03
7.183362197925516682e-03
7.166531617793312457e-03
7.170098719882867476e-03
7.170098719882870078e-03
7.163132876567896400e-03
7.163132876567892930e-03
7.163148411050434400e-03
7.163148411050434400e-03
7.163148411050434400e-03
7.148948789794985076e-03
7.148948789794985076e-03
7.154605828167984356e-03
7.154984290112313162e-03
7.159457449544754000e-03
7.143400575182044625e-03
7.146880275439275974e-03
7.146880275439282913e-03
7.153804871719831454e-03
7.153813403501496290e-03
7.153813403501491953e-03
7.150520058954808536e-03
7.150520058954805067e-03
7.163237323017657143e-03
7.155650157840778153e-03
7.158900055022687954e-03
7.159124403771087962e-03
7.159124403771088829e-03
7.163536362915388575e-03
7.160044380432093770e-03
7.160044380432098975e-03
7.160044380432101577e-03
7.160044380432098975e-03
7.156540527085589014e-03
7.163541578639034089e-03
7.160051424226310073e-03
7.160051424226312675e-03
7.160074964545393855e-03
7.160074964545393855e-03
7.156590308673328217e-03
7.156585040765301754e-03
7.156585040765296550e-03
7.178443918060519596e-03
7.178443918060518729e-03
7.178443918060516127e-03
7.174952630269165917e-03
7.181707862773112350e-03
7.181707862773114952e-03
7.179394163866359251e-03
7.171939537114144399e-03
7.171959635181825859e-03
7.176697379658131433e-03
7.176697379658130566e-03
7.180159902991336413e-03
7.176697379658129698e-03
7.173258313908810468e-03
7.159923758130474526e-03
7.159923758130473659e-03
7.159923758130474526e-03
7.159923758130475394e-03
7.160367095528641368e-03
7.160367095528641368e-03
7.160371360012677232e-03
7.164972888414711943e-03
7.161492432262710206e-03
7.179991556090165386e-03
7.176485784382096410e-03
7.172951656370270962e-03
7.172959978687647002e-03
7.176482236148019195e-03
7.172959978687645267e-03
7.176509471239553642e-03
7.179971721176657724e-03
7.176579911750901111e-03
7.176595475154695127e-03
7.173061591937804869e-03
7.173061591937803134e-03
7.169568830660289979e-03
7.180113072073893848e-03
7.187101904047946306e-03
7.182497539896124696e-03
7.182500678128529541e-03
7.189523110045492431e-03
7.178935224621023174e-03
7.174313838126423169e-03
7.174313838126418832e-03
7.174313838126417965e-03
7.188584469059362131e-03
7.192114898194502601e-03
7.192114898194509540e-03
7.188584469059364733e-03
7.185522857887746695e-03
7.186605828591799763e-03
7.186605828591799763e-03
7.183060819294483611e-03
7.183060819294483611e-03
7.183060819294481876e-03
7.186579532238830496e-03
7.189557216054409672e-03
7.189557216054407070e-03
7.186688201248607293e-03
7.193769162574420103e-03
7.186602435101554012e-03
7.186569137723967937e-03
7.186656102891166541e-03
7.143305563945975822e-03
7.146782259812651389e-03
7.143305563945974955e-03
7.139807135575151550e-03
7.150316410001837479e-03
7.146765761735395482e-03
7.143313170558367869e-03
7.139552046077366279e-03
7.136092579114503009e-03
7.116683897276742006e-03
7.120146201972852446e-03
7.116683897276740271e-03
7.127184789543499106e-03
7.130677817690899561e-03
7.114283462863087160e-03
7.114283462863088027e-03
7.114293389044057218e-03
7.131539401733996870e-03
7.131539401733996870e-03
7.131539401734002075e-03
7.134846159187580895e-03
7.130419861942007172e-03
7.126933958772849534e-03
7.126933958772847799e-03
7.130427254245863891e-03
7.130427254245863891e-03
7.130427254245869095e-03
7.161826320191517874e-03
7.168814360171163642e-03
7.154877528717649982e-03
7.161841908344356716e-03
7.158312041792287521e-03
7.151400878276220445e-03
7.157551634964500961e-03
7.157551634964497492e-03
7.156437871654313700e-03
7.156437871654315434e-03
7.156437871654316302e-03
7.157558345363829178e-03
7.158353296584466299e-03
7.154864710151847412e-03
7.158343564792688483e-03
7.154864710151841341e-03
7.158343229474744933e-03
7.154864710151847412e-03
7.154864710151847412e-03
7.158138489565376607e-03
7.158138489565381811e-03
7.158138489565379209e-03
7.158138489565379209e-03
7.158138489565379209e-03
7.164979141308124196e-03
7.161601477192676077e-03
7.132466689206111085e-03
7.132466689206105014e-03
7.136207567791972607e-03
7.143116066431064344e-03
7.132692805218201516e-03
7.132692805218203251e-03
7.143138759929387911e-03
7.139667152439329971e-03
7.139657585543506685e-03
7.139665286777957184e-03
7.139665286777951980e-03
7.139665286777948511e-03
7.146598740351384899e-03
7.146598740351384031e-03
7.146598740351385766e-03
7.133687031974578902e-03
7.133582294992210637e-03
7.196869184899621491e-03
7.196869184899622358e-03
7.196869184899621491e-03
7.196869184899621491e-03
7.196869184899624093e-03
7.196869503173986687e-03
7.196869503173992759e-03
7.196869503173989290e-03
7.196869503173986687e-03
7.196869503173989290e-03
7.196869503173986687e-03
7.200393068790666984e-03
7.200392794097764879e-03
7.200392794097767481e-03
7.203897227918835619e-03
7.189799731066249394e-03
7.189799731066258068e-03
7.193274643271290771e-03
7.203874487251539331e-03
7.203736948141183268e-03
7.203736948141183268e-03
7.203736948141183268e-03
7.200212044598921883e-03
7.203785497546031161e-03
7.196765709197776827e-03
7.196765709197776827e-03
7.196765709197776827e-03
7.196765709197776827e-03
7.192410645886397093e-03
7.196604364854163050e-03
7.194291441770412146e-03
7.194291441770417350e-03
7.197823184493648552e-03
7.197823184493646817e-03
7.194271681054277556e-03
7.194271681054283628e-03
7.218933122415152094e-03
7.218933122415149492e-03
7.218933122415153829e-03
7.215441588458210501e-03
7.218926824094460716e-03
7.218926824094456379e-03
7.208235938894196233e-03
7.201174192358236401e-03
7.201245153404294691e-03
7.204736806466501865e-03
7.204736806466504467e-03
7.201167805090618809e-03
7.201167805090619677e-03
7.201165330709130043e-03
7.201130575152832509e-03
7.208098076292090289e-03
7.201050547218736976e-03
7.201050547218737843e-03
7.201050547218737843e-03
7.208044374049807010e-03
7.211574714238512193e-03
7.211626060960935579e-03
7.208104460893195037e-03
7.208104460893195037e-03
7.208099321175968563e-03
7.201070559792813186e-03
7.201070559792813186e-03
7.204685793579278415e-03
7.215194433052476118e-03
7.211667043869712281e-03
7.208134492628743076e-03
7.204612026231322665e-03
7.207012490277382548e-03
7.210544400434885925e-03
7.207012490277385150e-03
7.201087737323128013e-03
7.201087737323128013e-03
7.201087737323130615e-03
7.201087737323133217e-03
7.204560562970304533e-03
7.220316436987480116e-03
7.228538185733663322e-03
7.205872744938904284e-03
7.205872744938906886e-03
7.216459554537295144e-03
7.220010636213725595e-03
7.215226960266897180e-03
7.215226960266891108e-03
7.222318173119582178e-03
7.215226960266891108e-03
7.218718109633631870e-03
7.218718109633628401e-03
7.218718109633625798e-03
7.218718109633626666e-03
7.218718109633624931e-03
7.218718109633624931e-03
7.197568505727638261e-03
7.197568505727634791e-03
7.211620636293072234e-03
7.201172000531449492e-03
7.194006813561778894e-03
7.194006813561778894e-03
7.190532687113311040e-03
7.190532687113314510e-03
7.190532687113317979e-03
7.190532687113311040e-03
7.190532687113317979e-03
7.197077573589370086e-03
7.197119331662611523e-03
7.191910754769676589e-03
7.193817666302533900e-03
7.258778767896389289e-03
7.273830869255913135e-03
7.273830869255910533e-03
7.281246623177816540e-03
7.273830869255914870e-03
7.273830869255910533e-03
7.273830869255907064e-03
7.273830869255909666e-03
7.257616145310448290e-03
7.262925990018452571e-03
7.262925990018453438e-03
7.259838260485191805e-03
7.263569398085365988e-03
7.263565292499596197e-03
7.259838260485195274e-03
7.252570756018970367e-03
7.252570756018970367e-03
7.259910446163302979e-03
7.259910936251642681e-03
7.260233702076563170e-03
7.256466123006096239e-03
7.263875786068485843e-03
7.260135650641413169e-03
7.267621738108890998e-03
7.256218211976799871e-03
7.259947129270694077e-03
7.270003561368415870e-03
7.263675335589078047e-03
7.256218211976802474e-03
7.256218211976806810e-03
7.256392229169491941e-03
7.256392229169491941e-03
7.256218211976804208e-03
7.263714595421950568e-03
7.263714595421949700e-03
7.267389297226382362e-03
7.256249330033155524e-03
7.256778111391584511e-03
7.256778111391581042e-03
7.256778111391574970e-03
7.256779481905377242e-03
7.278807209169757889e-03
7.278807209169757889e-03
7.278807209169757889e-03
7.285973470571416311e-03
7.282202120756957157e-03
7.282202120756957157e-03
7.289840413416475220e-03
7.293469649093444265e-03
7.293469649093446000e-03
7.293469649093446000e-03
7.297177427899986454e-03
7.278399368257947206e-03
7.274857639904579003e-03
7.308027664171344584e-03
7.300431530332990651e-03
7.300471357911224313e-03
7.300471357911225180e-03
7.300471357911229517e-03
7.300471357911228650e-03
7.213117387519381828e-03
7.216822720053923078e-03
7.213117387519381828e-03
7.216822993902294141e-03
7.213171852937211304e-03
7.209400324372039134e-03
7.209400324372041736e-03
7.213115884496098737e-03
7.209400324372036532e-03
7.212978445568689681e-03
7.212978445568689681e-03
7.212978445568689681e-03
7.224171022604362544e-03
7.224171022604362544e-03
7.220474713290565665e-03
7.216763137751412878e-03
7.216763137751414613e-03
7.220548827604760141e-03
7.220548827604760141e-03
7.220548827604760141e-03
7.220548827604760141e-03
7.220628431144615438e-03
7.220628431144618907e-03
7.220625486857058621e-03
7.261020684760035974e-03
7.251293114508186588e-03
7.258683805975585032e-03
7.243673691655351868e-03
7.251093123521090179e-03
