-7.167150488399087402e-03
-7.167475117052735101e-03
-7.166418748707777120e-03
-7.167454617161672648e-03
-7.166422097058422480e-03
-7.165366304861309210e-03
-7.166422097058498808e-03
-7.167732844977157264e-03
-7.168745964205280527e-03
-7.169791884605552015e-03
-7.169781984528262805e-03
-7.168745860080600295e-03
-7.168745860080588152e-03
-7.168745860080586417e-03
-7.168750384615151135e-03
-7.168750384615123379e-03
-7.168750571290604875e-03
-7.168750384615143328e-03
-7.168750384615139859e-03
-7.168750384615125981e-03
-7.160392192751126490e-03
-7.161351966768797657e-03
-7.160392192751138633e-03
-7.161406922612225702e-03
-7.160845236061297130e-03
-7.158743661709946783e-03
-7.158714913365514347e-03
-7.150513264044917709e-03
-7.149114478861786845e-03
-7.149114478861789447e-03
-7.150166182034982908e-03
-7.154583109449323686e-03
-7.152352786034934032e-03
-7.152352786034919287e-03
-7.153732263144359053e-03
-7.157108746109420473e-03
-7.153962896132614983e-03
-7.155356388632447273e-03
-7.155366136720106400e-03
-7.155747470975943637e-03
-7.156417127343973027e-03
-7.158160406425781268e-03
-7.153591472526731228e-03
-7.156777293729815227e-03
-7.156777293729816962e-03
-7.156415217909444133e-03
-7.155812622982283926e-03
-7.155725384554869652e-03
-7.154629357714000805e-03
-7.155681095723563298e-03
-7.155681095723561563e-03
-7.156780401587473084e-03
-7.157829498486553352e-03
-7.161434314719107921e-03
-7.163503060670302867e-03
-7.162553899657058375e-03
-7.162558940467105527e-03
-7.163619728038523975e-03
-7.166159318256172354e-03
-7.168428501260559228e-03
-7.168428501260561830e-03
-7.169479674987547062e-03
-7.168428501260557494e-03
-7.168428501260567902e-03
-7.219044137399515358e-03
-7.220036167436623582e-03
-7.217095035607436898e-03
-7.208408826341747115e-03
-7.210008510416157645e-03
-7.210014923055257062e-03
-7.210031805672378197e-03
-7.211993842053990647e-03
-7.211993842053986310e-03
-7.208950393277375503e-03
-7.209985179506486416e-03
-7.210007684659756021e-03
-7.208357495375450168e-03
-7.209959620686799860e-03
-7.209198757725629632e-03
-7.210218585534938253e-03
-7.188084146656165477e-03
-7.188084146656167212e-03
-7.187037902652930986e-03
-7.187037902652932721e-03
-7.184004230119932569e-03
-7.183650115194449223e-03
-7.183650115194444019e-03
-7.184672964098733593e-03
-7.187350687963282164e-03
-7.187350687963284766e-03
-7.185546601783433969e-03
-7.186575034842151467e-03
-7.185015465108426924e-03
-7.186077218704331471e-03
-7.190519718116254212e-03
-7.189147794468787531e-03
-7.188113227466284838e-03
-7.193363293685889337e-03
-7.191236952269849068e-03
-7.191868304358675981e-03
-7.191868304358677716e-03
-7.191245427390914081e-03
-7.191245427390913214e-03
-7.191245427390914949e-03
-7.191932221692065585e-03
-7.191920521123159465e-03
-7.194636832860541731e-03
-7.191972042026099216e-03
-7.191972042026100950e-03
-7.192097850662989428e-03
-7.192097850662989428e-03
-7.193989051432627714e-03
-7.193989051432628581e-03
-7.193989051432628581e-03
-7.192971571582207173e-03
-7.192971571582206305e-03
-7.192971571582206305e-03
-7.193992449336468822e-03
-7.194794728796048700e-03
-7.194644599044112965e-03
-7.193623571941386297e-03
-7.193645115742405491e-03
-7.205299290787253730e-03
-7.209059318511784956e-03
-7.209059318511785823e-03
-7.213122653877489243e-03
-7.211418895044683156e-03
-7.212785579022267836e-03
-7.211110828199225088e-03
-7.206960485616459473e-03
-7.210090609280668181e-03
-7.211140642427176124e-03
-7.209469480801164107e-03
-7.210108683675039119e-03
-7.209101912983112599e-03
-7.209101912983109130e-03
-7.212100264890643209e-03
-7.213435668358321624e-03
-7.202311975633429383e-03
-7.203522076743788805e-03
-7.203522076743788805e-03
-7.207433616014355046e-03
-7.207433616014349842e-03
-7.207285516499842802e-03
-7.206255605874517176e-03
-7.206255605874513706e-03
-7.206266639294149970e-03
-7.206266639294144766e-03
-7.206255605874517176e-03
-7.201507387999194626e-03
-7.204229591733028390e-03
-7.203228906878810650e-03
-7.201861815570914128e-03
-7.201861815570920200e-03
-7.184103384222470523e-03
-7.172235443179789637e-03
-7.173186605582303720e-03
-7.172235443179787902e-03
-7.172861236144726163e-03
-7.171910943278475385e-03
-7.169019797412932125e-03
-7.173586213815560768e-03
-7.173607963423811462e-03
-7.173586213815557298e-03
-7.173586213815556431e-03
-7.173578183304339488e-03
-7.172025449845948961e-03
-7.172936140497218442e-03
-7.173037984007671515e-03
-7.175556680131186214e-03
-7.175556680131181010e-03
-7.175858874178435605e-03
-7.175235436911262671e-03
-7.172758883637607094e-03
-7.172767294238440068e-03
-7.171818267521879592e-03
-7.171214185558019011e-03
-7.172168136646425544e-03
-7.173100214580654423e-03
-7.173100214580655290e-03
-7.178888720017990131e-03
-7.184181598875960528e-03
-7.184172349138916516e-03
-7.185975510942318664e-03
-7.184566515443538415e-03
-7.184564693013095749e-03
-7.183266405167009969e-03
-7.184213453666428266e-03
-7.184213453666423929e-03
-7.178920251805580820e-03
-7.178914115930628594e-03
-7.179864818860773670e-03
-7.179864818860775405e-03
-7.180777434140465931e-03
-7.180777434140469401e-03
-7.179824443366323271e-03
-7.179832507824682186e-03
-7.179813451146691353e-03
-7.183912973536811693e-03
-7.185812313530565848e-03
-7.183912973536808223e-03
-7.184984848071239265e-03
-7.184665558955215248e-03
-7.179071956668927647e-03
-7.181916468496094344e-03
-7.180022408041303317e-03
-7.180022408041305051e-03
-7.180022408041305051e-03
-7.180942580350347694e-03
-7.180942580350351163e-03
-7.180942580350350296e-03
-7.180942580350348561e-03
-7.182972735524862512e-03
-7.182331152952494552e-03
-7.182331152952494552e-03
-7.183278035968332018e-03
-7.183278035968333752e-03
-7.179749660758166091e-03
-7.179749660758164356e-03
-7.179749660758166091e-03
-7.179829796798271879e-03
-7.179173533825968304e-03
-7.179173533825970906e-03
-7.178305042623340897e-03
-7.178305042623338295e-03
-7.176724503563066022e-03
-7.178618674243736689e-03
-7.178618674243736689e-03
-7.188363426308870714e-03
-7.187409773879926793e-03
-7.184450081941758277e-03
-7.183506853888309979e-03
-7.183506853888309979e-03
-7.185380988713410515e-03
-7.185380988713413984e-03
-7.185380988713412249e-03
-7.183529534190775945e-03
-7.185932852077657473e-03
-7.184030283605966939e-03
-7.184030283605961735e-03
-7.184030283605962602e-03
-7.183427589988261412e-03
-7.183433280839665244e-03
-7.182749621591648370e-03
-7.181011462103828458e-03
-7.183808078414032940e-03
-7.181907820195796224e-03
-7.176347725568136410e-03
-7.183258557189474772e-03
-7.182311343097468222e-03
-7.182311343097464752e-03
-7.183905497059246172e-03
-7.181996388178082946e-03
-7.182943025152102416e-03
-7.183727474076194094e-03
-7.182776426527742036e-03
-7.183729650850519989e-03
-7.179026560205597866e-03
-7.179308502858174935e-03
-7.179308502858174935e-03
-7.178751493582000501e-03
-7.184364996647580812e-03
-7.184364996647584281e-03
-7.183306502548892671e-03
-7.182461974805738093e-03
-7.181528334070364644e-03
-7.183413229730302094e-03
-7.176719075221367136e-03
-7.176713237970733759e-03
-7.176713237970734627e-03
-7.177307761323990787e-03
-7.178322435401591518e-03
-7.179276844284081076e-03
-7.179018207371619560e-03
-7.179018207371621295e-03
-7.179627225807793528e-03
-7.179593863640885976e-03
-7.179593863640884241e-03
-7.183917624619296123e-03
-7.181708291403163941e-03
-7.181920383437458491e-03
-7.180815242522706893e-03
-7.180815242522714699e-03
-7.178894385904227744e-03
-7.179505882323016820e-03
-7.179505882323012483e-03
-7.179827240965941382e-03
-7.179827240965942249e-03
-7.178871991392068996e-03
-7.178871991392068129e-03
-7.179824802687869746e-03
-7.181048720027791502e-03
-7.176466362613985114e-03
-7.176466362613979910e-03
-7.177423484796031927e-03
-7.177423484796028458e-03
-7.177423484796027590e-03
-7.177426869577343063e-03
-7.180093765793193854e-03
-7.181045121779321486e-03
-7.182403499686726422e-03
-7.182403925853309348e-03
-7.189981309229760524e-03
-7.184316051544400311e-03
-7.184316051544400311e-03
-7.183357515020740054e-03
-7.184319418708899792e-03
-7.182402612544478739e-03
-7.181784468907824980e-03
-7.180827556183013577e-03
-7.183357229294259384e-03
-7.185196079729659104e-03
-7.184153165775767659e-03
-7.184610889461652029e-03
-7.183660488283089875e-03
-7.185386454175345973e-03
-7.184742424234750666e-03
-7.184742424234749798e-03
-7.184742424234748931e-03
-7.184742424234748064e-03
-7.179216151245226829e-03
-7.179210463188315933e-03
-7.178884103071263290e-03
-7.178871943297908398e-03
-7.178884103071262422e-03
-7.181428247465544701e-03
-7.178236840537921548e-03
-7.178236840537925018e-03
-7.178239263047147753e-03
-7.179194223995501688e-03
-7.179178538166443302e-03
-7.179178538166442435e-03
-7.178276684852101172e-03
-7.176970908876877803e-03
-7.176996201116617007e-03
-7.177311825183451538e-03
-7.178247376223991644e-03
-7.180009719812903944e-03
-7.180009719812905679e-03
-7.178100997278201618e-03
-7.178428945261509410e-03
-7.178407650945987581e-03
-7.177492116364304203e-03
-7.175337010872442217e-03
-7.174391751115379544e-03
-7.172536758975654216e-03
-7.172524339093298146e-03
-7.173443690813462691e-03
-7.169703089117815051e-03
-7.169705878084236574e-03
-7.169705878084238308e-03
-7.170636649678747629e-03
-7.176129684024994473e-03
-7.176126897289212235e-03
-7.176126897289216572e-03
-7.171417699911460629e-03
-7.173300041360772955e-03
-7.172360956624559969e-03
-7.171417070913527897e-03
-7.170468349671806421e-03
-7.170468349671807289e-03
-7.171416804194749757e-03
-7.174083871026226342e-03
-7.174083871026222872e-03
-7.173139461456956231e-03
-7.173138144727551901e-03
-7.175167181888925452e-03
-7.175167181888925452e-03
-7.175164002413344198e-03
-7.176111593221345952e-03
-7.175164002413344198e-03
-7.174209911496497172e-03
-7.175163848353281748e-03
-7.174216758885575661e-03
-7.174216758885576528e-03
-7.175157702999646059e-03
-7.171700756695631972e-03
-7.170751305405295185e-03
-7.170751305405296920e-03
-7.174809441371423659e-03
-7.178686922501047001e-03
-7.178653152735044347e-03
-7.177710896475469719e-03
-7.176756920458139677e-03
-7.176753913288701735e-03
-7.176753913288697398e-03
-7.175497257627058006e-03
-7.176423424888436417e-03
-7.174585608263508822e-03
-7.173632620306747039e-03
-7.173635002216775629e-03
-7.173631465607831562e-03
-7.174575125997865663e-03
-7.174575125997868265e-03
-7.174575125997868265e-03
-7.175207286136707496e-03
-7.171610441024140956e-03
-7.170830375168223310e-03
-7.170827506573766719e-03
-7.170827506573765851e-03
-7.171135943232923547e-03
-7.170826817477879596e-03
-7.172728183989384235e-03
-7.173641357723828556e-03
-7.176494872216060937e-03
-7.175547513783927731e-03
-7.172400481501525933e-03
-7.172400481501525066e-03
-7.172400481501525933e-03
-7.174291583982547391e-03
-7.174291602687859863e-03
-7.174291508215532333e-03
-7.175557987709175675e-03
-7.173993827094667965e-03
-7.174269544343986164e-03
-7.174269544343986164e-03
-7.171471032379867459e-03
-7.177459027976837609e-03
-7.173672803522729118e-03
-7.174611686924989122e-03
-7.174611686924985653e-03
-7.174613263641205045e-03
-7.180620302945107773e-03
-7.182152123259668772e-03
-7.182170684193409267e-03
-7.185945174408377503e-03
-7.182189278131242277e-03
-7.183130962956722418e-03
-7.183808481326103834e-03
-7.180973300079882167e-03
-7.183484622441747847e-03
-7.182862733439944122e-03
-7.181552850657637981e-03
-7.180607020237832552e-03
-7.180607020237831685e-03
-7.181877154759740318e-03
-7.180615370631974331e-03
-7.180615370631973464e-03
-7.180615370631976933e-03
-7.178424756329147838e-03
-7.177490957603033239e-03
-7.179365979571276576e-03
-7.178418672234653138e-03
-7.178418672234653138e-03
-7.177471703983410133e-03
-7.177475440598507332e-03
-7.178417702378610439e-03
-7.184220853031908841e-03
-7.185035358260382504e-03
-7.185988847127554660e-03
-7.185960629179902540e-03
-7.185960629179899938e-03
-7.184082087366187690e-03
-7.184082087366184220e-03
-7.185046189814540442e-03
-7.184941756626545516e-03
-7.184941756626545516e-03
-7.185024206621370979e-03
-7.187886365670700418e-03
-7.186899249707681681e-03
-7.185020983504074484e-03
-7.184684062572694631e-03
-7.184685796011754458e-03
-7.184685796011749254e-03
-7.183431502111856971e-03
-7.179926991616061502e-03
-7.181816405259240817e-03
-7.181838916269794697e-03
-7.180882668521920524e-03
-7.180882668521919657e-03
-7.180882668521922259e-03
-7.180380884615712375e-03
-7.179749861727868776e-03
-7.178797135744521309e-03
-7.178798068893698162e-03
-7.179745624818105638e-03
-7.179745466807107256e-03
-7.178797348171979745e-03
-7.178760550266492270e-03
-7.178762385048767167e-03
-7.178754928673549383e-03
-7.178764901250696273e-03
-7.183293536311989927e-03
-7.186417598825530460e-03
-7.186417598825530460e-03
-7.181309335757350178e-03
-7.183527343206244989e-03
-7.182263386141123779e-03
-7.181992477300313746e-03
-7.184116520737809583e-03
-7.182261985124592692e-03
-7.183212065841376205e-03
-7.183212065841375338e-03
-7.185941110562784999e-03
-7.184986876427271012e-03
-7.184986876427269277e-03
-7.184986876427263205e-03
-7.184988836981047629e-03
-7.184029825447257184e-03
-7.185930653733648907e-03
-7.188157181085178676e-03
-7.186876013271096923e-03
-7.187498205299503590e-03
-7.191687123361857614e-03
-7.191651563831672617e-03
-7.193853491582869950e-03
-7.194490518051602918e-03
-7.189759928153394847e-03
-7.191640019296739565e-03
-7.192594509073797944e-03
-7.194456575765287992e-03
-7.194456575765285390e-03
-7.193505663538155188e-03
-7.194502551135155063e-03
-7.194502551135152461e-03
-7.194502551135153329e-03
-7.194502551135152461e-03
-7.194502551135150727e-03
-7.191693775465727093e-03
-7.191015170082229804e-03
-7.191015170082229804e-03
-7.191693775465726225e-03
-7.191693775465721888e-03
-7.191693775465724491e-03
-7.191693775465724491e-03
-7.190756440038941454e-03
-7.190756440038939719e-03
-7.191693775465725358e-03
-7.188502990105150904e-03
-7.188502990105149169e-03
-7.189712461611665571e-03
-7.187880803910614951e-03
-7.186637552869663305e-03
-7.189773134526336248e-03
-7.187876037329900616e-03
-7.187900056275100570e-03
-7.188828218830482786e-03
-7.191533305240953126e-03
-7.191533305240949657e-03
-7.188835286361649861e-03
-7.189510594920543902e-03
-7.191385806621227936e-03
-7.190102339440979963e-03
-7.190102339440978228e-03
-7.191563277000039001e-03
-7.191262974713001632e-03
-7.192216477411549937e-03
-7.191262974713000765e-03
-7.190829072560410082e-03
-7.190837368932014549e-03
-7.190837368932012814e-03
-7.186058831842181450e-03
-7.186058831842182318e-03
-7.186657219530968865e-03
-7.186684762163758795e-03
-7.186684762163760530e-03
-7.187026389615569846e-03
-7.185434950966475796e-03
-7.186372537448464971e-03
-7.191712381982960298e-03
-7.176341408045933991e-03
-7.175377953897221772e-03
-7.176341408045933123e-03
-7.177284138545862203e-03
-7.176322251513641247e-03
-7.175346258324135501e-03
-7.175202118008211158e-03
-7.175202682191686269e-03
-7.173621408447098877e-03
-7.174584304755782585e-03
-7.173625955334225236e-03
-7.174593019389934045e-03
-7.178080857894368269e-03
-7.179347971617497381e-03
-7.180957156600145143e-03
-7.180941661718408947e-03
-7.183205589970599082e-03
-7.184163006447064591e-03
-7.182846842163971915e-03
-7.182859953715625342e-03
-7.182229264305534967e-03
-7.182229264305539304e-03
-7.181900785591431927e-03
-7.181900785591435396e-03
-7.181900785591433661e-03
-7.181900785591431927e-03
-7.181900785591435396e-03
-7.181900785591433661e-03
-7.167202520651013743e-03
-7.164292710230976517e-03
-7.164276038968181784e-03
-7.164276038968182651e-03
-7.166491907214427373e-03
-7.165246124189004681e-03
-7.166209941162258144e-03
-7.166206713885579609e-03
-7.166214976652669072e-03
-7.171943444167711360e-03
-7.168489823223532856e-03
-7.171030925488883559e-03
-7.168815337256638671e-03
-7.168815337256638671e-03
-7.169736733921118661e-03
-7.168789756674229414e-03
-7.167823305171579229e-03
-7.167823305171580096e-03
-7.167823305171579229e-03
-7.167823305171578362e-03
-7.165931665885446993e-03
-7.167828169603109555e-03
-7.167828169603108687e-03
-7.166872305887695728e-03
-7.169734384283470152e-03
-7.169735949182916290e-03
-7.169737756871957281e-03
-7.172600204139898024e-03
-7.170695259365348143e-03
-7.170655314276555038e-03
-7.180731587339459279e-03
-7.180727965574026581e-03
-7.179776923405257333e-03
-7.180701326110303095e-03
-7.183551777104163830e-03
-7.179776923405259935e-03
-7.177130748145772211e-03
-7.177130748145767007e-03
-7.177130748145772211e-03
-7.174203548729649917e-03
-7.192735146299512883e-03
-7.193785416927916086e-03
-7.193443286173553490e-03
-7.194774554787327324e-03
-7.192056998612549046e-03
-7.192740677471885433e-03
-7.191686459147685236e-03
-7.191695627683944436e-03
-7.192996554309696346e-03
-7.195037295156798789e-03
-7.194311199149405409e-03
-7.197493763659199364e-03
-7.197493763659200232e-03
-7.196327630306940080e-03
-7.194347783690482542e-03
-7.194347783690482542e-03
-7.194347783690482542e-03
-7.197461850990405363e-03
-7.195391127692333903e-03
-7.192369106679294410e-03
-7.193748858044773931e-03
-7.191332969321718310e-03
-7.185090888651506427e-03
-7.186128280598180068e-03
-7.186128280598181803e-03
-7.186126832756501923e-03
-7.190148733157735415e-03
-7.192685655463613818e-03
-7.193242798775552511e-03
-7.191157817980777835e-03
-7.190098943514461674e-03
-7.190118018372551427e-03
-7.190113379743553156e-03
-7.190113379743554890e-03
-7.189594624649017947e-03
-7.189594624649016212e-03
-7.191330330666629612e-03
-7.191330330666627010e-03
-7.186258341405023231e-03
-7.185402253646133199e-03
-7.185007054864772646e-03
-7.183223056330850440e-03
-7.183223056330847837e-03
-7.181927923474082202e-03
-7.181485626489231625e-03
-7.181485626489232492e-03
-7.175181129432532494e-03
-7.175181129432534229e-03
-7.175181129432529892e-03
-7.175181129432535963e-03
-7.182474179469575809e-03
-7.181077081095704057e-03
-7.181421315591351995e-03
-7.182474004013037622e-03
-7.182474004013038489e-03
-7.182474004013038489e-03
-7.181425692082084311e-03
-7.181391620435518576e-03
-7.180404309219580103e-03
-7.180174962498151597e-03
-7.178441576195503451e-03
-7.178439066111173827e-03
-7.178439066111173827e-03
-7.180484675863275067e-03
-7.180484675863275067e-03
-7.180530380881423695e-03
-7.188059333617389038e-03
-7.189132360790093969e-03
-7.189131816638747591e-03
-7.189140938407059638e-03
-7.192101004837751950e-03
-7.187093405010806443e-03
-7.187093405010809045e-03
-7.188113525318478268e-03
-7.188113525318474799e-03
-7.189170097464064532e-03
-7.188113525318472197e-03
-7.189131548411756625e-03
-7.188081874121677629e-03
-7.189120901995704922e-03
-7.191288477827634772e-03
-7.191288477827639976e-03
-7.191288477827639108e-03
-7.193403623555452188e-03
-7.193403623555451321e-03
-7.193392521852349369e-03
-7.193404016164228407e-03
-7.190265282964272177e-03
-7.189573572683374131e-03
-7.189178847474198518e-03
-7.190241303903970559e-03
-7.189170020205758009e-03
-7.189170020205760611e-03
-7.188132807872076382e-03
-7.188132807872078985e-03
-7.192339819253087095e-03
-7.192339819253085360e-03
-7.192339819253081024e-03
-7.192339819253085360e-03
-7.192339819253083626e-03
-7.191292155397175333e-03
-7.191292155397175333e-03
-7.191292155397174465e-03
-7.191292155397176200e-03
-7.191292155397177935e-03
-7.197705558102424940e-03
-7.192732549096665998e-03
-7.190663451859085654e-03
-7.190663451859084787e-03
-7.190587062636174913e-03
-7.192748158199528674e-03
-7.194470120408230814e-03
-7.191699383858967363e-03
-7.191699383858962159e-03
-7.192749027519125885e-03
-7.195566636229727350e-03
-7.194502765876047666e-03
-7.194502765876041595e-03
-7.194502765876043329e-03
-7.194496546730173164e-03
-7.193438276939058407e-03
-7.193499737177345976e-03
-7.194562562313570539e-03
-7.193499227830202521e-03
-7.192161830660803029e-03
-7.193902298656684735e-03
-7.190779883115698198e-03
-7.191846165631021921e-03
-7.189406401316259486e-03
-7.187278034279844657e-03
-7.190835502314137789e-03
-7.189789318067652327e-03
-7.191867282014993180e-03
-7.191546527072811661e-03
-7.191867282014990578e-03
-7.192241944954626091e-03
-7.188535650543419718e-03
-7.189625481227398043e-03
-7.192767946581556278e-03
-7.190642323927061950e-03
-7.174825813198732437e-03
-7.169472693355598281e-03
-7.168471445155023131e-03
-7.172634222352400162e-03
-7.170993712264071146e-03
-7.170993712264073748e-03
-7.170906591240858684e-03
-7.169887747268035433e-03
-7.167879822103756862e-03
-7.169902401705800267e-03
-7.169902401705802869e-03
-7.169902401705802869e-03
-7.168532534006490098e-03
-7.168532534006488363e-03
-7.171571662418474088e-03
-7.168831565009022716e-03
-7.168831565009020114e-03
-7.167812886646205209e-03
-7.168831565009020114e-03
-7.168831565009021849e-03
-7.173061907825861901e-03
-7.174933481718158076e-03
-7.174933481718156342e-03
-7.174936378506059642e-03
-7.175944842360406327e-03
-7.175944842360405460e-03
-7.175945207038636649e-03
-7.175946769970826568e-03
-7.175945207038637516e-03
-7.177292745493251379e-03
-7.179527756746089187e-03
-7.176835445082741828e-03
-7.176835445082739226e-03
-7.177848672319572972e-03
-7.165229946772152386e-03
-7.165229946772154988e-03
-7.167218704221897316e-03
-7.167706368222138795e-03
-7.168709020019295788e-03
-7.168711974114015499e-03
-7.168723613077412730e-03
-7.170673984152523169e-03
-7.167672701615120101e-03
-7.167672701615120101e-03
-7.171745949113340207e-03
-7.170743697907880181e-03
-7.171111148994361098e-03
-7.169411004722955200e-03
-7.168508598663580166e-03
-7.171738821701696687e-03
-7.169718063888449490e-03
-7.171403299899394186e-03
-7.170289949364611060e-03
-7.168280098136845836e-03
-7.168280098136853642e-03
-7.168299642342632581e-03
-7.168299642342635183e-03
-7.171996118641061312e-03
-7.169976358136805582e-03
-7.169976358136802980e-03
-7.170273772709876564e-03
-7.169872157585928558e-03
-7.171643550730208948e-03
-7.171643550730209815e-03
-7.168604056659816891e-03
-7.167566441804790016e-03
-7.167566441804789149e-03
-7.167566441804784812e-03
-7.168294998601195192e-03
-7.166552465853404975e-03
-7.166552465853400639e-03
-7.166552465853396302e-03
-7.166543422476264087e-03
-7.168870546753837447e-03
-7.168919250474236997e-03
-7.168927829783693431e-03
-7.167866445920330343e-03
-7.168711483006190086e-03
-7.175396571223393791e-03
-7.175396571223389454e-03
-7.174762307228522464e-03
-7.175780869428044842e-03
-7.173372093195240495e-03
-7.175387202347309132e-03
-7.173859656782811609e-03
-7.169913594719889635e-03
-7.170927339508826985e-03
-7.170927339508826985e-03
-7.172931752894452957e-03
-7.172926354697546115e-03
-7.172926519585133207e-03
-7.175941794072183792e-03
-7.175941794072182925e-03
-7.174925382286342739e-03
-7.175603562868104572e-03
-7.171912367169863863e-03
-7.171912367169863863e-03
-7.170573489074408974e-03
-7.172877998585819315e-03
-7.172877998585819315e-03
-7.172877998585821049e-03
-7.172877998585824519e-03
-7.172877998585826254e-03
-7.165922170957926551e-03
-7.168966522925958318e-03
-7.167945828058886436e-03
-7.169300628432814446e-03
-7.168286628757278289e-03
-7.169635453448914425e-03
-7.173406256677959496e-03
-7.173406256677960363e-03
-7.169337972241155224e-03
-7.169337972241155224e-03
-7.170473116778533149e-03
-7.171148078419684394e-03
-7.171136344653760222e-03
-7.171136344653765426e-03
-7.176151438785131897e-03
-7.176151438785130163e-03
-7.180365600977214359e-03
-7.182347803288758811e-03
-7.182370831704382869e-03
-7.180045014882312747e-03
-7.179043635982625474e-03
-7.174763356344357468e-03
-7.174763356344358335e-03
-7.175774801380668637e-03
-7.175774801380667769e-03
-7.175774801380669504e-03
-7.174869704495119745e-03
-7.175773024802357958e-03
-7.177144240104421473e-03
-7.178156401366565624e-03
-7.177784721004695605e-03
-7.179454596496228323e-03
-7.179445201733660603e-03
-7.179445201733659736e-03
-7.180295365096669644e-03
-7.177260336648207117e-03
-7.177260336648210587e-03
-7.177260336648212322e-03
-7.176341039056706797e-03
-7.176341039056709399e-03
-7.176341039056707664e-03
-7.177351045860889088e-03
-7.176335510266597904e-03
-7.176263041447997378e-03
-7.176269646178852490e-03
-7.181270702354242488e-03
-7.181270702354241621e-03
-7.181272179205003964e-03
-7.181272179205001362e-03
-7.181272179204999627e-03
-7.182280565129791142e-03
-7.182280565129792009e-03
-7.182286076977657287e-03
-7.183292111028305449e-03
-7.182642215488802516e-03
-7.182642215488803383e-03
-7.182642215488804251e-03
-7.181258238637054821e-03
-7.181258238637054821e-03
-7.177932345431071483e-03
-7.176932987983457649e-03
-7.177940550596073783e-03
-7.177930639500714437e-03
-7.177932023345834529e-03
-7.178936358214426348e-03
-7.178936358214427216e-03
-7.179284457922316572e-03
-7.179284927478395487e-03
-7.177264940055227277e-03
-7.176254693606541092e-03
-7.176254693606547164e-03
-7.175135305804517145e-03
-7.175135305804518013e-03
-7.174124669382577618e-03
-7.175133654409027173e-03
-7.174603015801001883e-03
-7.174124660854086337e-03
-7.175133654409026306e-03
-7.174807287349927766e-03
-7.176144797611728153e-03
-7.175133654409026306e-03
-7.176124606015882312e-03
-7.175133654409026306e-03
-7.175011895472880111e-03
-7.178113341586231377e-03
-7.179489530581398965e-03
-7.178493834576956355e-03
-7.180500558991841781e-03
-7.181512009671189335e-03
-7.180653418790862615e-03
-7.180673863091732896e-03
-7.179848723192249968e-03
-7.180203357700246612e-03
-7.178840736083573135e-03
-7.179842035314893019e-03
-7.179849165081121816e-03
-7.179874159556232094e-03
-7.178861849506742651e-03
-7.178861849506737447e-03
-7.176215627378349469e-03
-7.178198341861279086e-03
-7.178198341861277351e-03
-7.178198341861283423e-03
-7.177874340585923066e-03
-7.178222649213272279e-03
-7.178222649213274013e-03
-7.175195052999116911e-03
-7.175195052999116911e-03
-7.177221864908636152e-03
-7.178222845113545712e-03
-7.172653149461651577e-03
-7.173666965127698664e-03
-7.174995049483959449e-03
-7.174995049483954244e-03
-7.174995049483957714e-03
-7.172950235291848491e-03
-7.172950235291850225e-03
-7.173268687915248208e-03
-7.173268687915256882e-03
-7.173264972283235202e-03
-7.175288040492282422e-03
-7.173958273661710724e-03
-7.173268326079151533e-03
-7.173268326079152400e-03
-7.172263627470556319e-03
-7.170288381038912584e-03
-7.167241541074958686e-03
-7.167235122809203877e-03
-7.170286429026304607e-03
-7.171951995848196634e-03
-7.171951995848200971e-03
-7.170945020057166615e-03
-7.173979037331203699e-03
-7.174002071322359980e-03
-7.170609222655600218e-03
-7.170614314032214796e-03
-7.172607256036148127e-03
-7.171577073701622222e-03
-7.171597283582996536e-03
-7.170917449636833585e-03
-7.170250169648203879e-03
-7.169561322919545780e-03
-7.170802820971230659e-03
-7.170802820971235864e-03
-7.170802820971229792e-03
-7.171559639859629784e-03
-7.171559639859629784e-03
-7.172901296239289799e-03
-7.172901296239295003e-03
-7.172901296239295871e-03
-7.173800571355850794e-03
-7.176140169892393679e-03
-7.176140169892396281e-03
-7.171541660279578435e-03
-7.171857761287704115e-03
-7.169382404251549955e-03
-7.171373196846081953e-03
-7.171373196846083688e-03
-7.171373196846078484e-03
-7.172391313997984914e-03
-7.172704366468629113e-03
-7.172706860725990528e-03
-7.173406618883834164e-03
-7.170328987348195508e-03
-7.170328987348193774e-03
-7.170997654177994896e-03
-7.170997654177995763e-03
-7.169322782823790707e-03
-7.169322782823787238e-03
-7.169322782823790707e-03
-7.170336748563183905e-03
-7.169322782823791575e-03
-7.169322782823791575e-03
-7.173300626067306146e-03
-7.170238907838022424e-03
-7.170238907838022424e-03
-7.171260141076787886e-03
-7.168833863649508135e-03
-7.168833863649506401e-03
-7.169508777287150227e-03
-7.168833863649507268e-03
-7.168833863649505533e-03
-7.168833863649509003e-03
-7.169851147611702898e-03
-7.167649848422262028e-03
-7.164018277513024141e-03
-7.166874103409816461e-03
-7.163000577424998537e-03
-7.163006413413014299e-03
-7.164990224957195654e-03
-7.162470891383523192e-03
-7.163491320479016718e-03
-7.164511347056658729e-03
-7.164476016944251908e-03
-7.162793341659583202e-03
-7.162823366342233912e-03
-7.180439455700865330e-03
-7.174685363739065867e-03
-7.174685363739063265e-03
-7.174690705662303825e-03
-7.176093928319408899e-03
-7.176092046449205827e-03
-7.176092046449205827e-03
-7.176092046449211899e-03
-7.177770715228342681e-03
-7.177791372411098693e-03
-7.177791372411103030e-03
-7.168407010708979614e-03
-7.167682229409762761e-03
-7.166679047232222058e-03
-7.170489766738084858e-03
-7.173474224952728316e-03
-7.172424677315163317e-03
-7.172424677315165052e-03
-7.172424677315161583e-03
-7.171546058579781648e-03
-7.172577795736219397e-03
-7.171543806919708844e-03
-7.171543806919712313e-03
-7.172592817812523634e-03
-7.171537970504980597e-03
-7.171877724165798620e-03
-7.171877724165802090e-03
-7.173642198949626778e-03
-7.173642198949626778e-03
-7.171546379160112158e-03
-7.172232533028786647e-03
-7.170495531561057144e-03
-7.170495531561057144e-03
-7.172594453486097650e-03
-7.173643034631994701e-03
-7.172592744039881993e-03
-7.172592744039881126e-03
-7.171472936060791295e-03
-7.174659606600466803e-03
-7.176739124316649544e-03
-7.174910080063130226e-03
-7.174912526017921365e-03
-7.179090091887020512e-03
-7.176676840604825219e-03
-7.176676840604824352e-03
-7.174182022157457594e-03
-7.172752710005287323e-03
-7.172752710005286456e-03
-7.175912412308079608e-03
-7.171138331172804102e-03
-7.170057014511651075e-03
-7.169009225046783784e-03
-7.169009595871236526e-03
-7.168289221858332484e-03
-7.168289221858329015e-03
-7.167958566780748518e-03
-7.167961339413202008e-03
-7.168653639219505110e-03
-7.169702164439389208e-03
-7.169702164439388341e-03
-7.168653469843706133e-03
-7.169620073812157587e-03
-7.186587401335006384e-03
-7.186566927938949773e-03
-7.185871107684814983e-03
-7.185871107684804575e-03
-7.161799181812878064e-03
-7.161799181812879798e-03
-7.161799181812878931e-03
-7.161799181812877196e-03
-7.162839714970770794e-03
-7.161797341653671628e-03
-7.163612237429241823e-03
-7.162562744404445125e-03
-7.162562744404449462e-03
-7.162562744404447727e-03
-7.162562744404444258e-03
-7.164601213052007936e-03
-7.161842302898235868e-03
-7.161842302898235001e-03
-7.161794933581828136e-03
-7.161778798383039088e-03
-7.161778798383044292e-03
-7.157204951812682833e-03
-7.158289367078117874e-03
-7.161787518121969127e-03
-7.166352307536678380e-03
-7.166556709649636939e-03
-7.165312355560022467e-03
-7.165312355560030273e-03
-7.166722736994091125e-03
-7.165677303674126281e-03
-7.165677303674124546e-03
-7.165674501847719979e-03
-7.165674501847719112e-03
-7.166711222526629156e-03
-7.166721681435023021e-03
-7.166355470290237430e-03
-7.166356777761019245e-03
-7.164614517659791473e-03
-7.166721212831772200e-03
-7.165674501847721714e-03
-7.159100898143646967e-03
-7.160149658782729090e-03
-7.161200070283904942e-03
-7.156308339743278762e-03
-7.158335001248863905e-03
-7.155602439773012767e-03
-7.156634852717450729e-03
-7.157781324511360704e-03
-7.158831202437675179e-03
-7.157750613845702617e-03
-7.157771967967027985e-03
-7.155602765288716569e-03
-7.160737916789131942e-03
-7.160737916789138013e-03
-7.160280273710874915e-03
-7.166315518226823791e-03
-7.167267774323738544e-03
-7.167267774323736809e-03
-7.167267774323733340e-03
-7.167025767333128072e-03
-7.168769488102213344e-03
-7.168769488102213344e-03
-7.168769488102213344e-03
-7.163402204922446337e-03
-7.163407038001489216e-03
-7.164438978501267395e-03
-7.164443723884278414e-03
-7.165493384373705817e-03
-7.162345489918563700e-03
-7.162345489918562833e-03
-7.162345489918558496e-03
-7.162342148661492332e-03
-7.163325130948481993e-03
-7.163325130948479391e-03
-7.166857150992135897e-03
-7.166580500472428776e-03
-7.166581615070614225e-03
-7.166581615070612490e-03
-7.165516294844668892e-03
-7.165528363291042216e-03
-7.166584218859873082e-03
-7.167393414281060179e-03
-7.164589487636909004e-03
-7.165277190195068306e-03
-7.165277190195067439e-03
-7.165277190195067439e-03
-7.165272711881191456e-03
-7.165277190195064837e-03
-7.165267438193765465e-03
-7.165277190195066571e-03
-7.166260489692897161e-03
-7.166680528868166200e-03
-7.165974057361776221e-03
-7.165974057361778823e-03
-7.166989114210097454e-03
-7.166989114210095720e-03
-7.166989114210096587e-03
-7.165974057361776221e-03
-7.162853826419975263e-03
-7.164945451573012311e-03
-7.164945451573017515e-03
-7.163992703504449243e-03
-7.162878482243140513e-03
-7.162872978911015431e-03
-7.161846836619737387e-03
-7.163903026822073319e-03
-7.162878482243141380e-03
-7.162878482243141380e-03
-7.162878482243141380e-03
-7.163894656537939977e-03
-7.164933658605892978e-03
-7.162789300876499198e-03
-7.165896547823766977e-03
-7.164861479423477279e-03
-7.164861479423480749e-03
-7.164861479423473810e-03
-7.163828944525627539e-03
-7.164171882509329063e-03
-7.163888218355377382e-03
-7.162846452865804375e-03
-7.161812480403351687e-03
-7.162074010307569946e-03
-7.163114925473557104e-03
-7.163114925473554502e-03
-7.163212138748932881e-03
-7.167855667789677608e-03
-7.163461871353536507e-03
-7.163461871353543446e-03
-7.163771172143069965e-03
-7.164127986810733990e-03
-7.164418511258441487e-03
-7.159956988641987159e-03
-7.159935426408563057e-03
-7.165432697614206210e-03
-7.165432697614205343e-03
-7.164105480752278737e-03
-7.165247665503522538e-03
-7.164368635316687231e-03
-7.167136082057257856e-03
-7.167136082057257856e-03
-7.167136082057260459e-03
-7.167820664243480626e-03
-7.168852282908573167e-03
-7.167820664243479759e-03
-7.167820664243481493e-03
-7.167820664243474554e-03
-7.167820635404388054e-03
-7.167820635404388054e-03
-7.166776086775350496e-03
-7.168838015302040310e-03
-7.167468590975969306e-03
-7.166431581366070752e-03
-7.166431581366074222e-03
-7.166431581366066415e-03
-7.165346726028638639e-03
-7.164303255806869081e-03
-7.167485434733628785e-03
-7.166454167265955480e-03
-7.166117251491959696e-03
-7.160027112357083071e-03
-7.160034293836129056e-03
-7.159169798861307783e-03
-7.159529962918696581e-03
-7.159529962918696581e-03
-7.160542193820961659e-03
-7.160542193820962527e-03
-7.165357485424655136e-03
-7.163289164333072091e-03
-7.159497379829580024e-03
-7.162662987446760839e-03
-7.161625299964963047e-03
-7.161625299964960445e-03
-7.163364624561732383e-03
-7.157583369135129929e-03
-7.157583369135123857e-03
-7.171197051730086175e-03
-7.171197051730086175e-03
-7.169437310216278739e-03
-7.168027586171569175e-03
-7.168025021566696089e-03
-7.165322839979753299e-03
-7.165544781316352148e-03
-7.166515543243584703e-03
-7.164488924106419097e-03
-7.193164757516093410e-03
-7.193008565390616137e-03
-7.190721840564105911e-03
-7.191755674034019767e-03
-7.190746856003253987e-03
-7.190755601482346632e-03
-7.189677386162942989e-03
-7.191394717084874377e-03
-7.189985056127372147e-03
-7.190000337978122262e-03
-7.190000337978123997e-03
-7.188661871523165971e-03
-7.189677209134187619e-03
-7.189677209134187619e-03
-7.189677209134185884e-03
-7.182565654793656926e-03
-7.182565654793654324e-03
-7.182565654793654324e-03
-7.182568059783572476e-03
-7.182568520815154310e-03
-7.182586275182385044e-03
-7.182568520815159514e-03
-7.183620907265865670e-03
-7.180655795342706822e-03
-7.178584219998128228e-03
-7.180288637493206609e-03
-7.178217801238636828e-03
-7.152823210070140963e-03
-7.152827375998847999e-03
-7.153540917703369792e-03
-7.153528130701756853e-03
-7.151780111956193391e-03
-7.151780111956191656e-03
-7.152144715819131436e-03
-7.152144715819131436e-03
-7.152144715819131436e-03
-7.152510975121191203e-03
-7.151481934203443233e-03
-7.151481934203443233e-03
-7.149170540338234056e-03
-7.149761529193122619e-03
-7.149761529193125222e-03
-7.150785295812227792e-03
-7.151470931429874250e-03
-7.151475395883285374e-03
-7.151456863788536837e-03
-7.152496598873830241e-03
-7.152496598873829374e-03
-7.152496598873830241e-03
-7.148748149552977549e-03
-7.149773742007888185e-03
-7.149081423607212514e-03
-7.147722294933565867e-03
-7.147722294933566735e-03
-7.148062108670381887e-03
-7.147054537703748621e-03
-7.154879735598905846e-03
-7.152817984991975686e-03
-7.152817984991974819e-03
-7.153171642461216007e-03
-7.154398966219796194e-03
-7.153173286865175361e-03
-7.153867777449072519e-03
-7.153859710335238806e-03
-7.155234760715827036e-03
-7.155234760715828771e-03
-7.155234760715827903e-03
-7.156247281120409198e-03
-7.155234760715827903e-03
-7.155234760715829638e-03
-7.155234760715829638e-03
-7.155234760715829638e-03
-7.149431124928192285e-03
-7.148050465981475171e-03
-7.148050465981473436e-03
-7.146007989681921711e-03
-7.146007989681921711e-03
-7.147031233824270580e-03
-7.145290727181483753e-03
-7.145290727181483753e-03
-7.145300093842319594e-03
-7.145300093842319594e-03
-7.146007913600709201e-03
-7.149353366932239585e-03
-7.149399501721576469e-03
-7.148383834443217122e-03
-7.158704196820680522e-03
-7.154595843199103126e-03
-7.156659572531124183e-03
-7.155634803673583538e-03
-7.156645097651346751e-03
-7.155642121731827128e-03
-7.155634803673582671e-03
-7.155288146095208947e-03
-7.155631061867922214e-03
-7.160838663813866821e-03
-7.160838572680693764e-03
-7.161866431806615876e-03
-7.159810973150835915e-03
-7.159810973150835048e-03
-7.160166538386853255e-03
-7.160147686725027924e-03
-7.160147686725027057e-03
-7.161496102816227588e-03
-7.160476861457338443e-03
-7.160476861457336709e-03
-7.159810973150834180e-03
-7.160834852889371577e-03
-7.164082122895994165e-03
-7.164082122895993297e-03
-7.164082122895995032e-03
-7.158790174970412236e-03
-7.157722616455793573e-03
-7.157722616455794440e-03
-7.159725571349363250e-03
-7.159786775407793111e-03
-7.159786775407793978e-03
-7.158067388524063344e-03
-7.158067388524065947e-03
-7.147899422796758634e-03
-7.151496123915225545e-03
-7.149053351971960089e-03
-7.150398756645598257e-03
-7.146325836916152079e-03
-7.161737357679703181e-03
-7.161309198061882250e-03
-7.161309198061882250e-03
-7.161309198061881383e-03
-7.161309198061879648e-03
-7.162345285793562943e-03
-7.162345285793562076e-03
-7.159659799736581287e-03
-7.159659799736581287e-03
-7.157237774045034986e-03
-7.156106501389730701e-03
-7.156875292789138462e-03
-7.158225506115547740e-03
-7.156873860474546878e-03
-7.157748541284662293e-03
-7.155828402566456227e-03
-7.155845217699598020e-03
-7.158979619895867487e-03
-7.160534450332766386e-03
-7.161210857954817752e-03
-7.159148832784402797e-03
-7.159452887318707402e-03
-7.160864987422267507e-03
-7.159161085500884841e-03
-7.160750590321517811e-03
-7.160750590321519546e-03
-7.162805627199135897e-03
-7.162805100075075350e-03
-7.160747554356407425e-03
-7.158417886064633376e-03
-7.159435750290969562e-03
-7.158080512499241654e-03
-7.166645984855203599e-03
-7.156129564114565612e-03
-7.158061497752932038e-03
-7.158061497752930304e-03
-7.158061497752928569e-03
-7.157039610552775460e-03
-7.156026589823540930e-03
-7.156033538873131025e-03
-7.155003049073874362e-03
-7.157048250266030177e-03
-7.156020609240626613e-03
-7.148023597293963298e-03
-7.151801207699455022e-03
-7.154046362121226077e-03
-7.152347229216271703e-03
-7.153792901743527034e-03
-7.154380266746458369e-03
-7.154380266746459237e-03
-7.153449126003868022e-03
-7.154053324521322636e-03
-7.154053324521322636e-03
-7.154406885179611340e-03
-7.155423896060965176e-03
-7.155422951458350299e-03
-7.155432419944381985e-03
-7.156429008509141050e-03
-7.155432419944381985e-03
-7.155432419944381117e-03
-7.165641549968011607e-03
-7.165641549968009873e-03
-7.165640177476303649e-03
-7.165641993289444123e-03
-7.165098029540669343e-03
-7.165835144495269655e-03
-7.165835144495267921e-03
-7.165835144495267921e-03
-7.164043378002098519e-03
-7.165734793480821839e-03
-7.165734793480819237e-03
-7.165734793480817502e-03
-7.165734793480820104e-03
-7.171686684682442720e-03
-7.171685200934185649e-03
-7.171687782810054132e-03
-7.173281830080559945e-03
-7.171687882929003721e-03
-7.173312074435420765e-03
-7.167035941827394271e-03
-7.167872687937440999e-03
-7.169525730938526228e-03
-7.169525730938522759e-03
-7.171179233986594605e-03
-7.170352430057639302e-03
-7.165206724693697765e-03
-7.161151927754995372e-03
-7.161151927754992770e-03
-7.161169990761169502e-03
-7.161153330797998331e-03
-7.161153330798000934e-03
-7.161979613433088789e-03
-7.162268411405328487e-03
-7.161441183339261468e-03
-7.161459568091625184e-03
-7.161459568091625184e-03
-7.161441713520053098e-03
-7.160615709598469776e-03
-7.158935850287122780e-03
-7.159210895654595681e-03
-7.159210895654597416e-03
-7.158375696830292928e-03
-7.158375696830292928e-03
-7.163299797739615393e-03
-7.163295238607138467e-03
-7.161966481921833681e-03
-7.158030472042952591e-03
-7.158706994524580668e-03
-7.159548647622953482e-03
-7.161194178908121891e-03
-7.162211805501837898e-03
-7.161952122043653904e-03
-7.161213714582208116e-03
-7.164619688196823856e-03
-7.164619688196822121e-03
-7.165377381259241743e-03
-7.164619784852844717e-03
-7.163242727639341362e-03
-7.160182929312582795e-03
-7.160182929312585397e-03
-7.161762244803969966e-03
-7.160945515823835192e-03
-7.161439079830440348e-03
-7.161439079830441215e-03
-7.161439079830442082e-03
-7.161439079830438613e-03
-7.161439079830440348e-03
-7.161439079830438613e-03
-7.161974686703422195e-03
-7.161974686703423063e-03
-7.161974686703421328e-03
-7.162800463096708099e-03
-7.154268914208008860e-03
-7.154268914208008860e-03
-7.154777569878505682e-03
-7.150007000622473317e-03
-7.150007000622471583e-03
-7.149447095855660829e-03
-7.149442855912277461e-03
-7.149442855912279196e-03
-7.148617902249992939e-03
-7.148907061474282613e-03
-7.150592946537379611e-03
-7.150592946537381346e-03
-7.150592946537381346e-03
-7.154569925606582212e-03
-7.155482155151137065e-03
-7.154854850287660148e-03
-7.155689346676389652e-03
-7.153428316462179248e-03
-7.152591120077915303e-03
-7.152591120077916170e-03
-7.162865283999834097e-03
-7.161784689706971255e-03
-7.161784689706972122e-03
-7.163429476365333268e-03
-7.162605284972612188e-03
-7.162608184345583932e-03
-7.162758425904386383e-03
-7.163431737496996250e-03
-7.163417818535554489e-03
-7.163432067160886187e-03
-7.163432065749718129e-03
-7.163436129958273765e-03
-7.165077220215365639e-03
-7.161777536535491630e-03
-7.162602201488941535e-03
-7.162607985809880430e-03
-7.162607985809880430e-03
-7.163433391649720768e-03
-7.152986885478964524e-03
-7.154098148356435871e-03
-7.152974171402979794e-03
-7.157195534322880089e-03
-7.156598721856667449e-03
-7.156598721856665714e-03
-7.157423532007859204e-03
-7.156602339572120178e-03
-7.157998794534393625e-03
-7.157998794534393625e-03
-7.157171060333026268e-03
-7.157171992601723404e-03
-7.154715162835243412e-03
-7.154715162835246882e-03
-7.153893413142427965e-03
-7.153893413142427098e-03
-7.155265318494299573e-03
-7.154448961882407809e-03
-7.153629791572718721e-03
-7.153629791572720456e-03
-7.154000746831175664e-03
-7.157155518191386616e-03
-7.157153788818738059e-03
-7.158259978926940527e-03
-7.159369247684767290e-03
-7.160168272251670601e-03
-7.159371015602094580e-03
-7.159643555625506799e-03
-7.159643555625506799e-03
-7.161521694055471635e-03
-7.159905618634283819e-03
-7.161244964725690595e-03
-7.161244964725691463e-03
-7.162068341956465481e-03
-7.160428229885202819e-03
-7.160428229885203687e-03
-7.164269823172615161e-03
-7.159885314175848912e-03
-7.159068293580472635e-03
-7.156347056888071913e-03
-7.156316882727543210e-03
-7.156316882727543210e-03
-7.152003183046989551e-03
-7.152837097137106082e-03
-7.154483208241562558e-03
-7.154483208241561691e-03
-7.154483208241561691e-03
-7.155302551547511325e-03
-7.155302551547514794e-03
-7.155831795003061296e-03
-7.156617245244980240e-03
-7.152527929213490544e-03
-7.154191055874158447e-03
-7.154024842229647282e-03
-7.152554407606416705e-03
-7.153374812126123833e-03
-7.154988352921167263e-03
-7.153332593673911340e-03
-7.155016394010454625e-03
-7.155016394010457227e-03
-7.155016394010454625e-03
-7.155806109108606497e-03
-7.154207980880560036e-03
-7.154207980880559169e-03
-7.154207980880560036e-03
-7.155014009342999803e-03
-7.157196854515907904e-03
-7.157202538867622060e-03
-7.152146823560362118e-03
-7.152146823560362118e-03
-7.151897770114780915e-03
-7.151897770114780915e-03
-7.151897770114779181e-03
-7.151619611529995597e-03
-7.150806635209799693e-03
-7.151619611529993863e-03
-7.152979081461245149e-03
-7.152159339538665360e-03
-7.152151045289689354e-03
-7.155721833408348713e-03
-7.155722014824303888e-03
-7.156995827374152026e-03
-7.155347785727652482e-03
-7.155347785727655084e-03
-7.154315715039278288e-03
-7.155059277986188827e-03
-7.155059277986185358e-03
-7.155054417382320647e-03
-7.155054417382318913e-03
-7.157614167182755997e-03
-7.159009583914939003e-03
-7.161975589010967716e-03
-7.161977091274373403e-03
-7.161975589010965981e-03
-7.161155059212776820e-03
-7.161155059212776820e-03
-7.160047248482328576e-03
-7.160047248482327709e-03
-7.160327232594464707e-03
-7.161951699007768068e-03
-7.160212751607482849e-03
-7.161849719678688685e-03
-7.161959239043714370e-03
-7.159493501495447880e-03
-7.159203406904203308e-03
-7.159203406904203308e-03
-7.159203406904203308e-03
-7.159203406904203308e-03
-7.160324722373281880e-03
-7.155127290226793828e-03
-7.155164167646283456e-03
-7.155154275775436716e-03
-7.156979080589668564e-03
-7.156170505576906621e-03
-7.156170505576906621e-03
-7.157808249153251728e-03
-7.157808249153253463e-03
-7.156161869821716683e-03
-7.157357675343016361e-03
-7.157357675343017228e-03
-7.157091722352982958e-03
-7.157091722352983826e-03
-7.157357649175306868e-03
-7.157360269803748551e-03
-7.156542624997549486e-03
-7.155713046118533649e-03
-7.154894884095372616e-03
-7.156661253364669448e-03
-7.157695240983029047e-03
-7.157695240983029915e-03
-7.157695240983029915e-03
-7.156862220021725611e-03
-7.155683183177032058e-03
-7.155683183177032926e-03
-7.157376686899958804e-03
-7.158162062395879294e-03
-7.157345221912575842e-03
-7.158385486826270884e-03
-7.158721852665824933e-03
-7.157330505523323665e-03
-7.157858012671107668e-03
-7.157593507795197672e-03
-7.156524227980195531e-03
-7.156524227980198133e-03
-7.159756305146714080e-03
-7.156522489034470268e-03
-7.158128013488325621e-03
-7.161563156843708290e-03
-7.161563156843705688e-03
-7.161563156843705688e-03
-7.159264756526830149e-03
-7.159815240443938994e-03
-7.159231506666265642e-03
-7.159231506666266509e-03
-7.157890496920751161e-03
-7.159407639379109130e-03
-7.159407639379108262e-03
-7.161818831578144369e-03
-7.161818831578145236e-03
-7.161047709327623793e-03
-7.161867312319128605e-03
-7.161020213034734530e-03
-7.161851638031705922e-03
-7.161829227821650198e-03
-7.161829754952299225e-03
-7.161009015771910985e-03
-7.162087566224667121e-03
-7.161829227821650198e-03
-7.161039821361984622e-03
-7.161836789867388926e-03
-7.161039821361984622e-03
-7.162359983013399933e-03
-7.159076658428450111e-03
-7.157346873432109818e-03
-7.158167994723176226e-03
-7.158167994723174492e-03
-7.160951503299572626e-03
-7.163736797239477101e-03
-7.163739102790660229e-03
-7.163456550483521951e-03
-7.161230654690121759e-03
-7.162051386134519332e-03
-7.156948333888148682e-03
-7.158102089255676155e-03
-7.158102089255676155e-03
-7.157292039200029501e-03
-7.158112285843770857e-03
-7.157286102826693024e-03
-7.158845896251920388e-03
-7.159658301563754171e-03
-7.158019541728959274e-03
-7.158019541728960142e-03
-7.159151519453719505e-03
-7.158871828898995260e-03
-7.158876677444938469e-03
-7.158876677444936734e-03
-7.160773281652160413e-03
-7.159958968880054432e-03
-7.154819353486194071e-03
-7.179508629859924877e-03
-7.179511852778918193e-03
-7.180327647693561348e-03
-7.181156309575888533e-03
-7.181156309575887665e-03
-7.178710816510728426e-03
-7.181955281341621290e-03
-7.178703307375471250e-03
-7.178703307375470383e-03
-7.178705601224208074e-03
-7.177944127960811556e-03
-7.178762616021672899e-03
-7.178747617002181197e-03
-7.178747617002182932e-03
-7.177934106057794889e-03
-7.179517409823986222e-03
-7.178700832975008946e-03
-7.178700832975009813e-03
-7.178700832975009813e-03
-7.183262944530465280e-03
-7.181959613751312706e-03
-7.181959613751313573e-03
-7.181959613751314440e-03
-7.181099780946405449e-03
-7.182703345396412344e-03
-7.181903093457698076e-03
-7.183519168878028070e-03
-7.184349606526883869e-03
-7.184357863584464078e-03
-7.184357894466633296e-03
-7.181886938317185408e-03
-7.182705749427122088e-03
-7.182775264004432648e-03
-7.182775264004433516e-03
-7.181410758809061642e-03
-7.183846995258039853e-03
-7.183794431816989574e-03
-7.181689286738902368e-03
-7.184545155697985401e-03
-7.185355382225177764e-03
-7.178900950172829518e-03
-7.180515061512708283e-03
-7.180508793440205408e-03
-7.180508793440207142e-03
-7.180508793440207142e-03
-7.182501184813150884e-03
-7.183320392861439543e-03
-7.180358708050484963e-03
-7.179551031484583332e-03
-7.181187621511765130e-03
-7.180133214989095104e-03
-7.178885554020206748e-03
-7.179728390012986988e-03
-7.179727777881819185e-03
-7.180543568853895581e-03
-7.179207841034021889e-03
-7.179207841034022756e-03
-7.179209488300573351e-03
-7.177847889925089570e-03
-7.177042750432459026e-03
-7.183230411260071654e-03
-7.183230411260072522e-03
-7.183238126169147822e-03
-7.183501204630383941e-03
-7.183501204630383941e-03
-7.182331295767392480e-03
-7.181689705676401643e-03
-7.179255363393338696e-03
-7.178739356640439356e-03
-7.177837684893731418e-03
-7.177842425579786072e-03
-7.178417094078974950e-03
-7.178701360898299098e-03
-7.178701360898301700e-03
-7.178701360898300833e-03
-7.178706430650326140e-03
-7.183787378430755988e-03
-7.184606886490657422e-03
-7.185414476873728216e-03
-7.182182691384826623e-03
-7.182443488029875353e-03
-7.183259329617746290e-03
-7.182454974999377684e-03
-7.182462001210897402e-03
-7.182449806799185224e-03
-7.182449806799184357e-03
-7.182449806799185224e-03
-7.177334465338382034e-03
-7.178166995481870261e-03
-7.182730776395656984e-03
-7.181104573974388637e-03
-7.179473788957641857e-03
-7.181086242467966431e-03
-7.180277126379288645e-03
-7.181086438763351759e-03
-7.181902104023023259e-03
-7.181093129648080838e-03
-7.179515580442881288e-03
-7.180568786067390886e-03
-7.180282000028603492e-03
-7.180282000028604360e-03
-7.180281911588414293e-03
-7.181903897649248233e-03
-7.179507942235994859e-03
-7.179526839660244422e-03
-7.181925009743513749e-03
-7.181919330644905702e-03
-7.181919330644903968e-03
-7.180690418046878354e-03
-7.180690418046875752e-03
-7.178678851074492967e-03
-7.178678851074491232e-03
-7.178678851074494702e-03
-7.179487983876386634e-03
-7.180305272925061565e-03
-7.180305272925064167e-03
-7.179487668868974985e-03
-7.180557868211082627e-03
-7.179987511604121568e-03
-7.178173980092368740e-03
-7.177348939955144162e-03
-7.179812080216822594e-03
-7.178169662044424360e-03
-7.178174393406646508e-03
-7.178241613926971028e-03
-7.178237484504354678e-03
-7.176824514240480977e-03
-7.179724536871975871e-03
-7.179724536871975003e-03
-7.174341730752651844e-03
-7.173589329726133730e-03
-7.173863687068837529e-03
-7.179085007013537301e-03
-7.179094633266755454e-03
-7.179094633266756321e-03
-7.179085007013537301e-03
-7.178285354716896008e-03
-7.179084530835925203e-03
-7.179624931042067129e-03
-7.178267699653787491e-03
-7.178267699653786624e-03
-7.179073117533980170e-03
-7.178273559197607262e-03
-7.178273559197603793e-03
-7.179091149639497266e-03
-7.176974779101559336e-03
-7.176974779101558469e-03
-7.176974779101559336e-03
-7.177798739333219637e-03
-7.178090153921105714e-03
-7.177803740839940570e-03
-7.178254245157633141e-03
-7.178270237906425079e-03
-7.178262203395369481e-03
-7.178262203395367747e-03
-7.178256165716764142e-03
-7.178256165716763275e-03
-7.178256165716765877e-03
-7.179084450239590909e-03
-7.178275738033875787e-03
-7.179084450239591776e-03
-7.178269473208559286e-03
-7.178269473208559286e-03
-7.177439787896762458e-03
-7.177439787896762458e-03
-7.179093934008663053e-03
-7.180694802215628614e-03
-7.179083471710610842e-03
-7.178834166243924265e-03
-7.179903360264281581e-03
-7.179081526220549257e-03
-7.179081607921094892e-03
-7.179382636530948388e-03
-7.176825282027155493e-03
-7.176825282027157228e-03
-7.179816849960428751e-03
-7.183007679468695651e-03
-7.180347938997397317e-03
-7.181062504698324141e-03
-7.181343883963513253e-03
-7.181330241406953981e-03
-7.182146714741927465e-03
-7.183257897626977272e-03
-7.182961011336831507e-03
-7.183777791125112167e-03
-7.181330241406957450e-03
-7.181330241406955715e-03
-7.181330241406954848e-03
-7.174311822085781450e-03
-7.174311822085779715e-03
-7.174311822085777980e-03
-7.174311822085782317e-03
-7.175078131558827732e-03
-7.171721984879592636e-03
-7.171721984879593503e-03
-7.173605892136659251e-03
-7.173644766415200255e-03
-7.173649971235075695e-03
-7.175007743145894387e-03
-7.172817121023878154e-03
-7.170916189025199408e-03
-7.170097477898035657e-03
-7.170095421320450343e-03
-7.170095421320449476e-03
-7.170674157158133874e-03
-7.169895512388380771e-03
-7.170938543483404946e-03
-7.166260051671346706e-03
-7.167078713004560245e-03
-7.167078713004559377e-03
-7.166262250721412881e-03
-7.167077450215702389e-03
-7.167077450215702389e-03
-7.167077450215702389e-03
-7.167077450215704124e-03
-7.166283063523646267e-03
-7.166263468286090434e-03
-7.166263468286091301e-03
-7.167073269524279998e-03
-7.167073269524281733e-03
-7.167091585323276393e-03
-7.167908510511295309e-03
-7.167092257285643218e-03
-7.169692564394433178e-03
-7.169971811555720873e-03
-7.169153031667681655e-03
-7.169971377654990423e-03
-7.169971377654993025e-03
-7.169155926665702477e-03
-7.169973739479496358e-03
-7.169973739479494623e-03
-7.169973739479496358e-03
-7.169973739479495491e-03
-7.169220307270783056e-03
-7.169220307270782189e-03
-7.169155629795265390e-03
-7.169440892951549522e-03
-7.169938400394463944e-03
-7.169152632132334141e-03
-7.168342480368751143e-03
-7.171691450138604346e-03
-7.154916303780439052e-03
-7.154916303780437317e-03
-7.159647677079277947e-03
-7.159385107357962678e-03
-7.159647677079277947e-03
-7.160825925426135899e-03
-7.159923590761462647e-03
-7.159923590761460913e-03
-7.159105061744070603e-03
-7.159499878563027608e-03
-7.160314434980220334e-03
-7.158831231434523504e-03
-7.154802866977185392e-03
-7.154802866977183658e-03
-7.158060987693622146e-03
-7.157805524534316746e-03
-7.158637291150956455e-03
-7.157815069945619273e-03
-7.157800573372134247e-03
-7.157800573372136849e-03
-7.156998209457419644e-03
-7.156990705999664339e-03
-7.157000090915082054e-03
-7.155344506055117196e-03
-7.152995843005337945e-03
-7.153806988158665538e-03
-7.152207464691268807e-03
-7.153018583494786913e-03
-7.152482841668602806e-03
-7.152708870361205659e-03
-7.153856420265352137e-03
-7.153037523844623172e-03
-7.153037523844623172e-03
-7.153037523844623172e-03
-7.154660179858895325e-03
-7.155475677011990422e-03
-7.154656955437222951e-03
-7.153843026066359148e-03
-7.153005208930388222e-03
-7.153033107028699752e-03
-7.152143079555337707e-03
-7.152143079555336840e-03
-7.153000380863134069e-03
-7.151391176461089662e-03
-7.151391176461090529e-03
-7.157318499478745009e-03
-7.155677843332947791e-03
-7.155677843332946056e-03
-7.154028274620985450e-03
-7.152309427644151785e-03
-7.152752265701043700e-03
-7.155288117309901476e-03
-7.153614201468110403e-03
-7.153364940108045827e-03
-7.154197011219299088e-03
-7.154197011219299088e-03
-7.154982471926812568e-03
-7.154197011219298220e-03
-7.155293201317095876e-03
-7.155288885184216824e-03
-7.155293924998985464e-03
-7.153398255907886076e-03
-7.158318998609570355e-03
-7.158318998609568620e-03
-7.158457720020974281e-03
-7.158306786547853455e-03
-7.158314739231406813e-03
-7.155855533042621355e-03
-7.155035689824068221e-03
-7.155035689824065619e-03
-7.154595986376853164e-03
-7.155934214948382957e-03
-7.155854810973633420e-03
-7.155042545936032838e-03
-7.155846650209725032e-03
-7.155846650209722430e-03
-7.155846650209725032e-03
-7.153801680161546439e-03
-7.152162415220956679e-03
-7.153772436137482114e-03
-7.152147325068827083e-03
-7.152436123901895551e-03
-7.155098242049574321e-03
-7.154047691185725158e-03
-7.158751615710808383e-03
-7.158750779432374728e-03
-7.156740781694996036e-03
-7.165723456159245504e-03
-7.165437937248027647e-03
-7.164900978554308852e-03
-7.163253618744465021e-03
-7.163547756598794176e-03
-7.163547756598795911e-03
-7.162746717396746392e-03
-7.164369902671849019e-03
-7.164603787539235505e-03
-7.161301314971995659e-03
-7.161301314971993924e-03
-7.161301314971993924e-03
-7.161316044222610852e-03
-7.161316044222611719e-03
-7.159674260245467090e-03
-7.162482325359544391e-03
-7.162482325359543524e-03
-7.158379112272654152e-03
-7.158379112272653284e-03
-7.157286461827666937e-03
-7.157286461827666070e-03
-7.158895266688179541e-03
-7.158895266688180409e-03
-7.159718333250702019e-03
-7.158677088527034237e-03
-7.160329824847108150e-03
-7.160329824847108150e-03
-7.160332931265687983e-03
-7.161148117057625738e-03
-7.161154386071511870e-03
-7.160013277753753819e-03
-7.155304980224648330e-03
-7.157252229859316708e-03
-7.155486529200089964e-03
-7.156533963084307261e-03
-7.156537104111525098e-03
-7.157357131178514707e-03
-7.179189934284910604e-03
-7.178349774704708905e-03
-7.180264249027227229e-03
-7.180264249027225494e-03
-7.179424872460447860e-03
-7.183070794444364193e-03
-7.180904739653329143e-03
-7.180887620447663246e-03
-7.181495635972309950e-03
-7.186707610075290277e-03
-7.179488613093571066e-03
-7.178650333881721711e-03
-7.178650333881721711e-03
-7.175255465329981319e-03
-7.176714847367509330e-03
-7.177551189864384527e-03
-7.176714847367508462e-03
-7.176714847367508462e-03
-7.176655284594588881e-03
-7.178101752792968686e-03
-7.177264205834588996e-03
-7.179186220260819727e-03
-7.177550055673015232e-03
-7.177550055673014365e-03
-7.177555008385799393e-03
-7.178384667885965610e-03
-7.176212795652224183e-03
-7.174604978918818626e-03
-7.175436436152677656e-03
-7.174867347692703325e-03
-7.176270753766462659e-03
-7.176274881914394659e-03
-7.175434167857840106e-03
-7.175704861158576503e-03
-7.175704861158576503e-03
-7.175704861158578238e-03
-7.176915544767649251e-03
-7.177742564174379933e-03
-7.176902689010162921e-03
-7.177738941176769680e-03
-7.179440840676289473e-03
-7.177996726672752209e-03
-7.177996726672751342e-03
-7.177996726672750474e-03
-7.178302283800349660e-03
-7.178832370239609378e-03
-7.177996726672749607e-03
-7.180521735655969774e-03
-7.179674122433800550e-03
-7.178026049612974864e-03
-7.179315955461479382e-03
-7.180286175744383589e-03
-7.177840682210803042e-03
-7.177824230295773086e-03
-7.177824230295775688e-03
-7.177824230295775688e-03
-7.177824230295776556e-03
-7.178390278858598310e-03
-7.179226867659184441e-03
-7.185353064740819702e-03
-7.185660179339772163e-03
-7.186197011285352931e-03
-7.187026787282456246e-03
-7.187025310935476682e-03
-7.189508784864925492e-03
-7.187847278990725300e-03
-7.182811706102123703e-03
-7.179792839914820798e-03
-7.180618396817395506e-03
-7.182277652376691662e-03
-7.181121917151649277e-03
-7.189391191004392695e-03
-7.190982656830351670e-03
-7.192102591929106122e-03
-7.191824915652458676e-03
-7.188213309431079438e-03
-7.188213309431077704e-03
-7.189062649224543453e-03
-7.189898372407096602e-03
-7.189890017262757192e-03
-7.190729483213309514e-03
-7.189871784368288658e-03
-7.191015161520203716e-03
-7.192972226622400267e-03
-7.192972226622402002e-03
-7.193846765163852686e-03
-7.190745159219709588e-03
-7.191524006523531201e-03
-7.183585154166877325e-03
-7.181113017177090732e-03
-7.180288282887629936e-03
-7.181941752565533174e-03
-7.181941752565535776e-03
-7.180077863648532017e-03
-7.176942795522696719e-03
-7.176413549368044521e-03
-7.176413549368045389e-03
-7.175601679546022085e-03
-7.177248654888439272e-03
-7.176910203063337733e-03
-7.176910203063339468e-03
-7.177744095951219851e-03
-7.176910203063337733e-03
-7.176910203063338600e-03
-7.176910203063341202e-03
-7.177167012028626281e-03
-7.177162422551463389e-03
-7.177987544944981757e-03
-7.177987544944981757e-03
-7.177987544944981757e-03
-7.177987544944980890e-03
-7.177987544944981757e-03
-7.173866607874866859e-03
-7.173866607874866859e-03
-7.173866607874865992e-03
-7.175516386737620933e-03
-7.175241167936100527e-03
-7.175241167936103129e-03
-7.179037567069748021e-03
-7.178204183183154938e-03
-7.178181463362515516e-03
-7.178443627084164606e-03
-7.177601435169636036e-03
-7.178168874387188918e-03
-7.178718870568768715e-03
-7.178718870568769582e-03
-7.179528910831498890e-03
-7.177045250191301656e-03
-7.177044095492857156e-03
-7.177864539545763915e-03
-7.180344717458817146e-03
-7.178678935965506457e-03
-7.177043581159000402e-03
-7.178705143324672078e-03
-7.178705143324672945e-03
-7.178709649071651593e-03
-7.178705143324671210e-03
-7.178705143324672078e-03
-7.177872198615179063e-03
-7.177872198615175593e-03
-7.177872198615175593e-03
-7.177039069515298540e-03
-7.180611420031779261e-03
-7.182014547224563859e-03
-7.182014547224563859e-03
-7.182014547224563859e-03
-7.182014547224563859e-03
-7.176206110609663000e-03
-7.177022247874961791e-03
-7.177029584014418991e-03
-7.179864153594519259e-03
-7.178742995906229121e-03
-7.178742995906227387e-03
-7.178723300023700030e-03
-7.178742995906228254e-03
-7.180234799828685670e-03
-7.180234799828688272e-03
-7.180637112308347648e-03
-7.180637112308345914e-03
-7.180913834419775169e-03
-7.180557117321481261e-03
-7.179820878385644554e-03
-7.175356687840493686e-03
-7.175356687840493686e-03
-7.175908916810557966e-03
-7.180341297810694315e-03
-7.175366164352412618e-03
-7.174337646460013374e-03
-7.177893569629101994e-03
-7.177893566604959426e-03
-7.175377160903606555e-03
-7.174547502511343169e-03
-7.174837017257373363e-03
-7.175373490687814680e-03
-7.175375945799563129e-03
-7.175373490687817282e-03
-7.176200575253080180e-03
-7.177861637696539461e-03
-7.165238631270743133e-03
-7.165323459459531537e-03
-7.164481283629885525e-03
-7.164342348934168644e-03
-7.164340528310616553e-03
-7.165184490549952011e-03
-7.170034914077164263e-03
-7.170306755336646951e-03
-7.163542329180059252e-03
-7.163542329180060120e-03
-7.168971054012601360e-03
-7.168070106215824674e-03
-7.166908927065875068e-03
-7.166908927065874201e-03
-7.166063979351382403e-03
-7.164196286507303404e-03
-7.164196286507303404e-03
-7.164196286507304272e-03
-7.164196286507303404e-03
-7.165894016968062281e-03
-7.167884353799887191e-03
-7.166197471675573617e-03
-7.167040679237987426e-03
-7.168129558719823526e-03
-7.163802122526843202e-03
-7.162102413569619574e-03
-7.162102413569618707e-03
-7.162949603737252952e-03
-7.162102413569617840e-03
-7.160820226999572817e-03
-7.161259599658655745e-03
-7.162367523478274829e-03
-7.162367523478272227e-03
-7.162367523478274829e-03
-7.162367523478273094e-03
-7.159979025970699025e-03
-7.160830201208045857e-03
-7.160911903165839698e-03
-7.159223567675326166e-03
-7.159223567675325299e-03
-7.158374187946793879e-03
-7.156886000614573820e-03
-7.159535242903180934e-03
-7.158695131208541937e-03
-7.158695131208543672e-03
-7.168375327923461222e-03
-7.167536764327334456e-03
-7.168091607091979685e-03
-7.168363779939077376e-03
-7.161777970721518172e-03
-7.161781378586504904e-03
-7.164817386541556983e-03
-7.161414011506197531e-03
-7.160562542334464320e-03
-7.159181584203047621e-03
-7.159555813183890623e-03
-7.159555813183890623e-03
-7.159451302783378067e-03
-7.164547539451417840e-03
-7.181394366375999649e-03
-7.179972838637410128e-03
-7.154708006564139064e-03
-7.154768896218885281e-03
-7.154715262185497998e-03
-7.154715262185498865e-03
-7.155319523441628846e-03
-7.152959587291138864e-03
-7.151214315415361719e-03
-7.151214315415364321e-03
-7.151214315415366923e-03
-7.152980920360982493e-03
-7.151177586928930685e-03
-7.151181880917937932e-03
-7.151181880917937932e-03
-7.150288970057553685e-03
-7.151181880917937932e-03
-7.150297854380633852e-03
-7.152609563108493738e-03
-7.151735172345545163e-03
-7.151181880917936197e-03
-7.151181880917941401e-03
-7.150616718559634800e-03
-7.151569862359510171e-03
-7.154160772803208265e-03
-7.154222469524008227e-03
-7.156305063435945690e-03
-7.156305063435945690e-03
-7.156019450741513133e-03
-7.152178684219748055e-03
-7.156589137555885612e-03
-7.158063235058936824e-03
-7.153032678284209321e-03
-7.154353852968355250e-03
-7.155466766455793014e-03
-7.155466766455793014e-03
-7.155466766455793014e-03
-7.155696616899481603e-03
-7.154301456877327700e-03
-7.153705060021945533e-03
-7.154887929753889729e-03
-7.157999655984884427e-03
-7.156244652699469966e-03
-7.157105804478976901e-03
-7.156244652699469098e-03
-7.156244652699467364e-03
-7.156244652699468231e-03
-7.155758306570749600e-03
-7.155761449129212186e-03
-7.156933094838962943e-03
-7.157809679706646222e-03
-7.157809576795341744e-03
-7.156646730789970219e-03
-7.156646730789970219e-03
-7.156643304788523272e-03
-7.157552272628073947e-03
-7.157552272628074815e-03
-7.151178841407469962e-03
-7.152040892524668021e-03
-7.152931441566986494e-03
-7.152650822448713280e-03
-7.140944157347915711e-03
-7.140073915339301136e-03
-7.139460758351420105e-03
-7.139460758351417503e-03
-7.140805733987331920e-03
-7.140805733987332787e-03
-7.140805733987331920e-03
-7.140805733987331920e-03
-7.141690512595428794e-03
-7.138395568138083958e-03
-7.138395568138086560e-03
-7.137502892351406739e-03
-7.138392343956504252e-03
-7.139033558080033065e-03
-7.137769492516533171e-03
-7.139863052074251794e-03
-7.140774239010266346e-03
-7.140762491669883777e-03
-7.140762491669882910e-03
-7.139879922936142459e-03
-7.139868117021789563e-03
-7.140766134593436003e-03
-7.140451329136226870e-03
-7.138365451091698531e-03
-7.139269829718311589e-03
-7.141151126512005828e-03
-7.143759506909522564e-03
-7.143759506909522564e-03
-7.143759506909522564e-03
-7.143759506909521696e-03
-7.143759506909522564e-03
-7.143041523359351663e-03
-7.143320200647380533e-03
-7.143027499544722138e-03
-7.143023134718813442e-03
-7.141240489550717760e-03
-7.141240489550716893e-03
-7.141240489550718627e-03
-7.141532878448650541e-03
-7.141532878448651409e-03
-7.141532878448650541e-03
-7.141532878448652276e-03
-7.142399603805702282e-03
-7.139780368555644421e-03
-7.144751256725848446e-03
-7.143865152004947802e-03
-7.143865152004946935e-03
-7.144751717284518640e-03
-7.142960298093918754e-03
-7.146934732361260798e-03
-7.146934732361261665e-03
-7.147902041502288834e-03
-7.150717575527768682e-03
-7.150709919148041417e-03
-7.150029305285132697e-03
-7.150029305285134432e-03
-7.153340478936648372e-03
-7.153340478936646638e-03
-7.150421392076305137e-03
-7.150708309383786362e-03
-7.150708309383784628e-03
-7.150106095636971255e-03
-7.153289846078778394e-03
-7.154178181416457130e-03
-7.153400253815252532e-03
-7.153400253815253400e-03
-7.153400253815250798e-03
-7.151171871095747187e-03
-7.152133441406724294e-03
-7.152133441406725162e-03
-7.148809279508373804e-03
-7.151487529429507821e-03
-7.151575366071841536e-03
-7.151351622827507686e-03
-7.150483148575616232e-03
-7.144494077807437074e-03
-7.144492838265628469e-03
-7.159787798582498662e-03
-7.162214275116492168e-03
-7.161629534943082971e-03
-7.162516637345771493e-03
-7.163321692215823995e-03
-7.163321692215823995e-03
-7.163321692215826597e-03
-7.164295018078116473e-03
-7.163402706002020871e-03
-7.164291376161860056e-03
-7.164876137148035694e-03
-7.163998190849078275e-03
-7.165663653317341265e-03
-7.165541692807212738e-03
-7.165541692807213606e-03
-7.162922886120852428e-03
-7.162499294041068526e-03
-7.162375441795027116e-03
-7.162375816269558361e-03
-7.162375816269556626e-03
-7.161481837948642688e-03
-7.161481837948642688e-03
-7.164445272972891007e-03
-7.163533689420166495e-03
-7.163533689420164760e-03
-7.159383273232637970e-03
-7.160236410395232932e-03
-7.158769679923802746e-03
-7.159660038395477752e-03
-7.158769679923802746e-03
-7.156101580671237437e-03
-7.158213496610388304e-03
-7.156153941040599778e-03
-7.156159751091697996e-03
-7.158724859218103774e-03
-7.157568922051934374e-03
-7.156950223723946951e-03
-7.156119752569896873e-03
-7.157880108560261620e-03
-7.158762859462412635e-03
-7.158756126107978721e-03
-7.158514721958967805e-03
-7.157045647541556734e-03
-7.159692761492174491e-03
-7.157920377516689692e-03
-7.159685515615520600e-03
-7.159685515615521467e-03
-7.159685515615521467e-03
-7.159684267075112386e-03
-7.158835921054116334e-03
-7.158840875660603571e-03
-7.178175116390358469e-03
-7.174094047469962640e-03
4.419549149276873895e-02
4.409161321640401449e-02
4.714371223146592016e-02
4.714371223146592016e-02
4.715463438360890935e-02
4.715105026604742011e-02
4.713526723361801535e-02
4.714912653745769594e-02
4.717311249684776747e-02
4.716557605612441140e-02
4.712980524493576295e-02
4.712980524493576989e-02
4.712606624772192054e-02
4.712638549067045546e-02
4.702009818559483439e-02
4.701203553944257457e-02
4.707725246530873597e-02
4.700759771374344448e-02
4.705519437017895157e-02
4.706235057513225711e-02
4.708293779973541510e-02
4.708293779973540122e-02
4.706815356821145158e-02
4.706815356821143770e-02
4.702772360891056824e-02
4.704054421738007585e-02
4.706522703929320872e-02
4.705260981900254158e-02
4.705260981900255546e-02
4.700398280611713803e-02
4.700398280611714497e-02
4.712577016207443459e-02
4.710040245731792613e-02
4.710128114992320064e-02
4.706308703185819314e-02
4.704027374645690374e-02
4.705847944381087722e-02
4.712955413230449087e-02
4.713163723690698415e-02
4.712955413230449087e-02
4.715444047820594592e-02
4.716629018367962667e-02
4.716629018367963361e-02
4.715444047820595286e-02
4.715322144801275400e-02
4.719886033490146293e-02
4.716110364086446155e-02
4.715989961299674876e-02
4.718541704616070059e-02
4.713223681431524120e-02
4.707549340170490149e-02
4.710327564668369271e-02
4.716148556057766367e-02
4.716148556057766367e-02
4.716148556057765673e-02
4.721757601315156733e-02
4.718780845265400231e-02
4.721209168781945881e-02
4.717386902167697293e-02
4.717386902167697293e-02
4.717530637756819911e-02
4.717386902167702845e-02
4.717386902167702845e-02
4.713496165994178477e-02
4.717117169707610996e-02
4.718553262535123138e-02
4.717117169707611690e-02
4.719466783502672402e-02
4.709793415003796224e-02
4.712258794625947406e-02
4.712287357882574690e-02
4.714850558337556341e-02
4.714850558337556341e-02
4.712287357882573302e-02
4.741229821925755511e-02
4.741229821925755511e-02
4.738726735280097274e-02
4.738726735280100744e-02
4.738764233056740743e-02
4.740116416617530526e-02
4.737080797376448660e-02
4.737080797376446578e-02
4.737080797376448660e-02
4.736727401728521580e-02
4.737156465358866725e-02
4.742175262564653909e-02
4.737142928159662064e-02
4.734691603189009057e-02
4.734731786161293365e-02
4.728419754666120245e-02
4.730961779370562725e-02
4.728419754666119551e-02
4.735897010791854933e-02
4.735325020883661418e-02
4.724757700952292999e-02
4.724757700952292999e-02
4.733634917822423377e-02
4.737401823357905578e-02
4.735165080576937691e-02
4.733498267529928638e-02
4.733498267529930720e-02
4.743578365750157622e-02
4.739802015888452263e-02
4.740986674137059875e-02
4.742370494469062836e-02
4.742370494469063530e-02
4.742370494469063530e-02
4.744329975817686285e-02
4.744899852291301068e-02
4.746806758951890859e-02
4.741927982619312948e-02
4.743286087106091814e-02
4.743423356790932299e-02
4.738684863975138606e-02
4.736331515026091787e-02
4.736331515026089706e-02
4.736957269174724150e-02
4.736948240094458751e-02
4.736948357061079168e-02
4.736872255709562163e-02
4.699023353543699960e-02
4.705783193488813354e-02
4.700813866520238415e-02
4.694992667935985603e-02
4.698086725152150062e-02
4.730656361544968019e-02
4.727643674731020484e-02
4.726115052889433982e-02
4.730470330455653627e-02
4.725411821347674790e-02
4.700928681848407648e-02
4.700928681848407648e-02
4.705058417755147993e-02
4.701515413197538545e-02
4.695366310966014173e-02
4.692708438869045567e-02
4.692708438869043486e-02
4.695273581641367516e-02
4.623799119459384710e-02
4.623456441258291111e-02
4.621359557946716490e-02
4.623458870656102504e-02
4.618571757480890300e-02
4.607745208782996343e-02
4.607745208782994262e-02
4.607745208782996343e-02
4.609655811102065376e-02
4.611054502385995152e-02
4.610421207158377915e-02
4.607634103997508557e-02
4.605757108193854477e-02
4.606588214264185216e-02
4.606588214264185910e-02
4.606615641366948455e-02
4.608581177525376826e-02
4.608492520421932775e-02
4.608492520421932082e-02
4.608272149069893298e-02
4.602646800923158171e-02
4.602633623223458675e-02
4.601490842754644289e-02
4.601490842754644983e-02
4.601490842754647759e-02
4.601865224258699927e-02
4.601865224258702008e-02
4.599788466314265467e-02
4.600161067977059232e-02
4.603894906605263820e-02
4.607145761086450103e-02
4.607145761086449409e-02
4.608369874300823066e-02
4.605463791027495507e-02
4.605463791027496895e-02
4.607024326688628768e-02
4.606297532919478854e-02
4.606107804767017172e-02
4.606107804767017866e-02
4.607058609924224307e-02
4.608172989408591130e-02
4.608172989408589049e-02
4.606883336941805518e-02
4.606883336941806906e-02
4.607359675585580988e-02
4.615909222974236281e-02
4.615952346238785808e-02
4.609880920173681229e-02
4.610757103050543149e-02
4.608754354381217055e-02
4.610815301283108930e-02
4.611998652606238286e-02
4.613032976605060259e-02
4.613440205256253562e-02
4.613448518228411427e-02
4.614976738931296507e-02
4.624583749208629330e-02
4.623766673808118316e-02
4.620970980996350064e-02
4.617465335935562465e-02
4.617465335935564547e-02
4.617314694152724330e-02
4.617314694152725024e-02
4.613789377561084565e-02
4.612117043416651824e-02
4.612074870403039262e-02
4.610001657354051430e-02
4.611905647272115938e-02
4.610001657354051430e-02
4.617588480396303541e-02
4.609655697601856145e-02
4.609466753317718879e-02
4.609130243630785162e-02
4.612177116262752147e-02
4.609342952843684116e-02
4.630500216779073752e-02
4.630500216779073752e-02
4.613216456419846900e-02
4.615631096458891469e-02
4.615735960505423091e-02
4.617674819050316543e-02
4.619303262554780298e-02
4.619738467956639033e-02
4.615586993889697620e-02
4.617017709975786838e-02
4.617882003433217142e-02
4.617882003433215060e-02
4.612798171846927558e-02
4.610533907974654483e-02
4.610521110574748727e-02
4.611341971078394136e-02
4.609882706642355610e-02
4.617133051318073750e-02
4.617133051318075138e-02
4.615797538026229774e-02
4.617443354712279235e-02
4.620746019853261277e-02
4.618811431574337822e-02
4.618811431574336435e-02
4.618811431574338516e-02
4.618795989353796649e-02
4.620691662059171062e-02
4.619627108352467731e-02
4.620695644399346047e-02
4.621759780474080093e-02
4.621759780474082174e-02
4.620844579456862000e-02
4.618391909603771633e-02
4.618626145399104543e-02
4.618626145399105237e-02
4.620678717533945740e-02
4.622417275503262063e-02
4.610345316694932499e-02
4.608626949740176476e-02
4.608626949740177864e-02
4.608613308777703699e-02
4.608613152801381563e-02
4.608613152801382951e-02
4.602406418667642080e-02
4.599663463289443976e-02
4.599200171548175481e-02
4.597487858301346070e-02
4.599218874180256711e-02
4.599218874180256711e-02
4.612127390444047126e-02
4.606573013904117359e-02
4.606543094098111690e-02
4.606543094098111690e-02
4.603161142901142366e-02
4.627405775118709902e-02
4.627405775118709208e-02
4.632371852883943736e-02
4.632371852883944430e-02
4.635455078810965523e-02
4.632552969392635112e-02
4.633041712064956547e-02
4.614093520460297443e-02
4.616140775654828388e-02
4.614107058329666028e-02
4.614107058329665334e-02
4.614107058329664640e-02
4.614107058329665334e-02
4.616114689579909475e-02
4.612270212715113837e-02
4.612270212715113143e-02
4.612270212715113837e-02
4.613879247929435906e-02
4.610032479187881754e-02
4.610032479187882448e-02
4.616694111170992210e-02
4.616677354706079373e-02
4.616948474227584170e-02
4.611662988414502728e-02
4.613868956968183305e-02
4.615115696335525541e-02
4.615115696335525541e-02
4.615115696335524847e-02
4.618443659967252923e-02
4.618443659967252923e-02
4.620927580643820198e-02
4.618047293275046733e-02
4.619272704692125447e-02
4.618471099755774162e-02
4.616790140636129608e-02
4.618146433062866874e-02
4.617281632944170155e-02
4.615237934235726092e-02
4.614836965724972151e-02
4.617256801654923831e-02
4.617256801654926607e-02
4.616847585619582306e-02
4.607353280595120198e-02
4.605336016929217902e-02
4.609273407068495421e-02
4.608630157240432845e-02
4.608787332914066059e-02
4.608787332914067447e-02
4.604301350570897539e-02
4.606230711097238084e-02
4.613506419277377257e-02
4.610706275533844878e-02
4.610989940001671006e-02
4.613015554678206315e-02
4.612720556267044941e-02
4.612732514454909172e-02
4.608797118654373720e-02
4.608797118654371638e-02
4.608797118654371638e-02
4.607864316605806559e-02
4.607864316605806559e-02
4.606830060904104629e-02
4.606885253304263822e-02
4.608901963336251711e-02
4.606885253304262434e-02
4.606885253304262434e-02
4.606047874357234451e-02
4.606061424475315497e-02
4.606047874357234451e-02
4.606014399404379650e-02
4.618454112388964417e-02
4.611340722156392902e-02
4.618647622448490003e-02
4.621669197249977240e-02
4.619638478583348168e-02
4.616014315165709730e-02
4.616014315165711812e-02
4.616014315165711812e-02
4.616014315165711812e-02
4.618494625522052283e-02
4.609418931209192244e-02
4.604467516172213587e-02
4.604467516172213587e-02
4.613234387415585114e-02
4.611274475157341179e-02
4.616203862380932610e-02
4.614147907674966131e-02
4.615676186466491360e-02
4.609367448666199657e-02
4.609367448666198963e-02
4.608375279999902402e-02
4.608375279999902402e-02
4.606321776818617098e-02
4.606321776818617098e-02
4.605573011650875709e-02
4.621282058542048460e-02
4.621282058542047766e-02
4.618292340591573925e-02
4.618292340591573231e-02
4.618292340591575312e-02
4.618301682510589368e-02
4.618301682510588674e-02
4.618322999667925227e-02
4.618301682510589368e-02
4.619101125456578222e-02
4.618292340591572537e-02
4.612607482020464333e-02
4.612607482020464333e-02
4.612607482020464333e-02
4.619856107420305946e-02
4.619234091706000966e-02
4.602699633689164710e-02
4.599710452058000665e-02
4.597671140338630696e-02
4.607683636147950901e-02
4.607683636147951595e-02
4.605777605363119143e-02
4.609750594177187966e-02
4.609750594177185884e-02
4.609790581010971000e-02
4.603588004848882531e-02
4.600255001851386721e-02
4.602464407533200796e-02
4.604930800949566527e-02
4.604930800949566527e-02
4.604930800949566527e-02
4.606251364648591973e-02
4.610699280018917823e-02
4.605749684928248100e-02
4.605859728181142809e-02
4.605749684928246712e-02
4.586631357579601387e-02
4.589292742046052753e-02
4.586219699653702742e-02
