-1.378727494613107146e-02
-1.378727494613245230e-02
-1.374584716453364219e-02
-1.374584716453097766e-02
-1.374584716453178604e-02
-1.374584716453150675e-02
-1.378727494613115993e-02
-1.374584716453143389e-02
-1.374584716453154144e-02
-1.378727494613108361e-02
-1.374584716453139399e-02
-1.374584716453154318e-02
-1.374584716453153971e-02
-1.374584716453142869e-02
-1.391873767923510093e-02
-1.391873767923516338e-02
-1.391873767923516685e-02
-1.391873767923519807e-02
-1.375036447137681014e-02
-1.375036447137681014e-02
-1.383364989102185520e-02
-1.387561585338868524e-02
-1.387561585338864707e-02
-1.387561585338867830e-02
-1.383364989102185694e-02
-1.387686818874354910e-02
-1.383364989102177367e-02
-1.382480623835322109e-02
-1.382480623835323497e-02
-1.386675996645221967e-02
-1.386675996645230641e-02
-1.382471905652696981e-02
-1.382471905652696981e-02
-1.378286175060845602e-02
-1.378286175060854102e-02
-1.378286175060852194e-02
-1.378286175060857745e-02
-1.382467671438361058e-02
-1.378286175060852194e-02
-1.378286175060848724e-02
-1.378286175060857745e-02
-1.370817486282689852e-02
-1.370817486282686903e-02
-1.399549909381026837e-02
-1.399549909381026663e-02
-1.399549909381024408e-02
-1.391033196602648424e-02
-1.391033196602645301e-02
-1.391033196602645301e-02
-1.391033196602645301e-02
-1.391033196602645301e-02
-1.391033196602648424e-02
-1.391033196602654148e-02
-1.386815346069504573e-02
-1.391151240142147680e-02
-1.386815346069512900e-02
-1.386815346069507522e-02
-1.386815346069498502e-02
-1.386815346069498328e-02
-1.391033196602642873e-02
-1.386815346069497808e-02
-1.386815346069497287e-02
-1.399555823578677548e-02
-1.399555823578677548e-02
-1.399555823578677548e-02
-1.399555823578673037e-02
-1.403854079440184678e-02
-1.399555823578669915e-02
-1.399555807159866619e-02
-1.403831474155615121e-02
-1.403831474155631601e-02
-1.403854112214838502e-02
-1.399555872661880154e-02
-1.399555872661882756e-02
-1.403854112214829829e-02
-1.399555872661879634e-02
-1.439117638171837944e-02
-1.439117638171838812e-02
-1.439117638171839159e-02
-1.439117638171838812e-02
-1.439117638171840199e-02
-1.448181944894261046e-02
-1.439117638171842281e-02
-1.439117638171837771e-02
-1.439117638171837250e-02
-1.439117638171837771e-02
-1.443644303674600053e-02
-1.439117638171839506e-02
-1.439117638171838638e-02
-1.443636296167965551e-02
-1.448182218005282691e-02
-1.443636296167967112e-02
-1.439117638171841587e-02
-1.439117638171841587e-02
-1.443644616770536730e-02
-1.439117638171840720e-02
-1.439117638171840546e-02
-1.439117638171841587e-02
-1.439117638171845924e-02
-1.439117638171840199e-02
-1.439117638171841761e-02
-1.443644138222897541e-02
-1.443644138222896674e-02
-1.443644138222892337e-02
-1.439117638171840199e-02
-1.439117638171840373e-02
-1.443644138222892163e-02
-1.443644138222894766e-02
-1.443644138222898408e-02
-1.443644138222900317e-02
-1.443644138222898582e-02
-1.439117638171840373e-02
-1.439117638171844710e-02
-1.443644191940373321e-02
-1.448200350796185164e-02
-1.448200350796184470e-02
-1.448200350796184817e-02
-1.443644191940373321e-02
-1.443644191940368464e-02
-1.443644191940367597e-02
-1.443652076713950946e-02
-1.443652076713951640e-02
-1.443644191940368811e-02
-1.457505474882596699e-02
-1.457505474882596352e-02
-1.462115836920992694e-02
-1.466794879749950230e-02
-1.462115836920987316e-02
-1.462115836920989224e-02
-1.471489147201456363e-02
-1.462115836920986449e-02
-1.462115836920981765e-02
-1.462115836920983326e-02
-1.462115836920986969e-02
-1.462115836920986969e-02
-1.443765400470782730e-02
-1.443765400470784638e-02
-1.443765400470784985e-02
-1.443765400470788107e-02
-1.443765400470785505e-02
-1.443797181338372579e-02
-1.434742772601620142e-02
-1.434742772601623785e-02
-1.434742772601623959e-02
-1.443797181338373099e-02
-1.439255105895689661e-02
-1.425884770744169881e-02
-1.443655342567485428e-02
-1.443655342567480918e-02
-1.431502807576690191e-02
-1.434457010427694912e-02
-1.434457010427694912e-02
-1.434457010427695779e-02
-1.434457010427695779e-02
-1.437611489556225516e-02
-1.437611489556225516e-02
-1.437611489556225863e-02
-1.434457010427695779e-02
-1.440780735090702730e-02
-1.440780735090702210e-02
-1.434643231044335082e-02
-1.434643231044335776e-02
-1.434643231044335256e-02
-1.434643231044334909e-02
-1.434643231044334041e-02
-1.434643231044335776e-02
-1.434643231044336296e-02
-1.434643231044335776e-02
-1.434643231044334562e-02
-1.437760595425486253e-02
-1.437760595425486253e-02
-1.437760595425485906e-02
-1.440930279222191017e-02
-1.437812385990767591e-02
-1.437812385990767071e-02
-1.437812385990767591e-02
-1.415918067668904372e-02
-1.415918067668904372e-02
-1.418995712680065462e-02
-1.418995712680063727e-02
-1.418995712680065288e-02
-1.422084987788549415e-02
-1.422084987788549762e-02
-1.422087487757991986e-02
-1.422087487757993374e-02
-1.422087487757992506e-02
-1.418995712680065288e-02
-1.422087479284873425e-02
-1.422087479284872211e-02
-1.422087479284870823e-02
-1.418995720997351384e-02
-1.418995720997350690e-02
-1.418952734095283580e-02
-1.418995720997351731e-02
-1.418995720997351731e-02
-1.422087487730367555e-02
-1.425193575115276182e-02
-1.418995720997351558e-02
-1.418995670762789388e-02
-1.418995670762789041e-02
-1.418995670762788520e-02
-1.418995670762790255e-02
-1.418995670762789735e-02
-1.418995670762790082e-02
-1.418995670762789735e-02
-1.425261169137951277e-02
-1.425261169137952318e-02
-1.425261169137952318e-02
-1.428371876635013693e-02
-1.425261169137951450e-02
-1.428372054047011286e-02
-1.431497138506061632e-02
-1.428330213034524100e-02
-1.428330213034523753e-02
-1.428330213034523406e-02
-1.428330213034523927e-02
-1.431454770720776842e-02
-1.431454770720775801e-02
-1.431454770720775801e-02
-1.431497002076458254e-02
-1.428371994559094610e-02
-1.425261417668126536e-02
-1.425261417668126536e-02
-1.425261417668126536e-02
-1.422164718053828096e-02
-1.425257567054061085e-02
-1.419082542535950522e-02
-1.419082542535950696e-02
-1.419082542535950869e-02
-1.419082542535950002e-02
-1.419082542535950522e-02
-1.419082542535949135e-02
-1.419082542535950175e-02
-1.419082542535950696e-02
-1.419082542535950696e-02
-1.419082542535950696e-02
-1.419082542535950869e-02
-1.422164718053826708e-02
-1.422164726446419579e-02
-1.425261143825030247e-02
-1.422164718053829137e-02
-1.419082542535950522e-02
-1.419082542535950696e-02
-1.419082542535950696e-02
-1.419082542535950002e-02
-1.419082542535950696e-02
-1.428074066377328470e-02
-1.428074066377328991e-02
-1.428074066377328991e-02
-1.431208318151423221e-02
-1.431208318151422701e-02
-1.431208318151421660e-02
-1.431208318151422007e-02
-1.431208318151421660e-02
-1.431208318151422181e-02
-1.434357110144969701e-02
-1.434357110144969007e-02
-1.434357110144969874e-02
-1.431208421638816009e-02
-1.431208421638817223e-02
-1.431208421638816876e-02
-1.431208421638816529e-02
-1.431208421638816182e-02
-1.431208421638817223e-02
-1.434357205288968283e-02
-1.434357205288968110e-02
-1.437520691426923992e-02
-1.434357205288967242e-02
-1.434357274531945087e-02
-1.437520830470936407e-02
-1.437520830470935367e-02
-1.428655389467692848e-02
-1.428073965097368357e-02
-1.428073965097368704e-02
-1.428073965097367490e-02
-1.428073965097367490e-02
-1.428073965097367663e-02
-1.428073965097368010e-02
-1.434357101741039545e-02
-1.428073989234837117e-02
-1.431208223529014528e-02
-1.428073989234836597e-02
-1.428073989234836076e-02
-1.428073989234836423e-02
-1.428073989234836597e-02
-1.428073989234836076e-02
-1.428073989234836076e-02
-1.428073989234836076e-02
-1.428073989234836076e-02
-1.434357248325130764e-02
-1.434357248325130244e-02
-1.431208326662622606e-02
-1.428362072452060184e-02
-1.428362072452058623e-02
-1.428362072452060184e-02
-1.428362072452060184e-02
-1.425250821545177501e-02
-1.425250821545177848e-02
-1.425250821545177328e-02
-1.425250821545177675e-02
-1.425250821545177675e-02
-1.428362072452059144e-02
-1.428362072452060358e-02
-1.428362072452060358e-02
-1.425250762359182854e-02
-1.431491069886072810e-02
-1.440958502950888225e-02
-1.444143654875185319e-02
-1.440958502950888571e-02
-1.440958502950888745e-02
-1.434632642912855860e-02
-1.434632642912855686e-02
-1.434632642912856033e-02
-1.434632642912855686e-02
-1.437787860941513833e-02
-1.444142592475010888e-02
-1.437787965242437807e-02
-1.437787965242436246e-02
-1.440957841600101416e-02
-1.440957841600101763e-02
-1.437787965242437460e-02
-1.437787965242438327e-02
-1.437787965242437981e-02
-1.437787965242437807e-02
-1.447337441962985236e-02
-1.447337441962985236e-02
-1.440956396530309984e-02
-1.440956396530310851e-02
-1.440956396530311545e-02
-1.444050616812819418e-02
-1.444050616812818898e-02
-1.447260058064387886e-02
-1.444138935577193340e-02
-1.444138935577192646e-02
-1.444138935577192646e-02
-1.444138944389293348e-02
-1.447336134570090076e-02
-1.444138935577193167e-02
-1.444138935577193167e-02
-1.444138935577194208e-02
-1.444129381019720881e-02
-1.444129381019719147e-02
-1.444129381019719841e-02
-1.444129381019719147e-02
-1.444129381019720534e-02
-1.444129381019719841e-02
-1.447325352255351277e-02
-1.447325352255349890e-02
-1.447325352255351798e-02
-1.447325352255349890e-02
-1.450536303611746868e-02
-1.447325352255349890e-02
-1.447325352255350930e-02
-1.444129381019719841e-02
-1.444129381019719494e-02
-1.444129381019720881e-02
-1.437788728293618555e-02
-1.437788728293618902e-02
-1.440952851546432704e-02
-1.440952851546432184e-02
-1.440952851546431490e-02
-1.444143556623658613e-02
-1.437789422992755833e-02
-1.437789422992755833e-02
-1.437789422992756007e-02
-1.437789422992756354e-02
-1.441255834131657462e-02
-1.441255834131656768e-02
-1.438079027351245147e-02
-1.438079027351244626e-02
-1.438076743803478122e-02
-1.438076743803478642e-02
-1.438076743803479163e-02
-1.438076743803480030e-02
-1.438076743803480030e-02
-1.438076743803479857e-02
-1.441269032789877988e-02
-1.441269032789878508e-02
-1.441269032789878161e-02
-1.441269032789878161e-02
-1.441269032789879029e-02
-1.441269032789877988e-02
-1.419302650464081793e-02
-1.419302650464082487e-02
-1.419302650464081966e-02
-1.419302650464081446e-02
-1.416216444660836279e-02
-1.416216444660836279e-02
-1.416216444660834892e-02
-1.416216444660836279e-02
-1.416216444660836279e-02
-1.416216444660836973e-02
-1.416216444660836800e-02
-1.416216444660835933e-02
-1.434937806085478766e-02
-1.438116553263455583e-02
-1.438116553263455583e-02
-1.434937806085479807e-02
-1.441307217346209958e-02
-1.438124908829003026e-02
-1.438124908829002853e-02
-1.438124908829003026e-02
-1.438124908829002853e-02
-1.438124908829001812e-02
-1.438124908829002159e-02
-1.438124908829003720e-02
-1.438124908829001986e-02
-1.441312636603946963e-02
-1.438124908829002506e-02
-1.434978156845523323e-02
-1.434978156845523323e-02
-1.434928604899017059e-02
-1.431761984533787627e-02
-1.431761984533787280e-02
-1.434928604899016885e-02
-1.431761984533787106e-02
-1.434928604899017926e-02
-1.434928604899017579e-02
-1.434928604899018967e-02
-1.434928604899018446e-02
-1.434928604899016885e-02
-1.434942787335978520e-02
-1.434942787335979561e-02
-1.434942787335978520e-02
-1.434944616920848411e-02
-1.434944616920849278e-02
-1.434964271919539867e-02
-1.438143876013745111e-02
-1.438143902042708644e-02
-1.438143902042708817e-02
-1.438143902042708644e-02
-1.438143902042708644e-02
-1.438143902042708644e-02
-1.438143902042709685e-02
-1.441281084024488221e-02
-1.441281084024488221e-02
-1.441323994608086079e-02
-1.434978326670387563e-02
-1.434978326670387390e-02
-1.434978326670388951e-02
-1.441308023337533988e-02
-1.444513106357843760e-02
-1.444513106357843760e-02
-1.434942779111490763e-02
-1.434942779111492497e-02
-1.438117901932412131e-02
-1.434942779111490763e-02
-1.434942700137794777e-02
-1.431782356077953774e-02
-1.431782356077954121e-02
-1.431782356077952387e-02
-1.431782356077953081e-02
-1.431782356077954121e-02
-1.431782356077953428e-02
-1.431782356077953428e-02
-1.434942700137794430e-02
-1.431782356077954121e-02
-1.431782356077952213e-02
-1.431782356077953254e-02
-1.431782356077954121e-02
-1.431782356077953428e-02
-1.434931891532780814e-02
-1.434931891532781160e-02
-1.434938720777054373e-02
-1.447643329108334702e-02
-1.441229933504802919e-02
-1.441229933504802573e-02
-1.441229933504802226e-02
-1.438124080510401297e-02
-1.441315345155270815e-02
-1.438124080510401470e-02
-1.441314239438019895e-02
-1.441314239438018854e-02
-1.441314239438017814e-02
-1.441314239438018854e-02
-1.441314239438018854e-02
-1.447739603320015792e-02
-1.447739603320016138e-02
-1.441314239438018507e-02
-1.441314239438018854e-02
-1.434973273631223040e-02
-1.434973273631223734e-02
-1.434973273631223040e-02
-1.434973273631221825e-02
-1.444533654772495873e-02
-1.444533654772497087e-02
-1.447740925712264620e-02
-1.445153514515086501e-02
-1.445153514515088583e-02
-1.444534754833706920e-02
-1.444534754833707961e-02
-1.444534754833707961e-02
-1.444534754833706400e-02
-1.444534754833706920e-02
-1.447741256138979603e-02
-1.447741256138979603e-02
-1.444534754833706400e-02
-1.444534754833706400e-02
-1.444534754833705706e-02
-1.454120322147994977e-02
-1.450884040441495146e-02
-1.454120322147994110e-02
-1.450962901545595381e-02
-1.447741256138980297e-02
-1.450946542164061916e-02
-1.450946542164061916e-02
-1.454172343470695045e-02
-1.454172343470695045e-02
-1.454172343470694351e-02
-1.454193886643216117e-02
-1.441342849940986486e-02
-1.441342849940987179e-02
-1.441342849940986486e-02
-1.441342849940986486e-02
-1.447498835064711838e-02
-1.447498835064713052e-02
-1.447498835064714093e-02
-1.447498835064712878e-02
-1.447498835064712358e-02
-1.447783277115769623e-02
-1.444572488529709785e-02
-1.451003783599205330e-02
-1.451003783599205330e-02
-1.451003783599203942e-02
-1.447783277115769623e-02
-1.447783277115769623e-02
-1.447783277115770144e-02
-1.447783277115769623e-02
-1.444572444152546382e-02
-1.444572444152546382e-02
-1.444572444152545862e-02
-1.444572444152545862e-02
-1.444572444152545515e-02
-1.444572444152545862e-02
-1.444572444152545168e-02
-1.444572444152545168e-02
-1.444572444152544995e-02
-1.444572444152545168e-02
-1.451009132750874682e-02
-1.451009132750874335e-02
-1.451009627414868476e-02
-1.454239654844273998e-02
-1.450998585208829357e-02
-1.450998585208829357e-02
-1.447792092264127937e-02
-1.450998594125503353e-02
-1.450998594125503353e-02
-1.450998594125502833e-02
-1.454261187196465716e-02
-1.454261187196466583e-02
-1.451014152193958080e-02
-1.450998612309132782e-02
-1.450998612309133476e-02
-1.450998612309133823e-02
-1.450998612309133302e-02
-1.444572450558831087e-02
-1.444572450558832127e-02
-1.444572450558831087e-02
-1.444572450558831087e-02
-1.444572450558831433e-02
-1.444572450558832474e-02
-1.444572450558832821e-02
-1.450113693491680150e-02
-1.447783221236961966e-02
-1.451009174981462979e-02
-1.451009174981462806e-02
-1.447782910703779118e-02
-1.441363403666258251e-02
-1.441363403666258251e-02
-1.441363403666258598e-02
-1.441363403666257904e-02
-1.441363403666258772e-02
-1.441368245536528425e-02
-1.441368245536528425e-02
-1.441368245536528078e-02
-1.447790770814601224e-02
-1.447790770814601224e-02
-1.447790770814600878e-02
-1.447790770814599143e-02
-1.447790770814599837e-02
-1.438178992111282216e-02
-1.431845741533008948e-02
-1.435004936160793818e-02
-1.438179018505681382e-02
-1.441367953032836151e-02
-1.422989296920408771e-02
-1.422989296920406342e-02
-1.422989296920407210e-02
-1.425928078788896679e-02
-1.425928078788897546e-02
-1.422989296920408250e-02
-1.428887113932884867e-02
-1.428887113932884347e-02
-1.428887113932884173e-02
-1.425935991398514201e-02
-1.425935991398514201e-02
-1.425935991398513333e-02
-1.428887113932884867e-02
-1.425937113919479617e-02
-1.425937113919479443e-02
-1.422989616374432768e-02
-1.425928482502825806e-02
-1.425928482502824765e-02
-1.425928482502824592e-02
-1.422989639043765846e-02
-1.416951307089117998e-02
-1.416951307089117131e-02
-1.425928528028471733e-02
-1.428880311295573254e-02
-1.425928528028471733e-02
-1.425928528028472253e-02
-1.420095076054258589e-02
-1.436672818248403531e-02
-1.436672818248404572e-02
-1.436672818248404572e-02
-1.436672818248404399e-02
-1.433671153980976831e-02
-1.431847079545098614e-02
-1.431847079545098093e-02
-1.431847079545098614e-02
-1.434801739151734049e-02
-1.434801739151734049e-02
-1.434801739151734222e-02
-1.431847079545098614e-02
-1.431847079545098093e-02
-1.431847079545096532e-02
-1.431847079545096532e-02
-1.434826818915153034e-02
-1.434826818915153034e-02
-1.431847079545098093e-02
-1.431847079545098440e-02
-1.431847079545097920e-02
-1.431847079545098093e-02
-1.431847079545096532e-02
-1.431847079545097053e-02
-1.431847079545098440e-02
-1.431847079545097746e-02
-1.431847079545097573e-02
-1.431847079545098440e-02
-1.431847079545098267e-02
-1.431847079545098093e-02
-1.425956776640428109e-02
-1.422988889673581885e-02
-1.422989101839511154e-02
-1.422989101839513236e-02
-1.422989101839512369e-02
-1.422989101839513930e-02
-1.422989101839513409e-02
-1.422924614764872406e-02
-1.422989131602473735e-02
-1.422990141585742975e-02
-1.422990141585742975e-02
-1.422990141585744189e-02
-1.420063264590395828e-02
-1.420063264590396349e-02
-1.420063264590396349e-02
-1.422989101839512716e-02
-1.422989101839512716e-02
-1.422989101839511501e-02
-1.422989101839511675e-02
-1.422989101839513409e-02
-1.428887188860474174e-02
-1.428887188860475735e-02
-1.428887188860474694e-02
-1.428887188860474174e-02
-1.431848636202034952e-02
-1.431848636202035993e-02
-1.428887188860474174e-02
-1.425927883849089153e-02
-1.414247802036993837e-02
-1.414247802036993316e-02
-1.411359511792438862e-02
-1.411359511792439035e-02
-1.417148699599540124e-02
-1.414247809444827038e-02
-1.414247809444827385e-02
-1.414247809444827385e-02
-1.417067552082803931e-02
-1.417067552082804452e-02
-1.422984025776841306e-02
-1.422984025776841306e-02
-1.425922907298536255e-02
-1.422984025776841827e-02
-1.425840392905317403e-02
-1.425840392905317056e-02
-1.425840392905318617e-02
-1.428791973082012279e-02
-1.425840392905317403e-02
-1.425840392905317576e-02
-1.431847295755759100e-02
-1.431847295755760661e-02
-1.417146829805574458e-02
-1.420018741404743129e-02
-1.420018741404743476e-02
-1.417146829805575325e-02
-1.420059544905631632e-02
-1.420059544905631632e-02
-1.420059544905631632e-02
-1.420059544905630071e-02
-1.420059544905631632e-02
-1.422974835192863420e-02
-1.422974835192862379e-02
-1.420060437655000160e-02
-1.417146829805574632e-02
-1.417146829805574632e-02
-1.417146829805574632e-02
-1.417146829805574285e-02
-1.417146829805574458e-02
-1.422985026300023666e-02
-1.422985026300023839e-02
-1.425923267249578318e-02
-1.422985026300022798e-02
-1.422985018746649073e-02
-1.422985018746649073e-02
-1.422985018746650461e-02
-1.422985018746649767e-02
-1.422985018746649594e-02
-1.420059619965025229e-02
-1.420059619965024708e-02
-1.420059619965025229e-02
-1.420059619965026096e-02
-1.420059619965026790e-02
-1.420059544905631632e-02
-1.420059544905631632e-02
-1.420059544905631979e-02
-1.420059544905631632e-02
-1.417146829805574978e-02
-1.417102015470505551e-02
-1.417102015470505204e-02
-1.420019673148371735e-02
-1.417146829805574285e-02
-1.417146829805574978e-02
-1.420059544905633193e-02
-1.445266655466752488e-02
-1.445266655466753529e-02
-1.445266655466752835e-02
-1.448295906011655941e-02
-1.445266655466754049e-02
-1.445266655466754570e-02
-1.445266655466755090e-02
-1.454395075849386314e-02
-1.454395075849386314e-02
-1.457464912677785239e-02
-1.454395075849385793e-02
-1.454395075849385793e-02
-1.454395075849385793e-02
-1.454395075849385273e-02
-1.454395075849385273e-02
-1.454395075849385273e-02
-1.454395075849385273e-02
-1.454395075849385446e-02
-1.454395075849385446e-02
-1.454395075849384752e-02
-1.464936226259805352e-02
-1.455726803531968289e-02
-1.455726803531966727e-02
-1.455726803531967768e-02
-1.455726803531968289e-02
-1.455726803531967942e-02
-1.458810027938404509e-02
-1.458811224674821591e-02
-1.455726803531968115e-02
-1.455721544952631036e-02
-1.455721544952632424e-02
-1.452650901329440372e-02
-1.455721544952632944e-02
-1.458811241114119431e-02
-1.455749382726142550e-02
-1.458811241114119431e-02
-1.455726803657561054e-02
-1.455726803657561748e-02
-1.455726803657561054e-02
-1.455726803657560534e-02
-1.465022375903827882e-02
-1.465022375903827882e-02
-1.468148826489139129e-02
-1.468148826489139303e-02
-1.465022392518878364e-02
-1.458811651279121914e-02
-1.449364827342950780e-02
-1.449364827342951301e-02
-1.446559258425985338e-02
-1.446559258425985338e-02
-1.446559258425987073e-02
-1.446559258425986032e-02
-1.446559258425986379e-02
-1.446559258425986032e-02
-1.449600016305967534e-02
-1.449600016305967534e-02
-1.464977556559247419e-02
-1.464977556559247419e-02
-1.468100317725867278e-02
-1.464940146899479032e-02
-1.474370046831636333e-02
-1.471224020998018571e-02
-1.471224020998017357e-02
-1.471224020998018744e-02
-1.471224020998019265e-02
-1.471224020998019265e-02
-1.477530414976978984e-02
-1.471224020998018571e-02
-1.471224020998017183e-02
-1.487098318523421246e-02
-1.487098318523417603e-02
-1.455700434751752009e-02
-1.455700434751752356e-02
-1.455700434751752877e-02
-1.465005181967207921e-02
-1.465005181967207228e-02
-1.468127321695088597e-02
-1.468127321695088250e-02
-1.465005181967207921e-02
-1.465005181967207921e-02
-1.465005181967207921e-02
-1.465005181967207921e-02
-1.465005181967207228e-02
-1.461864650134175360e-02
-1.464967358455719106e-02
-1.461864467942012615e-02
-1.461864467942012268e-02
-1.461864467942012615e-02
-1.461864476141456343e-02
-1.461864476141454261e-02
-1.461864476141455649e-02
-1.461864476141456516e-02
-1.461864476141455996e-02
-1.461864476141456516e-02
-1.464967142896345456e-02
-1.461865795533497797e-02
-1.461865795533499011e-02
-1.449622264408445722e-02
-1.452673037579084968e-02
-1.452673037579084968e-02
-1.452673037579084447e-02
-1.449622264408446416e-02
-1.449622264408445722e-02
-1.449622264408447457e-02
-1.458815724447472609e-02
-1.455737525836354671e-02
-1.455737525836355885e-02
-1.455737525836355191e-02
-1.458815692073977231e-02
-1.455737501631686019e-02
-1.455737493527395517e-02
-1.452673077855505535e-02
-1.455737493527395517e-02
-1.452673077855505882e-02
-1.452673077855505882e-02
-1.449622264408445549e-02
-1.449622264408446416e-02
-1.446584747666848983e-02
-1.446584747666848809e-02
-1.446584747666848809e-02
-1.455693019340067312e-02
-1.452638938716077979e-02
-1.452638938716077285e-02
-1.452638938716077459e-02
-1.458768856050886992e-02
-1.458768856050885951e-02
-1.452600676541750645e-02
-1.452600676541751165e-02
-1.452600676541752379e-02
-1.452600676541752379e-02
-1.452600676541750645e-02
-1.449549683448235829e-02
-1.455620787184688618e-02
-1.455620787184688618e-02
-1.452566977707575417e-02
-1.452566977707574897e-02
-1.452566977707573682e-02
-1.452566977707574203e-02
-1.461769500387570010e-02
-1.461769500387571225e-02
-1.461769500387570878e-02
-1.461769500387571225e-02
-1.449587409411047176e-02
-1.449587409411047696e-02
-1.452627803268063435e-02
-1.449587409411047176e-02
-1.446560324742735514e-02
-1.446560324742735514e-02
-1.455705254622419870e-02
-1.461858691844706605e-02
-1.461858691844707299e-02
-1.455705254622419870e-02
-1.455705254622420217e-02
-1.455705254622419870e-02
-1.455705254622420217e-02
-1.455705254622420217e-02
-1.455705254622419349e-02
-1.458778440594987562e-02
-1.455705254622419870e-02
-1.455705254622419176e-02
-1.449587565403834266e-02
-1.461831867045066194e-02
-1.461831867045066020e-02
-1.477001901944446569e-02
-1.477001901944446915e-02
-1.452638735641597484e-02
-1.455693439970894704e-02
-1.473272654118707933e-02
-1.476381327317733382e-02
-1.476381327317731994e-02
-1.476381327317733382e-02
-1.473272654118707413e-02
-1.479533882409669356e-02
-1.473272654118706719e-02
-1.473272654118707760e-02
-1.473272654118707760e-02
-1.473272654118707239e-02
-1.473272654118706372e-02
-1.473272654118707760e-02
-1.473272654118707760e-02
-1.473326981534518049e-02
-1.476484947287689045e-02
-1.476484947287690259e-02
-1.476484947287689219e-02
-1.476484947287688698e-02
-1.476484947287686963e-02
-1.471174951812317597e-02
-1.471174951812317597e-02
-1.474306098252596738e-02
-1.471174951812316556e-02
-1.471174951812317076e-02
-1.471174951812318117e-02
-1.474315923829666412e-02
-1.474315923829665545e-02
-1.465615067329913146e-02
-1.468728028458149600e-02
-1.468728028458148038e-02
-1.468728028458149600e-02
-1.468728028458148559e-02
-1.468728028458149079e-02
-1.468728028458150467e-02
-1.471865092381093552e-02
-1.465685969145803097e-02
-1.468728028458149079e-02
-1.468728028458149079e-02
-1.468728028458148559e-02
-1.471865092381094593e-02
-1.468728028458148906e-02
-1.468728028458150640e-02
-1.465615067329913840e-02
-1.465615067329913146e-02
-1.465615067329913319e-02
-1.465615067329912452e-02
-1.468739235328158851e-02
-1.468739235328158851e-02
-1.468739235328158851e-02
-1.468739235328159545e-02
-1.487856724247875462e-02
-1.487856724247874594e-02
-1.487856724247874768e-02
-1.487856724247874594e-02
-1.487856724247874768e-02
-1.487856724247873727e-02
-1.487856724247874941e-02
-1.487856724247875115e-02
-1.487938137992472765e-02
-1.491085333303441944e-02
-1.491085333303442291e-02
-1.487856724247874941e-02
-1.487856724247873207e-02
-1.487856724247872860e-02
-1.487856724247871819e-02
-1.478192793014594837e-02
-1.475027809934347824e-02
-1.475027809934346609e-02
-1.475027809934345395e-02
-1.475027809934345915e-02
-1.468740877246148616e-02
-1.478256356213270180e-02
-1.478256356213270700e-02
-1.478256356213271741e-02
-1.484641195926587713e-02
-1.481366778273380397e-02
-1.481366778273379703e-02
-1.481366778273379703e-02
-1.481366778273379703e-02
-1.481626971166267494e-02
-1.481626971166270096e-02
-1.481626971166269749e-02
-1.481626971166269749e-02
-1.481626971166269749e-02
-1.480574178450703646e-02
-1.480574178450703125e-02
-1.480574178450701044e-02
-1.480574178450701391e-02
-1.483762773881963128e-02
-1.481626089495474176e-02
-1.481626089495475390e-02
-1.481626089495475564e-02
-1.481626089495474349e-02
-1.481626089495474176e-02
-1.481626089495473655e-02
-1.481626089495473482e-02
-1.481626089495472094e-02
-1.481626089495472962e-02
-1.481626971166271310e-02
-1.484675155015366399e-02
-1.484675155015366399e-02
-1.491090698201598917e-02
-1.491090698201599611e-02
-1.491090698201598744e-02
-1.491090698201599611e-02
-1.494225640955815053e-02
-1.490996068216466838e-02
-1.490996068216465797e-02
-1.490996068216465971e-02
-1.490996068216467012e-02
-1.487875466206914701e-02
-1.487875466206914701e-02
-1.484675155015367960e-02
-1.484675155015366399e-02
-1.487875575526430467e-02
-1.487875575526429427e-02
-1.487875575526430467e-02
-1.484737851887150094e-02
-1.484737851887151308e-02
-1.484737851887151135e-02
-1.484737851887149226e-02
-1.484675155015365358e-02
-1.487845745143965420e-02
-1.487845745143964553e-02
-1.484636492269356470e-02
-1.484636492269358031e-02
-1.484636492269358204e-02
-1.481489010734876946e-02
-1.481489010734878681e-02
-1.481489010734875905e-02
-1.481489010734877640e-02
-1.481489010734879201e-02
-1.481489010734879028e-02
-1.481489010734878854e-02
-1.481489010734878160e-02
-1.481489010734876946e-02
-1.481489010734878160e-02
-1.481489010734877640e-02
-1.481489010734878160e-02
-1.481489010734878160e-02
-1.481489010734878854e-02
-1.481489010734878854e-02
-1.481489010734876946e-02
-1.481489010734878160e-02
-1.481489010734876599e-02
-1.481489010734876773e-02
-1.481489010734876773e-02
-1.481489010734878854e-02
-1.481489010734878160e-02
-1.481489010734878160e-02
-1.481489010734877119e-02
-1.481489010734878160e-02
-1.481558254759237844e-02
-1.481489010734876773e-02
-1.481489010734878160e-02
-1.481489010734878160e-02
-1.481489010734878334e-02
-1.481489010734878160e-02
-1.481489010734878507e-02
-1.481489010734877987e-02
-1.481489010734878681e-02
-1.481489010734877293e-02
-1.484674161883316017e-02
-1.484674161883317405e-02
-1.481489010734879201e-02
-1.481489010734880242e-02
-1.481489010734879548e-02
-1.487873908472338302e-02
-1.481489010734879548e-02
-1.481489010734878160e-02
-1.481489010734879548e-02
-1.481489010734879548e-02
-1.481489010734880069e-02
-1.481489010734878507e-02
-1.481489010734877466e-02
-1.481489010734878160e-02
-1.484674161883314976e-02
-1.487873925762271850e-02
-1.491088299199335755e-02
-1.487873925762271850e-02
-1.487873925762272891e-02
-1.491088351195999674e-02
-1.491088351196000888e-02
-1.481489010734876946e-02
-1.484674161883314976e-02
-1.481489010734877466e-02
-1.484674161883316537e-02
-1.481489010734878681e-02
-1.484674161883316537e-02
-1.484674161883314976e-02
-1.484674161883315496e-02
-1.494319321168350971e-02
-1.494319321168349757e-02
-1.494319321168351491e-02
-1.494319321168350971e-02
-1.487874963062671418e-02
-1.487874963062673674e-02
-1.491089741733309625e-02
-1.487874963062669857e-02
-1.487874963062671418e-02
-1.487874963062672459e-02
-1.451977382509067431e-02
-1.451977382509067431e-02
-1.455178170532145376e-02
-1.455178170532145376e-02
-1.458393969229387563e-02
-1.458393969229387910e-02
-1.458393969229388430e-02
-1.455178197074805807e-02
-1.451971110845132543e-02
-1.451971110845133063e-02
-1.451971110845132543e-02
-1.451971110845132543e-02
-1.445620010153780312e-02
-1.451928380151618590e-02
-1.451966435075770223e-02
-1.448780496422249868e-02
-1.448780496422250215e-02
-1.448780496422250041e-02
-1.445620010153780312e-02
-1.445620010153780659e-02
-1.445620010153779965e-02
-1.445620010153780312e-02
-1.445620010153781700e-02
-1.445620010153780312e-02
-1.445620010153779618e-02
-1.448791211406150192e-02
-1.448791211406150713e-02
-1.449499054791285844e-02
-1.449499054791286538e-02
-1.449499054791287059e-02
-1.452688902512555905e-02
-1.452688902512555731e-02
-1.462276950376916601e-02
-1.462276950376917642e-02
-1.462276950376916081e-02
-1.462276950376916081e-02
-1.462276950376915734e-02
-1.462276950376915387e-02
-1.465514670552122735e-02
-1.462276950376915387e-02
-1.462276950376915734e-02
-1.462276950376915734e-02
-1.462276950376916775e-02
-1.462276950376915387e-02
-1.462276950376915213e-02
-1.462276950376915907e-02
-1.465514670552122735e-02
-1.459053765692613566e-02
-1.459053765692612525e-02
-1.459053765692613046e-02
-1.452637018295953146e-02
-1.452637018295952626e-02
-1.452637018295952279e-02
-1.452637492190612077e-02
-1.455825329161076521e-02
-1.452637492190612424e-02
-1.452637492190612771e-02
-1.449464402988996301e-02
-1.449464402988995433e-02
-1.452637500900322808e-02
-1.452637500900321073e-02
-1.455825329161147125e-02
-1.455825329161146431e-02
-1.452637500900321593e-02
-1.449464299102359334e-02
-1.449464299102358814e-02
-1.446305812894615669e-02
-1.449463662867769495e-02
-1.465501022314516164e-02
-1.465501022314517551e-02
-1.471889481353733445e-02
-1.455831280684285675e-02
-1.455831280684285675e-02
-1.455831280684285849e-02
-1.455831280684285675e-02
-1.450808544514910724e-02
-1.450808544514908989e-02
-1.450808544514909162e-02
-1.450808544514908642e-02
-1.444463922471319814e-02
-1.444463922471319640e-02
-1.450822714138963118e-02
-1.450822714138963118e-02
-1.450822714138963118e-02
-1.450822714138964159e-02
-1.450822714138962251e-02
-1.450822714138962424e-02
-1.447631447062131850e-02
-1.444461815233370403e-02
-1.444461815233372658e-02
-1.450822848685898517e-02
-1.435010083922273923e-02
-1.435010083922272535e-02
-1.428803180781356569e-02
-1.428803180781357610e-02
-1.428803180781356916e-02
-1.428803180781357957e-02
-1.428803180781356916e-02
-1.428803180781356916e-02
-1.428802364120538085e-02
-1.428802364120538779e-02
-1.428802364120538085e-02
-1.428802364120538779e-02
-1.425716586267911958e-02
-1.425716586267911958e-02
-1.425716586267911958e-02
-1.425716586267913172e-02
-1.425716586267912478e-02
-1.425716586267913692e-02
-1.431902371424528635e-02
-1.425778280248508195e-02
-1.435045843232884109e-02
-1.438163498203657090e-02
-1.431942441176713328e-02
-1.441288083352543041e-02
-1.482269005202091136e-02
-1.482269005202092003e-02
-1.478952238016625377e-02
-1.478952238016621561e-02
-1.478952238016622948e-02
-1.478952238016625377e-02
-1.478952238016623989e-02
-1.478952238016623122e-02
-1.482269005202088707e-02
-1.482269005202091136e-02
-1.482269005202088534e-02
-1.478952238016624336e-02
-1.478979030801831109e-02
-1.478979030801833364e-02
-1.478979030801832149e-02
-1.478979030801832149e-02
-1.478979030801832149e-02
-1.478979030801832149e-02
-1.478979030801832323e-02
-1.482294964497046959e-02
-1.482298423188887701e-02
-1.478979030801829894e-02
-1.479040945875342329e-02
-1.472438280769522954e-02
-1.472438280769522087e-02
-1.472438280769522954e-02
-1.472438280769521914e-02
-1.462559368730039465e-02
-1.462559368730039291e-02
-1.462559368730039465e-02
-1.462559368730040506e-02
-1.462559368730039465e-02
-1.465806525446664704e-02
-1.462559368730038771e-02
-1.462559368730039985e-02
-1.462559368730041547e-02
-1.462559368730040332e-02
-1.462559368730039985e-02
-1.462559368730040332e-02
-1.462559368730038771e-02
-1.462559368730038771e-02
-1.462559368730041373e-02
-1.462559368730040853e-02
-1.462559368730041373e-02
-1.462559368730041026e-02
-1.469053428641130081e-02
-1.469053428641128867e-02
-1.462559368730039812e-02
-1.462559368730041547e-02
-1.462559368730041894e-02
-1.462559368730040679e-02
-1.469069013664361413e-02
-1.465806534487243927e-02
-1.462559368730040853e-02
-1.462559368730040332e-02
-1.462559368730040159e-02
-1.462559368730040679e-02
-1.462559368730039291e-02
-1.462559368730037904e-02
-1.469068914223992627e-02
-1.465806479530013494e-02
-1.465806479530013841e-02
-1.465806479530013841e-02
-1.465806479530013494e-02
-1.465806479530014535e-02
-1.459320755903098510e-02
-1.456102762977259414e-02
-1.459320755903096949e-02
-1.456156447852567475e-02
-1.452953306165843603e-02
-1.452953306165842562e-02
-1.452953306165842041e-02
-1.452953306165841868e-02
-1.452953306165843082e-02
-1.452953306165843082e-02
-1.452953306165842562e-02
-1.452953306165842562e-02
-1.406578705901241795e-02
-1.406578721797370826e-02
-1.409575510336857906e-02
-1.409575510336857386e-02
-1.403595415473729742e-02
-1.403595415473729742e-02
-1.403595415473730262e-02
-1.403595415473729742e-02
-1.403595415473730089e-02
-1.418808301186043341e-02
-1.418808301186044382e-02
-1.415765155311874725e-02
-1.415765155311873510e-02
-1.415765155311874204e-02
-1.421834332003223469e-02
-1.412735693401198991e-02
-1.409720048855873237e-02
-1.409720048855871675e-02
-1.409719113783560948e-02
-1.409719113783562162e-02
-1.406716948695612736e-02
-1.406716948695613603e-02
-1.406716948695613603e-02
-1.406716948695613603e-02
-1.409719113783560601e-02
-1.406781691581149817e-02
-1.406781691581150164e-02
-1.406781691581149990e-02
-1.409778608585349376e-02
-1.409778608585349896e-02
-1.412802426290297488e-02
-1.412802426290298008e-02
-1.412802426290297488e-02
-1.415829705152227107e-02
-1.412802426290298528e-02
-1.412802426290298008e-02
-1.412802426290298181e-02
-1.412802426290299049e-02
-1.412802426290299916e-02
-1.412802426290298528e-02
-1.412802426290299049e-02
-1.412802426290299222e-02
-1.418870493373190073e-02
-1.418870493373190420e-02
-1.418870493373189205e-02
-1.418860371224232343e-02
-1.418860371224233037e-02
-1.418860371224232517e-02
-1.415824536560535661e-02
-1.418499658780042298e-02
-1.424627200973761776e-02
-1.421556356752112435e-02
-1.421556356752112955e-02
-1.418455768272332794e-02
-1.418455768272331753e-02
-1.418455768272332447e-02
-1.421042406170485405e-02
-1.421355370632583492e-02
-1.421355370632583492e-02
-1.421355370632583492e-02
-1.421555237268891728e-02
-1.421555237268891901e-02
-1.421555237268893809e-02
-1.418499064226489206e-02
-1.418499064226489380e-02
-1.418499064226488859e-02
-1.418499064226488339e-02
-1.424024308789587773e-02
-1.424024308789587773e-02
-1.424024308789586558e-02
-1.424024308789585518e-02
-1.424625435817789693e-02
-1.424625435817790213e-02
-1.424625435817790213e-02
-1.424625435817789866e-02
-1.418500345310858869e-02
-1.418499977379638136e-02
-1.418499977379638829e-02
-1.418499977379639350e-02
-1.418499977379640044e-02
-1.418499977379639870e-02
-1.418499977379640391e-02
-1.421556314891290161e-02
-1.421556314891289814e-02
-1.418499977379639870e-02
-1.418499977379639003e-02
-1.418617391231853826e-02
-1.418617391231853653e-02
-1.418617391231854000e-02
-1.418617391231853306e-02
-1.418617391231854520e-02
-1.421674479868528969e-02
-1.421678230246923615e-02
-1.421678230246923268e-02
-1.421678230246923094e-02
-1.415573854550776153e-02
-1.415573854550775112e-02
-1.415573854550775112e-02
-1.415573854550776500e-02
-1.415573854550775980e-02
-1.415573854550776500e-02
-1.415573854550775112e-02
-1.415573854550774592e-02
-1.415573854550774592e-02
-1.421675682425352014e-02
-1.421673790761927327e-02
-1.418616876407584847e-02
-1.418616876407583806e-02
-1.415573903405243153e-02
-1.415573903405243673e-02
-1.415573903405242633e-02
-1.415573903405243500e-02
-1.415573903405242980e-02
-1.418616876407582592e-02
-1.415573903405243153e-02
-1.418616876407583979e-02
-1.418616876407583806e-02
-1.418616876407584326e-02
-1.415573903405242286e-02
3.526155872012200210e-02
3.526167574305533875e-02
3.526167574305533181e-02
3.526167574305535263e-02
3.542566594916360390e-02
3.542566594916361084e-02
3.542566594916349287e-02
3.492908925261465486e-02
3.509612920795922991e-02
3.542854481709395431e-02
3.542854481709382941e-02
3.509590516434755308e-02
3.509590516434755308e-02
3.509590516434752533e-02
3.509590516434746982e-02
3.509590516434746288e-02
3.509590516434746288e-02
3.509590516434744206e-02
3.509590516434746982e-02
3.509590516434744900e-02
3.509590516434744900e-02
3.542854382845232047e-02
3.526141908807901848e-02
3.509590516434744900e-02
3.526141810438011143e-02
3.533126825089867584e-02
3.526166915038350669e-02
3.542703897919462219e-02
3.542703897919462913e-02
3.559545162152156356e-02
3.542703897919464995e-02
3.559867237417754099e-02
3.559867237417754099e-02
3.526109610670996597e-02
3.526109610670989658e-02
3.526063426104950743e-02
3.542812774247890151e-02
3.542812774247896396e-02
3.542812774247891539e-02
3.509568749047069225e-02
3.509568749047060204e-02
3.509568749047062980e-02
3.509568749047064368e-02
3.509568749047063674e-02
3.509568749047067837e-02
3.509568749047069225e-02
3.526109478581768847e-02
3.526109478581769541e-02
3.542811686350126610e-02
3.542811686350125222e-02
3.526109675084575928e-02
3.526109675084566908e-02
3.526109675084566908e-02
3.526109675084569683e-02
3.526109675084567602e-02
3.526109675084562051e-02
3.559672156025531914e-02
3.509567869676566421e-02
3.509567869676566421e-02
3.509567869676566421e-02
3.509567869676566421e-02
3.509567869676567808e-02
3.509567869676567808e-02
3.526109668762301280e-02
3.526109668762301280e-02
3.526109668762297811e-02
3.526109668762305444e-02
3.493182056330096374e-02
3.483150136356429061e-02
3.483150136356426285e-02
3.483150136356427673e-02
3.352637548236857973e-02
3.337692592332151820e-02
3.337692592332156677e-02
3.337692592332155289e-02
3.337692592332155289e-02
3.337692592332151820e-02
3.337692592332151820e-02
3.337692592332151820e-02
3.352636476963757189e-02
3.337692592320232882e-02
3.351013458022112507e-02
3.351013458022117364e-02
3.351013458022111813e-02
3.351013458022108343e-02
3.337693275677017929e-02
3.337693275677020011e-02
3.337693275677022786e-02
3.337693275677024174e-02
3.322886830034151029e-02
3.322886830034151029e-02
3.322886830034151029e-02
3.322886830034149641e-02
3.322886830034151029e-02
3.398300365188094280e-02
3.352636207616945668e-02
3.352636207616949832e-02
3.352636207616951219e-02
3.352636207616955383e-02
3.459059215209277227e-02
3.459059402263500727e-02
3.459059402263502114e-02
3.475103538196815806e-02
3.458990613696710792e-02
3.458990613696712180e-02
3.475231066736968882e-02
3.426380690806010709e-02
3.426380690806013485e-02
3.441113621634582509e-02
3.441113621634578346e-02
3.455888652838094016e-02
3.441113621634576958e-02
3.441113621634578346e-02
3.441113621634577652e-02
3.455890275770134856e-02
3.441113621634582509e-02
3.441113621634579733e-02
3.470795112046907993e-02
3.351060515650175486e-02
3.337268224022754692e-02
3.337268224022763713e-02
3.337268224022759550e-02
3.337268224022765795e-02
3.337268224022766488e-02
3.351060515650180344e-02
3.351060515650175486e-02
3.351060515650182425e-02
3.351060515650178262e-02
3.337268224022763713e-02
3.337268224022754692e-02
3.351060515650172017e-02
3.378232648604256871e-02
3.364970850492746135e-02
3.364970850492744747e-02
3.364970850492746135e-02
3.364970781799752481e-02
3.364970781799750399e-02
3.351061152929039888e-02
3.351061152929046827e-02
3.351061152929039888e-02
3.351061152929043357e-02
3.364009235433926964e-02
3.364970781799752481e-02
3.337083105071099454e-02
3.337083105071099454e-02
3.350741687585866851e-02
3.364971006329609687e-02
3.378738902259362936e-02
3.389610342956599076e-02
3.389610342956599076e-02
3.403856696830404038e-02
3.403856696830406814e-02
3.389610342956606015e-02
3.376954396198795366e-02
3.376954396198795366e-02
3.376954396198794672e-02
3.376954396198795366e-02
3.339817592494228465e-02
3.339817592494226384e-02
3.339817592494228465e-02
3.339817592494228465e-02
3.351060515650183813e-02
3.351060515650175486e-02
3.351060515650185201e-02
3.351060515650176874e-02
3.326530836980145373e-02
3.368271419875861622e-02
3.354339497977937984e-02
3.354339497977937984e-02
3.354339497977942147e-02
3.368171037551034169e-02
3.368171037551032088e-02
3.440013587946175178e-02
3.425446816547511597e-02
3.440013727985287428e-02
3.440013727985287428e-02
3.440013727985283265e-02
3.425446816547513679e-02
3.425446816547508128e-02
3.425446816547512291e-02
3.425446816547512291e-02
3.440013727985287428e-02
3.410985442729917716e-02
3.410985442729917716e-02
3.410985442729917716e-02
3.410985442729913553e-02
3.410985442729912859e-02
3.425429663118204071e-02
3.356691747956152411e-02
3.356691747956151717e-02
3.380849062318120463e-02
3.366796111969170419e-02
3.384732225385907178e-02
3.370651800440912366e-02
3.356691747956153798e-02
3.370621729381614862e-02
3.370621729381616943e-02
3.370621729381614862e-02
3.370621729381611392e-02
3.370621729381613474e-02
3.356691747956147553e-02
3.397163635757484423e-02
3.397163635757488587e-02
3.342657557710691091e-02
3.342657557710691785e-02
3.383074363743768243e-02
3.383074363743771018e-02
3.370499551043726338e-02
3.356520823825568517e-02
3.356520823825569905e-02
3.356520823825565047e-02
3.412081150733015100e-02
3.412081150733018570e-02
3.412081150733018570e-02
3.456168413785057347e-02
3.413173795643167224e-02
3.413173795643161673e-02
3.413173795643161673e-02
3.413173795643166530e-02
3.413173795643164449e-02
3.413173795643163755e-02
3.427635940939533638e-02
3.413173795643171388e-02
3.427635940644655627e-02
3.427635940644657014e-02
3.427635940644652157e-02
3.427580175240908106e-02
3.413173795643171388e-02
3.413173415282014234e-02
3.413173491420620070e-02
3.413173491420620764e-02
3.413173491420617989e-02
3.427636323619434600e-02
3.447829804656946801e-02
3.456501599963494875e-02
3.456489715026548476e-02
3.442000667950833454e-02
3.442000667950833454e-02
3.442000667950837617e-02
3.442000667950836229e-02
3.442000667950836229e-02
3.442000667950832760e-02
3.442000667950835535e-02
3.471170827388467273e-02
3.456522259723012608e-02
3.456522259723007057e-02
3.456522259723015383e-02
3.456522259723017465e-02
3.442000667950835535e-02
3.456522336707847781e-02
3.456522336707846393e-02
3.471143543455713909e-02
3.456522336707847781e-02
3.442000667950837617e-02
3.440926310020143986e-02
3.440926310020144679e-02
3.440890826756697052e-02
3.440890826756699133e-02
3.440890826756687337e-02
3.436657225823165629e-02
3.427483835812693974e-02
3.441150719714985984e-02
3.427483835812689811e-02
3.427483835812689811e-02
3.427483835812700219e-02
3.427595443612091453e-02
3.399159807695149166e-02
3.399159807695151247e-02
3.399159807695153329e-02
3.399159807695151941e-02
3.399159807695151941e-02
3.399159807695154717e-02
3.399159807695151247e-02
3.399159807695154717e-02
3.399159807695150554e-02
3.399159807695154717e-02
3.399159807695151247e-02
3.413316018051125444e-02
3.399159880937802775e-02
3.399159880937802081e-02
3.399159880937799305e-02
3.399159880937796530e-02
3.399159880937797917e-02
3.399159880937800693e-02
3.399159880937793754e-02
3.413315135230129277e-02
3.399159880937794448e-02
3.399159880937794448e-02
3.399159880937794448e-02
3.399159880937795836e-02
3.399159880937794448e-02
3.427482366592689983e-02
3.427482366592693452e-02
3.441882912425266866e-02
3.427482366592683738e-02
3.441810432978471140e-02
3.441810432978475304e-02
3.427411301773127666e-02
3.427411301773128360e-02
3.441707653304991454e-02
3.427411301773129054e-02
3.427411301773126279e-02
3.427411301773126279e-02
3.342721344792014965e-02
3.342721344792007332e-02
3.342721344792014965e-02
3.342721344792008026e-02
3.329469543693311384e-02
3.329469543693316935e-02
3.329469543693318323e-02
3.413206559018632652e-02
3.399116756853572813e-02
3.399116756853570037e-02
3.408029364421283347e-02
3.399116756853566568e-02
3.399116756853566568e-02
3.427018334667910476e-02
3.427018334667907701e-02
3.470509186829284776e-02
3.470509186829285470e-02
3.485257171211144506e-02
3.470509186829280612e-02
3.470509186829276449e-02
3.470509186829277143e-02
3.470509186829285470e-02
3.485257171211154220e-02
3.485257171211156302e-02
3.485257171211154220e-02
3.485257171211154220e-02
3.470509186829284776e-02
3.399001478952045491e-02
3.413200313479805570e-02
3.413200313479803488e-02
3.413200313479801407e-02
3.413200313479803488e-02
3.413200313479802100e-02
3.413200313479807652e-02
3.413200313479803488e-02
3.427453937222712382e-02
3.413200313479802794e-02
3.413200313479807652e-02
3.289813822942260629e-02
3.289813822942255772e-02
3.289813822942255772e-02
3.494865224793360092e-02
3.509755810362042566e-02
3.494865224793363562e-02
3.494865224793363562e-02
3.494865224793363562e-02
3.494865224793364950e-02
3.539929330235487559e-02
3.539929330235491028e-02
3.539929330235489641e-02
3.524777854764722662e-02
3.494865224793358011e-02
3.524777046473590719e-02
3.524777046473585168e-02
3.509756203800994817e-02
3.509756203800995511e-02
3.509756203800994817e-02
3.509756203800994817e-02
3.509756203800994817e-02
3.509756203800994817e-02
3.509756203800995511e-02
3.509756203800995511e-02
3.509756203800992042e-02
3.509756203800987184e-02
3.524777046473587250e-02
3.494862133855963088e-02
3.494862133855967251e-02
3.494862133855961006e-02
3.494862133855961006e-02
3.494862210345542342e-02
3.494862210345544423e-02
3.494862210345543035e-02
3.494862210345544423e-02
3.494862210345544423e-02
3.494862210345544423e-02
3.494862210345544423e-02
3.494862210345540954e-02
3.494862210345540954e-02
3.494862210345545811e-02
3.509310006798531389e-02
3.480148858364570663e-02
3.494980111893728619e-02
3.480148858364572745e-02
3.480148858364572745e-02
3.465446468598243346e-02
3.480023287580407548e-02
3.480148779835010725e-02
3.465446468598243346e-02
3.465446468598239876e-02
3.465446468598243346e-02
3.465446468598241958e-02
3.465446468598244734e-02
3.480148779835010725e-02
3.465446468598241958e-02
3.465446468598244040e-02
3.465446468598250285e-02
3.465446468598246121e-02
3.465446468598243346e-02
3.465199023392460248e-02
3.465446468598237795e-02
3.554772054052141722e-02
3.554772054052142416e-02
3.554772054052141028e-02
3.554772054052146579e-02
3.554772054052143110e-02
3.570191962531528429e-02
3.570191962531528429e-02
3.570191962531528429e-02
3.570191962531528429e-02
3.443156261169275090e-02
3.501584805821424812e-02
3.472109409086848730e-02
3.443156261169268845e-02
3.443156261169272314e-02
3.457574157497169537e-02
3.516509584212532125e-02
3.516509584212532125e-02
3.516509584212526573e-02
3.501589700849216946e-02
3.501589700849207232e-02
3.501589700849210701e-02
3.501589700849212783e-02
3.501589700849210701e-02
3.501589700849210701e-02
3.501589700849210701e-02
3.501589700849211395e-02
3.501589700849211395e-02
3.501589700849218334e-02
3.531561190296378383e-02
3.531561190296376995e-02
3.531561190296376301e-02
3.501589700849216946e-02
3.501589700849212089e-02
3.501589700849216946e-02
3.501589700849211395e-02
3.501589700849207926e-02
3.501589700849213477e-02
3.501646763021616648e-02
3.501646763021622200e-02
3.530989747800584305e-02
3.515941017372794380e-02
3.530989747800584305e-02
3.515941017372788829e-02
3.515941017372788829e-02
3.515941017372789523e-02
3.515941017372788829e-02
3.515941017372788829e-02
3.594310884128742306e-02
3.594310884128745082e-02
3.563257992766726695e-02
3.578706845998228664e-02
3.547956524601000167e-02
3.563268300864654708e-02
3.563268300864654708e-02
3.563268300864654015e-02
3.563268300864653321e-02
3.563268300864653321e-02
3.547956524600996697e-02
3.547956524601000167e-02
3.547956524600996003e-02
3.547956524600994616e-02
3.547956524600993228e-02
3.578722169225656558e-02
3.547951555951988495e-02
3.532774517857730640e-02
3.532774436847903321e-02
3.532774436847910260e-02
3.532774436847903321e-02
3.517730531571434949e-02
3.532774599545124988e-02
3.563263748967461508e-02
3.532774436847903321e-02
3.532774436847905403e-02
3.532774436847905403e-02
3.532774436847908872e-02
3.532774436847908872e-02
3.532774436847906097e-02
3.532774436847906097e-02
3.547950416718366473e-02
3.547950416718372718e-02
3.532774598854556553e-02
3.532774598854550308e-02
3.532774598854554471e-02
3.532774598854558634e-02
3.532774598854556553e-02
3.532774598854558634e-02
3.532774598854548920e-02
3.532774598854554471e-02
3.532774598854553083e-02
3.532774598854548920e-02
3.532774598854552389e-02
3.532774598854551001e-02
3.532774598854548226e-02
3.532774598854556553e-02
3.532774598854551001e-02
3.544624448893230612e-02
3.544624448893230612e-02
3.544624448893226448e-02
3.544624448893226448e-02
3.544624448893222979e-02
3.544624448893222979e-02
3.544624448893227836e-02
3.544624448893226448e-02
3.564798625872499238e-02
3.564798625872494381e-02
3.549199567476946093e-02
3.549199567476948175e-02
3.549199567476949563e-02
3.582396382606026913e-02
3.566648069549781946e-02
3.566648069549780559e-02
3.566648069549784722e-02
3.566648069549780559e-02
3.582396382606026219e-02
3.582396382606024832e-02
3.566648069549784722e-02
3.566648069549781253e-02
3.566648069549784722e-02
3.566648069549780559e-02
3.529689754081479641e-02
3.529689754081476172e-02
3.529689754081478253e-02
3.529689754081476172e-02
3.545094238989825175e-02
3.545094238989833502e-02
3.545094238989830726e-02
3.545094238989836971e-02
3.484350724932378657e-02
3.514417368275798287e-02
3.514417368275800369e-02
3.514417368275798287e-02
3.514417368275798287e-02
3.529573297251639707e-02
3.514417368275794817e-02
3.514495351328938977e-02
3.524985750503644572e-02
3.514417368275798287e-02
3.514417368275798287e-02
3.514417368275798287e-02
3.514417368275800369e-02
3.514417368275792736e-02
3.514417368275798287e-02
3.514417368275798287e-02
3.529680998096099837e-02
3.499265013325571910e-02
3.499265013325571910e-02
3.499265013325573992e-02
3.484289128183930967e-02
3.499264851718231900e-02
3.499264851718234676e-02
3.499264851718234676e-02
3.469434691026125617e-02
3.454695969864197969e-02
3.454695969864195887e-02
3.454695969864197969e-02
3.560426717494544896e-02
3.560426717494531712e-02
3.560426717494540039e-02
3.560426717494540039e-02
3.560426717494540039e-02
3.576103393251837265e-02
3.560426717494535181e-02
3.560426717494537263e-02
3.560426717494535181e-02
3.576103393251836571e-02
3.560426717494535875e-02
3.560426717494536569e-02
3.560448771949185909e-02
3.591946673478534080e-02
3.576126389441205283e-02
3.560448771949181052e-02
3.560415647384657101e-02
3.467403954684352557e-02
3.467404089013281093e-02
3.452675100325566099e-02
3.452675100325570262e-02
3.467399370408638659e-02
3.467402884880979586e-02
3.531550777601479008e-02
3.531550777601484559e-02
3.531550777601488722e-02
3.546292479236357043e-02
3.531550777601490110e-02
3.531550777601490110e-02
3.531550777601485253e-02
