-2.466251195087008213e-02
-2.473518423386127096e-02
-2.473518423386134035e-02
-2.487484600055833717e-02
-2.480130627996149709e-02
-2.480130627996146933e-02
-2.473518423386089626e-02
-2.466251195086994683e-02
-2.466251195087000234e-02
-2.466251195087001621e-02
-2.488187572415956339e-02
-2.488187572415954257e-02
-2.466251195087004744e-02
-2.466251195086997805e-02
-2.466251195087002662e-02
-2.473518222933418498e-02
-2.473518222933415028e-02
-2.473518222933417110e-02
-2.473518222933429600e-02
-2.451833904234772266e-02
-2.473520094161358110e-02
-2.488198207653667671e-02
-2.473520094161367477e-02
-2.473520094161358110e-02
-2.473520094161357763e-02
-2.495605834553566577e-02
-2.407778240531017327e-02
-2.407778240531010736e-02
-2.414725355326284920e-02
-2.414725355326277634e-02
-2.470414523401210510e-02
-2.492138424942133557e-02
-2.484839424191563964e-02
-2.440469844438611369e-02
-2.440469844438619695e-02
-2.440469844438617961e-02
-2.432518843560179875e-02
-2.432518843560165997e-02
-2.432518843560171895e-02
-2.440380987706739294e-02
-2.440380987706746926e-02
-2.433525143303903390e-02
-2.447621278264905734e-02
-2.433832175787971688e-02
-2.440744585516600035e-02
-2.440743208105614417e-02
-2.433832175787968913e-02
-2.433832175787965096e-02
-2.433832175787965096e-02
-2.440743208105608172e-02
-2.433832175787968566e-02
-2.440743208105613030e-02
-2.433832175787968566e-02
-2.433832175787968566e-02
-2.433832175787964056e-02
-2.440744931518861946e-02
-2.440744931518863681e-02
-2.440744931518860558e-02
-2.447719740364865532e-02
-2.447719740364865879e-02
-2.454706723488491241e-02
-2.454689420895338550e-02
-2.440792749636346015e-02
-2.433832175787964056e-02
-2.440743208105608172e-02
-2.440743208105609213e-02
-2.440743208105608172e-02
-2.440743208105609213e-02
-2.433851950521488672e-02
-2.433851950521484855e-02
-2.438751238731329957e-02
-2.461731451078216781e-02
-2.461731451078214353e-02
-2.475225212251651319e-02
-2.482374063568672240e-02
-2.475225212251649931e-02
-2.475225212251649931e-02
-2.468797655525113363e-02
-2.468797158210327136e-02
-2.468797158210328871e-02
-2.468797158210327136e-02
-2.468797158210322626e-02
-2.461731805178360433e-02
-2.461731805178362514e-02
-2.461731805178359739e-02
-2.461731805178358004e-02
-2.468797158210324014e-02
-2.468797158210325401e-02
-2.475907158429830127e-02
-2.461730173104595756e-02
-2.461730173104586042e-02
-2.454704399651066668e-02
-2.447721061624623037e-02
-2.447721061624621303e-02
-2.447171657148666454e-02
-2.447721107677742342e-02
-2.447721107677742688e-02
-2.447721107677736443e-02
-2.447721107677736443e-02
-2.447721107677741648e-02
-2.447721107677741648e-02
-2.447721107677734362e-02
-2.447721107677736097e-02
-2.447721107677744770e-02
-2.447721107677743382e-02
-2.461728761732591073e-02
-2.459880684034932569e-02
-2.447718198755998234e-02
-2.454702873232464388e-02
-2.447718198755991295e-02
-2.447718198755989560e-02
-2.454702873232466817e-02
-2.454702873232466817e-02
-2.447647140523989337e-02
-2.468821616835489841e-02
-2.454704083452615565e-02
-2.454704083452626667e-02
-2.454704083452622157e-02
-2.466760819101353544e-02
-2.481009091298427838e-02
-2.473863622461734343e-02
-2.454706400280170023e-02
-2.454706400280167594e-02
-2.461482427039105719e-02
-2.468798899714854875e-02
-2.468801386335313028e-02
-2.468801386335313028e-02
-2.454704586280138240e-02
-2.463047713643515615e-02
-2.455954944569640336e-02
-2.463047713643521514e-02
-2.449050289019491858e-02
-2.449050289019487694e-02
-2.449050289019487001e-02
-2.449050289019479021e-02
-2.449050289019479021e-02
-2.449050289019481449e-02
-2.449050289019481449e-02
-2.456101191180198526e-02
-2.456101191180195056e-02
-2.449050390287074372e-02
-2.449050390287068474e-02
-2.413993782727745507e-02
-2.413993782727736487e-02
-2.413993782727736487e-02
-2.420878219376425625e-02
-2.413993782727736487e-02
-2.420878219376433951e-02
-2.428418249408153401e-02
-2.442342342555317916e-02
-2.435359444688047284e-02
-2.420584887121502229e-02
-2.420584887121500842e-02
-2.420584887121502576e-02
-2.420584887121502576e-02
-2.427320826799057862e-02
-2.420585081921626525e-02
-2.420585081921634157e-02
-2.420585081921626525e-02
-2.420585081921627565e-02
-2.420585081921629300e-02
-2.427479436394856457e-02
-2.427479436394866519e-02
-2.427479436394859233e-02
-2.420584887121493556e-02
-2.433506554401191485e-02
-2.433506554401191485e-02
-2.433810775805113000e-02
-2.441393002340621135e-02
-2.446356444629903606e-02
-2.446356444629889382e-02
-2.438653436209013009e-02
-2.438653436209011274e-02
-2.438653436209006417e-02
-2.413049162917840773e-02
-2.454397727803320217e-02
-2.454397727803318482e-02
-2.494527941397866808e-02
-2.487242705749211427e-02
-2.487242705749206570e-02
-2.499237361809781427e-02
-2.496999339796149298e-02
-2.491867617653435729e-02
-2.491867617653435729e-02
-2.491867617653435729e-02
-2.491867617653441974e-02
-2.452830257570291078e-02
-2.477938190070499286e-02
-2.477938190070499633e-02
-2.477938190070497551e-02
-2.477939459445137674e-02
-2.477939459445128653e-02
-2.507136083211870120e-02
-2.485172023584698853e-02
-2.485172023584698853e-02
-2.492448496854167764e-02
-2.513635893143715758e-02
-2.506124360530883818e-02
-2.506124360530882431e-02
-2.506124360530882084e-02
-2.512554681395579026e-02
-2.505047367522121246e-02
-2.498465302711379288e-02
-2.498647093303950351e-02
-2.498647093303945840e-02
-2.498647093303946187e-02
-2.498647093303945840e-02
-2.498647093303945146e-02
-2.498647093303945840e-02
-2.491225384438877644e-02
-2.483850806691807397e-02
-2.483850752079794222e-02
-2.474720609476323968e-02
-2.489347046832543486e-02
-2.504166835770985436e-02
-2.489347046832547650e-02
-2.489347046832544180e-02
-2.489347046832549037e-02
-2.489347046832546262e-02
-2.489347046832544874e-02
-2.489347046832543833e-02
-2.496675137386883056e-02
-2.489346882950660422e-02
-2.489346882950656953e-02
-2.489235832108291704e-02
-2.489347046936169275e-02
-2.489347046936169969e-02
-2.496733023258564457e-02
-2.496733023258567233e-02
-2.496733023258565151e-02
-2.482006210339824867e-02
-2.722029549152024663e-02
-2.721972889178298632e-02
-2.721972889178294122e-02
-2.707824500365869566e-02
-2.743205014621756185e-02
-2.750739428657910518e-02
-2.743488990513816631e-02
-2.743488990513821141e-02
-2.736279534818523637e-02
-2.736279534818523637e-02
-2.700985128887581355e-02
-2.700985128887582049e-02
-2.700985128887582049e-02
-2.700985128887581355e-02
-2.700985128887576844e-02
-2.700985128887584130e-02
-2.700985128887579967e-02
-2.700985128887581008e-02
-2.700985128887580314e-02
-2.717228227176063382e-02
-2.717228227176063382e-02
-2.708336797953439512e-02
-2.730128570575620847e-02
-2.722981332586599940e-02
-2.722981709965831970e-02
-2.722981709965835093e-02
-2.722981709965833705e-02
-2.722981709965833705e-02
-2.737296413924955249e-02
-2.744522105027863770e-02
-2.715873947489987408e-02
-2.715873947489984633e-02
-2.713368028776620006e-02
-2.713368028776622781e-02
-2.743643193683946088e-02
-2.743643193683946088e-02
-2.743643193683950252e-02
-2.743642363279538351e-02
-2.743642363279538351e-02
-2.743642363279544943e-02
-2.743642363279541474e-02
-2.743566320852364876e-02
-2.743566320852361407e-02
-2.695953916324301397e-02
-2.695953916324301397e-02
-2.695953916324304520e-02
-2.702955038398181450e-02
-2.702955038398184226e-02
-2.702955038398181450e-02
-2.709994300112072638e-02
-2.710484218195277975e-02
-2.709892172900085772e-02
-2.702954989467760971e-02
-2.702954989467762359e-02
-2.702830120399100575e-02
-2.702830120399102309e-02
-2.656331610685713079e-02
-2.656491299460580699e-02
-2.656491299460576189e-02
-2.656491299460574801e-02
-2.669150397493708776e-02
-2.669150397493713633e-02
-2.684636929602254168e-02
-2.684636929602254168e-02
-2.691587744223725154e-02
-2.677773944791482161e-02
-2.677773944791483896e-02
-2.677773944791480426e-02
-2.677773944791479038e-02
-2.677773944791476263e-02
-2.677773944791482161e-02
-2.677773944791483896e-02
-2.677773944791482161e-02
-2.677773944791483896e-02
-2.698492622370413790e-02
-2.698492622370422811e-02
-2.698492622370421076e-02
-2.698492622370421076e-02
-2.698492622370422811e-02
-2.698459549697320575e-02
-2.698459549697317800e-02
-2.734083711003711115e-02
-2.726893101185371565e-02
-2.733065052304331499e-02
-2.733065052304329071e-02
-2.734084024887183106e-02
-2.712628629675971348e-02
-2.719741019692561296e-02
-2.657224524409870781e-02
-2.663921411397279435e-02
-2.663921411397280822e-02
-2.663921411397280475e-02
-2.655918534283883622e-02
-2.662722171855601283e-02
-2.656025968848399130e-02
-2.649269522663107168e-02
-2.649364820321103986e-02
-2.656026572676362454e-02
-2.649364820321102598e-02
-2.635903854103472874e-02
-2.635903854103469404e-02
-2.635903854103469751e-02
-2.622845617460101489e-02
-2.622845617460102530e-02
-2.629359432367982946e-02
-2.622845617460102530e-02
-2.616237010376087913e-02
-2.635907451518856512e-02
-2.635907451518854777e-02
-2.635907329101333518e-02
-2.629359473060896221e-02
-2.629359473060896221e-02
-2.629359473060897609e-02
-2.643588448915341546e-02
-2.654201375190139156e-02
-2.654201375190139156e-02
-2.654201375190139156e-02
-2.650093821700071767e-02
-2.650093821700070032e-02
-2.650093821700071420e-02
-2.650093821700075236e-02
-2.623940936157118792e-02
-2.623940936157118445e-02
-2.623940936157118792e-02
-2.623940936157117404e-02
-2.623940936157117404e-02
-2.636948944938385248e-02
-2.643503075344067615e-02
-2.643503075344067615e-02
-2.630428400331053657e-02
-2.630428400331053657e-02
-2.630428400331052269e-02
-2.630428400331052616e-02
-2.630428400331053657e-02
-2.630428400331052269e-02
-2.670072041837306953e-02
-2.676046032567786642e-02
-2.656009372847194239e-02
-2.656009372847193892e-02
-2.656009372847188341e-02
-2.656009372847191810e-02
-2.656009372847194586e-02
-2.656009372847191810e-02
-2.656009372847188341e-02
-2.656009372847188341e-02
-2.656009372847193198e-02
-2.656010572846521228e-02
-2.656010572846519840e-02
-2.676046032567788724e-02
-2.643421433384918889e-02
-2.643421433384917502e-02
-2.638223224601711145e-02
-2.638223224601711145e-02
-2.631686867839131208e-02
-2.631686867839132249e-02
-2.649998808036195530e-02
-2.650001406190080275e-02
-2.636878645560373005e-02
-2.643421610083753273e-02
-2.643421610083758130e-02
-2.643421610083752579e-02
-2.636878645560373352e-02
-2.636950912687975254e-02
-2.643353350476868036e-02
-2.649998903289032398e-02
-2.622903608537029835e-02
-2.642440776819884526e-02
-2.648832378938138082e-02
-2.649014729329438392e-02
-2.649014729329434575e-02
-2.642440776819883139e-02
-2.642440776819883139e-02
-2.649015276427420587e-02
-2.642440776819886955e-02
-2.642370305470930283e-02
-2.642370305470932365e-02
-2.642440776819885220e-02
-2.649015276427417812e-02
-2.642440776819884179e-02
-2.642440776819885220e-02
-2.655624235631138391e-02
-2.655624235631142555e-02
-2.649015358725670399e-02
-2.649015358725668665e-02
-2.649015358725672481e-02
-2.642440776819882792e-02
-2.642440776819884179e-02
-2.642440776819884179e-02
-2.642440776819887302e-02
-2.642440776819885914e-02
-2.642440776819885914e-02
-2.642440776819884526e-02
-2.655624318157899857e-02
-2.655624318157899857e-02
-2.655624318157899857e-02
-2.649015399875569859e-02
-2.642440776819884526e-02
-2.642440776819882098e-02
-2.687469131759171598e-02
-2.673933803185617186e-02
-2.673933803185615798e-02
-2.673067184026619789e-02
-2.666350121517203561e-02
-2.666350121517202867e-02
-2.654148335709559381e-02
-2.654148335709562156e-02
-2.654148335709563891e-02
-2.654148335709562156e-02
-2.654044866779398798e-02
-2.667253596211230718e-02
-2.694191455106273100e-02
-2.714558765337793736e-02
-2.721516581117501554e-02
-2.721516581117501554e-02
-2.721516581117501207e-02
-2.707638302542071315e-02
-2.707638302542076172e-02
-2.707638302542076172e-02
-2.707638302542073397e-02
-2.707638302542075825e-02
-2.707638302542074091e-02
-2.707638302542074091e-02
-2.707638302542078601e-02
-2.714549385823900388e-02
-2.714549385823897612e-02
-2.714549385823897612e-02
-2.681668286729263495e-02
-2.681668286729258638e-02
-2.674945208660531315e-02
-2.678291883118701783e-02
-2.671562628525987054e-02
-2.678291883118705946e-02
-2.678291883118704905e-02
-2.671562628525992952e-02
-2.671562628525991218e-02
-2.671562628525991911e-02
-2.671562628525991911e-02
-2.671562628525991911e-02
-2.695122509537868291e-02
-2.674850342374966369e-02
-2.681571941487151389e-02
-2.674850342374969839e-02
-2.681571941487151389e-02
-2.688329235410942195e-02
-2.674850342374966716e-02
-2.674850342374965675e-02
-2.674850342374969839e-02
-2.681571941487150348e-02
-2.681571941487153124e-02
-2.701952052309701535e-02
-2.688420752696120408e-02
-2.674942019455681802e-02
-2.674942019455680761e-02
-2.674942019455681455e-02
-2.674942019455680761e-02
-2.674942019455683884e-02
-2.674942019455685271e-02
-2.674942019455683884e-02
-2.674942019455677639e-02
-2.681663539664325482e-02
-2.688420667471613096e-02
-2.681663582157399126e-02
-2.681663582157398432e-02
-2.681668287531449590e-02
-2.681668287531453060e-02
-2.681668287531450978e-02
-2.688426393547911283e-02
-2.688281958266277791e-02
-2.701825961730414116e-02
-2.701825961730414116e-02
-2.695001324242573063e-02
-2.695001324242569940e-02
-2.695001324242571328e-02
-2.695001324242569940e-02
-2.695001324242569940e-02
-2.695001324242569940e-02
-2.695179518394595630e-02
-2.702013716962614609e-02
-2.702013716962610446e-02
-2.688281958266280913e-02
-2.688281958266282301e-02
-2.688281958266279179e-02
-2.688281958266279179e-02
-2.688281958266273627e-02
-2.688283914694185664e-02
-2.688283914694186705e-02
-2.688283914694187052e-02
-2.663385933386182292e-02
-2.676153277087786261e-02
-2.670056753142953376e-02
-2.670189037781948299e-02
-2.683503689504110681e-02
-2.676762489521510718e-02
-2.676739035865226268e-02
-2.677026535656096273e-02
-2.670595462463998607e-02
-2.683663795036373909e-02
-2.683663795036377031e-02
-2.683663795036375990e-02
-2.676884886129937691e-02
-2.676884886129940466e-02
-2.689400702266641838e-02
-2.689400702266634899e-02
-2.689400702266639062e-02
-2.689400702266638021e-02
-2.630362478032289078e-02
-2.636862327850461249e-02
-2.610924374659430794e-02
-2.650212430863828697e-02
-2.650212430863828350e-02
-2.650212430863826962e-02
-2.670527748642376534e-02
-2.663715854821122400e-02
-2.663715854821122400e-02
-2.665540400670601134e-02
-2.665540400670604604e-02
-2.665540400670601481e-02
-2.665540400670601481e-02
-2.665513872627706463e-02
-2.672354088320747986e-02
-2.672096028958956954e-02
-2.672096028958956954e-02
-2.672096028958955219e-02
-2.678954740153392799e-02
-2.665650040486482186e-02
-2.665650040486479411e-02
-2.665650040486482186e-02
-2.665650040486482186e-02
-2.658880001394568066e-02
-2.658880001394569453e-02
-2.665663833065925678e-02
-2.658880001394569106e-02
-2.658880001394570147e-02
-2.652128122704819346e-02
-2.665666988004594326e-02
-2.665666896132126706e-02
-2.658472749657076611e-02
-2.658472749657076611e-02
-2.665666896132129135e-02
-2.665666896132129135e-02
-2.665667162741904364e-02
-2.679353758354587750e-02
-2.679353758354587056e-02
-2.643057920046203851e-02
-2.643057920046203851e-02
-2.643057920046203851e-02
-2.643057920046203851e-02
-2.649750130900480061e-02
-2.636401222175069683e-02
-2.663139629577818829e-02
-2.656379190658050143e-02
-2.656479274983437888e-02
-2.656479274983438929e-02
-2.663209442288836520e-02
-2.663209442288839643e-02
-2.649753306393999586e-02
-2.656350050832523291e-02
-2.656350050832524332e-02
-2.656350050832523291e-02
-2.649753306394001667e-02
-2.649753306394001320e-02
-2.649753306394002708e-02
-2.656479274983439970e-02
-2.649753306394004096e-02
-2.625537946231860584e-02
-2.618923560495297828e-02
-2.618388529693685754e-02
3.689107751403399721e-02
3.710173824116488189e-02
3.710173824116490271e-02
3.695193724914169753e-02
3.695193724914170447e-02
3.709978264724607400e-02
3.709978264724608094e-02
3.709978264724612257e-02
3.709978572118681484e-02
3.725106908734724526e-02
3.725106908734720362e-02
3.694975944780158617e-02
3.694975944780155841e-02
3.724793633028474632e-02
3.724793633028469081e-02
3.724793633028469081e-02
3.724793633028474632e-02
3.724793633028468387e-02
3.724793633028467693e-02
3.710173846879916831e-02
3.710173846879920995e-02
3.710173846879918219e-02
3.710177962885927161e-02
3.710177962885925773e-02
3.710177962885925773e-02
3.710177962885927161e-02
3.695197981571905071e-02
3.695197981571905071e-02
3.704364024333383493e-02
3.704364024333391819e-02
3.704364024333391819e-02
3.704364024333391819e-02
3.704364024333393207e-02
3.704364024333390432e-02
3.710070594818013628e-02
3.725171540391172820e-02
3.710173846879914750e-02
3.710173846879918219e-02
3.953875907357973923e-02
3.940010504783027917e-02
3.926245111258892112e-02
3.939890612733104591e-02
3.926245111258894194e-02
3.926244991982243832e-02
3.885533446034609290e-02
3.872157225827132371e-02
3.872157225361300137e-02
3.872157225361301525e-02
3.885479358347455198e-02
3.872157225361301525e-02
3.872157225361297361e-02
3.872157225361297361e-02
3.845656058665763294e-02
3.845656058665762600e-02
3.845656058665763988e-02
3.858886221285516560e-02
3.835297398503209609e-02
3.835297398503208915e-02
3.809348532632462342e-02
3.822276095509422045e-02
3.822276095509422739e-02
3.835205712868071382e-02
3.835205712868079014e-02
3.835205712868076933e-02
3.835205712868071382e-02
3.965599395443657194e-02
3.952138424974015879e-02
3.952138424974006164e-02
3.952138424974011716e-02
3.952138424974017267e-02
3.952138424974015879e-02
3.952138424974012409e-02
3.965599395443655112e-02
3.965102848536543323e-02
3.965102848536547486e-02
3.952138424974012409e-02
3.952138424974011716e-02
3.979156039234083009e-02
3.965533152131854588e-02
3.979075167843943578e-02
3.965533036798582489e-02
3.965534524860236248e-02
3.965534524860236248e-02
3.965534524860236248e-02
3.965534524860232779e-02
3.979077710359715803e-02
3.979077710359719966e-02
3.992716013392896834e-02
3.992716013392895447e-02
3.992123400683914025e-02
3.992123400683914025e-02
3.992123400683908474e-02
3.965534524860234861e-02
3.965534524860233473e-02
3.979077142714140813e-02
3.965534524860230697e-02
3.933571285981706661e-02
3.946658694750793117e-02
3.933571285981705967e-02
3.933571285981709437e-02
3.920530844439580609e-02
3.920591684198732052e-02
3.920591684198731358e-02
3.920530844439575058e-02
3.920530844439576446e-02
3.947144884680928861e-02
4.006077733453003442e-02
4.006077733453000667e-02
4.009570835906883096e-02
4.009570835906885178e-02
4.019790161451298333e-02
3.992456470841735522e-02
3.978823738552049460e-02
3.978823738552049460e-02
3.978823738552049460e-02
3.978823738552049460e-02
3.978823738552047379e-02
3.978823738552043215e-02
3.992025713783080992e-02
3.978823738552049460e-02
3.965304851291252819e-02
3.965304851291252819e-02
3.992216942420904330e-02
4.019702260306945441e-02
4.019538999128734191e-02
4.028186844175096065e-02
4.056139525318730454e-02
4.056139525318737393e-02
4.056139525318733924e-02
4.056139525318738781e-02
4.070106956305483137e-02
4.056139525318728373e-02
4.042456632501303937e-02
4.042456632501303243e-02
4.028584977971927383e-02
4.028584977971932934e-02
3.968949119511959445e-02
3.968949119511960832e-02
3.968949119511957363e-02
3.982383825381916737e-02
3.968949119511953200e-02
3.982383825381916737e-02
3.968949119511960139e-02
3.968949119511948342e-02
3.968949119511953894e-02
3.968949119511955975e-02
3.968949119511955975e-02
3.982186529884283732e-02
3.982186529884287896e-02
4.023072040994257054e-02
4.036913555024295580e-02
4.023069506481099372e-02
4.009328457385747529e-02
4.022702577130320145e-02
4.008982210175932731e-02
4.010899673549237626e-02
4.010899673549245953e-02
4.010899673549241096e-02
4.010899673549245953e-02
3.997271418105560054e-02
3.997271418105557972e-02
3.997504206432828805e-02
3.983948848967359957e-02
3.997504672194325537e-02
3.997504672194326925e-02
4.011155694594279592e-02
4.011155694594279592e-02
4.024903984747777580e-02
4.007973017932175974e-02
3.999433687210354749e-02
3.999433687210354749e-02
3.999433687210356136e-02
3.999433687210356830e-02
3.999433687210358912e-02
3.999433541990520674e-02
3.973965237814364865e-02
3.987421184435419041e-02
3.973965237814360701e-02
3.973965237814358620e-02
3.973965237814364865e-02
3.973965237814361395e-02
3.973965237814365559e-02
3.973965237814364171e-02
3.987402351350161772e-02
3.973943511304089266e-02
3.987402351350161078e-02
3.987426152895076625e-02
3.987426152895077319e-02
4.014627482996729196e-02
4.014627482996729196e-02
4.014627482996733360e-02
4.000979218642962409e-02
4.000979218642966573e-02
3.973966837318355233e-02
3.960599964154718627e-02
4.000842936853185594e-02
4.000842936853191145e-02
3.987424545993565467e-02
3.987424545993565467e-02
3.973963881723831248e-02
4.000967596520928204e-02
3.987425123332922344e-02
3.987425123332922344e-02
3.987425123332925120e-02
4.014631783355435135e-02
4.000839198876236097e-02
3.987245827983450924e-02
3.960499871548395223e-02
3.960499871548390366e-02
3.947037984198839555e-02
3.960339486551102406e-02
3.947037984198837474e-02
3.947037984198844413e-02
3.968792932299379517e-02
3.968792932299375353e-02
3.968792932299375353e-02
3.982253647723936474e-02
3.982253647723938556e-02
3.982253647723936474e-02
3.982253647723936474e-02
3.933915998781552931e-02
3.920793359580636989e-02
3.920793359580631438e-02
3.920793359580627274e-02
4.147359016152794148e-02
3.866986582624451496e-02
3.880369969354030557e-02
3.880369969354025700e-02
3.880369969354031251e-02
3.837465225821059395e-02
3.850657094014402898e-02
3.837465225821058701e-02
3.842453150134344381e-02
3.842453150134341605e-02
3.837465225821058701e-02
3.837465225821055925e-02
3.850657094014400816e-02
3.850657094014402204e-02
3.837465225821058701e-02
3.837465225821058701e-02
3.837465225821058701e-02
3.837465225821058701e-02
3.824264304962563671e-02
3.850657094014406367e-02
3.850657094014402898e-02
3.837465225821058701e-02
3.850657094014405674e-02
3.850657094014402898e-02
3.850657094014406367e-02
3.837465225821055925e-02
3.854198018387475916e-02
3.862401104630643761e-02
3.827978812572353784e-02
3.827978812572353090e-02
3.827978812572355172e-02
3.827933686074355690e-02
3.827978812572346845e-02
3.827978812572355172e-02
3.827978812572348233e-02
3.827978812572348233e-02
3.827978812572347539e-02
3.827978812572355172e-02
3.854198018387478691e-02
3.880889049953962361e-02
3.880889049953962361e-02
3.854247228520827490e-02
3.867298587955874528e-02
3.840977980547628789e-02
3.867386321275395611e-02
3.827519444728696985e-02
3.854257245602617232e-02
3.834177990445263029e-02
3.834177990445261641e-02
3.834177990445265805e-02
3.834177990445262335e-02
3.834177990445261641e-02
3.860500716569310181e-02
3.834177990445262335e-02
3.847258649169874728e-02
3.847258649169876810e-02
3.847258649169876810e-02
3.860485559709400660e-02
3.847258649169873340e-02
3.880628178568298892e-02
3.747386871788789542e-02
3.747386871788789542e-02
3.747386871788789542e-02
3.747386871788789542e-02
3.747386871788792317e-02
3.747386871788788848e-02
3.747386871788788848e-02
3.747386871788786766e-02
3.747386871788793011e-02
3.747386871788788848e-02
3.747386871788788848e-02
3.747386871788788848e-02
3.747386871788789542e-02
3.747386871788788848e-02
3.760404459148331685e-02
3.794940522789071874e-02
3.794940522789073262e-02
3.768482952187054980e-02
3.781663549951087139e-02
3.760399404122310996e-02
3.760399404122311690e-02
3.760399404122314465e-02
3.674732373676629221e-02
3.674732373676627140e-02
3.687162652105405170e-02
3.737731869169707427e-02
3.737731869169710897e-02
3.737731869169710897e-02
3.712289388086060377e-02
3.724984155173756417e-02
3.724984155173756417e-02
3.699681548415492682e-02
3.699681548415492682e-02
3.712287003114210504e-02
3.712287003114210504e-02
3.712287003114211198e-02
3.712052908493602282e-02
3.687163871221116329e-02
3.687163871221114247e-02
3.661734282782824756e-02
3.662359845102429456e-02
3.662359845102432232e-02
3.662359845102430150e-02
3.687139537366067310e-02
3.687139537366067310e-02
3.687139537366060371e-02
3.674706614594779736e-02
3.724758698615689839e-02
3.712040043976377879e-02
3.712040043976379960e-02
3.724205657949239412e-02
3.723862602475404293e-02
3.723862602475402211e-02
3.724293659972128384e-02
3.711590843050108918e-02
3.789560872704018923e-02
3.789560872704012678e-02
3.709433188560722766e-02
3.696729450725478455e-02
3.696729450725477761e-02
3.692100198163516395e-02
3.729752836863496623e-02
3.716447762011268474e-02
3.729752855966211866e-02
3.716447762011263617e-02
3.716447762011268474e-02
3.798105403784016176e-02
3.756877951134165311e-02
3.770474165661562987e-02
3.770474165661550497e-02
3.770474165661547028e-02
3.784140543637100340e-02
3.756864184603715684e-02
3.721496286489016370e-02
3.708233618213181010e-02
3.708233618213181010e-02
3.707739250381628798e-02
3.747997810419637088e-02
3.747997810419637088e-02
3.734372571457068857e-02
3.707740208700772977e-02
3.707740208700770895e-02
3.707803348551223788e-02
3.734856086628740579e-02
3.734856086628737804e-02
3.761802847367473612e-02
3.708237131820620036e-02
3.708237131820620036e-02
3.708237131820618648e-02
3.708237131820620036e-02
3.708237131820620036e-02
3.746769774224042310e-02
3.760343943160972952e-02
3.721498597125808688e-02
3.734857717765602270e-02
3.734857717765597412e-02
3.734857717765598106e-02
3.734857223665768305e-02
3.721498702463320318e-02
3.720970126685441831e-02
3.720970126685438362e-02
3.720970126685434198e-02
3.721498597125810076e-02
3.708238283234482208e-02
3.681969950107281259e-02
3.681969950107284034e-02
3.681969950107284034e-02
3.706941555623548962e-02
3.706941555623548962e-02
3.708198662211093649e-02
3.708198662211093649e-02
3.748165373667335099e-02
3.708198662211082547e-02
3.708198662211090874e-02
3.708198662211090874e-02
3.713069982674098435e-02
3.713069982674098435e-02
3.708198392845987734e-02
